871
   0    0     -8.435     -3.457      0.000 4
  -1   -2     -8.424     -2.150      0.000 4
   2    1     -8.391     -0.892      0.000 4
   3    2     -8.386      7.548      0.000 4
   4    3     -8.376     -6.868      0.000 4
   5    4     -8.351     -8.141      0.000 4
   6    5     -8.346     -3.298      0.000 4
   7    6     -8.320     -4.612      0.000 4
   8    7     -8.281      1.215      0.000 4
   9    8     -8.267      0.552      0.000 4
  10    9     -8.261      6.855      0.000 4
  -1   10     -8.255     -1.787      0.000 4
  11   11     -8.245     -8.238      0.000 4
  12   13     -8.211      4.241      0.000 4
  13   12     -8.210     -7.920      0.000 4
  14   14     -8.182      1.563      0.000 4
  15   15     -8.164      4.431      0.000 4
  17   17     -8.150     -3.029      0.000 4
  18   18     -8.122      6.498      0.000 4
  19   19     -8.101      2.628      0.000 4
  20   20     -8.089     -2.497      0.000 4
  21   21     -8.055      1.358      0.000 4
  22   22     -8.037     -7.387      0.000 4
  23   23     -8.020      2.246      0.000 4
  24   24     -7.998     -6.234      0.000 4
  25   25     -7.988      6.577      0.000 4
  26   26     -7.953     -3.805      0.000 4
  27   27     -7.927      5.670      0.000 4
  28   28     -7.910     -6.962      0.000 4
  29   29     -7.892     -0.946      0.000 4
  30   30     -7.869      0.828      0.000 4
  32   31     -7.860     -0.171      0.000 4
  34   33     -7.842      4.095      0.000 4
  -1   -2     -7.840     -5.312      0.000 4
  35   34     -7.812      3.875      0.000 4
  36   35     -7.810      7.186      0.000 4
  38   37     -7.787     -4.824      0.000 4
  39   38     -7.783      5.000      0.000 4
  40   39     -7.780      2.494      0.000 4
  41   36     -7.766     -6.209      0.000 4
  42   41     -7.751     -2.741      0.000 4
  43   43     -7.743     -5.108      0.000 4
  44   42     -7.743     -6.711      0.000 4
  47   44     -7.735      5.247      0.000 4
  46   45     -7.734      1.983      0.000 4
  48   46     -7.726     -4.613      0.000 4
  49   47     -7.691     -0.677      0.000 4
  45   -2     -7.676      7.125      0.000 4
  51   49     -7.661      6.655      0.000 4
  -1   50     -7.591      4.959      0.000 4
  52   51     -7.581     -6.877      0.000 4
  53   52     -7.542      0.427      0.000 4
  -1   53     -7.516      8.231      0.000 4
  54   54     -7.511      0.010      0.000 4
  56   55     -7.504     -0.685      0.000 4
  58   56     -7.474     -1.094      0.000 4
  59   57     -7.463      7.996      0.000 4
  60   58     -7.462      3.629      0.000 4
  61   59     -7.387      3.985      0.000 4
  62   61     -7.379      3.689      0.000 4
  63   60     -7.376     -1.426      0.000 4
  64   -2     -7.360      1.738      0.000 4
  65   63     -7.349     -6.180      0.000 4
  66   64     -7.338      2.319      0.000 4
  67   66     -7.301     -5.072      0.000 4
  68   65     -7.300     -5.383      0.000 4
  69   67     -7.296      3.865      0.000 4
  70   68     -7.290      5.402      0.000 4
  71   69     -7.272     -8.368      0.000 4
  72   71     -7.233      3.251      0.000 4
  73   72     -7.227      6.149      0.000 4
  74   -2     -7.198     -7.517      0.000 4
  77   74     -7.158      7.656      0.000 4
  78   75     -7.145     -7.726      0.000 4
  79   77     -7.143      6.091      0.000 4
  -1   76     -7.142      5.104      0.000 4
  80   78     -7.137      4.051      0.000 4
  81   79     -7.134      4.748      0.000 4
  82   80     -7.115      7.298      0.000 4
  83   81     -7.103     -2.399      0.000 4
  84   82     -7.093      7.464      0.000 4
  85   83     -7.077      4.996      0.000 4
  86   84     -7.026     -5.401      0.000 4
  87   86     -6.997     -6.760      0.000 4
  89   85     -6.997      1.965      0.000 4
  88   87     -6.991      0.029      0.000 4
  90   88     -6.983     -6.571      0.000 4
  91   89     -6.968      4.339      0.000 4
  -1   90     -6.966     -6.615      0.000 4
  92   91     -6.954     -2.392      0.000 4
  93   92     -6.937      5.120      0.000 4
  94   93     -6.935      5.468      0.000 4
  95   94     -6.904     -2.685      0.000 4
  96   95     -6.898      5.420      0.000 4
  98   97     -6.879      2.903      0.000 4
  99   99     -6.870     -6.443      0.000 4
 100  100     -6.864     -0.825      0.000 4
 101  101     -6.835     -1.206      0.000 4
 103  102     -6.828     -7.487      0.000 4
 102  103     -6.827      7.554      0.000 4
 104  105     -6.771      1.308      0.000 4
 105  104     -6.770     -5.419      0.000 4
 106  106     -6.744      2.418      0.000 4
 107  107     -6.725      7.616      0.000 4
 109  108     -6.699      4.301      0.000 4
 110  109     -6.682     -3.029      0.000 4
 111  110     -6.661      1.670      0.000 4
 112  111     -6.659      1.356      0.000 4
 113  113     -6.621      2.382      0.000 4
 114  112     -6.620      3.548      0.000 4
 115  114     -6.583      5.780      0.000 4
 116  115     -6.567      6.978      0.000 4
 117  116     -6.553     -4.342      0.000 4
 118  117     -6.545     -6.337      0.000 4
 119  118     -6.508     -6.220      0.000 4
  -1   -2     -6.498     -1.393      0.000 4
 120  119     -6.490      7.616      0.000 4
 121  120     -6.486      3.064      0.000 4
 122  121     -6.455     -4.759      0.000 4
  -1  122     -6.444      6.775      0.000 4
 123  124     -6.398      0.142      0.000 4
 124  125     -6.381     -7.824      0.000 4
 125  126     -6.367     -6.600      0.000 4
  -1  127     -6.364     -3.556      0.000 4
 126  128     -6.351      3.523      0.000 4
 127  129     -6.347      4.885      0.000 4
 129  131     -6.309     -0.492      0.000 4
 131  132     -6.278     -5.810      0.000 4
 132  133     -6.252      0.098      0.000 4
 133  134     -6.242      0.333      0.000 4
 134  136     -6.207     -1.648      0.000 4
 136  135     -6.205     -8.249      0.000 4
 137  138     -6.186      2.502      0.000 4
  -1  141     -6.154     -4.577      0.000 4
 138  139     -6.152      4.886      0.000 4
 139  140     -6.152      3.379      0.000 4
 140  142     -6.141     -7.612      0.000 4
 142  143     -6.139      2.737      0.000 4
 141  144     -6.138     -5.235      0.000 4
 144  145     -6.085      1.238      0.000 4
 143  146     -6.085      7.354      0.000 4
 145  147     -6.078     -7.115      0.000 4
 146  148     -6.059      6.283      0.000 4
 147  151     -6.037     -1.075      0.000 4
 148  150     -6.036      3.715      0.000 4
 150  152     -5.985     -7.654      0.000 4
 151  153     -5.964      2.483      0.000 4
 152  154     -5.947      3.085      0.000 4
 153  155     -5.935      6.812      0.000 4
  -1   -2     -5.925     -6.856      0.000 4
 154  156     -5.916     -0.466      0.000 4
 155  157     -5.893      4.868      0.000 4
 157  158     -5.867     -5.852      0.000 4
 158  159     -5.867     -4.728      0.000 4
 159  160     -5.840     -0.034      0.000 4
 160  161     -5.817      4.708      0.000 4
 161  162     -5.791     -1.643      0.000 4
 162  163     -5.771     -1.877      0.000 4
 163  164     -5.756     -5.803      0.000 4
 164  165     -5.679      7.406      0.000 4
 165  167     -5.665     -4.131      0.000 4
 166  166     -5.664      1.910      0.000 4
 167  168     -5.640      5.752      0.000 4
 168  169     -5.632      0.737      0.000 4
  -1   -2     -5.612     -3.210      0.000 4
 169  170     -5.576      7.240      0.000 4
 170  172     -5.560     -0.890      0.000 4
 172  173     -5.547     -2.536      0.000 4
 171  174     -5.547     -1.770      0.000 4
 173  175     -5.544      0.273      0.000 4
 174  176     -5.542      6.040      0.000 4
 175  171     -5.541     -7.775      0.000 4
 176  177     -5.524      2.666      0.000 4
 177  179     -5.483     -3.112      0.000 4
 178  180     -5.470     -4.913      0.000 4
 181  178     -5.461     -8.391      0.000 4
 179  181     -5.446      4.809      0.000 4
 182   -2     -5.442     -6.499      0.000 4
 180  183     -5.435     -0.690      0.000 4
 184  182     -5.428     -6.344      0.000 4
 183  184     -5.427     -1.285      0.000 4
 185  185     -5.418      5.237      0.000 4
  -1  186     -5.353     -3.032      0.000 4
 187  188     -5.325      3.828      0.000 4
  -1   -2     -5.324     -4.598      0.000 4
 188  187     -5.324     -2.396      0.000 4
 186  189     -5.310     -3.055      0.000 4
 189  190     -5.307     -0.614      0.000 4
 190   -2     -5.305     -4.518      0.000 4
 191  191     -5.259      2.066      0.000 4
 192  192     -5.247     -3.833      0.000 4
  -1   -2     -5.237     -4.315      0.000 4
  -1  193     -5.225      0.690      0.000 4
  -1   -2     -5.177     -8.022      0.000 4
 193  196     -5.116     -4.685      0.000 4
 197  194     -5.112     -8.001      0.000 4
 195  195     -5.105     -1.762      0.000 4
 194  197     -5.097     -6.667      0.000 4
 198  198     -5.087     -3.895      0.000 4
 200  199     -5.045     -0.097      0.000 4
  -1   -2     -5.041      7.287      0.000 4
 202  200     -5.031     -4.880      0.000 4
 203  201     -5.020     -0.022      0.000 4
 204  202     -5.018      1.560      0.000 4
 205  203     -5.002      0.522      0.000 4
 206  204     -4.965      3.960      0.000 4
 207  205     -4.948      5.120      0.000 4
 208  206     -4.938      3.758      0.000 4
 209  207     -4.932     -0.345      0.000 4
  -1   -2     -4.916     -5.746      0.000 4
 210  208     -4.908     -4.236      0.000 4
 212  210     -4.883      8.380      0.000 4
 213  209     -4.882      1.598      0.000 4
 211  212     -4.872     -3.372      0.000 4
 214  211     -4.869      8.226      0.000 4
 217  213     -4.851      3.857      0.000 4
 216  214     -4.849     -1.357      0.000 4
 218  215     -4.842      0.661      0.000 4
  -1  216     -4.817      1.622      0.000 4
 219  218     -4.806     -3.307      0.000 4
 221  217     -4.795     -3.550      0.000 4
 222  219     -4.784      0.057      0.000 4
 220  221     -4.779     -4.383      0.000 4
 224  220     -4.745     -8.180      0.000 4
 223  222     -4.745      0.388      0.000 4
 226  224     -4.709      3.569      0.000 4
 227  223     -4.702     -6.785      0.000 4
 225  225     -4.695      4.559      0.000 4
  -1  226     -4.691      2.671      0.000 4
 228  227     -4.661     -4.359      0.000 4
  -1   -2     -4.661     -5.807      0.000 4
 229   -2     -4.651      2.639      0.000 4
 231  228     -4.633      3.410      0.000 4
 233  235     -4.628      2.153      0.000 4
 232  229     -4.625      5.785      0.000 4
 234  230     -4.582     -5.175      0.000 4
 237   -2     -4.578     -3.097      0.000 4
 235  231     -4.558     -7.085      0.000 4
 236  232     -4.553      2.537      0.000 4
 238  234     -4.520     -5.032      0.000 4
 240   -2     -4.505      2.161      0.000 4
 239  238     -4.491     -5.362      0.000 4
 241  237     -4.488     -1.284      0.000 4
 243  236     -4.475      0.591      0.000 4
 244  239     -4.457     -6.396      0.000 4
 245  240     -4.446     -6.277      0.000 4
  -1   -2     -4.384     -1.391      0.000 4
 247  242     -4.360      3.523      0.000 4
  -1  243     -4.346     -4.680      0.000 4
 250  244     -4.297      1.077      0.000 4
 249  245     -4.271      1.035      0.000 4
 251  246     -4.211      0.564      0.000 4
  -1  248     -4.180     -4.644      0.000 4
 252  249     -4.177      7.662      0.000 4
 254   -2     -4.168     -6.771      0.000 4
 256  247     -4.164     -6.692      0.000 4
 255  250     -4.148      3.306      0.000 4
 253  251     -4.142     -4.544      0.000 4
 257  254     -4.114     -4.326      0.000 4
 258  252     -4.105      2.610      0.000 4
 259  255     -4.092     -1.442      0.000 4
 261   -2     -4.052     -4.595      0.000 4
 262  256     -4.038      2.545      0.000 4
 264  257     -4.026      1.558      0.000 4
 263  259     -4.022      5.711      0.000 4
 265  258     -4.019     -8.250      0.000 4
 266  260     -3.999     -1.619      0.000 4
 267  261     -3.994      2.033      0.000 4
 268  262     -3.957     -7.611      0.000 4
  -1  264     -3.914     -4.248      0.000 4
 269   -2     -3.912      5.206      0.000 4
 270  265     -3.888      5.319      0.000 4
  -1   -2     -3.886     -1.414      0.000 4
 271  266     -3.873      2.894      0.000 4
 272  267     -3.834      2.157      0.000 4
 273  268     -3.806     -7.883      0.000 4
  -1   -2     -3.797      4.367      0.000 4
 274  269     -3.764     -0.529      0.000 4
 275  271     -3.744      8.257      0.000 4
 278  273     -3.672     -7.903      0.000 4
 279  272     -3.665      0.376      0.000 4
 280  274     -3.629      7.796      0.000 4
 281  275     -3.603     -1.482      0.000 4
 282  276     -3.569     -0.269      0.000 4
  -1  277     -3.506      8.148      0.000 4
 285  278     -3.477      0.637      0.000 4
 286   -2     -3.470      2.978      0.000 4
 287  279     -3.460     -3.297      0.000 4
 288  284     -3.447     -4.747      0.000 4
 290  282     -3.444     -1.621      0.000 4
 291  281     -3.441      6.370      0.000 4
  -1   -2     -3.436      2.170      0.000 4
  -1  283     -3.433      8.393      0.000 4
 289  286     -3.432     -4.497      0.000 4
 294  280     -3.425     -6.588      0.000 4
 293  287     -3.417     -7.710      0.000 4
 295  285     -3.408      0.465      0.000 4
 296  288     -3.389      7.828      0.000 4
  -1   -2     -3.373     -2.881      0.000 4
 299  289     -3.321      4.262      0.000 4
 298  290     -3.318      2.401      0.000 4
 301   -2     -3.313     -8.389      0.000 4
 300  291     -3.306      5.424      0.000 4
 302  292     -3.258      6.186      0.000 4
  -1   -2     -3.248      1.029      0.000 4
 303  295     -3.228     -0.273      0.000 4
 304  296     -3.200      2.198      0.000 4
  -1   -2     -3.175     -3.238      0.000 4
 305  297     -3.166     -6.504      0.000 4
 308  299     -3.061      7.920      0.000 4
 309  301     -3.033      2.046      0.000 4
 313  300     -3.021     -2.166      0.000 4
 312  302     -3.011      3.068      0.000 4
 311  304     -3.006     -5.172      0.000 4
 314  303     -3.002     -0.908      0.000 4
 315  305     -2.992     -1.207      0.000 4
 317  306     -2.957     -2.937      0.000 4
 316  308     -2.934     -1.210      0.000 4
 322  307     -2.913      0.788      0.000 4
 319  309     -2.901     -0.686      0.000 4
 320  310     -2.887     -6.966      0.000 4
  -1  312     -2.859      4.332      0.000 4
 323  315     -2.846     -4.773      0.000 4
 326  311     -2.844      1.407      0.000 4
 328   -2     -2.841     -0.577      0.000 4
 325  314     -2.835     -1.333      0.000 4
  -1  313     -2.830     -7.658      0.000 4
 327  316     -2.784     -3.239      0.000 4
 330  318     -2.761      8.044      0.000 4
 331  317     -2.756      1.515      0.000 4
 329  320     -2.751     -3.534      0.000 4
  -1   -2     -2.743      7.671      0.000 4
 332  319     -2.742      5.704      0.000 4
 333  321     -2.717      6.665      0.000 4
 334  322     -2.715      6.307      0.000 4
 336  324     -2.697     -6.849      0.000 4
 337  323     -2.693      8.137      0.000 4
 335  325     -2.685      7.086      0.000 4
 338  327     -2.655      3.312      0.000 4
 339  326     -2.649      7.825      0.000 4
 340  328     -2.632     -5.473      0.000 4
  -1   -2     -2.620     -6.965      0.000 4
 342  329     -2.617     -8.247      0.000 4
 341  330     -2.605      6.402      0.000 4
  -1  333     -2.570     -6.658      0.000 4
 343  331     -2.565     -1.233      0.000 4
 345   -2     -2.565      0.606      0.000 4
  -1  334     -2.553     -2.956      0.000 4
 347  332     -2.545      1.372      0.000 4
 348  335     -2.517     -5.247      0.000 4
 346  336     -2.512     -3.316      0.000 4
 349  338     -2.480      2.306      0.000 4
 351  339     -2.358     -3.242      0.000 4
  -1  340     -2.314     -6.263      0.000 4
  -1  342     -2.287     -4.088      0.000 4
 353  341     -2.262      5.800      0.000 4
 354  343     -2.217     -5.398      0.000 4
 356   -2     -2.198      5.171      0.000 4
 357  347     -2.167      0.425      0.000 4
 358  346     -2.153     -1.375      0.000 4
 361  344     -2.146     -0.307      0.000 4
 360  345     -2.145     -6.054      0.000 4
 359  350     -2.114     -3.936      0.000 4
 362  348     -2.108      5.514      0.000 4
 363  351     -2.082      4.342      0.000 4
 364  349     -2.062      7.899      0.000 4
  -1  352     -2.055      5.917      0.000 4
 365  354     -2.001     -1.791      0.000 4
 366  355     -1.983     -2.240      0.000 4
 367  353     -1.979      0.807      0.000 4
 368   -2     -1.952      5.573      0.000 4
  -1  357     -1.924     -4.320      0.000 4
 370  358     -1.881      5.834      0.000 4
 371  360     -1.857     -5.649      0.000 4
 372  361     -1.820      0.485      0.000 4
  -1   -2     -1.805      1.987      0.000 4
 376  363     -1.759      1.035      0.000 4
 374  365     -1.744      5.517      0.000 4
 375  364     -1.737      2.332      0.000 4
 377  366     -1.707     -3.799      0.000 4
  -1   -2     -1.703     -1.755      0.000 4
 378  367     -1.693     -0.990      0.000 4
  -1   -2     -1.690     -4.543      0.000 4
 380  369     -1.675      5.829      0.000 4
 383  371     -1.543      3.854      0.000 4
 384  374     -1.513     -1.102      0.000 4
 387  372     -1.487     -7.294      0.000 4
 388  373     -1.473     -6.350      0.000 4
 385  376     -1.454     -2.880      0.000 4
 386  377     -1.447      1.762      0.000 4
 389  378     -1.404     -3.735      0.000 4
  -1   -2     -1.328      1.452      0.000 4
 391  380     -1.316      1.864      0.000 4
 392  382     -1.190     -1.135      0.000 4
  -1   -2     -1.136      1.501      0.000 4
 396  383     -0.955     -2.341      0.000 4
 398  384     -0.945     -2.746      0.000 4
  -1  387     -0.933     -1.365      0.000 4
 397  385     -0.932      5.128      0.000 4
 399  386     -0.873     -6.586      0.000 4
 400  389     -0.814     -5.739      0.000 4
 402  390     -0.783     -7.658      0.000 4
 401  391     -0.773      6.239      0.000 4
  -1   -2     -0.726     -5.905      0.000 4
  -1  392     -0.718     -2.272      0.000 4
 404  393     -0.683      5.625      0.000 4
  -1  394     -0.671     -2.751      0.000 4
  -1  395     -0.652      1.718      0.000 4
 406   -2     -0.605     -1.719      0.000 4
 409  396     -0.559     -4.865      0.000 4
  -1  398     -0.483      6.323      0.000 4
 410  397     -0.477     -2.758      0.000 4
 411  399     -0.334      0.986      0.000 4
  -1  403     -0.228     -2.943      0.000 4
  -1  404     -0.198      1.995      0.000 4
 414  406     -0.170      5.074      0.000 4
 413  407     -0.159     -3.944      0.000 4
  -1   -2     -0.151     -8.323      0.000 4
  -1  408     -0.068      0.776      0.000 4
 416  409     -0.059     -6.272      0.000 4
 417  410     -0.038      2.567      0.000 4
 418  411     -0.015     -1.923      0.000 4
  -1  412      0.013     -1.634      0.000 4
 420  413      0.371     -6.975      0.000 4
 421  414      0.405     -6.414      0.000 4
 422  415      0.461     -7.809      0.000 4
 424  416      0.567     -1.654      0.000 4
  -1   -2      0.605      7.555      0.000 4
 425  417      0.625      4.382      0.000 4
 427  419      0.667     -6.515      0.000 4
 426  420      0.676      7.630      0.000 4
 428   -2      0.695     -1.999      0.000 4
  -1   -2      0.697      4.207      0.000 4
  -1   -2      0.752     -7.615      0.000 4
 429  423      0.805     -3.530      0.000 4
  -1  422      0.882     -1.576      0.000 4
  -1  426      0.913      8.206      0.000 4
 432  425      0.919      6.824      0.000 4
 431   -2      0.947      1.328      0.000 4
 433  427      0.951      1.585      0.000 4
  -1   -2      0.967      0.760      0.000 4
 435  430      1.018      4.734      0.000 4
  -1  431      1.067     -1.668      0.000 4
 437  432      1.093      4.841      0.000 4
 434  434      1.140     -5.467      0.000 4
 438  433      1.142     -6.326      0.000 4
  -1   -2      1.144      7.987      0.000 4
 440  435      1.170      6.890      0.000 4
  -1   -2      1.197      4.064      0.000 4
 439  437      1.197     -7.641      0.000 4
 441  438      1.214     -7.341      0.000 4
 443  436      1.215      3.902      0.000 4
 442  439      1.236      5.591      0.000 4
 444  440      1.279     -0.331      0.000 4
 447   -2      1.308     -0.104      0.000 4
 445  443      1.312     -3.654      0.000 4
 449  441      1.325     -7.189      0.000 4
 446  445      1.339      7.679      0.000 4
 448   -2      1.343     -2.551      0.000 4
 450  442      1.344      3.472      0.000 4
 452  444      1.388      1.727      0.000 4
 453   -2      1.402      5.769      0.000 4
 454  446      1.407      7.289      0.000 4
 451  448      1.430     -4.443      0.000 4
 455  447      1.449      2.400      0.000 4
 457  449      1.494     -5.602      0.000 4
 456  453      1.508     -1.332      0.000 4
 459  450      1.526     -6.630      0.000 4
 461  451      1.541     -0.912      0.000 4
 462  452      1.559     -7.709      0.000 4
 460  454      1.560     -3.858      0.000 4
 463  458      1.627      3.689      0.000 4
 464  455      1.635      5.912      0.000 4
 467  456      1.647     -6.710      0.000 4
 466  457      1.651     -7.665      0.000 4
 468  460      1.679     -5.790      0.000 4
 469  459      1.682      4.804      0.000 4
 470  461      1.714      0.083      0.000 4
  -1  465      1.723      8.326      0.000 4
  -1   -2      1.742      2.462      0.000 4
  -1  464      1.746     -6.225      0.000 4
 473  462      1.751      2.673      0.000 4
 474  467      1.782     -5.546      0.000 4
 477  468      1.796      5.483      0.000 4
 476  469      1.800     -5.147      0.000 4
 475  472      1.828     -3.261      0.000 4
  -1  470      1.861     -5.980      0.000 4
 479  471      1.876     -7.176      0.000 4
 478  473      1.894     -0.630      0.000 4
 482  474      1.917     -6.869      0.000 4
  -1   -2      1.922      7.096      0.000 4
 480  475      1.925     -0.360      0.000 4
 483  476      1.941     -3.810      0.000 4
 485  477      1.975      3.664      0.000 4
 486  478      1.980     -8.159      0.000 4
 484  480      1.987     -5.814      0.000 4
 487  479      1.993      1.863      0.000 4
 488  481      2.005     -2.847      0.000 4
 490  482      2.047      5.994      0.000 4
 489  485      2.055      3.277      0.000 4
 491  483      2.063     -7.458      0.000 4
 493  484      2.078      5.643      0.000 4
 492  486      2.080      7.217      0.000 4
 494  487      2.083     -1.202      0.000 4
 496  489      2.120      0.270      0.000 4
  -1  491      2.126     -3.027      0.000 4
 498  492      2.183     -6.976      0.000 4
 500  494      2.244      5.005      0.000 4
 499  495      2.251      8.320      0.000 4
  -1  496      2.254      4.175      0.000 4
 502  498      2.269      5.717      0.000 4
 501  499      2.272     -4.996      0.000 4
 503  502      2.315      4.049      0.000 4
 504  490      2.318      6.175      0.000 4
 507  500      2.322      5.455      0.000 4
 506  501      2.322     -5.885      0.000 4
 505  503      2.326     -8.380      0.000 4
 508  504      2.357     -5.422      0.000 4
 509  507      2.384     -3.991      0.000 4
 510  506      2.401      7.621      0.000 4
 511  508      2.404      5.447      0.000 4
  -1   -2      2.433     -7.279      0.000 4
 512  509      2.435      4.940      0.000 4
 513  510      2.453      0.424      0.000 4
 514  511      2.472      2.786      0.000 4
  -1  513      2.549      3.520      0.000 4
 518  514      2.552      6.686      0.000 4
 517  515      2.554     -4.462      0.000 4
 516  516      2.556     -3.780      0.000 4
 519  517      2.579      3.629      0.000 4
 520  518      2.597     -2.412      0.000 4
 521  519      2.606     -3.708      0.000 4
 523  520      2.673      1.224      0.000 4
 524   -2      2.683      5.523      0.000 4
 525  523      2.726      2.250      0.000 4
 528  521      2.730     -5.900      0.000 4
 530  524      2.758     -6.438      0.000 4
 533  525      2.788      2.091      0.000 4
 532  527      2.792     -0.111      0.000 4
 534  529      2.804      7.719      0.000 4
 535  528      2.807      4.857      0.000 4
 536  530      2.870     -1.801      0.000 4
  -1   -2      2.881     -2.862      0.000 4
 537  531      2.887     -7.205      0.000 4
 538  532      2.899      4.193      0.000 4
  -1  533      2.916      5.850      0.000 4
 540  534      2.939     -0.995      0.000 4
 541  535      2.945      2.006      0.000 4
 539  536      2.945     -1.549      0.000 4
 542   -2      2.971      5.515      0.000 4
 543  537      3.008      2.889      0.000 4
 544  538      3.084     -2.816      0.000 4
 545  539      3.104     -5.232      0.000 4
 546  540      3.116      6.098      0.000 4
 548  541      3.128     -7.749      0.000 4
  -1  542      3.143      2.651      0.000 4
 550  543      3.148      6.023      0.000 4
 551  544      3.166     -0.768      0.000 4
  -1   -2      3.177     -1.322      0.000 4
 552  545      3.196      8.266      0.000 4
 554  546      3.212      0.842      0.000 4
 555  547      3.223      3.003      0.000 4
 556  550      3.275     -2.838      0.000 4
  -1   -2      3.286     -5.130      0.000 4
  -1  549      3.293     -0.997      0.000 4
 557  551      3.293      2.888      0.000 4
 558  552      3.316     -2.342      0.000 4
 560  553      3.347     -8.251      0.000 4
 562  554      3.359     -5.833      0.000 4
 563  555      3.363     -6.492      0.000 4
  -1  556      3.365     -7.295      0.000 4
 559  558      3.375     -4.024      0.000 4
 564  557      3.382      6.641      0.000 4
 565  560      3.444      4.361      0.000 4
 566  561      3.450      5.838      0.000 4
 567  559      3.452      5.261      0.000 4
 568  562      3.488     -0.513      0.000 4
  -1  563      3.496     -3.018      0.000 4
 570  564      3.515      2.597      0.000 4
 569  567      3.525     -3.438      0.000 4
 571  565      3.525     -6.381      0.000 4
 572  566      3.532     -5.652      0.000 4
 573  568      3.569      5.023      0.000 4
 574  569      3.573     -0.050      0.000 4
 575  571      3.609     -2.587      0.000 4
 576  570      3.609     -1.961      0.000 4
 578  572      3.620      4.048      0.000 4
 577  574      3.634     -3.421      0.000 4
 579  576      3.640      1.122      0.000 4
  -1  573      3.643     -1.113      0.000 4
 580  577      3.658      7.904      0.000 4
 581  578      3.668     -2.915      0.000 4
 582  575      3.669     -0.784      0.000 4
 583  580      3.712     -0.603      0.000 4
 585  582      3.744      7.707      0.000 4
 586  583      3.759     -2.777      0.000 4
 587  581      3.763     -7.554      0.000 4
 588  584      3.778     -1.356      0.000 4
 589  585      3.783     -7.627      0.000 4
 590  588      3.788      4.938      0.000 4
 591  586      3.788     -6.507      0.000 4
 593  587      3.800     -5.691      0.000 4
 592  590      3.803      5.252      0.000 4
 594   -2      3.870     -1.875      0.000 4
 595  591      3.900      2.991      0.000 4
 596  594      3.946      3.117      0.000 4
 597  595      3.972     -7.785      0.000 4
 599  596      3.997     -0.535      0.000 4
 598  597      3.998      8.106      0.000 4
 602  598      4.008      4.918      0.000 4
 600  600      4.018      0.613      0.000 4
  -1  599      4.022     -1.125      0.000 4
 603  601      4.051     -7.300      0.000 4
  -1  603      4.090     -6.001      0.000 4
 604  604      4.090     -7.964      0.000 4
 605  602      4.099     -1.092      0.000 4
 606  605      4.135     -8.355      0.000 4
 608   -2      4.181      2.329      0.000 4
 607  608      4.186     -4.322      0.000 4
 610  606      4.195     -5.991      0.000 4
  -1   -2      4.199     -7.941      0.000 4
 609  607      4.204      2.200      0.000 4
 611  609      4.213     -5.894      0.000 4
 612   -2      4.217     -2.229      0.000 4
  -1   -2      4.218      4.729      0.000 4
 613  611      4.237     -2.018      0.000 4
 615   -2      4.265     -7.983      0.000 4
 614  615      4.268     -6.771      0.000 4
 617  613      4.270     -4.062      0.000 4
 618  612      4.276     -6.521      0.000 4
 616   -2      4.281     -4.389      0.000 4
 619  614      4.289     -1.785      0.000 4
 620  616      4.302      8.342      0.000 4
 621  617      4.353      2.189      0.000 4
 622  618      4.356     -1.587      0.000 4
  -1   -2      4.365     -8.145      0.000 4
 623  619      4.398      4.652      0.000 4
 624  620      4.407      7.798      0.000 4
 626  621      4.449      3.015      0.000 4
 625  622      4.449     -0.970      0.000 4
 627  624      4.460      8.021      0.000 4
 628  623      4.463      4.822      0.000 4
 629  625      4.474     -7.044      0.000 4
 630  626      4.487      6.370      0.000 4
  -1  628      4.515      0.685      0.000 4
 634  629      4.535      8.011      0.000 4
  -1  630      4.537      0.550      0.000 4
 635  631      4.563      6.429      0.000 4
 636  632      4.577      1.878      0.000 4
 638  633      4.583      3.334      0.000 4
 637  634      4.585      2.667      0.000 4
 639  635      4.585     -1.454      0.000 4
 640  636      4.600      0.074      0.000 4
  -1   -2      4.601     -7.350      0.000 4
 641  638      4.627      2.611      0.000 4
 642  639      4.632      2.854      0.000 4
 643  637      4.644     -2.668      0.000 4
 632   -2      4.675     -5.188      0.000 4
 645  642      4.695     -3.173      0.000 4
 646  643      4.745      3.059      0.000 4
 648  644      4.758      8.332      0.000 4
 649   -2      4.772     -3.671      0.000 4
 651  647      4.808     -7.508      0.000 4
 652  649      4.900      5.118      0.000 4
 654  650      4.915      3.610      0.000 4
 655  651      4.916      5.243      0.000 4
  -1  652      4.918     -5.216      0.000 4
 653  653      4.920      1.081      0.000 4
 656  654      4.938      1.528      0.000 4
 657  655      4.964     -2.811      0.000 4
  -1   -2      4.972     -7.710      0.000 4
 658  656      4.976     -4.897      0.000 4
 659  658      4.996     -3.449      0.000 4
 661  657      5.001     -6.508      0.000 4
 660  659      5.014     -8.226      0.000 4
 662  661      5.029      8.096      0.000 4
 664   -2      5.033     -5.909      0.000 4
 663  662      5.043     -5.754      0.000 4
 665  663      5.053     -2.914      0.000 4
 666  669      5.061     -2.633      0.000 4
 667  665      5.071      2.020      0.000 4
 668  666      5.074      7.208      0.000 4
 669  667      5.080      6.928      0.000 4
 670  668      5.157     -5.794      0.000 4
 672  670      5.188      6.435      0.000 4
 671  671      5.191      6.842      0.000 4
  -1   -2      5.219     -7.867      0.000 4
 673  672      5.230      1.594      0.000 4
 674   -2      5.235     -3.036      0.000 4
 675  673      5.263      7.075      0.000 4
 676  674      5.295      2.415      0.000 4
 677  675      5.354      5.819      0.000 4
 679  676      5.379     -7.642      0.000 4
 678  677      5.380     -2.890      0.000 4
  -1  679      5.397      2.805      0.000 4
 680  678      5.396     -7.786      0.000 4
 681  680      5.429      2.002      0.000 4
 682  681      5.451      6.053      0.000 4
 683  682      5.455      1.394      0.000 4
 684   -2      5.481     -7.905      0.000 4
 687  683      5.495     -6.620      0.000 4
 686  684      5.496     -5.106      0.000 4
 688  685      5.521      2.058      0.000 4
 689  686      5.534      4.495      0.000 4
 690  687      5.576      0.050      0.000 4
 691  688      5.586     -8.202      0.000 4
 692  689      5.611      6.978      0.000 4
 693  690      5.632      3.940      0.000 4
 694  691      5.646     -0.638      0.000 4
 695  692      5.669     -3.157      0.000 4
 696  693      5.671     -5.804      0.000 4
 697  694      5.691     -5.460      0.000 4
 698  695      5.724      4.610      0.000 4
 699  696      5.769     -2.438      0.000 4
 700  697      5.799     -0.984      0.000 4
 701  698      5.802      1.775      0.000 4
 702  699      5.837     -8.012      0.000 4
 704  700      5.868      1.996      0.000 4
 706  701      5.871     -8.372      0.000 4
 705  703      5.873     -0.747      0.000 4
 707  702      5.873      5.077      0.000 4
  -1  704      5.879     -6.349      0.000 4
 709  705      5.888     -6.454      0.000 4
 708   -2      5.891     -7.333      0.000 4
 710  706      5.944     -4.134      0.000 4
 711  707      5.960      2.742      0.000 4
 712  708      5.965     -5.283      0.000 4
 713   -2      5.980      3.578      0.000 4
 716  709      5.994     -6.137      0.000 4
 714  710      5.995      0.231      0.000 4
 715  711      5.996     -4.324      0.000 4
  -1   -2      6.011     -1.709      0.000 4
 718  713      6.018      4.653      0.000 4
 719  712      6.024     -3.037      0.000 4
 720  715      6.035     -0.465      0.000 4
 721  716      6.131      1.717      0.000 4
 723  717      6.169     -6.613      0.000 4
 722  718      6.173      3.877      0.000 4
 724  719      6.176     -4.209      0.000 4
 726  720      6.188      3.206      0.000 4
 725  721      6.193      0.298      0.000 4
 727  722      6.233     -6.468      0.000 4
 728  723      6.254      7.277      0.000 4
 729  724      6.268     -2.122      0.000 4
 730  725      6.282     -2.920      0.000 4
 731  726      6.299     -6.518      0.000 4
 732  727      6.350      2.378      0.000 4
 734  728      6.374     -4.254      0.000 4
 735  729      6.382      7.028      0.000 4
 736  730      6.435     -4.870      0.000 4
 737  731      6.475     -5.942      0.000 4
 738  732      6.479      4.119      0.000 4
 740  734      6.493      5.506      0.000 4
 741  736      6.514      6.914      0.000 4
 742  737      6.531      4.681      0.000 4
 743  738      6.535     -1.299      0.000 4
 744  739      6.562      2.143      0.000 4
 747  741      6.562     -6.038      0.000 4
 745  740      6.564     -1.271      0.000 4
 746  742      6.566      0.212      0.000 4
 748  743      6.600     -0.569      0.000 4
 749  744      6.605      2.887      0.000 4
 750  745      6.615     -5.121      0.000 4
 751  746      6.630     -5.309      0.000 4
 753  747      6.655     -6.197      0.000 4
 752  748      6.657      5.653      0.000 4
 754  749      6.671     -5.490      0.000 4
 755  750      6.701      6.598      0.000 4
 756  751      6.702      0.449      0.000 4
 757  752      6.717      3.201      0.000 4
 758  753      6.722     -1.871      0.000 4
 759  755      6.740      3.316      0.000 4
 760  757      6.741      2.072      0.000 4
 761  756      6.751     -6.032      0.000 4
 763  758      6.769     -0.557      0.000 4
 764  759      6.793     -0.759      0.000 4
 765  760      6.834      5.237      0.000 4
 767  762      6.871      3.637      0.000 4
 768  763      6.881     -4.913      0.000 4
  -1   -2      6.884     -5.033      0.000 4
 769  764      6.895     -0.898      0.000 4
 770  765      6.896     -2.630      0.000 4
 771  766      6.906     -0.070      0.000 4
 772  767      6.918      6.189      0.000 4
 773  768      6.933     -0.673      0.000 4
 774  769      6.952      0.449      0.000 4
 776  773      6.994     -5.772      0.000 4
 775  771      6.995     -6.579      0.000 4
 778  772      6.995     -8.420      0.000 4
 777  774      6.998      3.432      0.000 4
  -1  775      7.000      6.637      0.000 4
  -1  776      7.004      2.047      0.000 4
 779  777      7.031      2.067      0.000 4
 780  778      7.037     -4.017      0.000 4
 781  779      7.039     -5.974      0.000 4
 782  780      7.059     -8.309      0.000 4
 783  781      7.066     -0.178      0.000 4
 785  783      7.128     -6.144      0.000 4
 784  784      7.128      7.556      0.000 4
 786  785      7.160      6.550      0.000 4
 787  787      7.188      0.211      0.000 4
 788  788      7.190     -3.954      0.000 4
 790  789      7.239      4.999      0.000 4
 789  790      7.239     -4.381      0.000 4
 791  791      7.242      4.384      0.000 4
 792  792      7.265      6.753      0.000 4
 794  793      7.269     -7.191      0.000 4
 795  794      7.281      4.320      0.000 4
 796  795      7.295      5.640      0.000 4
 793  796      7.296     -0.135      0.000 4
  -1   -2      7.346     -8.015      0.000 4
 798  797      7.348      3.559      0.000 4
 801  798      7.399      2.081      0.000 4
 802  799      7.431     -5.724      0.000 4
  -1  800      7.454      4.783      0.000 4
 803  801      7.472      5.277      0.000 4
 804  803      7.485      4.801      0.000 4
 805  802      7.485      4.437      0.000 4
 806  806      7.502     -8.392      0.000 4
  -1  804      7.507      4.595      0.000 4
 807  805      7.508     -2.888      0.000 4
 808  807      7.539     -1.531      0.000 4
 809  808      7.561      1.278      0.000 4
 810  809      7.585      4.768      0.000 4
 811  810      7.594      1.763      0.000 4
 812  811      7.617      2.292      0.000 4
 813  812      7.675     -8.179      0.000 4
 814  813      7.696      7.757      0.000 4
 815  814      7.702     -7.874      0.000 4
 816  815      7.736     -2.971      0.000 4
 817  816      7.750      8.266      0.000 4
 818   -2      7.779      1.643      0.000 4
 819  817      7.788     -7.062      0.000 4
 820  818      7.816     -0.844      0.000 4
 821  819      7.821      6.741      0.000 4
 822  820      7.882     -4.989      0.000 4
  -1  821      7.975     -0.716      0.000 4
 823  822      7.978     -6.768      0.000 4
 824  823      7.981     -0.422      0.000 4
 825  824      7.984     -6.846      0.000 4
 826  825      7.994     -1.181      0.000 4
 827  826      8.001     -5.622      0.000 4
 828  827      8.005      1.035      0.000 4
 829  828      8.050     -0.619      0.000 4
 830  829      8.059      4.397      0.000 4
 831   -2      8.074     -1.103      0.000 4
 832  830      8.074      3.176      0.000 4
  -1  831      8.085      3.144      0.000 4
 833  832      8.102     -4.753      0.000 4
 834  834      8.122     -4.518      0.000 4
 835  835      8.157      2.515      0.000 4
 836  836      8.165      4.624      0.000 4
 837  837      8.169      3.247      0.000 4
 839  838      8.192     -6.298      0.000 4
 840  839      8.204      4.805      0.000 4
 841  841      8.238     -3.387      0.000 4
 842  842      8.240     -6.019      0.000 4
 843  843      8.241      7.273      0.000 4
 844  844      8.281     -1.882      0.000 4
 845  845      8.282     -7.324      0.000 4
 846   -2      8.305      5.277      0.000 4
 847  846      8.314     -4.380      0.000 4
 848  847      8.324      7.045      0.000 4
 849  848      8.327      1.352      0.000 4
 850  849      8.349      8.199      0.000 4
 851  850      8.354      7.594      0.000 4
 852  851      8.376     -8.210      0.000 4
 853  853      8.381      0.682      0.000 4
 854  852      8.381     -0.153      0.000 4
 855  855      8.414      1.107      0.000 4
 856  856      8.422     -2.467      0.000 4
