857
   0    0     -8.399      7.537      0.000 4
   1    1     -8.381     -6.904      0.000 4
   2    2     -8.373     -3.321      0.000 4
   3    3     -8.353     -8.169      0.000 4
   4    4     -8.343     -4.644      0.000 4
   5    5     -8.302      1.205      0.000 4
   6    6     -8.298      0.537      0.000 4
  -1    7     -8.287     -1.807      0.000 4
   7    8     -8.276      6.850      0.000 4
   8    9     -8.243     -8.266      0.000 4
   9   10     -8.228      4.227      0.000 4
  10   -2     -8.213      1.564      0.000 4
  11   11     -8.209     -7.944      0.000 4
  12   12     -8.185      1.513      0.000 4
  13   13     -8.179     -3.054      0.000 4
  14   14     -8.178      4.419      0.000 4
  15   15     -8.139      6.491      0.000 4
  17   16     -8.120      2.614      0.000 4
  16   17     -8.119     -2.520      0.000 4
  18   18     -8.076      1.347      0.000 4
  19   19     -8.040      2.236      0.000 4
  20   20     -8.037     -7.420      0.000 4
  21   21     -8.011     -6.269      0.000 4
  22   22     -7.999      6.567      0.000 4
  23   23     -7.982     -3.835      0.000 4
  24   24     -7.939      5.653      0.000 4
  25   25     -7.924     -0.965      0.000 4
  26   26     -7.914     -6.993      0.000 4
  27   27     -7.899      0.817      0.000 4
  28   28     -7.896     -0.186      0.000 4
  29   29     -7.885      2.322      0.000 4
  30   31     -7.854      4.087      0.000 4
  31   30     -7.852     -6.132      0.000 4
  32   33     -7.830      3.842      0.000 4
  33   32     -7.830      3.878      0.000 4
  34   -2     -7.824      7.178      0.000 4
  35   34     -7.815     -4.860      0.000 4
  36   35     -7.807     -6.181      0.000 4
  37   36     -7.801      2.484      0.000 4
  38   37     -7.798      4.987      0.000 4
  39   38     -7.782     -2.765      0.000 4
  40   39     -7.768     -5.146      0.000 4
  41   40     -7.764     -6.271      0.000 4
  43   41     -7.755     -4.648      0.000 4
  42   42     -7.756      1.971      0.000 4
  45   43     -7.751      5.233      0.000 4
  44   44     -7.751      7.139      0.000 4
  46   45     -7.750     -6.748      0.000 4
  47   46     -7.726     -0.692      0.000 4
  48   47     -7.693      7.117      0.000 4
  49   48     -7.681      6.647      0.000 4
  50   49     -7.609      4.948      0.000 4
  51   50     -7.585     -6.915      0.000 4
  52   51     -7.573      0.417      0.000 4
  53   52     -7.550     -0.006      0.000 4
  54   54     -7.540     -0.698      0.000 4
  55   53     -7.536      8.227      0.000 4
  56   55     -7.523     -5.457      0.000 4
  57   56     -7.511     -1.110      0.000 4
  58   58     -7.482      3.616      0.000 4
  59   57     -7.478      7.990      0.000 4
  60   60     -7.412     -1.444      0.000 4
  61   62     -7.390      3.677      0.000 4
  62   -2     -7.374     -5.414      0.000 4
  63   63     -7.362     -6.220      0.000 4
  64   64     -7.356      2.311      0.000 4
  65   65     -7.329     -5.110      0.000 4
  66   66     -7.322     -5.422      0.000 4
  67   67     -7.312      3.851      0.000 4
  68   68     -7.309      5.392      0.000 4
  69   -2     -7.292      0.093      0.000 4
  70   69     -7.249      3.239      0.000 4
  71   71     -7.246      6.135      0.000 4
  72   70     -7.243     -8.389      0.000 4
  74   73     -7.184     -7.565      0.000 4
  75   74     -7.177      7.645      0.000 4
  76   75     -7.162      6.080      0.000 4
  77   76     -7.160      5.092      0.000 4
  78   78     -7.152      4.736      0.000 4
  79   79     -7.151      4.039      0.000 4
  80   72     -7.149     -8.142      0.000 4
  81   80     -7.139     -2.431      0.000 4
  82   81     -7.135      7.291      0.000 4
  83   82     -7.130     -7.767      0.000 4
  -1   83     -7.120      7.453      0.000 4
  -1   -2     -7.114     -7.147      0.000 4
  84   84     -7.094      4.983      0.000 4
  85   85     -7.049     -5.449      0.000 4
  86   86     -7.029      0.018      0.000 4
  87   87     -7.015      1.959      0.000 4
  88   88     -6.997     -6.807      0.000 4
  -1   89     -6.993      4.430      0.000 4
  90   90     -6.986     -2.418      0.000 4
  89   91     -6.983      4.330      0.000 4
  91   92     -6.978     -6.638      0.000 4
  92   93     -6.970     -0.392      0.000 4
  93   94     -6.957      5.109      0.000 4
  95   96     -6.920      5.409      0.000 4
  96   97     -6.913      3.369      0.000 4
  97   98     -6.910     -0.840      0.000 4
  98   99     -6.898      2.894      0.000 4
  99  100     -6.875     -1.224      0.000 4
 100  101     -6.872     -6.493      0.000 4
 102  102     -6.848      7.547      0.000 4
 103  103     -6.813     -7.531      0.000 4
 104  104     -6.801      1.301      0.000 4
 105  105     -6.792     -5.472      0.000 4
 106  106     -6.764      2.406      0.000 4
 107  108     -6.737     -0.888      0.000 4
 108  109     -6.730     -0.247      0.000 4
 109  110     -6.714      4.285      0.000 4
 112  112     -6.689      1.346      0.000 4
 111  113     -6.688      1.664      0.000 4
 113  114     -6.642      2.368      0.000 4
 114  115     -6.639      3.534      0.000 4
 115  116     -6.609      5.767      0.000 4
 116  117     -6.594     -4.378      0.000 4
 117  118     -6.589      6.970      0.000 4
 118  119     -6.550     -6.392      0.000 4
 119  120     -6.518      7.611      0.000 4
 121  121     -6.506     -6.273      0.000 4
 120  122     -6.505      3.052      0.000 4
 122  123     -6.490     -4.800      0.000 4
 123  125     -6.439      0.135      0.000 4
 125  126     -6.372      4.867      0.000 4
 126  127     -6.357     -0.503      0.000 4
  -1   -2     -6.338      8.129      0.000 4
 128  128     -6.322     -7.919      0.000 4
  -1  129     -6.322     -0.102      0.000 4
 129  130     -6.300      0.093      0.000 4
 130  131     -6.284     -5.875      0.000 4
 131  134     -6.267     -1.677      0.000 4
 132  135     -6.243      0.983      0.000 4
 133  137     -6.204      2.493      0.000 4
 135  138     -6.176      4.869      0.000 4
 136  139     -6.172     -5.295      0.000 4
 137  140     -6.164      3.361      0.000 4
 138  141     -6.157      2.730      0.000 4
 139  142     -6.134     -7.691      0.000 4
 141  143     -6.113      1.236      0.000 4
 140  144     -6.112      7.347      0.000 4
 142  145     -6.103     -4.713      0.000 4
  -1   -2     -6.100     -6.687      0.000 4
 143  146     -6.093     -1.093      0.000 4
 144  148     -6.077      6.274      0.000 4
 145  149     -6.044      3.695      0.000 4
 147  150     -6.021      7.841      0.000 4
 148  151     -5.998     -7.818      0.000 4
 150  153     -5.974     -0.470      0.000 4
 152  154     -5.960      3.072      0.000 4
 151  155     -5.959      6.800      0.000 4
 154  156     -5.931     -6.383      0.000 4
 153  152     -5.930     -7.393      0.000 4
 155  157     -5.917      4.849      0.000 4
 156  158     -5.893     -5.929      0.000 4
 157  159     -5.888     -0.034      0.000 4
 158  160     -5.870     -1.678      0.000 4
 160  161     -5.844     -7.389      0.000 4
 159  162     -5.841     -1.936      0.000 4
 161  164     -5.839      0.610      0.000 4
 162  163     -5.838      4.690      0.000 4
 163  165     -5.804     -4.603      0.000 4
 164  166     -5.755     -5.905      0.000 4
 165  167     -5.742     -4.137      0.000 4
 166  168     -5.711      7.405      0.000 4
 169   -2     -5.695     -7.944      0.000 4
 167  169     -5.687      1.908      0.000 4
 168  170     -5.674      5.741      0.000 4
 170  171     -5.653      0.739      0.000 4
 171  172     -5.638     -0.893      0.000 4
 172  173     -5.631     -1.792      0.000 4
 173  174     -5.608      7.233      0.000 4
 174  176     -5.583      0.283      0.000 4
 175  177     -5.574      6.027      0.000 4
 176  179     -5.545     -4.999      0.000 4
  -1  181     -5.543     -3.115      0.000 4
 177  180     -5.539      2.664      0.000 4
 178  182     -5.514     -0.685      0.000 4
 179  183     -5.476      4.786      0.000 4
 180  184     -5.462     -7.512      0.000 4
 181  185     -5.453      5.217      0.000 4
  -1   -2     -5.394     -4.523      0.000 4
 182  186     -5.384     -8.107      0.000 4
 183  187     -5.370     -0.601      0.000 4
 184  188     -5.350     -1.411      0.000 4
 185  190     -5.330      3.805      0.000 4
 186  191     -5.302     -3.086      0.000 4
 187  192     -5.280      2.066      0.000 4
  -1  193     -5.276      0.706      0.000 4
 189  194     -5.244     -3.759      0.000 4
 188  195     -5.237     -4.697      0.000 4
 194  197     -5.179     -2.452      0.000 4
 191  199     -5.176     -6.678      0.000 4
 190  200     -5.176     -4.825      0.000 4
 192  198     -5.171     -1.552      0.000 4
 196  201     -5.117     -3.897      0.000 4
 195  202     -5.115     -0.073      0.000 4
 197  203     -5.093     -5.250      0.000 4
 199  204     -5.057     -0.008      0.000 4
 200  205     -5.055      1.560      0.000 4
 202  207     -5.036      0.532      0.000 4
 201  208     -5.032     -3.443      0.000 4
 203  209     -5.005      5.098      0.000 4
 205  210     -4.981     -0.318      0.000 4
 204  211     -4.978     -4.331      0.000 4
 206  212     -4.958     -7.799      0.000 4
  -1  214     -4.949     -1.322      0.000 4
 208  213     -4.947      3.909      0.000 4
 207  215     -4.946      3.727      0.000 4
 209  217     -4.926      8.384      0.000 4
 215   -2     -4.911     -7.656      0.000 4
 212  218     -4.909      8.222      0.000 4
 213  219     -4.905     -1.402      0.000 4
 211  223     -4.900     -4.283      0.000 4
 210  222     -4.894     -5.029      0.000 4
 214  220     -4.894      0.686      0.000 4
 216  221     -4.881     -2.792      0.000 4
 218   -2     -4.840     -4.300      0.000 4
 219   -2     -4.839      1.643      0.000 4
 220  225     -4.824      0.079      0.000 4
 224  224     -4.819     -8.040      0.000 4
 222  227     -4.807     -5.851      0.000 4
 223  226     -4.804      3.804      0.000 4
 225  228     -4.734     -5.062      0.000 4
 226  229     -4.702      4.462      0.000 4
  -1   -2     -4.689      2.703      0.000 4
 227  230     -4.683     -6.810      0.000 4
 228  231     -4.679      5.785      0.000 4
 229  233     -4.667     -4.744      0.000 4
 230  232     -4.659      2.655      0.000 4
 231  234     -4.627      3.382      0.000 4
 233  235     -4.608      3.589      0.000 4
 232  236     -4.601      2.512      0.000 4
 234  238     -4.536      2.575      0.000 4
 235  239     -4.507      0.625      0.000 4
 236  240     -4.499      2.177      0.000 4
 239  241     -4.437     -6.018      0.000 4
 238  242     -4.435     -4.359      0.000 4
  -1  243     -4.422      0.868      0.000 4
  -1  245     -4.399     -6.664      0.000 4
 240  248     -4.387     -4.458      0.000 4
 243  246     -4.381     -6.459      0.000 4
 241  251     -4.364      1.010      0.000 4
 242  250     -4.361      3.478      0.000 4
 244  252     -4.335      7.394      0.000 4
 245  253     -4.330      4.801      0.000 4
 247  254     -4.311      1.172      0.000 4
 246  257     -4.307     -4.491      0.000 4
 248  255     -4.307      0.650      0.000 4
 249  256     -4.297      2.413      0.000 4
 251  258     -4.238     -1.986      0.000 4
 252  259     -4.205     -1.171      0.000 4
 255  262     -4.150     -2.482      0.000 4
  -1  263     -4.130     -0.455      0.000 4
 256  265     -4.103      5.751      0.000 4
 258   -2     -4.095     -7.537      0.000 4
 259  264     -4.094      3.385      0.000 4
  -1  266     -4.093      2.091      0.000 4
 257  268     -4.083     -4.755      0.000 4
 260   -2     -4.077      2.604      0.000 4
 261  269     -4.061      1.658      0.000 4
 262  267     -4.050      2.624      0.000 4
 263  271     -4.018     -4.828      0.000 4
 264  274     -3.995      5.362      0.000 4
 266  272     -3.995     -1.426      0.000 4
 265  273     -3.993      3.279      0.000 4
 270  275     -3.947     -6.130      0.000 4
 269  276     -3.946     -7.262      0.000 4
 275  278     -3.818     -6.253      0.000 4
 273  280     -3.794      8.297      0.000 4
 274  279     -3.792      2.198      0.000 4
 276  281     -3.775     -0.174      0.000 4
 278  282     -3.746     -7.344      0.000 4
 277  287     -3.739      7.882      0.000 4
 279  286     -3.725     -3.641      0.000 4
 281  288     -3.712     -4.590      0.000 4
 283  290     -3.704     -7.102      0.000 4
 285  284     -3.702     -8.043      0.000 4
 282  289     -3.696     -4.342      0.000 4
 284   -2     -3.681      7.834      0.000 4
 286  291     -3.634      0.895      0.000 4
  -1   -2     -3.571     -0.912      0.000 4
 289  293     -3.550      7.926      0.000 4
 290  294     -3.533      6.380      0.000 4
 291  295     -3.527      8.215      0.000 4
 294  297     -3.471      2.963      0.000 4
  -1   -2     -3.464     -8.361      0.000 4
 293  299     -3.454      0.355      0.000 4
 296  300     -3.409     -2.481      0.000 4
 297  302     -3.397      0.109      0.000 4
 298  301     -3.385      3.643      0.000 4
 299  303     -3.322      5.455      0.000 4
 300  304     -3.313      3.892      0.000 4
 301  305     -3.290      2.750      0.000 4
 304  306     -3.286      1.038      0.000 4
 306  309     -3.230      4.750      0.000 4
 305  310     -3.227      0.511      0.000 4
 308  311     -3.196      2.697      0.000 4
 309  314     -3.156     -4.477      0.000 4
 310  313     -3.145     -1.720      0.000 4
 311  316     -3.120      2.658      0.000 4
 312  318     -3.105      2.973      0.000 4
 314  315     -3.102     -5.845      0.000 4
 313  319     -3.093     -3.271      0.000 4
 316  317     -3.087      3.552      0.000 4
 315  322     -3.065     -0.243      0.000 4
 318  320     -3.064      3.922      0.000 4
 317  321     -3.059      8.020      0.000 4
 319  324     -3.027     -5.716      0.000 4
  -1   -2     -2.973     -2.702      0.000 4
 321  325     -2.909      4.589      0.000 4
 322  326     -2.906     -6.194      0.000 4
  -1  327     -2.877     -8.003      0.000 4
 325  328     -2.854      7.221      0.000 4
 324  329     -2.852      8.087      0.000 4
 326  330     -2.772     -7.743      0.000 4
  -1   -2     -2.730      2.612      0.000 4
 327  332     -2.715      5.826      0.000 4
 330  331     -2.713      2.824      0.000 4
 328  333     -2.694      3.549      0.000 4
 329  334     -2.689      6.772      0.000 4
 331  335     -2.680     -5.935      0.000 4
 332  336     -2.665     -4.331      0.000 4
 335  337     -2.630     -4.606      0.000 4
  -1   -2     -2.623     -7.764      0.000 4
 337  338     -2.606      6.691      0.000 4
 338  339     -2.586     -2.414      0.000 4
 336  340     -2.578      8.327      0.000 4
 340  342     -2.530     -7.280      0.000 4
 339  343     -2.514      0.846      0.000 4
 342  345     -2.489     -3.513      0.000 4
 344   -2     -2.482      0.422      0.000 4
 343  344     -2.481      8.323      0.000 4
 345  346     -2.451     -1.034      0.000 4
  -1   -2     -2.448     -0.183      0.000 4
 347  347     -2.432     -6.183      0.000 4
 349  348     -2.397     -2.612      0.000 4
 351  350     -2.334     -5.809      0.000 4
 353   -2     -2.322      4.787      0.000 4
 350  351     -2.318     -7.105      0.000 4
 352  352     -2.313     -0.713      0.000 4
 356  353     -2.244      1.180      0.000 4
 357  354     -2.230      5.944      0.000 4
 355   -2     -2.223     -2.212      0.000 4
  -1   -2     -2.208     -1.778      0.000 4
  -1   -2     -2.199     -3.069      0.000 4
 358  355     -2.187     -4.287      0.000 4
 360  356     -2.170      5.315      0.000 4
  -1  357     -2.136      3.083      0.000 4
 362  358     -2.096     -1.655      0.000 4
 363  360     -2.047      6.920      0.000 4
  -1   -2     -2.033     -1.779      0.000 4
 364  362     -2.009      1.795      0.000 4
 366  364     -1.942     -4.604      0.000 4
 367  365     -1.891      1.717      0.000 4
 368  367     -1.811      3.573      0.000 4
 369  369     -1.779      6.719      0.000 4
  -1  368     -1.752      3.883      0.000 4
 372  370     -1.741     -6.150      0.000 4
 371  371     -1.736     -4.545      0.000 4
 375  372     -1.697      4.497      0.000 4
 374   -2     -1.694      5.534      0.000 4
 376   -2     -1.686      7.614      0.000 4
 373   -2     -1.682     -2.794      0.000 4
 378  374     -1.660      2.170      0.000 4
 380  373     -1.657      1.241      0.000 4
 379  375     -1.638     -2.700      0.000 4
 377  376     -1.633      3.891      0.000 4
 382  378     -1.584     -5.596      0.000 4
 383  377     -1.572     -5.951      0.000 4
 381  382     -1.571      7.167      0.000 4
 384  379     -1.379     -1.799      0.000 4
 386  380     -1.366      5.379      0.000 4
 385  383     -1.353      4.684      0.000 4
  -1  384     -1.318      7.475      0.000 4
 389  381     -1.314      2.864      0.000 4
 390  386     -1.238     -2.108      0.000 4
  -1  387     -1.164      3.194      0.000 4
 392  388     -1.114      0.713      0.000 4
 394  390     -1.054     -8.291      0.000 4
  -1   -2     -1.052      3.892      0.000 4
 393   -2     -1.042     -2.396      0.000 4
  -1   -2     -1.019      4.950      0.000 4
 396  393     -1.015     -1.886      0.000 4
  -1   -2     -0.980     -4.697      0.000 4
  -1  394     -0.979     -4.243      0.000 4
 397  396     -0.971      4.381      0.000 4
 400  395     -0.948     -6.246      0.000 4
 401  397     -0.890     -7.879      0.000 4
 402  398     -0.790     -6.789      0.000 4
 403  399     -0.763     -3.974      0.000 4
 404  400     -0.731     -4.634      0.000 4
 406  401     -0.641     -3.475      0.000 4
 407  402     -0.605     -1.795      0.000 4
  -1   -2     -0.577     -3.011      0.000 4
 409  404     -0.530     -6.160      0.000 4
  -1  403     -0.503     -3.234      0.000 4
 410   -2     -0.477     -3.657      0.000 4
  -1  406     -0.477     -7.082      0.000 4
 411  407     -0.446     -5.493      0.000 4
  -1   -2     -0.444     -5.827      0.000 4
 413  408     -0.363     -2.593      0.000 4
 414  409     -0.325     -1.673      0.000 4
 415  410     -0.182      4.819      0.000 4
  -1   -2     -0.059      8.249      0.000 4
 417  412     -0.047      0.421      0.000 4
 418  411     -0.042     -6.856      0.000 4
 420  413      0.004     -7.296      0.000 4
 419  415      0.030     -4.927      0.000 4
 421  416      0.229     -4.531      0.000 4
 422  417      0.246      5.252      0.000 4
  -1   -2      0.281     -4.662      0.000 4
  -1   -2      0.313     -8.418      0.000 4
 427  418      0.337      2.255      0.000 4
 426  419      0.346      6.662      0.000 4
 423  420      0.361     -2.175      0.000 4
 425   -2      0.381     -0.349      0.000 4
  -1  421      0.502      5.381      0.000 4
 428  423      0.510      3.022      0.000 4
 429  422      0.515     -4.321      0.000 4
 430  424      0.615      4.296      0.000 4
 432  425      0.640      6.701      0.000 4
 431  427      0.672     -0.183      0.000 4
 434  426      0.673     -5.632      0.000 4
  -1  428      0.725     -4.324      0.000 4
 436   -2      0.825      4.021      0.000 4
 435  432      0.860     -3.381      0.000 4
 438  430      0.889     -5.590      0.000 4
 439  431      0.904     -1.515      0.000 4
  -1   -2      0.940      2.964      0.000 4
 437  433      0.943     -1.007      0.000 4
 441  434      0.972     -3.451      0.000 4
 442  435      1.002      6.675      0.000 4
 443  436      1.012     -6.698      0.000 4
 444  437      1.029     -2.189      0.000 4
 445  438      1.056      0.266      0.000 4
 446  439      1.094     -6.921      0.000 4
 447  440      1.120     -4.179      0.000 4
 448  443      1.187      0.021      0.000 4
  -1   -2      1.196      6.344      0.000 4
 452  442      1.222     -4.864      0.000 4
 450  444      1.248     -1.462      0.000 4
 449  445      1.259     -2.307      0.000 4
 451  448      1.264     -3.240      0.000 4
 453  446      1.277     -7.100      0.000 4
 454  450      1.351      0.761      0.000 4
  -1   -2      1.360      6.779      0.000 4
 456  451      1.373     -3.857      0.000 4
 458  452      1.419     -7.696      0.000 4
 459   -2      1.445     -3.808      0.000 4
 460  453      1.470      5.201      0.000 4
  -1   -2      1.491      8.074      0.000 4
 463  455      1.508     -5.651      0.000 4
 462  456      1.517      3.312      0.000 4
 464  458      1.572     -8.022      0.000 4
 465  459      1.615     -3.252      0.000 4
 466  461      1.632      1.900      0.000 4
  -1  460      1.642     -3.714      0.000 4
 467  462      1.685      0.231      0.000 4
 468  463      1.724      0.854      0.000 4
 469  464      1.743      2.948      0.000 4
 470  465      1.743     -6.605      0.000 4
 471  468      1.785     -4.212      0.000 4
 473  466      1.785     -4.824      0.000 4
 474  469      1.809      7.514      0.000 4
 475  470      1.818      0.570      0.000 4
 472  473      1.821     -2.883      0.000 4
 476  472      1.821      5.096      0.000 4
 477  471      1.822     -6.974      0.000 4
  -1   -2      1.857     -8.078      0.000 4
 482  474      1.900      0.939      0.000 4
 481  477      1.918     -4.167      0.000 4
  -1   -2      1.938      3.057      0.000 4
 484  476      1.943      5.793      0.000 4
 485   -2      1.999     -0.031      0.000 4
  -1   -2      2.003     -2.383      0.000 4
  -1   -2      2.007      0.917      0.000 4
 486  488      2.091     -1.657      0.000 4
 489  480      2.092      6.382      0.000 4
 488  484      2.100     -1.263      0.000 4
 487  487      2.101     -7.697      0.000 4
 491  481      2.103     -4.791      0.000 4
 495  482      2.117     -6.623      0.000 4
 492  485      2.118      1.174      0.000 4
 494  486      2.121      7.242      0.000 4
 493  489      2.128     -3.841      0.000 4
 497  491      2.169     -0.292      0.000 4
 498  490      2.176      6.135      0.000 4
 499  493      2.193     -0.497      0.000 4
 500  494      2.234      5.808      0.000 4
 503  495      2.247     -6.833      0.000 4
 504  496      2.271      6.461      0.000 4
 502  500      2.291     -1.598      0.000 4
 506  497      2.313     -7.574      0.000 4
 505  499      2.313     -3.222      0.000 4
 509  498      2.319     -3.091      0.000 4
 507  503      2.334     -1.081      0.000 4
 510  501      2.340      5.222      0.000 4
 508  504      2.343      4.229      0.000 4
 512  502      2.354      5.123      0.000 4
 511  506      2.369      0.719      0.000 4
  -1   -2      2.372     -5.224      0.000 4
 514  505      2.379      5.918      0.000 4
  -1   -2      2.384      6.049      0.000 4
 515  507      2.397     -3.760      0.000 4
 518  511      2.477     -3.230      0.000 4
  -1  512      2.504      5.303      0.000 4
 519   -2      2.517      4.252      0.000 4
 521  513      2.550      3.856      0.000 4
 523  514      2.579     -3.270      0.000 4
 524  515      2.608     -5.146      0.000 4
 525  516      2.639      2.291      0.000 4
 522  520      2.642     -1.353      0.000 4
 526  519      2.672      7.511      0.000 4
 533   -2      2.681      8.121      0.000 4
 528  518      2.682     -6.589      0.000 4
  -1  517      2.682      2.810      0.000 4
  -1   -2      2.714      5.259      0.000 4
 530  523      2.775      2.530      0.000 4
 532  522      2.794     -6.670      0.000 4
  -1  524      2.801     -2.489      0.000 4
 531  525      2.814     -6.220      0.000 4
  -1  526      2.818      0.057      0.000 4
 534  527      2.855     -0.008      0.000 4
 535  528      2.877      6.372      0.000 4
 537  529      2.910      4.857      0.000 4
 538  530      2.913     -1.618      0.000 4
 539  532      2.949      7.135      0.000 4
 541  533      2.978     -5.188      0.000 4
 540  534      2.981     -6.010      0.000 4
 542   -2      3.016      2.731      0.000 4
 544  536      3.058     -2.550      0.000 4
 545  538      3.062      5.584      0.000 4
  -1  535      3.068      2.668      0.000 4
 543  540      3.078      0.594      0.000 4
 546   -2      3.083     -3.473      0.000 4
 547  539      3.091     -1.177      0.000 4
 548  542      3.118      6.156      0.000 4
 552  541      3.132     -7.192      0.000 4
 549  544      3.134      2.829      0.000 4
 551  543      3.134     -1.946      0.000 4
 550  545      3.141     -7.003      0.000 4
 554  546      3.182      6.074      0.000 4
 553  548      3.195     -8.325      0.000 4
 556  547      3.199      5.621      0.000 4
 557  549      3.211      8.239      0.000 4
 558  550      3.273     -7.242      0.000 4
 559  552      3.282     -1.309      0.000 4
 560  553      3.305     -3.194      0.000 4
 561   -2      3.323     -8.299      0.000 4
 562  554      3.331     -5.692      0.000 4
 563  555      3.374      2.968      0.000 4
 564  557      3.410      6.642      0.000 4
 565  556      3.411     -5.419      0.000 4
 566  558      3.424      2.836      0.000 4
 567  559      3.449     -2.101      0.000 4
 568  560      3.471      1.334      0.000 4
 569  561      3.497      5.870      0.000 4
 570  564      3.527     -4.550      0.000 4
  -1   -2      3.535     -6.997      0.000 4
 571  563      3.537     -0.905      0.000 4
 573  566      3.566     -0.471      0.000 4
 572  567      3.569     -3.363      0.000 4
 575  565      3.571     -6.078      0.000 4
 574  568      3.577     -2.908      0.000 4
 576  570      3.590      5.302      0.000 4
 577  569      3.594     -5.511      0.000 4
 578  571      3.628     -0.045      0.000 4
 580  572      3.654      5.033      0.000 4
 579  574      3.660     -6.224      0.000 4
  -1   -2      3.661     -7.135      0.000 4
 581  573      3.664      2.097      0.000 4
 582  575      3.677      7.899      0.000 4
 583  576      3.692     -5.980      0.000 4
 584  577      3.702      2.593      0.000 4
 585  578      3.721      4.048      0.000 4
 586   -2      3.728     -2.555      0.000 4
  -1  579      3.738     -5.338      0.000 4
 587  581      3.757     -2.536      0.000 4
 588  580      3.757     -6.993      0.000 4
 591  582      3.777     -2.134      0.000 4
 592  585      3.789     -0.570      0.000 4
 590  586      3.791     -7.685      0.000 4
 593  584      3.794     -1.829      0.000 4
  -1   -2      3.796      0.850      0.000 4
  -1  587      3.815     -1.029      0.000 4
 594  588      3.819     -2.233      0.000 4
 595  589      3.833     -5.856      0.000 4
 596  590      3.861      4.930      0.000 4
 597  592      3.872      0.291      0.000 4
 598  591      3.873      5.256      0.000 4
 599  595      3.906     -7.346      0.000 4
 602  593      3.907     -0.679      0.000 4
 603  594      3.914     -1.264      0.000 4
  -1   -2      3.965      2.409      0.000 4
  -1  598      3.982     -8.034      0.000 4
 608  596      3.987     -2.527      0.000 4
 607  597      3.989     -7.467      0.000 4
 605  600      3.990     -7.682      0.000 4
 609   -2      3.997      4.108      0.000 4
 610  599      4.002      2.905      0.000 4
 606  603      4.003     -4.164      0.000 4
  -1  601      4.005     -1.760      0.000 4
 612  604      4.025      8.103      0.000 4
 614  605      4.039      0.205      0.000 4
 613  608      4.044     -8.051      0.000 4
 615  606      4.047      3.056      0.000 4
 616  607      4.050     -5.489      0.000 4
 618  609      4.073      0.695      0.000 4
 617  610      4.077      4.914      0.000 4
 620  612      4.210     -0.982      0.000 4
 621  613      4.226     -8.359      0.000 4
 623  616      4.271      2.239      0.000 4
 624  614      4.274     -4.357      0.000 4
 622  615      4.275      4.708      0.000 4
 625  617      4.325      8.335      0.000 4
 626  618      4.340     -2.000      0.000 4
 627  619      4.357     -5.706      0.000 4
  -1  620      4.375      2.174      0.000 4
 628  621      4.383     -2.125      0.000 4
 629  622      4.415     -1.716      0.000 4
 630  623      4.432      7.800      0.000 4
 631  624      4.444      4.645      0.000 4
 632  626      4.467      2.981      0.000 4
 633  625      4.475      0.771      0.000 4
 634  627      4.485      8.014      0.000 4
 635  628      4.506     -0.870      0.000 4
  -1   -2      4.512     -8.329      0.000 4
 637  631      4.521      4.815      0.000 4
  -1  630      4.522      0.048      0.000 4
 636  629      4.522      6.366      0.000 4
 639  633      4.566     -4.882      0.000 4
 638  632      4.567     -8.341      0.000 4
 640  635      4.589      6.418      0.000 4
 644  637      4.635      3.304      0.000 4
 643  639      4.636      0.063      0.000 4
 645  638      4.647     -6.420      0.000 4
 647  641      4.652     -1.439      0.000 4
 646  640      4.654      1.882      0.000 4
 648  642      4.659      0.592      0.000 4
  -1   -2      4.660     -4.326      0.000 4
 650  644      4.709     -7.040      0.000 4
  -1  645      4.718      0.762      0.000 4
 651  646      4.724     -5.166      0.000 4
 652  647      4.761     -7.183      0.000 4
 654  650      4.770      1.144      0.000 4
 656  649      4.783      3.023      0.000 4
 653  651      4.784     -3.323      0.000 4
 655  648      4.784      8.325      0.000 4
  -1   -2      4.818     -4.108      0.000 4
 657  652      4.847     -8.253      0.000 4
 658  653      4.893     -2.686      0.000 4
 660  654      4.940      3.579      0.000 4
 659  655      4.940      5.106      0.000 4
 661  656      4.949      5.226      0.000 4
 662  658      4.994     -4.460      0.000 4
 663  657      4.996      0.314      0.000 4
 664  660      5.007      1.488      0.000 4
 665  659      5.012     -5.192      0.000 4
 666  662      5.026     -2.865      0.000 4
 667  661      5.027     -4.843      0.000 4
 669  663      5.048     -8.377      0.000 4
 668  665      5.053      8.070      0.000 4
  -1  664      5.055      8.113      0.000 4
 670  666      5.062     -4.273      0.000 4
 672   -2      5.078     -8.309      0.000 4
  -1   -2      5.085     -3.958      0.000 4
 673  667      5.088     -5.742      0.000 4
 674  668      5.098      7.199      0.000 4
 675  669      5.108      6.919      0.000 4
 676  670      5.109      2.000      0.000 4
 677  672      5.160     -5.804      0.000 4
  -1  673      5.185     -6.472      0.000 4
 680  674      5.219      6.838      0.000 4
 679  675      5.220      6.426      0.000 4
 681  676      5.263      1.563      0.000 4
 682  678      5.298      7.086      0.000 4
 683  677      5.300     -3.088      0.000 4
 684  679      5.319      2.383      0.000 4
 685  680      5.388      5.811      0.000 4
 686  682      5.416     -7.849      0.000 4
 687   -2      5.429      2.782      0.000 4
 688  683      5.432     -2.931      0.000 4
 689  684      5.443     -7.597      0.000 4
 690  685      5.456      1.984      0.000 4
 693  687      5.479      6.039      0.000 4
 694  686      5.480      1.368      0.000 4
 695   -2      5.501     -7.938      0.000 4
 696  688      5.549      2.037      0.000 4
 697  689      5.564      4.474      0.000 4
 698  690      5.585     -5.056      0.000 4
 699  691      5.602     -8.123      0.000 4
 700  692      5.636      6.970      0.000 4
 701  693      5.656     -6.667      0.000 4
 702  694      5.666      3.922      0.000 4
 703  695      5.678     -0.644      0.000 4
 704  696      5.705     -3.184      0.000 4
 705  697      5.755      4.595      0.000 4
 706  698      5.759     -5.462      0.000 4
 707  699      5.763     -5.794      0.000 4
 708  700      5.785     -8.066      0.000 4
 709  701      5.819     -2.456      0.000 4
 710  702      5.827      1.757      0.000 4
 711  703      5.836     -0.992      0.000 4
 712  704      5.884     -3.463      0.000 4
 713  705      5.886      1.974      0.000 4
 714  707      5.889     -8.308      0.000 4
 715  706      5.890     -0.751      0.000 4
 716  708      5.902      5.059      0.000 4
 717  709      5.909     -7.980      0.000 4
 719  710      5.971     -6.375      0.000 4
 721  712      5.986     -6.477      0.000 4
 720  713      5.987      2.720      0.000 4
 723  714      6.025     -5.296      0.000 4
 724  715      6.034     -4.333      0.000 4
 725  717      6.051     -0.477      0.000 4
 726  716      6.055      4.641      0.000 4
 727  718      6.057     -1.725      0.000 4
 728  719      6.058     -3.061      0.000 4
 729  720      6.077     -6.142      0.000 4
  -1   -2      6.081     -5.430      0.000 4
 730  721      6.150      1.694      0.000 4
 731  722      6.165      6.543      0.000 4
 732  723      6.175     -4.339      0.000 4
 733  724      6.202      3.861      0.000 4
 734  725      6.204     -4.220      0.000 4
 735  727      6.213      3.189      0.000 4
 736  726      6.218     -1.560      0.000 4
 738  729      6.302     -2.138      0.000 4
 739  730      6.315     -2.945      0.000 4
 740  731      6.320     -6.500      0.000 4
 741  732      6.349      1.950      0.000 4
 742  733      6.373     -6.537      0.000 4
 743  734      6.376      2.361      0.000 4
 744  736      6.403      7.016      0.000 4
 745  735      6.406     -4.269      0.000 4
 746   -2      6.410     -2.924      0.000 4
  -1  737      6.471     -1.377      0.000 4
 747  738      6.479     -4.881      0.000 4
 748  739      6.531     -5.959      0.000 4
  -1  740      6.531      6.901      0.000 4
 749   -2      6.534     -2.068      0.000 4
 750  741      6.537     -5.321      0.000 4
 751  742      6.555      4.668      0.000 4
 752  743      6.565     -1.312      0.000 4
 753  744      6.594      2.128      0.000 4
 754  745      6.614     -0.580      0.000 4
 755  746      6.626      2.871      0.000 4
 756  747      6.630     -6.055      0.000 4
 757  748      6.659     -5.134      0.000 4
 758  749      6.677      5.643      0.000 4
 759  750      6.679     -5.327      0.000 4
 761  751      6.711     -6.217      0.000 4
 760  752      6.716      6.582      0.000 4
 762  753      6.718      0.434      0.000 4
 763  754      6.720     -5.503      0.000 4
 764  755      6.742      3.184      0.000 4
 765  756      6.754     -1.885      0.000 4
 766  757      6.760      3.300      0.000 4
 767  758      6.764      2.054      0.000 4
 768  759      6.795     -0.571      0.000 4
 769  760      6.807     -6.052      0.000 4
 770  762      6.814     -0.772      0.000 4
 771  761      6.817     -7.663      0.000 4
 772  763      6.855      5.223      0.000 4
 774  764      6.889     -7.999      0.000 4
 773  765      6.891      3.622      0.000 4
 775  769      6.897     -0.113      0.000 4
 776  766      6.918     -0.913      0.000 4
 777  767      6.918     -4.929      0.000 4
 778  768      6.929     -2.647      0.000 4
 779   -2      6.934     -0.077      0.000 4
 780  770      6.936      6.176      0.000 4
 781  771      6.955     -0.687      0.000 4
 782  772      6.977      0.436      0.000 4
 784   -2      7.018      3.419      0.000 4
 785   -2      7.020      6.631      0.000 4
 786  774      7.039     -6.605      0.000 4
 787  775      7.041     -5.789      0.000 4
 788  776      7.044      2.045      0.000 4
 789  777      7.072     -4.034      0.000 4
 790  778      7.091     -5.999      0.000 4
 791  779      7.114     -8.299      0.000 4
 792  780      7.141      7.544      0.000 4
 794  781      7.175     -6.167      0.000 4
 793  782      7.178      6.538      0.000 4
 795  783      7.209      0.195      0.000 4
 796  784      7.222     -3.973      0.000 4
 797  785      7.253      4.990      0.000 4
 798  786      7.263      4.372      0.000 4
  -1   -2      7.270     -6.750      0.000 4
 799  787      7.273     -4.400      0.000 4
 800   -2      7.276      1.621      0.000 4
 801  788      7.289      6.746      0.000 4
 802  789      7.299      4.315      0.000 4
 803  790      7.312      5.628      0.000 4
  -1   -2      7.317     -7.228      0.000 4
 804  791      7.317     -0.152      0.000 4
 805  793      7.366      3.546      0.000 4
  -1  792      7.370      5.556      0.000 4
 806  794      7.390     -0.684      0.000 4
 808  796      7.398     -6.406      0.000 4
 809  797      7.419      2.068      0.000 4
 810  798      7.487      5.267      0.000 4
 811  799      7.492      4.781      0.000 4
 812  800      7.497      4.424      0.000 4
 813  801      7.522      4.577      0.000 4
 814  802      7.539     -2.906      0.000 4
 815  803      7.563     -1.546      0.000 4
 816  804      7.576      1.261      0.000 4
 817  806      7.593     -8.355      0.000 4
 818  805      7.601      4.756      0.000 4
 819  807      7.613      1.749      0.000 4
 820  808      7.636      2.277      0.000 4
 821  809      7.680      7.729      0.000 4
 822  810      7.715      7.747      0.000 4
 823  811      7.738     -7.926      0.000 4
 824  813      7.761      8.255      0.000 4
 825  812      7.763     -2.989      0.000 4
  -1  814      7.790      0.127      0.000 4
 826  815      7.794      1.627      0.000 4
 827  817      7.835      6.732      0.000 4
 828  818      7.843     -0.861      0.000 4
 830  820      7.918     -5.015      0.000 4
 831  821      7.990      7.153      0.000 4
 832  822      8.004     -0.435      0.000 4
 833  823      8.010     -6.801      0.000 4
 834  824      8.016     -1.197      0.000 4
 835  825      8.019     -6.882      0.000 4
 836  826      8.023      1.021      0.000 4
 837  827      8.033     -5.644      0.000 4
 838  828      8.050     -7.623      0.000 4
 839  829      8.066     -0.632      0.000 4
 840  830      8.069      4.386      0.000 4
 841  831      8.091      3.157      0.000 4
 842  832      8.136     -4.777      0.000 4
 843  833      8.152     -4.541      0.000 4
 844  834      8.174      2.500      0.000 4
 845  836      8.179      4.610      0.000 4
 846  835      8.180      3.234      0.000 4
 847  837      8.215     -7.276      0.000 4
 848  838      8.218      4.795      0.000 4
 849  839      8.223     -6.326      0.000 4
 851  840      8.251      7.261      0.000 4
 852  841      8.266     -3.406      0.000 4
 853  842      8.271     -6.047      0.000 4
 854  843      8.301     -1.899      0.000 4
 855  844      8.315     -7.367      0.000 4
 856  845      8.319      5.266      0.000 4
 857  846      8.335      7.038      0.000 4
 858  847      8.342     -4.402      0.000 4
 859  848      8.344      1.338      0.000 4
 860  849      8.356      8.190      0.000 4
 861  850      8.364      7.575      0.000 4
 862  851      8.389     -8.262      0.000 4
 863  852      8.398      0.669      0.000 4
 864  853      8.401     -0.165      0.000 4
