860
  -1   -2     -8.419     -3.446      0.000 4
   1   -2     -8.380      7.552      0.000 4
   2   -2     -8.377     -0.885      0.000 4
   3   -2     -8.368     -6.856      0.000 4
   4   -2     -8.354     -8.120      0.000 4
   5   -2     -8.335     -3.286      0.000 4
   6   -2     -8.307     -4.601      0.000 4
   7   -2     -8.267      1.224      0.000 4
   8   -2     -8.256      6.857      0.000 4
   9   -2     -8.251      0.558      0.000 4
  10   -2     -8.247     -8.225      0.000 4
  11   -2     -8.210     -7.905      0.000 4
  12   -2     -8.180      1.579      0.000 4
  13   -2     -8.152      4.437      0.000 4
  14   -2     -8.150      1.527      0.000 4
  15   -2     -8.136     -3.019      0.000 4
  16   -2     -8.121      6.497      0.000 4
  17   -2     -8.085      2.630      0.000 4
  19   -2     -8.046      1.365      0.000 4
  20   -2     -8.037     -7.373      0.000 4
  -1   -2     -8.012     -0.824      0.000 4
  21   -2     -8.009      2.249      0.000 4
  22   -2     -7.991     -6.215      0.000 4
  23   -2     -7.976      6.580      0.000 4
  24   -2     -7.937     -3.791      0.000 4
  25   -2     -7.933      5.678      0.000 4
  26   -2     -7.906     -6.943      0.000 4
  27   -2     -7.876     -0.939      0.000 4
  28   -2     -7.854      0.833      0.000 4
  29   -2     -7.854      2.335      0.000 4
  31   -2     -7.844     -0.166      0.000 4
  33   -2     -7.830      4.105      0.000 4
  34   -2     -7.807      7.192      0.000 4
  35   -2     -7.806      3.884      0.000 4
  32   -2     -7.790     -6.128      0.000 4
  36   -2     -7.777      5.006      0.000 4
  37   -2     -7.774     -4.807      0.000 4
  38   -2     -7.770      2.500      0.000 4
  39   -2     -7.746     -6.217      0.000 4
  41   -2     -7.739     -6.691      0.000 4
  40   -2     -7.736     -2.732      0.000 4
  42   -2     -7.730     -5.090      0.000 4
  43   -2     -7.729      7.153      0.000 4
  44   -2     -7.724      1.989      0.000 4
  45   -2     -7.723      5.251      0.000 4
  46   -2     -7.712     -4.596      0.000 4
  47   -2     -7.674     -0.671      0.000 4
  48   -2     -7.672      7.126      0.000 4
  49   -2     -7.652      6.659      0.000 4
  51   -2     -7.577     -6.856      0.000 4
  -1   -2     -7.526      0.434      0.000 4
  53   -2     -7.520      8.242      0.000 4
  54   -2     -7.496      0.013      0.000 4
  -1   -2     -7.493     -3.920      0.000 4
  55   -2     -7.486     -0.679      0.000 4
  56   -2     -7.484     -5.396      0.000 4
  57   -2     -7.458      8.000      0.000 4
  58   -2     -7.454     -1.087      0.000 4
  59   -2     -7.454      3.635      0.000 4
  60   -2     -7.366      3.694      0.000 4
  61   -2     -7.358     -1.418      0.000 4
  62   -2     -7.342     -6.159      0.000 4
  63   -2     -7.325      2.323      0.000 4
  -1   -2     -7.315     -8.435      0.000 4
  65   -2     -7.289      3.872      0.000 4
  64   -2     -7.288     -5.366      0.000 4
  67   -2     -7.284     -8.348      0.000 4
  66   -2     -7.284     -5.053      0.000 4
  68   -2     -7.279      5.408      0.000 4
  69   -2     -7.239     -7.935      0.000 4
  70   -2     -7.224      3.257      0.000 4
  71   -2     -7.217      6.151      0.000 4
  73   -2     -7.154     -7.706      0.000 4
  -1   -2     -7.151     -6.708      0.000 4
  74   -2     -7.147      7.661      0.000 4
  75   -2     -7.129      6.095      0.000 4
  76   -2     -7.126      4.754      0.000 4
  77   -2     -7.123      4.057      0.000 4
  78   -2     -7.106      7.301      0.000 4
  79   -2     -7.089      7.469      0.000 4
  80   -2     -7.087     -2.391      0.000 4
  81   -2     -7.065      4.999      0.000 4
  82   -2     -7.012     -5.380      0.000 4
  83   -2     -6.993     -6.736      0.000 4
  84   -2     -6.984      1.973      0.000 4
  85   -2     -6.979     -6.549      0.000 4
  86   -2     -6.972      0.034      0.000 4
  87   -2     -6.960     -6.589      0.000 4
  88   -2     -6.954      4.346      0.000 4
  89   -2     -6.937     -2.380      0.000 4
  90   -2     -6.928      5.124      0.000 4
  91   -2     -6.916      5.479      0.000 4
  92   -2     -6.887     -2.671      0.000 4
  93   -2     -6.886      5.424      0.000 4
  -1   -2     -6.885      3.382      0.000 4
  94   -2     -6.866      2.908      0.000 4
  95   -2     -6.863     -6.413      0.000 4
  96   -2     -6.845     -0.819      0.000 4
  -1   -2     -6.844     -1.719      0.000 4
  97   -2     -6.829     -7.449      0.000 4
  98   -2     -6.816      7.556      0.000 4
  -1   -2     -6.814     -8.210      0.000 4
  99   -2     -6.812     -1.198      0.000 4
 101   -2     -6.756      1.311      0.000 4
 102   -2     -6.755     -5.394      0.000 4
 103   -2     -6.735      2.423      0.000 4
 104   -2     -6.707      7.616      0.000 4
  -1   -2     -6.686      4.305      0.000 4
  -1   -2     -6.669     -0.232      0.000 4
  -1   -2     -6.669     -3.015      0.000 4
 106   -2     -6.647      1.673      0.000 4
 107   -2     -6.645      1.359      0.000 4
 108   -2     -6.612      3.557      0.000 4
 109   -2     -6.609      2.387      0.000 4
 110   -2     -6.574      5.783      0.000 4
 111   -2     -6.556      6.980      0.000 4
 112   -2     -6.540     -6.311      0.000 4
 113   -2     -6.530     -4.329      0.000 4
 114   -2     -6.501     -6.188      0.000 4
 115   -2     -6.483      7.619      0.000 4
 116   -2     -6.480      3.066      0.000 4
 117   -2     -6.435     -4.744      0.000 4
 118   -2     -6.395     -7.765      0.000 4
 119   -2     -6.383      0.139      0.000 4
 120   -2     -6.355      4.897      0.000 4
 121   -2     -6.305      8.138      0.000 4
 122   -2     -6.291     -0.491      0.000 4
 125   -2     -6.270      3.691      0.000 4
 124   -2     -6.269     -5.779      0.000 4
 127   -2     -6.237     -8.214      0.000 4
 126   -2     -6.230      0.099      0.000 4
 128   -2     -6.222      0.334      0.000 4
 129   -2     -6.189      0.986      0.000 4
 131   -2     -6.181     -1.636      0.000 4
 132   -2     -6.181      2.508      0.000 4
 133   -2     -6.146      3.385      0.000 4
 134   -2     -6.138      4.892      0.000 4
 135   -2     -6.134     -7.565      0.000 4
 136   -2     -6.133      2.741      0.000 4
 137   -2     -6.130     -4.563      0.000 4
 138   -2     -6.118     -5.209      0.000 4
 139   -2     -6.071      7.358      0.000 4
 140   -2     -6.069      1.246      0.000 4
 123   -2     -6.045      6.287      0.000 4
 144   -2     -6.025      3.722      0.000 4
 143   -2     -6.021     -4.642      0.000 4
 145   -2     -6.011     -1.074      0.000 4
 146   -2     -5.990      7.851      0.000 4
 147   -2     -5.954      2.494      0.000 4
 148   -2     -5.947      3.093      0.000 4
  -1   -2     -5.927     -4.605      0.000 4
 149   -2     -5.922     -7.604      0.000 4
 150   -2     -5.920      6.816      0.000 4
 151   -2     -5.885     -0.468      0.000 4
 152   -2     -5.880      4.873      0.000 4
  -1   -2     -5.852     -7.309      0.000 4
 154   -2     -5.840     -5.818      0.000 4
 155   -2     -5.837     -4.715      0.000 4
 156   -2     -5.817     -0.035      0.000 4
 157   -2     -5.803      4.715      0.000 4
 158   -2     -5.748     -1.633      0.000 4
 159   -2     -5.742     -5.749      0.000 4
 160   -2     -5.727     -1.855      0.000 4
  -1   -2     -5.711     -4.567      0.000 4
 163   -2     -5.668     -7.879      0.000 4
 161   -2     -5.662      7.415      0.000 4
 162   -2     -5.652      1.913      0.000 4
 164   -2     -5.624     -4.133      0.000 4
 165   -2     -5.623      5.755      0.000 4
 167   -2     -5.608      0.742      0.000 4
 168   -2     -5.570     -2.583      0.000 4
 169   -2     -5.559      7.243      0.000 4
 170   -2     -5.527      0.277      0.000 4
 172   -2     -5.525      6.048      0.000 4
 171   -2     -5.524     -0.893      0.000 4
 175   -2     -5.521     -6.514      0.000 4
 173   -2     -5.517      2.677      0.000 4
 176   -2     -5.507     -6.113      0.000 4
 174   -2     -5.507     -1.762      0.000 4
 177   -2     -5.447     -3.107      0.000 4
 178   -2     -5.437     -6.448      0.000 4
  -1   -2     -5.430      4.816      0.000 4
 180   -2     -5.419     -4.880      0.000 4
 181   -2     -5.399     -0.695      0.000 4
 182   -2     -5.398     -1.240      0.000 4
 183   -2     -5.398      5.244      0.000 4
 187   -2     -5.360     -8.180      0.000 4
 184   -2     -5.358     -7.373      0.000 4
 185   -2     -5.318      3.851      0.000 4
 186   -2     -5.312     -2.347      0.000 4
 189   -2     -5.283     -0.623      0.000 4
  -1   -2     -5.262     -4.532      0.000 4
 190   -2     -5.248      2.065      0.000 4
 191   -2     -5.247     -3.873      0.000 4
 192   -2     -5.083      0.129      0.000 4
 193   -2     -5.074     -6.627      0.000 4
 194   -2     -5.058     -3.874      0.000 4
 195   -2     -5.051     -4.708      0.000 4
 196   -2     -5.014     -0.111      0.000 4
 197   -2     -5.005     -0.030      0.000 4
 198   -2     -5.004      1.562      0.000 4
 199   -2     -4.986      0.517      0.000 4
 202   -2     -4.985     -8.134      0.000 4
 200   -2     -4.980     -5.008      0.000 4
 201   -2     -4.959      3.987      0.000 4
 203   -2     -4.927      3.776      0.000 4
 204   -2     -4.918      5.124      0.000 4
 206   -2     -4.912     -0.357      0.000 4
 205   -2     -4.911     -3.334      0.000 4
  -1   -2     -4.901     -4.307      0.000 4
 208   -2     -4.872      1.591      0.000 4
 209   -2     -4.861      8.375      0.000 4
 210   -2     -4.852      3.902      0.000 4
 213   -2     -4.830     -6.880      0.000 4
 211   -2     -4.820      0.647      0.000 4
 214   -2     -4.807      1.615      0.000 4
 215   -2     -4.806     -3.687      0.000 4
 212   -2     -4.805     -1.381      0.000 4
 216   -2     -4.768      0.043      0.000 4
 217   -2     -4.721      0.374      0.000 4
 218   -2     -4.688     -3.342      0.000 4
 220   -2     -4.661     -4.429      0.000 4
 221   -2     -4.660      4.598      0.000 4
 222   -2     -4.651      2.640      0.000 4
  -1   -2     -4.650     -1.563      0.000 4
 224   -2     -4.606      5.785      0.000 4
 225   -2     -4.546      2.528      0.000 4
 226   -2     -4.526     -4.417      0.000 4
 228   -2     -4.509      2.161      0.000 4
 227   -2     -4.503     -7.223      0.000 4
 230   -2     -4.471      0.560      0.000 4
 232   -2     -4.465     -6.949      0.000 4
 229   -2     -4.464     -2.587      0.000 4
 231   -2     -4.447     -5.347      0.000 4
 233   -2     -4.444     -5.224      0.000 4
 234   -2     -4.437     -6.531      0.000 4
 235   -2     -4.422     -1.321      0.000 4
 236   -2     -4.381     -6.330      0.000 4
 238   -2     -4.348      3.553      0.000 4
 239   -2     -4.342     -1.523      0.000 4
 237   -2     -4.341     -5.548      0.000 4
 240   -2     -4.268      0.989      0.000 4
 241   -2     -4.252      1.105      0.000 4
  -1   -2     -4.194      3.256      0.000 4
  -1   -2     -4.181      7.656      0.000 4
  -1   -2     -4.180     -1.834      0.000 4
 245   -2     -4.173      0.521      0.000 4
 248   -2     -4.155     -0.654      0.000 4
 247   -2     -4.151      3.277      0.000 4
  -1   -2     -4.109      2.627      0.000 4
 249   -2     -4.070     -1.572      0.000 4
 250   -2     -4.025      2.531      0.000 4
 252   -2     -4.022     -1.724      0.000 4
  -1   -2     -4.017     -4.946      0.000 4
 254   -2     -4.016     -7.795      0.000 4
 253   -2     -4.011      1.505      0.000 4
 251   -2     -3.999     -4.609      0.000 4
 256   -2     -3.994      5.694      0.000 4
 255   -2     -3.983     -4.393      0.000 4
 257   -2     -3.963      3.867      0.000 4
 259   -2     -3.945      2.001      0.000 4
 258   -2     -3.939     -8.309      0.000 4
 260   -2     -3.891      5.205      0.000 4
 261   -2     -3.872     -7.242      0.000 4
 262   -2     -3.853      2.920      0.000 4
 264   -2     -3.842      5.284      0.000 4
 266   -2     -3.831     -0.481      0.000 4
 265   -2     -3.803     -4.308      0.000 4
 267   -2     -3.741     -5.518      0.000 4
 268   -2     -3.728      7.438      0.000 4
 269   -2     -3.726      8.233      0.000 4
 272   -2     -3.676      8.372      0.000 4
  -1   -2     -3.616      4.702      0.000 4
 273   -2     -3.601      7.764      0.000 4
 274   -2     -3.566     -8.167      0.000 4
 276   -2     -3.547     -6.955      0.000 4
 275   -2     -3.532     -1.610      0.000 4
 277   -2     -3.520     -0.368      0.000 4
 278   -2     -3.510      6.063      0.000 4
 280   -2     -3.492      0.118      0.000 4
 279   -2     -3.479     -3.052      0.000 4
 281   -2     -3.441      0.578      0.000 4
  -1   -2     -3.432     -1.517      0.000 4
 282   -2     -3.426      2.997      0.000 4
 284   -2     -3.395      7.802      0.000 4
 283   -2     -3.391      6.355      0.000 4
 285   -2     -3.376     -3.479      0.000 4
 286   -2     -3.324      2.238      0.000 4
 287   -2     -3.279     -4.854      0.000 4
 289   -2     -3.274      5.441      0.000 4
 288   -2     -3.267     -4.581      0.000 4
 292   -2     -3.246     -6.848      0.000 4
  -1   -2     -3.238     -0.039      0.000 4
 291   -2     -3.236      6.133      0.000 4
 293   -2     -3.223      5.836      0.000 4
 294   -2     -3.196      1.970      0.000 4
 295   -2     -3.177     -1.431      0.000 4
 296   -2     -3.173     -0.370      0.000 4
 297   -2     -3.131     -0.551      0.000 4
 298   -2     -3.099      0.474      0.000 4
 299   -2     -3.074      0.389      0.000 4
  -1   -2     -3.063      3.804      0.000 4
 301   -2     -3.045      7.884      0.000 4
 302   -2     -2.962     -1.214      0.000 4
 303   -2     -2.957      3.047      0.000 4
 304   -2     -2.950     -1.534      0.000 4
 305   -2     -2.939      1.795      0.000 4
 306   -2     -2.936      1.100      0.000 4
 307   -2     -2.922     -8.103      0.000 4
 309   -2     -2.885     -0.980      0.000 4
 310   -2     -2.884     -7.368      0.000 4
 311   -2     -2.880      0.191      0.000 4
 308   -2     -2.867     -5.351      0.000 4
 313   -2     -2.859      0.613      0.000 4
 314   -2     -2.847      8.050      0.000 4
 315   -2     -2.840      5.492      0.000 4
  -1   -2     -2.826      2.977      0.000 4
 316   -2     -2.802     -4.358      0.000 4
 317   -2     -2.797      7.940      0.000 4
 318   -2     -2.773      7.849      0.000 4
 319   -2     -2.763      8.290      0.000 4
 322   -2     -2.757      5.479      0.000 4
 323   -2     -2.754      6.070      0.000 4
 321   -2     -2.722      4.067      0.000 4
 324   -2     -2.695     -7.310      0.000 4
 326   -2     -2.685     -5.868      0.000 4
 325   -2     -2.683      1.597      0.000 4
 327   -2     -2.673      6.631      0.000 4
 328   -2     -2.663      1.020      0.000 4
 329   -2     -2.651      6.904      0.000 4
 330   -2     -2.637      3.164      0.000 4
 331   -2     -2.625      6.156      0.000 4
 333   -2     -2.611     -6.775      0.000 4
 332   -2     -2.606     -1.661      0.000 4
 334   -2     -2.580     -5.772      0.000 4
 335   -2     -2.539      1.961      0.000 4
 336   -2     -2.498     -7.168      0.000 4
  -1   -2     -2.415     -3.767      0.000 4
 338   -2     -2.398      3.972      0.000 4
 339   -2     -2.386     -3.663      0.000 4
 341   -2     -2.275     -6.731      0.000 4
 342   -2     -2.221     -0.641      0.000 4
  -1   -2     -2.202     -4.546      0.000 4
 343   -2     -2.201      7.259      0.000 4
 344   -2     -2.190     -1.831      0.000 4
  -1   -2     -2.116      2.336      0.000 4
  -1   -2     -2.114      5.004      0.000 4
 346   -2     -2.076     -6.634      0.000 4
 348   -2     -2.023      6.159      0.000 4
  -1   -2     -2.005      4.770      0.000 4
  -1   -2     -1.999      8.297      0.000 4
 351   -2     -1.999     -2.330      0.000 4
 354   -2     -1.987      0.229      0.000 4
 350   -2     -1.984      5.346      0.000 4
 352   -2     -1.981     -6.167      0.000 4
 353   -2     -1.978     -0.264      0.000 4
 355   -2     -1.955      5.151      0.000 4
  -1   -2     -1.922      0.638      0.000 4
 356   -2     -1.914      3.634      0.000 4
  -1   -2     -1.913     -6.224      0.000 4
 359   -2     -1.869      1.288      0.000 4
 358   -2     -1.847     -2.478      0.000 4
 360   -2     -1.834      2.804      0.000 4
  -1   -2     -1.821     -3.532      0.000 4
 361   -2     -1.759      5.311      0.000 4
  -1   -2     -1.753      5.699      0.000 4
 362   -2     -1.736     -8.374      0.000 4
 363   -2     -1.712      4.938      0.000 4
  -1   -2     -1.683     -0.598      0.000 4
 364   -2     -1.681      1.792      0.000 4
 366   -2     -1.660     -7.367      0.000 4
 367   -2     -1.618     -5.550      0.000 4
  -1   -2     -1.606      4.621      0.000 4
 369   -2     -1.594      4.792      0.000 4
 370   -2     -1.531     -4.769      0.000 4
 372   -2     -1.464     -4.739      0.000 4
 373   -2     -1.452      1.094      0.000 4
 377   -2     -1.392      1.432      0.000 4
 374   -2     -1.390     -1.711      0.000 4
 375   -2     -1.363     -3.647      0.000 4
  -1   -2     -1.338      0.106      0.000 4
  -1   -2     -1.316     -1.605      0.000 4
 380   -2     -1.300     -7.348      0.000 4
 379   -2     -1.263     -4.370      0.000 4
 381   -2     -1.146     -3.262      0.000 4
 382   -2     -1.107     -3.663      0.000 4
 385   -2     -1.014      4.074      0.000 4
 383   -2     -1.009      0.532      0.000 4
 386   -2     -1.005     -6.564      0.000 4
 384   -2     -0.976     -1.924      0.000 4
 387   -2     -0.927     -3.779      0.000 4
 389   -2     -0.728      0.750      0.000 4
 390   -2     -0.708     -3.790      0.000 4
  -1   -2     -0.703     -2.393      0.000 4
 392   -2     -0.663     -7.559      0.000 4
 391   -2     -0.644      4.498      0.000 4
  -1   -2     -0.601     -1.209      0.000 4
 394   -2     -0.536     -3.826      0.000 4
  -1   -2     -0.464     -6.883      0.000 4
 395   -2     -0.456     -0.148      0.000 4
 396   -2     -0.417      2.568      0.000 4
 398   -2     -0.288      3.854      0.000 4
 399   -2     -0.174     -2.763      0.000 4
 400   -2     -0.126     -0.363      0.000 4
 403   -2     -0.095     -6.943      0.000 4
 402   -2     -0.087     -4.950      0.000 4
 401   -2     -0.062     -1.743      0.000 4
 404   -2     -0.028     -3.051      0.000 4
 405   -2     -0.008      1.491      0.000 4
  -1   -2      0.078      7.904      0.000 4
  -1   -2      0.149     -1.241      0.000 4
  -1   -2      0.167     -4.485      0.000 4
  -1   -2      0.332     -5.930      0.000 4
 409   -2      0.350     -8.257      0.000 4
 410   -2      0.434     -2.612      0.000 4
 411   -2      0.434     -1.500      0.000 4
  -1   -2      0.491      8.342      0.000 4
 412   -2      0.552      3.329      0.000 4
 413   -2      0.600      3.721      0.000 4
  -1   -2      0.662      6.397      0.000 4
 414   -2      0.674     -7.113      0.000 4
 419   -2      0.807     -4.458      0.000 4
 418   -2      0.813      6.562      0.000 4
 420   -2      0.861      3.737      0.000 4
  -1   -2      0.864      5.651      0.000 4
 421   -2      0.909      4.038      0.000 4
 422   -2      0.969     -6.724      0.000 4
  -1   -2      0.972      0.728      0.000 4
 426   -2      1.004      6.365      0.000 4
 424   -2      1.012      7.192      0.000 4
  -1   -2      1.113     -4.140      0.000 4
  -1   -2      1.129     -4.347      0.000 4
 428   -2      1.145     -2.757      0.000 4
 429   -2      1.160      3.128      0.000 4
  -1   -2      1.185     -1.118      0.000 4
  -1   -2      1.230      6.918      0.000 4
  -1   -2      1.254      4.603      0.000 4
 432   -2      1.256      6.744      0.000 4
 433   -2      1.275      1.086      0.000 4
 430   -2      1.283     -3.409      0.000 4
 434   -2      1.309      4.842      0.000 4
  -1   -2      1.328      6.354      0.000 4
  -1   -2      1.331     -3.232      0.000 4
  -1   -2      1.348      1.939      0.000 4
 438   -2      1.377      3.356      0.000 4
 441   -2      1.391     -1.404      0.000 4
 444   -2      1.398     -8.058      0.000 4
 442   -2      1.406     -6.103      0.000 4
 439   -2      1.410     -4.154      0.000 4
 440   -2      1.427      1.902      0.000 4
 445   -2      1.428      2.445      0.000 4
 443   -2      1.428     -2.966      0.000 4
 446   -2      1.507      1.664      0.000 4
 447   -2      1.536     -8.035      0.000 4
 449   -2      1.540      2.361      0.000 4
 448   -2      1.558     -7.176      0.000 4
 451   -2      1.605     -8.239      0.000 4
 450   -2      1.612     -6.101      0.000 4
 452   -2      1.616     -0.382      0.000 4
 453   -2      1.625      2.035      0.000 4
  -1   -2      1.646      2.781      0.000 4
 455   -2      1.696      1.978      0.000 4
 454   -2      1.712     -0.890      0.000 4
 457   -2      1.715     -1.220      0.000 4
 458   -2      1.729     -7.809      0.000 4
 459   -2      1.740     -7.299      0.000 4
 462   -2      1.790     -6.299      0.000 4
 461   -2      1.800     -5.624      0.000 4
  -1   -2      1.813      4.409      0.000 4
 464   -2      1.824     -2.194      0.000 4
 463   -2      1.831      7.879      0.000 4
 466   -2      1.841      1.490      0.000 4
 465   -2      1.853     -2.523      0.000 4
 467   -2      1.891     -5.205      0.000 4
 468   -2      1.907      0.243      0.000 4
  -1   -2      1.925     -5.848      0.000 4
 469   -2      1.927      3.395      0.000 4
 470   -2      1.945     -0.923      0.000 4
  -1   -2      1.960     -7.653      0.000 4
 472   -2      1.987     -6.315      0.000 4
 471   -2      1.995     -4.280      0.000 4
 473   -2      2.007     -7.636      0.000 4
  -1   -2      2.029     -0.107      0.000 4
 474   -2      2.040      1.414      0.000 4
  -1   -2      2.042      5.077      0.000 4
  -1   -2      2.042     -3.509      0.000 4
 475   -2      2.075      6.998      0.000 4
 478   -2      2.096     -7.319      0.000 4
 476   -2      2.106      3.103      0.000 4
 477   -2      2.111     -1.643      0.000 4
 479   -2      2.139     -3.620      0.000 4
 480   -2      2.178      5.916      0.000 4
 481   -2      2.192      4.908      0.000 4
 484   -2      2.227      1.534      0.000 4
 482   -2      2.227     -0.626      0.000 4
  -1   -2      2.232      0.876      0.000 4
  -1   -2      2.243      4.004      0.000 4
 485   -2      2.260      7.619      0.000 4
 483   -2      2.263     -7.653      0.000 4
 488   -2      2.281      5.343      0.000 4
 486   -2      2.281     -0.233      0.000 4
 487   -2      2.282      8.195      0.000 4
 489   -2      2.302     -5.802      0.000 4
  -1   -2      2.315     -0.694      0.000 4
  -1   -2      2.341      5.827      0.000 4
 496   -2      2.373      2.151      0.000 4
 491   -2      2.380     -0.157      0.000 4
 490   -2      2.387      4.716      0.000 4
 492   -2      2.391     -6.215      0.000 4
  -1   -2      2.394      7.536      0.000 4
 501   -2      2.483     -7.606      0.000 4
 500   -2      2.487      0.329      0.000 4
 498   -2      2.494     -4.427      0.000 4
 502   -2      2.538     -4.485      0.000 4
 503   -2      2.572     -4.045      0.000 4
 504   -2      2.576      3.335      0.000 4
 507   -2      2.621     -3.924      0.000 4
 508   -2      2.634     -6.085      0.000 4
 506   -2      2.642     -0.205      0.000 4
 509   -2      2.650      0.255      0.000 4
 510   -2      2.655     -6.654      0.000 4
 511   -2      2.697      2.118      0.000 4
  -1   -2      2.721      1.131      0.000 4
 512   -2      2.751      4.663      0.000 4
 513   -2      2.796     -4.644      0.000 4
 514   -2      2.798     -5.223      0.000 4
 516   -2      2.846     -1.905      0.000 4
 517   -2      2.892     -1.104      0.000 4
 519   -2      2.895      1.941      0.000 4
 518   -2      2.899      3.877      0.000 4
 520   -2      2.905     -3.362      0.000 4
 521   -2      2.927      5.787      0.000 4
  -1   -2      2.933      5.454      0.000 4
  -1   -2      2.945     -7.704      0.000 4
 522   -2      3.012     -2.969      0.000 4
 523   -2      3.040     -1.622      0.000 4
 524   -2      3.076      2.705      0.000 4
 527   -2      3.079      1.917      0.000 4
 525   -2      3.095     -4.569      0.000 4
 528   -2      3.123     -0.821      0.000 4
 530   -2      3.130      6.004      0.000 4
 529   -2      3.131      6.066      0.000 4
 533   -2      3.140      3.015      0.000 4
 531   -2      3.142     -5.318      0.000 4
 537   -2      3.167     -1.057      0.000 4
 534   -2      3.172      0.861      0.000 4
 535   -2      3.180      8.281      0.000 4
 538   -2      3.202      0.762      0.000 4
 536   -2      3.209     -4.744      0.000 4
 539   -2      3.249     -6.005      0.000 4
 540   -2      3.264     -6.691      0.000 4
 543   -2      3.277     -2.481      0.000 4
 541   -2      3.285     -4.702      0.000 4
 542   -2      3.285     -2.900      0.000 4
 544   -2      3.316     -7.619      0.000 4
  -1   -2      3.329     -5.934      0.000 4
 545   -2      3.365     -5.316      0.000 4
 546   -2      3.373      6.655      0.000 4
 549   -2      3.393      5.222      0.000 4
 548   -2      3.396      1.272      0.000 4
 550   -2      3.403      2.653      0.000 4
 551   -2      3.416     -5.820      0.000 4
 552   -2      3.438      5.818      0.000 4
 554   -2      3.459     -0.535      0.000 4
 555   -2      3.459     -6.584      0.000 4
 557   -2      3.526     -0.862      0.000 4
 556   -2      3.528      5.018      0.000 4
 558   -2      3.535     -2.038      0.000 4
 561   -2      3.541     -1.157      0.000 4
 559   -2      3.554     -0.045      0.000 4
 562   -2      3.561     -2.630      0.000 4
 560   -2      3.567      0.984      0.000 4
 563   -2      3.568      4.054      0.000 4
 565   -2      3.580      3.196      0.000 4
 564   -2      3.601     -3.680      0.000 4
  -1   -2      3.628     -5.408      0.000 4
 547   -2      3.640     -4.062      0.000 4
 567   -2      3.643      7.903      0.000 4
 568   -2      3.661     -5.790      0.000 4
 570   -2      3.678     -2.949      0.000 4
 569   -2      3.680     -0.620      0.000 4
 571   -2      3.695      0.877      0.000 4
 573   -2      3.700     -1.403      0.000 4
 572   -2      3.715     -3.089      0.000 4
 574   -2      3.727      7.705      0.000 4
 577   -2      3.751      4.934      0.000 4
 578   -2      3.755     -7.685      0.000 4
 575   -2      3.765     -4.251      0.000 4
 579   -2      3.771      5.242      0.000 4
 580   -2      3.776      1.724      0.000 4
 581   -2      3.806     -1.943      0.000 4
 582   -2      3.832      3.011      0.000 4
  -1   -2      3.870     -8.007      0.000 4
  -1   -2      3.873      4.123      0.000 4
 583   -2      3.881     -0.216      0.000 4
 584   -2      3.886      3.143      0.000 4
 585   -2      3.894     -7.908      0.000 4
  -1   -2      3.901     -5.717      0.000 4
  -1   -2      3.925     -8.249      0.000 4
 586   -2      3.933     -0.843      0.000 4
 587   -2      3.950     -1.179      0.000 4
 588   -2      3.972      4.916      0.000 4
 589   -2      3.984      8.109      0.000 4
 590   -2      4.043     -1.161      0.000 4
 591   -2      4.068      0.113      0.000 4
 592   -2      4.073     -7.270      0.000 4
 594   -2      4.095     -6.061      0.000 4
 593   -2      4.104      0.553      0.000 4
 595   -2      4.121     -4.633      0.000 4
 596   -2      4.128     -6.003      0.000 4
  -1   -2      4.134     -2.281      0.000 4
 597   -2      4.153     -4.304      0.000 4
 598   -2      4.173      2.169      0.000 4
 599   -2      4.174     -6.819      0.000 4
 600   -2      4.182      4.731      0.000 4
 601   -2      4.186     -2.037      0.000 4
 602   -2      4.207     -7.926      0.000 4
 603   -2      4.225     -1.830      0.000 4
 605   -2      4.263     -4.121      0.000 4
 604   -2      4.265     -4.371      0.000 4
 606   -2      4.289      8.344      0.000 4
 607   -2      4.305     -1.635      0.000 4
 608   -2      4.324     -4.512      0.000 4
 609   -2      4.347      2.201      0.000 4
 610   -2      4.366      4.657      0.000 4
 612   -2      4.396      7.805      0.000 4
  -1   -2      4.406     -4.957      0.000 4
  -1   -2      4.409     -7.040      0.000 4
 613   -2      4.429      4.825      0.000 4
 614   -2      4.434     -1.030      0.000 4
 615   -2      4.435      3.034      0.000 4
 617   -2      4.447      8.024      0.000 4
 619   -2      4.466      6.364      0.000 4
 618   -2      4.466      0.062      0.000 4
 620   -2      4.483     -7.140      0.000 4
 636   -2      4.500     -4.189      0.000 4
 621   -2      4.502     -4.701      0.000 4
 622   -2      4.511     -2.751      0.000 4
  -1   -2      4.525      8.018      0.000 4
 623   -2      4.534      1.868      0.000 4
  -1   -2      4.536      6.413      0.000 4
 624   -2      4.546      3.348      0.000 4
 625   -2      4.555     -1.464      0.000 4
 626   -2      4.569      2.682      0.000 4
 627   -2      4.583      0.078      0.000 4
 629   -2      4.613      2.880      0.000 4
 628   -2      4.614      0.622      0.000 4
 630   -2      4.628      2.640      0.000 4
 631   -2      4.656     -5.201      0.000 4
 632   -2      4.684     -3.372      0.000 4
 633   -2      4.710      0.540      0.000 4
 634   -2      4.718      3.086      0.000 4
 635   -2      4.745      8.334      0.000 4
  -1   -2      4.769     -8.030      0.000 4
 638   -2      4.803     -3.632      0.000 4
 639   -2      4.834     -7.696      0.000 4
 641   -2      4.870     -5.230      0.000 4
 640   -2      4.872      5.121      0.000 4
 642   -2      4.877      1.096      0.000 4
 643   -2      4.889      5.248      0.000 4
 645   -2      4.894      1.538      0.000 4
 644   -2      4.894      3.625      0.000 4
 647   -2      4.914     -6.532      0.000 4
  -1   -2      4.915      0.325      0.000 4
 648   -2      4.962     -4.929      0.000 4
  -1   -2      4.996     -2.897      0.000 4
  -1   -2      5.015      8.122      0.000 4
 654   -2      5.017      8.080      0.000 4
 652   -2      5.028     -5.778      0.000 4
  -1   -2      5.050     -3.986      0.000 4
 656   -2      5.055      2.027      0.000 4
 657   -2      5.061      7.211      0.000 4
 658   -2      5.066      6.930      0.000 4
 659   -2      5.162     -5.814      0.000 4
  -1   -2      5.165     -6.325      0.000 4
 660   -2      5.173      6.439      0.000 4
 661   -2      5.177      6.843      0.000 4
 662   -2      5.178     -3.013      0.000 4
 663   -2      5.214      1.602      0.000 4
 664   -2      5.250      7.079      0.000 4
 666   -2      5.270     -6.964      0.000 4
 665   -2      5.277      2.425      0.000 4
 669   -2      5.291     -7.652      0.000 4
  -1   -2      5.307     -4.466      0.000 4
 670   -2      5.320     -7.760      0.000 4
 671   -2      5.338      5.821      0.000 4
 672   -2      5.339     -2.873      0.000 4
 675   -2      5.413     -6.633      0.000 4
 674   -2      5.419      2.012      0.000 4
 676   -2      5.436      6.055      0.000 4
 677   -2      5.443      1.407      0.000 4
  -1   -2      5.449     -5.132      0.000 4
 679   -2      5.461     -7.893      0.000 4
 680   -2      5.508      2.071      0.000 4
 681   -2      5.517      4.502      0.000 4
 682   -2      5.586     -8.241      0.000 4
 683   -2      5.600      6.985      0.000 4
 684   -2      5.614      3.949      0.000 4
 685   -2      5.623     -5.816      0.000 4
 686   -2      5.631     -0.634      0.000 4
 687   -2      5.650     -3.143      0.000 4
 688   -2      5.659     -5.462      0.000 4
 689   -2      5.706      4.616      0.000 4
 690   -2      5.737     -2.431      0.000 4
 691   -2      5.778     -0.980      0.000 4
 692   -2      5.791      1.784      0.000 4
 693   -2      5.830     -6.345      0.000 4
 694   -2      5.833     -6.451      0.000 4
 695   -2      5.843     -7.970      0.000 4
 698   -2      5.848     -7.312      0.000 4
 696   -2      5.856      2.008      0.000 4
 697   -2      5.856      5.081      0.000 4
 699   -2      5.859     -8.398      0.000 4
 700   -2      5.866     -0.742      0.000 4
 701   -2      5.928     -4.128      0.000 4
 702   -2      5.937     -5.282      0.000 4
 703   -2      5.947      2.752      0.000 4
 704   -2      5.954     -6.137      0.000 4
 705   -2      5.980     -4.319      0.000 4
  -1   -2      5.990      0.240      0.000 4
 706   -2      5.992     -1.708      0.000 4
 707   -2      6.005      4.661      0.000 4
 709   -2      6.005     -3.027      0.000 4
 710   -2      6.029     -0.461      0.000 4
 711   -2      6.115      1.725      0.000 4
  -1   -2      6.121     -4.323      0.000 4
 712   -2      6.121     -6.599      0.000 4
 713   -2      6.155      3.882      0.000 4
 714   -2      6.162     -4.205      0.000 4
 715   -2      6.175      3.216      0.000 4
 716   -2      6.181      0.312      0.000 4
 717   -2      6.199     -6.459      0.000 4
 718   -2      6.246      7.282      0.000 4
 719   -2      6.251     -2.117      0.000 4
 721   -2      6.253     -6.504      0.000 4
 720   -2      6.263     -2.910      0.000 4
 722   -2      6.317      1.983      0.000 4
 723   -2      6.336      2.390      0.000 4
 725   -2      6.358     -4.252      0.000 4
 726   -2      6.374      7.029      0.000 4
 727   -2      6.415     -4.867      0.000 4
 728   -2      6.446     -5.936      0.000 4
 729   -2      6.465     -5.308      0.000 4
 731   -2      6.480      5.516      0.000 4
  -1   -2      6.498      6.911      0.000 4
 733   -2      6.519      4.687      0.000 4
 732   -2      6.519     -1.295      0.000 4
 734   -2      6.535     -6.029      0.000 4
 735   -2      6.556      2.152      0.000 4
 736   -2      6.593      2.896      0.000 4
 737   -2      6.593     -5.115      0.000 4
 738   -2      6.610     -5.306      0.000 4
 739   -2      6.623     -6.189      0.000 4
 740   -2      6.648      5.661      0.000 4
 741   -2      6.650     -5.482      0.000 4
 742   -2      6.691      6.598      0.000 4
 744   -2      6.702      3.209      0.000 4
 745   -2      6.705     -1.865      0.000 4
  -1   -2      6.707      2.092      0.000 4
 746   -2      6.721     -6.024      0.000 4
 747   -2      6.731      3.325      0.000 4
 748   -2      6.742      2.082      0.000 4
 750   -2      6.762     -0.550      0.000 4
 751   -2      6.779     -0.750      0.000 4
 753   -2      6.822     -7.932      0.000 4
 752   -2      6.862     -4.904      0.000 4
 754   -2      6.863      3.643      0.000 4
 755   -2      6.884     -0.891      0.000 4
 756   -2      6.896     -0.064      0.000 4
 758   -2      6.913     -0.666      0.000 4
 757   -2      6.914      6.196      0.000 4
 759   -2      6.943      0.456      0.000 4
 760   -2      6.961     -6.566      0.000 4
 761   -2      6.974     -5.765      0.000 4
 762   -2      6.977     -8.414      0.000 4
 763   -2      6.986      3.441      0.000 4
 764   -2      6.989      2.272      0.000 4
 766   -2      7.012     -5.966      0.000 4
 765   -2      7.014      2.070      0.000 4
 767   -2      7.021     -4.009      0.000 4
 768   -2      7.041     -8.330      0.000 4
  -1   -2      7.056     -0.172      0.000 4
 769   -2      7.105     -6.132      0.000 4
 770   -2      7.121      7.559      0.000 4
 771   -2      7.139      6.538      0.000 4
 772   -2      7.174      0.218      0.000 4
 773   -2      7.174     -3.946      0.000 4
 774   -2      7.225     -4.375      0.000 4
  -1   -2      7.231      5.008      0.000 4
  -1   -2      7.231      1.817      0.000 4
 775   -2      7.232      4.392      0.000 4
  -1   -2      7.248     -7.975      0.000 4
 776   -2      7.257      6.757      0.000 4
  -1   -2      7.280      4.333      0.000 4
 777   -2      7.284      5.645      0.000 4
 778   -2      7.292     -0.128      0.000 4
 779   -2      7.340      3.566      0.000 4
 781   -2      7.349      1.436      0.000 4
 783   -2      7.392      2.088      0.000 4
 784   -2      7.413     -5.719      0.000 4
 785   -2      7.462      4.799      0.000 4
  -1   -2      7.463     -0.174      0.000 4
 786   -2      7.472      5.292      0.000 4
 787   -2      7.480      4.444      0.000 4
 788   -2      7.497     -2.880      0.000 4
 789   -2      7.522     -8.287      0.000 4
 790   -2      7.525     -1.525      0.000 4
 791   -2      7.545      1.278      0.000 4
 792   -2      7.579      4.772      0.000 4
 793   -2      7.589      1.770      0.000 4
 794   -2      7.607      2.297      0.000 4
 795   -2      7.681      7.752      0.000 4
 796   -2      7.685     -7.851      0.000 4
 797   -2      7.687     -8.103      0.000 4
 798   -2      7.744      8.268      0.000 4
  -1   -2      7.757      0.148      0.000 4
  -1   -2      7.766     -7.040      0.000 4
 799   -2      7.774      1.649      0.000 4
 800   -2      7.803     -0.835      0.000 4
 801   -2      7.816      6.744      0.000 4
  -1   -2      7.864     -1.925      0.000 4
 802   -2      7.867     -4.980      0.000 4
 803   -2      7.876     -2.976      0.000 4
 804   -2      7.892     -2.089      0.000 4
 805   -2      7.960     -6.753      0.000 4
 806   -2      7.965     -6.830      0.000 4
 808   -2      7.971      7.164      0.000 4
 807   -2      7.972     -0.416      0.000 4
 809   -2      7.985     -1.175      0.000 4
 810   -2      7.985     -5.609      0.000 4
 811   -2      8.000      1.044      0.000 4
 812   -2      8.005     -7.564      0.000 4
  -1   -2      8.035     -0.609      0.000 4
 813   -2      8.051      4.400      0.000 4
 814   -2      8.068      3.176      0.000 4
 816   -2      8.088     -4.747      0.000 4
 817   -2      8.106     -0.217      0.000 4
 818   -2      8.108     -4.509      0.000 4
 819   -2      8.156      2.520      0.000 4
 821   -2      8.158      4.628      0.000 4
 822   -2      8.176     -6.286      0.000 4
 823   -2      8.191      4.816      0.000 4
  -1   -2      8.206     -6.473      0.000 4
 824   -2      8.222     -6.006      0.000 4
 825   -2      8.229     -3.378      0.000 4
 826   -2      8.234      7.276      0.000 4
 827   -2      8.268     -1.875      0.000 4
 828   -2      8.267     -7.308      0.000 4
 829   -2      8.298      5.281      0.000 4
 830   -2      8.303     -4.372      0.000 4
 832   -2      8.320      1.357      0.000 4
 831   -2      8.320      7.047      0.000 4
 833   -2      8.340      7.599      0.000 4
 834   -2      8.345      8.202      0.000 4
 835   -2      8.363     -8.187      0.000 4
 836   -2      8.371     -0.145      0.000 4
 837   -2      8.373      0.689      0.000 4
 838   -2      8.383     -4.612      0.000 4
 839   -2      8.401      1.110      0.000 4
  -1   -2      8.406     -2.453      0.000 4
