857
   0    0     -8.395      7.540      0.000 4
   1    1     -8.380     -6.890      0.000 4
   2    2     -8.359     -3.311      0.000 4
   3   -2     -8.351     -8.156      0.000 4
   4    3     -8.330     -4.632      0.000 4
   5    4     -8.284      0.544      0.000 4
   7    5     -8.269      6.851      0.000 4
   8    6     -8.243     -8.254      0.000 4
   9    7     -8.227      4.229      0.000 4
  10    8     -8.210     -7.937      0.000 4
  11    9     -8.191      1.551      0.000 4
  13   10     -8.166      4.423      0.000 4
  12   11     -8.166     -3.043      0.000 4
  14   12     -8.137      6.498      0.000 4
  15   13     -8.106     -2.508      0.000 4
  16   14     -8.104      2.622      0.000 4
  17   15     -8.065      1.351      0.000 4
  18   16     -8.037     -7.405      0.000 4
  19   17     -8.031      2.239      0.000 4
  20   18     -8.005     -6.254      0.000 4
  21   19     -7.991      6.570      0.000 4
  22   20     -7.970     -3.821      0.000 4
  23   21     -7.942      5.667      0.000 4
  24   22     -7.910     -0.955      0.000 4
  25   23     -7.885      0.822      0.000 4
  26   25     -7.879      2.322      0.000 4
  27   24     -7.879     -0.178      0.000 4
  28   26     -7.860     -6.117      0.000 4
  29   27     -7.845      4.092      0.000 4
  -1   28     -7.822      7.183      0.000 4
  30   29     -7.822      3.870      0.000 4
  32   31     -7.803     -4.844      0.000 4
  31   30     -7.802     -6.166      0.000 4
  33   32     -7.795      4.994      0.000 4
  34   33     -7.789      2.492      0.000 4
  35   34     -7.769     -2.754      0.000 4
  36   35     -7.762     -6.256      0.000 4
  37   36     -7.757     -5.141      0.000 4
  38   38     -7.748     -6.732      0.000 4
  39   39     -7.747      1.977      0.000 4
  40   41     -7.742     -4.631      0.000 4
  41   40     -7.741      7.143      0.000 4
  42   42     -7.740      5.237      0.000 4
  43   43     -7.711     -0.684      0.000 4
  45   44     -7.681      6.659      0.000 4
  46   45     -7.584     -6.898      0.000 4
  49   46     -7.533      8.231      0.000 4
  48   47     -7.533      0.001      0.000 4
  50   48     -7.524     -0.692      0.000 4
  51   49     -7.512     -5.440      0.000 4
  52   50     -7.494     -1.102      0.000 4
  53   51     -7.471      7.995      0.000 4
  54   52     -7.471      3.621      0.000 4
  -1   -2     -7.458      3.835      0.000 4
  55   53     -7.411      3.857      0.000 4
  57   54     -7.395     -1.437      0.000 4
  58   55     -7.380      3.682      0.000 4
  59   56     -7.359     -6.203      0.000 4
  60   57     -7.345      2.316      0.000 4
  62   58     -7.316     -5.406      0.000 4
  61   59     -7.315     -5.094      0.000 4
  63   60     -7.306      3.857      0.000 4
  64   61     -7.298      5.397      0.000 4
  66   62     -7.258     -8.387      0.000 4
  68   63     -7.243      3.243      0.000 4
  67   64     -7.242      6.142      0.000 4
  69   65     -7.218     -7.969      0.000 4
  -1   66     -7.196     -7.547      0.000 4
  70   67     -7.169      7.651      0.000 4
  71   68     -7.159     -8.126      0.000 4
  72   -2     -7.155     -6.756      0.000 4
  73   69     -7.153      6.087      0.000 4
  74   71     -7.145      4.739      0.000 4
  76   70     -7.143     -7.754      0.000 4
  75   72     -7.140      4.042      0.000 4
  77   73     -7.127      7.295      0.000 4
  78   74     -7.124     -2.416      0.000 4
  -1   -2     -7.115     -7.128      0.000 4
  79   75     -7.104      7.456      0.000 4
  80   76     -7.088      4.988      0.000 4
  81   77     -7.040     -5.429      0.000 4
  82   79     -7.014      1.961      0.000 4
  83   78     -7.012      0.024      0.000 4
  84   80     -6.997     -6.787      0.000 4
  85   84     -6.986      4.431      0.000 4
  86   81     -6.983     -6.601      0.000 4
  -1   82     -6.971     -6.645      0.000 4
  88   -2     -6.970      4.336      0.000 4
  87   83     -6.969     -2.407      0.000 4
  89   99     -6.952     -0.387      0.000 4
  90   85     -6.948      5.113      0.000 4
  91   -2     -6.922     -2.700      0.000 4
  92   86     -6.912      5.415      0.000 4
  94   87     -6.892     -0.833      0.000 4
  95   88     -6.888      2.894      0.000 4
  -1   -2     -6.882     -7.029      0.000 4
  96   89     -6.872     -6.467      0.000 4
  97   90     -6.858     -1.215      0.000 4
  98   91     -6.836      7.551      0.000 4
  99   92     -6.820     -7.515      0.000 4
 100   93     -6.788      1.304      0.000 4
 101   94     -6.784     -5.447      0.000 4
 102   95     -6.756      2.410      0.000 4
 103   96     -6.732      7.615      0.000 4
 104   98     -6.719     -0.885      0.000 4
 105   97     -6.718      3.563      0.000 4
 106   -2     -6.707      4.291      0.000 4
 107  100     -6.698     -3.044      0.000 4
 108  101     -6.678      1.665      0.000 4
 109  102     -6.676      1.350      0.000 4
 110  103     -6.630      3.542      0.000 4
 111  104     -6.626      2.374      0.000 4
 112  105     -6.597      5.773      0.000 4
 113  106     -6.580      6.974      0.000 4
 114  107     -6.576     -4.361      0.000 4
 115  108     -6.549     -6.371      0.000 4
 117  109     -6.510     -6.251      0.000 4
 118  110     -6.503      7.616      0.000 4
 119  111     -6.499      3.057      0.000 4
 120  112     -6.477     -4.781      0.000 4
 121  113     -6.420      0.140      0.000 4
 122  114     -6.381     -3.568      0.000 4
  -1   -2     -6.367     -6.629      0.000 4
 124  115     -6.359      4.875      0.000 4
 125  116     -6.351     -7.882      0.000 4
 127  118     -6.328      8.135      0.000 4
 126  117     -6.328     -0.497      0.000 4
 128  119     -6.285     -5.848      0.000 4
 129  120     -6.279      0.096      0.000 4
  -1  121     -6.273     -5.013      0.000 4
 130  122     -6.264      0.332      0.000 4
 132  123     -6.241     -1.665      0.000 4
 133  124     -6.226      0.984      0.000 4
 134  125     -6.198      2.495      0.000 4
 136  126     -6.169      4.876      0.000 4
 138  127     -6.161      3.366      0.000 4
 137  128     -6.161     -5.268      0.000 4
 139  129     -6.151      2.732      0.000 4
 140  130     -6.139     -7.661      0.000 4
 142  131     -6.100      7.351      0.000 4
 143  132     -6.099      1.236      0.000 4
  -1   -2     -6.086     -5.061      0.000 4
 146  134     -6.072      6.277      0.000 4
 147  136     -6.043      3.701      0.000 4
 148  138     -6.011      7.847      0.000 4
 149  137     -6.010     -7.747      0.000 4
 150   -2     -5.998     -7.340      0.000 4
 145  155     -5.967     -4.647      0.000 4
 152  140     -5.959      3.078      0.000 4
 153  141     -5.951      6.807      0.000 4
 154  142     -5.949     -0.466      0.000 4
 155  143     -5.940     -6.356      0.000 4
 156  144     -5.915     -7.361      0.000 4
 157  145     -5.906      4.857      0.000 4
 158  146     -5.886     -5.897      0.000 4
 159  148     -5.866     -0.034      0.000 4
 160  149     -5.855     -7.371      0.000 4
 161  151     -5.835     -1.664      0.000 4
 162  150     -5.830      4.698      0.000 4
 163  152     -5.821      0.609      0.000 4
 164  153     -5.814     -1.908      0.000 4
 165  154     -5.789     -7.892      0.000 4
 166  156     -5.760     -5.863      0.000 4
 167  157     -5.709     -4.135      0.000 4
 168  158     -5.696      7.403      0.000 4
 169  159     -5.678      1.908      0.000 4
 170  160     -5.660      5.746      0.000 4
 171  161     -5.640      0.738      0.000 4
 172  162     -5.605     -0.891      0.000 4
 173  164     -5.593     -1.781      0.000 4
 174  163     -5.592      7.238      0.000 4
 175  165     -5.577     -2.471      0.000 4
 176  166     -5.563      0.278      0.000 4
 177  167     -5.560      6.033      0.000 4
 178  168     -5.527      2.667      0.000 4
 179  169     -5.517     -3.113      0.000 4
 180  170     -5.516     -4.960      0.000 4
  -1   -2     -5.479      5.259      0.000 4
 181  171     -5.477     -0.685      0.000 4
 182  173     -5.463      4.799      0.000 4
 184  174     -5.438      5.225      0.000 4
 185  175     -5.423     -1.363      0.000 4
  -1  176     -5.408     -6.216      0.000 4
 186  178     -5.381     -8.180      0.000 4
  -1   -2     -5.376     -4.602      0.000 4
 188  177     -5.361     -6.018      0.000 4
  -1   -2     -5.357     -4.518      0.000 4
 187  179     -5.343     -0.607      0.000 4
 189  180     -5.328      3.811      0.000 4
 190  181     -5.315     -3.053      0.000 4
  -1   -2     -5.277     -4.294      0.000 4
 191  183     -5.272      2.064      0.000 4
 194  184     -5.246     -3.788      0.000 4
 195  185     -5.203     -1.621      0.000 4
 196  186     -5.187     -4.686      0.000 4
 197  187     -5.136     -6.679      0.000 4
 199  188     -5.107     -3.904      0.000 4
 198  189     -5.104     -4.797      0.000 4
 200  190     -5.095     -5.163      0.000 4
 201   -2     -5.083     -0.083      0.000 4
  -1  191     -5.063     -1.694      0.000 4
 202  192     -5.059      7.284      0.000 4
 203  193     -5.038     -0.016      0.000 4
 204  194     -5.036      1.560      0.000 4
 206   -2     -5.034     -7.810      0.000 4
 205  196     -5.021      0.529      0.000 4
 207  195     -5.016     -7.900      0.000 4
 208  199     -4.981      5.115      0.000 4
 209  200     -4.975     -3.405      0.000 4
  -1  198     -4.960     -8.318      0.000 4
 212  201     -4.960      3.930      0.000 4
 211  202     -4.958     -0.328      0.000 4
 210   -2     -4.952     -4.338      0.000 4
 213  203     -4.945      3.737      0.000 4
 215  204     -4.908      8.384      0.000 4
  -1  205     -4.900      0.835      0.000 4
 216  208     -4.895     -4.347      0.000 4
 218  207     -4.891      8.223      0.000 4
 217  211     -4.885     -1.364      0.000 4
 221  209     -4.872      0.676      0.000 4
 225  212     -4.834     -5.810      0.000 4
 224  213     -4.830      3.824      0.000 4
 223  214     -4.827      1.635      0.000 4
 222  217     -4.818     -4.304      0.000 4
 226  215     -4.805      0.072      0.000 4
 227  216     -4.780      0.405      0.000 4
 228  218     -4.761     -5.048      0.000 4
 229   -2     -4.760     -4.323      0.000 4
 230  219     -4.711      4.509      0.000 4
 231  220     -4.706      2.673      0.000 4
 232  222     -4.655      5.786      0.000 4
 233  221     -4.654      2.651      0.000 4
 236  223     -4.645      3.561      0.000 4
 235  224     -4.643      2.191      0.000 4
 234  227     -4.633     -5.174      0.000 4
 238  225     -4.630      3.391      0.000 4
 237  226     -4.628     -6.929      0.000 4
 239  228     -4.605     -4.853      0.000 4
  -1  230     -4.576     -1.230      0.000 4
 240  229     -4.573      2.521      0.000 4
 241  231     -4.533     -6.614      0.000 4
 244  232     -4.517     -8.220      0.000 4
 242  233     -4.500      2.168      0.000 4
 243  234     -4.490      0.614      0.000 4
 245  235     -4.456     -6.202      0.000 4
 246  236     -4.445     -6.077      0.000 4
 247  237     -4.434     -6.834      0.000 4
 248   -2     -4.392      0.851      0.000 4
 250  238     -4.383     -2.851      0.000 4
 249  239     -4.366      3.493      0.000 4
  -1  241     -4.344     -4.842      0.000 4
 251  240     -4.343     -4.423      0.000 4
  -1  242     -4.320      7.411      0.000 4
 252  243     -4.310      1.031      0.000 4
 253  245     -4.290     -4.485      0.000 4
 255  244     -4.285      1.151      0.000 4
 256  246     -4.267      0.615      0.000 4
 259  248     -4.145     -1.286      0.000 4
 261  249     -4.120      3.346      0.000 4
 260  250     -4.115     -2.570      0.000 4
 264  251     -4.072      2.597      0.000 4
 263  253     -4.069      5.738      0.000 4
 265  252     -4.059     -6.585      0.000 4
 267  254     -4.040      1.613      0.000 4
 266  255     -4.040      2.063      0.000 4
 268   -2     -4.030      5.655      0.000 4
 271  256     -3.987     -6.250      0.000 4
 274  257     -3.958      4.174      0.000 4
 273  259     -3.947      5.347      0.000 4
 275  258     -3.946      5.210      0.000 4
 278  260     -3.891     -8.193      0.000 4
 277  262     -3.876      2.872      0.000 4
  -1  264     -3.841      4.337      0.000 4
 279  265     -3.823     -8.231      0.000 4
 280  267     -3.807      2.175      0.000 4
  -1  266     -3.787     -6.325      0.000 4
  -1   -2     -3.770      8.256      0.000 4
 282  268     -3.769     -7.579      0.000 4
 281  269     -3.768      8.290      0.000 4
  -1  270     -3.739      0.479      0.000 4
 283  271     -3.711     -2.167      0.000 4
 284  273     -3.692     -0.196      0.000 4
 287  272     -3.686     -7.321      0.000 4
 285  274     -3.682     -1.344      0.000 4
 286  275     -3.673      7.836      0.000 4
 288  276     -3.661     -3.729      0.000 4
  -1   -2     -3.611      6.764      0.000 4
 289  277     -3.611     -4.648      0.000 4
 290  278     -3.597     -4.410      0.000 4
 291  279     -3.572      0.767      0.000 4
 293  280     -3.522      8.184      0.000 4
 294  281     -3.500      6.380      0.000 4
 295  282     -3.487      2.961      0.000 4
  -1  283     -3.404     -7.464      0.000 4
  -1  284     -3.402      7.866      0.000 4
 296  286     -3.387     -2.656      0.000 4
  -1   -2     -3.355     -2.097      0.000 4
 300  288     -3.345      0.806      0.000 4
 298  291     -3.340     -0.031      0.000 4
 303  289     -3.332     -6.184      0.000 4
 302  290     -3.327      3.950      0.000 4
 299  292     -3.324      0.177      0.000 4
 304  293     -3.314      5.452      0.000 4
 305  294     -3.307      2.605      0.000 4
 306  295     -3.299      6.265      0.000 4
 307  296     -3.275      4.550      0.000 4
 308  298     -3.208     -2.805      0.000 4
 309  297     -3.203      2.463      0.000 4
 310  299     -3.170     -6.170      0.000 4
 317  300     -3.120     -7.805      0.000 4
 315  302     -3.109      1.923      0.000 4
  -1   -2     -3.105      4.816      0.000 4
 313  304     -3.099      2.399      0.000 4
 311   -2     -3.099      0.256      0.000 4
 316  303     -3.097      3.865      0.000 4
 312  307     -3.088     -4.596      0.000 4
 319  308     -3.071      3.029      0.000 4
 320  309     -3.056      7.984      0.000 4
 323  310     -3.031     -0.526      0.000 4
 322  311     -3.027     -3.434      0.000 4
 324  313     -2.915     -0.333      0.000 4
  -1   -2     -2.904     -5.829      0.000 4
 326  315     -2.889     -6.516      0.000 4
 327  316     -2.867     -2.845      0.000 4
 329   -2     -2.848      2.575      0.000 4
 328  318     -2.827     -3.318      0.000 4
 330  319     -2.813      7.172      0.000 4
 332  317     -2.807     -0.517      0.000 4
 331  320     -2.800      7.920      0.000 4
 333  321     -2.780      8.352      0.000 4
 335   -2     -2.764      6.285      0.000 4
 334  322     -2.763     -8.117      0.000 4
  -1   -2     -2.717      6.805      0.000 4
 336  323     -2.710      5.660      0.000 4
 337  325     -2.692      3.459      0.000 4
 338  324     -2.684     -6.310      0.000 4
 339  326     -2.650      6.683      0.000 4
 341  327     -2.634     -8.194      0.000 4
 342  328     -2.625      8.342      0.000 4
 343  332     -2.576     -4.679      0.000 4
 345  331     -2.563      8.130      0.000 4
 344  333     -2.553      0.174      0.000 4
 347   -2     -2.552     -6.524      0.000 4
 346  334     -2.534     -7.742      0.000 4
 348  336     -2.488      7.852      0.000 4
 350  335     -2.474      1.768      0.000 4
 349  337     -2.456     -3.744      0.000 4
  -1   -2     -2.391     -1.184      0.000 4
 352  338     -2.389     -6.922      0.000 4
 355  339     -2.365      0.963      0.000 4
 351  342     -2.361      0.595      0.000 4
 353  343     -2.348     -5.355      0.000 4
 354   -2     -2.329     -2.826      0.000 4
 357  341     -2.321      2.703      0.000 4
 361  346     -2.255      1.192      0.000 4
 359  347     -2.255     -3.457      0.000 4
 360  349     -2.232     -7.582      0.000 4
 362  348     -2.230      5.612      0.000 4
 363  350     -2.202     -4.765      0.000 4
 365  351     -2.162     -2.522      0.000 4
 364  352     -2.150      4.862      0.000 4
 367  353     -2.120      6.452      0.000 4
 366  354     -2.118     -2.300      0.000 4
 369  356     -2.024      6.153      0.000 4
  -1   -2     -2.005      5.940      0.000 4
 370   -2     -2.003     -5.196      0.000 4
 371  358     -1.946      1.424      0.000 4
 372  359     -1.905     -7.033      0.000 4
 373  360     -1.840      0.468      0.000 4
 376  361     -1.826     -6.826      0.000 4
 375  363     -1.805     -5.183      0.000 4
 374  364     -1.798      6.295      0.000 4
  -1  365     -1.748      3.986      0.000 4
 378  366     -1.722      3.074      0.000 4
  -1  367     -1.712      6.188      0.000 4
 380  368     -1.689      2.217      0.000 4
 381  369     -1.674     -6.369      0.000 4
 384  371     -1.602     -4.126      0.000 4
 383  372     -1.595     -3.497      0.000 4
  -1   -2     -1.574      0.074      0.000 4
  -1  374     -1.573     -2.148      0.000 4
 387  373     -1.550      1.394      0.000 4
 388  376     -1.513     -0.609      0.000 4
 389  375     -1.501      2.032      0.000 4
 390  380     -1.331     -1.810      0.000 4
 394  378     -1.256     -5.426      0.000 4
 392   -2     -1.242     -8.417      0.000 4
 393   -2     -1.235      2.431      0.000 4
 391  382     -1.218     -2.442      0.000 4
 396  379     -1.184     -5.157      0.000 4
 397  381     -1.169     -6.968      0.000 4
  -1   -2     -1.077      3.045      0.000 4
 399  384     -0.997      3.463      0.000 4
 401   -2     -0.831     -5.404      0.000 4
 400  386     -0.830      6.316      0.000 4
 403  387     -0.794     -8.013      0.000 4
  -1  388     -0.785     -2.236      0.000 4
 402  392     -0.743     -0.725      0.000 4
 405  390     -0.720     -4.537      0.000 4
 404  394     -0.708      6.923      0.000 4
 406  391     -0.702     -6.848      0.000 4
 407  393     -0.691     -4.138      0.000 4
  -1   -2     -0.608     -1.511      0.000 4
  -1   -2     -0.562     -4.632      0.000 4
 409  397     -0.533     -5.936      0.000 4
 410  398     -0.411     -3.558      0.000 4
 412  399     -0.333     -7.256      0.000 4
 411  401     -0.331     -7.876      0.000 4
 413  400     -0.311     -6.715      0.000 4
 414  403     -0.228     -2.693      0.000 4
 415  402     -0.214     -7.711      0.000 4
  -1   -2     -0.171      3.373      0.000 4
 416  406     -0.121      3.841      0.000 4
 417  408     -0.047     -0.592      0.000 4
 418  409     -0.014     -5.503      0.000 4
  -1  410     -0.013      1.396      0.000 4
 420  412      0.139      1.605      0.000 4
 421  413      0.172      4.310      0.000 4
 422  414      0.208     -7.554      0.000 4
 423  415      0.268     -5.015      0.000 4
 426  416      0.542     -4.917      0.000 4
 428  417      0.603      5.642      0.000 4
 427  418      0.623     -1.743      0.000 4
 429  419      0.666     -6.003      0.000 4
  -1  420      0.682      3.027      0.000 4
 432   -2      0.726     -5.959      0.000 4
 430  423      0.734     -0.952      0.000 4
 431  424      0.761     -4.322      0.000 4
  -1  425      0.815      3.209      0.000 4
 433   -2      0.822     -2.470      0.000 4
 434  426      0.916     -8.022      0.000 4
  -1   -2      0.997      0.833      0.000 4
 436  427      1.007      0.421      0.000 4
 435  431      1.019     -2.692      0.000 4
 437  429      1.026     -4.614      0.000 4
 439  428      1.034     -1.551      0.000 4
 438  430      1.041      5.844      0.000 4
 440  432      1.063     -5.188      0.000 4
 442  434      1.089      2.805      0.000 4
 441  435      1.100     -7.099      0.000 4
 444  436      1.157      5.646      0.000 4
 445  437      1.173      2.680      0.000 4
  -1   -2      1.201     -2.075      0.000 4
 446  438      1.225     -4.002      0.000 4
 448  439      1.256     -6.907      0.000 4
 449  441      1.282      6.351      0.000 4
 456  440      1.287      3.844      0.000 4
 453  443      1.297      0.313      0.000 4
 455  442      1.305     -0.361      0.000 4
 452  445      1.311     -2.678      0.000 4
 454  446      1.318     -3.756      0.000 4
 450  448      1.319     -4.548      0.000 4
 457  444      1.323     -8.144      0.000 4
 451  450      1.327     -0.648      0.000 4
  -1  447      1.366     -5.944      0.000 4
 459  449      1.376      7.294      0.000 4
 461  451      1.450      2.969      0.000 4
 462   -2      1.463     -0.546      0.000 4
 460  452      1.469      3.929      0.000 4
 463  454      1.525      6.469      0.000 4
 464  455      1.543     -3.293      0.000 4
 465   -2      1.591      7.738      0.000 4
 468  457      1.625      2.424      0.000 4
 469  458      1.632     -5.120      0.000 4
 471  459      1.680     -6.136      0.000 4
 470  460      1.692     -1.784      0.000 4
  -1  461      1.727     -6.090      0.000 4
 473   -2      1.735      7.295      0.000 4
  -1  464      1.740     -5.119      0.000 4
 472  465      1.740     -0.135      0.000 4
 476  462      1.749      0.256      0.000 4
 475  463      1.750     -7.270      0.000 4
 477  466      1.767      4.964      0.000 4
 474   -2      1.783      1.319      0.000 4
 479  468      1.811      0.586      0.000 4
 478  469      1.830     -4.593      0.000 4
 480  470      1.847      3.101      0.000 4
 484  471      1.875      5.686      0.000 4
 482  473      1.885     -3.275      0.000 4
 486  472      1.886     -5.288      0.000 4
  -1   -2      1.912     -8.377      0.000 4
 485  474      1.914      2.121      0.000 4
 483  475      1.915      0.368      0.000 4
  -1  476      1.959      3.595      0.000 4
 488  479      1.974      3.886      0.000 4
  -1   -2      2.006      6.207      0.000 4
 493  480      2.009      4.392      0.000 4
 490  482      2.010      0.303      0.000 4
 491  481      2.011      6.304      0.000 4
 492  487      2.034      3.981      0.000 4
 494  484      2.041     -5.239      0.000 4
 495  486      2.050     -7.645      0.000 4
 496  488      2.104     -1.855      0.000 4
 500  489      2.109      6.057      0.000 4
 497  491      2.110      7.271      0.000 4
 498  492      2.113      0.832      0.000 4
 501  494      2.123     -1.415      0.000 4
 502  493      2.126     -0.764      0.000 4
 503   -2      2.156     -4.141      0.000 4
 505  495      2.163     -7.119      0.000 4
 504  497      2.170     -0.570      0.000 4
 506  496      2.171      5.754      0.000 4
 509  498      2.206      4.271      0.000 4
 507  499      2.214     -7.972      0.000 4
 511   -2      2.284     -7.991      0.000 4
 510  504      2.290     -1.994      0.000 4
 512  501      2.302     -3.431      0.000 4
 513  502      2.313      5.088      0.000 4
 514  503      2.318     -5.531      0.000 4
 515  505      2.327      5.836      0.000 4
 517  506      2.402      5.580      0.000 4
 519  508      2.428     -3.474      0.000 4
 518  507      2.429      0.591      0.000 4
 521  509      2.455     -3.911      0.000 4
 520  511      2.466      3.980      0.000 4
 522  512      2.484     -1.993      0.000 4
 524  513      2.536     -3.373      0.000 4
 526  514      2.559     -5.322      0.000 4
 525  515      2.564      3.930      0.000 4
 528  516      2.594      2.794      0.000 4
 527  517      2.598      6.786      0.000 4
 529   -2      2.626      2.105      0.000 4
 530   -2      2.631      4.821      0.000 4
 531  518      2.666     -7.005      0.000 4
 532  519      2.695      7.420      0.000 4
 533   -2      2.703      4.555      0.000 4
  -1   -2      2.732      4.028      0.000 4
  -1  520      2.752     -8.197      0.000 4
 535  521      2.826     -0.079      0.000 4
 536  523      2.858     -6.637      0.000 4
 537   -2      2.873      6.335      0.000 4
 541  524      2.880     -6.189      0.000 4
 539   -2      2.883     -5.265      0.000 4
  -1  525      2.890      5.025      0.000 4
 538  526      2.891     -1.689      0.000 4
 540  527      2.894      4.572      0.000 4
 542   -2      2.928     -1.538      0.000 4
 544  528      2.942      7.122      0.000 4
 545  529      2.969     -2.665      0.000 4
 548  530      3.018     -7.395      0.000 4
 547  531      3.025      5.563      0.000 4
 550  532      3.090      2.854      0.000 4
  -1   -2      3.092     -4.572      0.000 4
 551  533      3.109      6.132      0.000 4
 552  534      3.137     -7.292      0.000 4
 555   -2      3.166      5.595      0.000 4
 557  536      3.193     -7.450      0.000 4
 556  538      3.195     -3.939      0.000 4
 558  537      3.205      8.253      0.000 4
 559   -2      3.228     -8.430      0.000 4
  -1  540      3.231      0.923      0.000 4
  -1  541      3.278     -4.152      0.000 4
 560  543      3.312      2.985      0.000 4
 561  542      3.316     -5.544      0.000 4
 562  544      3.366      2.866      0.000 4
 564  545      3.386     -2.201      0.000 4
 563  546      3.395      6.639      0.000 4
 566  547      3.436     -0.936      0.000 4
 565   -2      3.440      1.325      0.000 4
 567  549      3.475      5.858      0.000 4
 568  548      3.479     -6.255      0.000 4
 569  550      3.492     -5.646      0.000 4
 570  552      3.530     -0.488      0.000 4
 571  551      3.530      5.291      0.000 4
 572  553      3.589     -3.133      0.000 4
 573  555      3.603     -0.050      0.000 4
 576  556      3.617     -6.147      0.000 4
 578  554      3.618     -7.060      0.000 4
 575  557      3.622      5.032      0.000 4
 577  558      3.628      2.583      0.000 4
 580  559      3.650     -5.468      0.000 4
 579  562      3.656      1.976      0.000 4
 583  561      3.666     -2.198      0.000 4
 581  563      3.673      7.905      0.000 4
 582  564      3.682      4.049      0.000 4
 585  565      3.714     -1.880      0.000 4
 586  566      3.720     -2.671      0.000 4
 587  567      3.749     -1.065      0.000 4
 588  568      3.754     -0.582      0.000 4
 589  569      3.760      7.709      0.000 4
 591  570      3.789     -7.648      0.000 4
  -1  572      3.811     -6.139      0.000 4
 593  571      3.822     -0.725      0.000 4
 592  573      3.832      4.933      0.000 4
 594  574      3.843      5.252      0.000 4
 595  575      3.857     -1.301      0.000 4
 596  577      3.886     -0.015      0.000 4
 597  576      3.887     -2.613      0.000 4
 599  578      3.917     -7.486      0.000 4
 600  580      3.940      2.358      0.000 4
 598  581      3.941     -7.580      0.000 4
 602  579      3.954     -5.581      0.000 4
 604  582      3.965      2.938      0.000 4
  -1  583      3.965      4.124      0.000 4
 603  584      3.979     -7.347      0.000 4
 605  586      4.000      0.656      0.000 4
 607  587      4.009      3.087      0.000 4
 608  588      4.013      8.105      0.000 4
 609  589      4.017     -0.140      0.000 4
  -1   -2      4.017     -4.387      0.000 4
 606  591      4.024     -8.209      0.000 4
 610  590      4.026     -7.710      0.000 4
 611  592      4.048      4.918      0.000 4
 613   -2      4.081     -7.161      0.000 4
 612  593      4.086     -4.239      0.000 4
 615   -2      4.096     -5.500      0.000 4
 614  595      4.098     -8.033      0.000 4
 616  597      4.160     -1.029      0.000 4
 618  599      4.239      2.224      0.000 4
  -1  602      4.250     -4.014      0.000 4
 619  600      4.256      4.718      0.000 4
 620  601      4.266     -5.748      0.000 4
 621  604      4.297     -2.005      0.000 4
 622  603      4.299     -5.904      0.000 4
 623  605      4.315      8.338      0.000 4
 625  606      4.365     -1.744      0.000 4
 626   -2      4.394      4.663      0.000 4
 627  609      4.420      7.798      0.000 4
 629  610      4.434      4.644      0.000 4
 630  612      4.455      2.995      0.000 4
 631  613      4.468      0.756      0.000 4
 632  614      4.476      8.017      0.000 4
 633  615      4.478     -0.908      0.000 4
 634  616      4.503      4.819      0.000 4
 636  617      4.506      6.364      0.000 4
 638  620      4.534     -4.931      0.000 4
 639  621      4.551      8.006      0.000 4
 640  623      4.588      6.439      0.000 4
 642  626      4.615      3.318      0.000 4
 641  628      4.616     -3.044      0.000 4
 643  627      4.619      0.071      0.000 4
 644  625      4.620      1.884      0.000 4
 648  629      4.641     -7.159      0.000 4
 646  630      4.641      2.591      0.000 4
 647  631      4.647      2.823      0.000 4
 650  632      4.664      0.569      0.000 4
 651  634      4.697     -3.725      0.000 4
 652  633      4.702     -5.175      0.000 4
 653   -2      4.733      0.768      0.000 4
 655  636      4.768      3.039      0.000 4
 656  637      4.775      8.332      0.000 4
 657  638      4.800     -2.644      0.000 4
 658  640      4.846      1.119      0.000 4
 659  642      4.912     -3.408      0.000 4
 660  645      4.922     -8.263      0.000 4
 661  641      4.926      5.111      0.000 4
 662  643      4.931      3.593      0.000 4
 663  644      4.932      5.229      0.000 4
 664  646      4.969     -5.203      0.000 4
 665  648      4.980     -4.487      0.000 4
 666  647      4.984      1.506      0.000 4
 667   -2      4.987      3.315      0.000 4
 669  649      4.999     -4.864      0.000 4
 668   -2      4.999     -2.840      0.000 4
 670  650      5.027     -8.418      0.000 4
 671  652      5.043      8.075      0.000 4
 672  651      5.043      8.118      0.000 4
 673  654      5.069     -3.968      0.000 4
 674  653      5.069     -5.744      0.000 4
 675  655      5.089      7.204      0.000 4
 676  656      5.094      2.007      0.000 4
 677  658      5.096      6.924      0.000 4
 682   -2      5.099     -2.653      0.000 4
 678  657      5.100     -6.488      0.000 4
 679  659      5.156     -5.791      0.000 4
 680  660      5.206      6.431      0.000 4
 681  661      5.207      6.841      0.000 4
 683  662      5.248      1.578      0.000 4
 685  664      5.275     -3.060      0.000 4
 684  663      5.276      7.076      0.000 4
 686  665      5.310      2.397      0.000 4
 687  666      5.374      5.816      0.000 4
 688  667      5.413     -2.910      0.000 4
 690  669      5.422     -7.609      0.000 4
 689  670      5.423     -7.834      0.000 4
 691  671      5.444      1.991      0.000 4
 692  673      5.467      6.045      0.000 4
 693  674      5.469      1.378      0.000 4
 694  675      5.536      2.046      0.000 4
 695  677      5.553      4.484      0.000 4
 697  679      5.590     -8.157      0.000 4
 698  678      5.592     -6.640      0.000 4
 699  680      5.625      6.973      0.000 4
 700  681      5.651      3.931      0.000 4
 701  682      5.664     -0.641      0.000 4
 702  683      5.691     -3.174      0.000 4
 703  684      5.723     -5.796      0.000 4
 704  685      5.727     -5.458      0.000 4
 705  686      5.741      4.601      0.000 4
 706  687      5.795     -2.445      0.000 4
 707  688      5.806     -8.051      0.000 4
 708  689      5.812      1.763      0.000 4
 709  690      5.816     -0.984      0.000 4
 710  691      5.870     -3.456      0.000 4
 712  694      5.881     -8.337      0.000 4
 711  692      5.882     -7.989      0.000 4
 714  693      5.883      1.986      0.000 4
 713  695      5.885     -0.750      0.000 4
 715  696      5.891      5.068      0.000 4
  -1  697      5.928     -7.350      0.000 4
 716  698      5.935     -6.361      0.000 4
 717  699      5.948     -6.463      0.000 4
 718  701      5.975      2.729      0.000 4
 719  702      5.996     -5.288      0.000 4
 720   -2      6.009      0.224      0.000 4
 721  703      6.018     -4.331      0.000 4
 722  705      6.039     -1.717      0.000 4
 723  707      6.041      4.646      0.000 4
 725  704      6.041     -6.138      0.000 4
 724  706      6.042     -0.471      0.000 4
 726  708      6.045     -3.051      0.000 4
  -1  709      6.056     -5.429      0.000 4
 727  710      6.143      1.706      0.000 4
 728  711      6.154      6.541      0.000 4
 729  712      6.158     -4.332      0.000 4
 730  713      6.185      3.865      0.000 4
 731  714      6.195     -4.216      0.000 4
 732  716      6.202      3.196      0.000 4
 733  715      6.203      0.287      0.000 4
  -1  717      6.223     -6.633      0.000 4
 734  718      6.268      7.275      0.000 4
  -1  719      6.284     -6.485      0.000 4
 736  721      6.300     -2.933      0.000 4
 738  722      6.338     -6.527      0.000 4
 739  723      6.366      2.368      0.000 4
 740  724      6.391     -4.263      0.000 4
 741  725      6.394      7.020      0.000 4
  -1  726      6.397     -2.917      0.000 4
  -1   -2      6.436     -3.842      0.000 4
 742  728      6.460     -4.876      0.000 4
 743  730      6.506     -5.950      0.000 4
 744  729      6.507      5.504      0.000 4
  -1  731      6.518     -5.311      0.000 4
 745  732      6.531      6.913      0.000 4
 746  733      6.544      4.672      0.000 4
 747  734      6.552     -1.307      0.000 4
 748  735      6.578      2.133      0.000 4
 749  736      6.606     -6.044      0.000 4
 750  737      6.609     -0.579      0.000 4
 751  738      6.617      2.878      0.000 4
 752  739      6.640     -5.128      0.000 4
 753  740      6.661     -5.317      0.000 4
 754  741      6.667      5.648      0.000 4
 755  742      6.688     -6.207      0.000 4
 756  743      6.701     -5.493      0.000 4
 757  744      6.711      6.589      0.000 4
 758  745      6.714      0.440      0.000 4
  -1  746      6.725      2.069      0.000 4
 759  747      6.728      3.191      0.000 4
 760  748      6.741     -1.879      0.000 4
 761  749      6.750      3.308      0.000 4
 762  750      6.760      2.060      0.000 4
 764  751      6.782     -6.037      0.000 4
  -1  753      6.785      0.688      0.000 4
 765   -2      6.786     -7.657      0.000 4
 766  754      6.803     -0.768      0.000 4
 767  755      6.845      5.230      0.000 4
 768   -2      6.851     -4.762      0.000 4
 769  757      6.871     -7.980      0.000 4
 770  758      6.883      3.627      0.000 4
  -1   -2      6.893     -0.101      0.000 4
 771  759      6.902     -4.919      0.000 4
 772  760      6.907     -0.906      0.000 4
  -1   -2      6.914     -2.638      0.000 4
 773  761      6.926     -0.074      0.000 4
 774  762      6.930      6.186      0.000 4
 775  763      6.938     -0.678      0.000 4
 776  764      6.964      0.442      0.000 4
 777  765      6.979      2.095      0.000 4
 778  766      7.010      3.423      0.000 4
 779  767      7.022     -6.592      0.000 4
 780  769      7.026     -5.784      0.000 4
 781  770      7.030     -8.435      0.000 4
 782  771      7.036      2.052      0.000 4
 783  772      7.059     -4.026      0.000 4
 784  773      7.068     -5.986      0.000 4
 785  774      7.083     -0.186      0.000 4
 786  775      7.090     -8.300      0.000 4
 787  776      7.135      7.549      0.000 4
 788  777      7.153      6.529      0.000 4
 789  778      7.156     -6.156      0.000 4
 790  779      7.197      0.202      0.000 4
 791  780      7.208     -3.964      0.000 4
 792  781      7.247      4.995      0.000 4
  -1   -2      7.251     -6.734      0.000 4
 793  782      7.256      4.378      0.000 4
 794  783      7.260     -4.394      0.000 4
 795  784      7.277      6.749      0.000 4
 796  785      7.296      4.319      0.000 4
 798  786      7.303      5.633      0.000 4
 799  787      7.312     -0.143      0.000 4
 800  788      7.358      3.552      0.000 4
 801  789      7.367      1.420      0.000 4
 802  790      7.374     -0.680      0.000 4
 803   -2      7.381     -6.394      0.000 4
 804  792      7.410      2.072      0.000 4
 805  793      7.458     -5.742      0.000 4
 806  794      7.465      4.773      0.000 4
 807  795      7.480      5.271      0.000 4
 808  796      7.494      4.794      0.000 4
 809  797      7.496      4.434      0.000 4
  -1   -2      7.512      4.581      0.000 4
 810  799      7.524     -2.898      0.000 4
 811  800      7.554     -1.540      0.000 4
 812  801      7.569      1.265      0.000 4
 813  802      7.596      4.760      0.000 4
 814  803      7.608      1.755      0.000 4
 816  804      7.628      2.283      0.000 4
 815  805      7.643     -8.278      0.000 4
 817  806      7.695      7.745      0.000 4
 818  807      7.721     -7.903      0.000 4
 819  808      7.756      8.260      0.000 4
 821  810      7.791      1.633      0.000 4
  -1  811      7.809     -7.081      0.000 4
 822  812      7.826     -0.853      0.000 4
 823  813      7.827      6.736      0.000 4
  -1  814      7.873     -5.142      0.000 4
 824  815      7.899     -5.001      0.000 4
 825  816      7.908     -2.996      0.000 4
 826  817      7.982      7.161      0.000 4
 827  818      7.992     -0.429      0.000 4
 828  819      7.999     -6.784      0.000 4
 829  820      8.003     -6.867      0.000 4
 830  821      8.008     -1.189      0.000 4
 831  822      8.018     -5.635      0.000 4
 832  823      8.022      1.030      0.000 4
 833  824      8.037     -7.605      0.000 4
 835  825      8.060      4.385      0.000 4
 834  834      8.066     -0.624      0.000 4
 836  826      8.084      3.163      0.000 4
 837  827      8.117     -4.767      0.000 4
 838  828      8.124     -0.228      0.000 4
 839  829      8.139     -4.530      0.000 4
 840  831      8.163      1.715      0.000 4
 841  830      8.171      2.509      0.000 4
 842  832      8.172      3.237      0.000 4
 843  833      8.174      4.616      0.000 4
 844  836      8.203     -7.260      0.000 4
 845  837      8.209      4.800      0.000 4
 846  838      8.214     -6.315      0.000 4
  -1   -2      8.230     -7.815      0.000 4
 847  839      8.246      7.265      0.000 4
 848  840      8.253     -3.396      0.000 4
 849  841      8.258     -6.034      0.000 4
 850  842      8.293     -1.891      0.000 4
 851  843      8.301     -7.349      0.000 4
 852  844      8.311      5.273      0.000 4
 853  845      8.330     -4.394      0.000 4
 854  846      8.332      7.043      0.000 4
 855  847      8.337      1.343      0.000 4
 856  848      8.352      8.193      0.000 4
 857  849      8.358      7.581      0.000 4
 858  850      8.384     -8.239      0.000 4
 859  851      8.390     -0.158      0.000 4
 860  852      8.392      0.674      0.000 4
 861  853      8.419      1.099      0.000 4
 862   -2      8.439     -2.477      0.000 4
