849
  -1   -2     -8.437     -5.360      0.000 4
   1    0     -8.410      7.532      0.000 4
   2    1     -8.387     -3.334      0.000 4
   3    2     -8.382     -6.919      0.000 4
   4    3     -8.357     -4.660      0.000 4
   5    4     -8.352     -8.181      0.000 4
   6    5     -8.316      1.200      0.000 4
   7    6     -8.313      0.529      0.000 4
  -1   -2     -8.302     -1.816      0.000 4
   9    7     -8.283      6.846      0.000 4
  11    8     -8.241     -8.273      0.000 4
  10    9     -8.238      4.222      0.000 4
  12   10     -8.223      1.558      0.000 4
  13   11     -8.208     -7.956      0.000 4
  -1   12     -8.199      1.511      0.000 4
  14   13     -8.195     -3.065      0.000 4
  15   14     -8.181      4.412      0.000 4
  16   -2     -8.138      6.481      0.000 4
  17   15     -8.134     -2.534      0.000 4
  18   16     -8.122      2.614      0.000 4
  19   17     -8.088      1.343      0.000 4
  20   18     -8.051      2.233      0.000 4
  21   19     -8.036     -7.436      0.000 4
  22   20     -8.015     -6.287      0.000 4
  23   21     -8.006      6.563      0.000 4
  24   22     -7.996     -3.851      0.000 4
  25   23     -7.949      5.651      0.000 4
  26   24     -7.940     -0.973      0.000 4
  -1   25     -7.914     -7.007      0.000 4
  27   27     -7.915     -0.195      0.000 4
  28   26     -7.913      0.812      0.000 4
  -1   29     -7.871     -5.363      0.000 4
  29   30     -7.861      4.081      0.000 4
  30   31     -7.857     -6.146      0.000 4
  31   32     -7.834      7.174      0.000 4
  32   33     -7.833      3.858      0.000 4
  33   34     -7.822     -4.878      0.000 4
  34   35     -7.810     -6.200      0.000 4
  35   36     -7.807      2.483      0.000 4
  36   37     -7.805      4.983      0.000 4
  37   38     -7.797     -2.777      0.000 4
  38   39     -7.775     -5.177      0.000 4
  40   40     -7.768     -6.290      0.000 4
  39   42     -7.767     -4.662      0.000 4
  41   41     -7.767      1.966      0.000 4
  42   43     -7.756      5.231      0.000 4
  43   44     -7.752     -6.764      0.000 4
  44   45     -7.744     -0.700      0.000 4
  -1   -2     -7.706      7.109      0.000 4
  46   46     -7.692      6.647      0.000 4
  47   47     -7.623      4.938      0.000 4
  -1   48     -7.591      0.409      0.000 4
  48   49     -7.586     -6.931      0.000 4
  49   50     -7.569     -0.015      0.000 4
  50   51     -7.557     -0.707      0.000 4
  51   52     -7.546      8.226      0.000 4
  -1   53     -7.529     -5.477      0.000 4
  52   54     -7.527     -1.121      0.000 4
  53   55     -7.488      7.989      0.000 4
  54   56     -7.485      3.612      0.000 4
  55   57     -7.431     -1.456      0.000 4
  56   58     -7.402      3.668      0.000 4
  57   59     -7.394      1.722      0.000 4
  58   61     -7.369      2.306      0.000 4
  59   60     -7.365     -6.240      0.000 4
  60   62     -7.336     -5.128      0.000 4
  61   63     -7.333     -5.443      0.000 4
  62   64     -7.319      3.846      0.000 4
  63   65     -7.314      5.387      0.000 4
  64   66     -7.308      0.090      0.000 4
  65   67     -7.259      6.132      0.000 4
  66   68     -7.257      3.233      0.000 4
  67   69     -7.237     -8.408      0.000 4
  68   70     -7.201     -8.003      0.000 4
  69   71     -7.186      7.640      0.000 4
  70   72     -7.180     -7.580      0.000 4
  71   73     -7.170      6.078      0.000 4
  72   74     -7.162      4.728      0.000 4
  73   75     -7.157     -2.446      0.000 4
  74   76     -7.155      4.032      0.000 4
  75   77     -7.145      7.285      0.000 4
  77   78     -7.126     -7.783      0.000 4
  76   79     -7.122      7.444      0.000 4
  78   80     -7.104      4.977      0.000 4
  79   81     -7.054     -5.472      0.000 4
  80   82     -7.049      0.014      0.000 4
  81   83     -7.028      1.954      0.000 4
  82   85     -7.002     -2.434      0.000 4
  83   84     -7.002      4.424      0.000 4
  84   86     -6.996     -6.828      0.000 4
  85   87     -6.993     -0.403      0.000 4
  86   88     -6.986      4.324      0.000 4
  88   89     -6.978     -6.660      0.000 4
  89   90     -6.966      5.102      0.000 4
  90   91     -6.951     -2.729      0.000 4
  91   92     -6.932     -0.850      0.000 4
  92   93     -6.931      5.401      0.000 4
  -1   94     -6.920      3.361      0.000 4
  93   95     -6.908      2.890      0.000 4
  94   96     -6.897     -1.234      0.000 4
  95   97     -6.870     -6.510      0.000 4
  96   98     -6.857      7.541      0.000 4
  97   99     -6.817      1.299      0.000 4
  99  100     -6.799     -7.554      0.000 4
  98  101     -6.797     -5.494      0.000 4
 100  102     -6.775      2.401      0.000 4
 101  103     -6.760     -0.901      0.000 4
 103  104     -6.733      3.554      0.000 4
 104  106     -6.705      1.345      0.000 4
 105  107     -6.703      1.661      0.000 4
 106  108     -6.647      2.363      0.000 4
 107  109     -6.644      3.529      0.000 4
 108  110     -6.620      5.759      0.000 4
 109  111     -6.610     -4.399      0.000 4
 110  112     -6.601      6.965      0.000 4
 111  113     -6.549     -6.416      0.000 4
 112  114     -6.526      7.602      0.000 4
 113  115     -6.514      3.048      0.000 4
 114  117     -6.504     -4.823      0.000 4
 115  116     -6.504     -6.301      0.000 4
 116  118     -6.463      0.125      0.000 4
 119  120     -6.375      4.858      0.000 4
 118  121     -6.375     -0.508      0.000 4
 120  122     -6.325      0.090      0.000 4
 122  124     -6.290     -1.698      0.000 4
 123  123     -6.289     -7.951      0.000 4
  -1   -2     -6.287     -1.891      0.000 4
 124  125     -6.279     -5.907      0.000 4
 125  126     -6.214      2.490      0.000 4
 126  127     -6.187      4.861      0.000 4
 127  128     -6.185     -5.326      0.000 4
 128  130     -6.169      3.355      0.000 4
 129  129     -6.168      2.725      0.000 4
  -1   -2     -6.134     -1.107      0.000 4
 130  131     -6.129      1.233      0.000 4
 133  132     -6.125      7.340      0.000 4
 134  134     -6.114     -7.728      0.000 4
 135  136     -6.099      6.264      0.000 4
 136  135     -6.098     -6.708      0.000 4
 137  137     -6.054      3.690      0.000 4
 138  138     -6.037      7.835      0.000 4
 140  139     -6.010     -6.496      0.000 4
 139  140     -6.006     -0.477      0.000 4
  -1  133     -5.995     -4.690      0.000 4
 141  141     -5.972      6.796      0.000 4
 142  143     -5.967      3.068      0.000 4
 143  142     -5.962     -7.885      0.000 4
 144  144     -5.944     -7.444      0.000 4
 145  145     -5.928      4.834      0.000 4
 148  146     -5.915     -6.398      0.000 4
 146  147     -5.914     -0.034      0.000 4
 147  148     -5.909     -1.694      0.000 4
 149  149     -5.884     -5.964      0.000 4
 150  150     -5.871     -1.969      0.000 4
 151   -2     -5.865      0.610      0.000 4
 152  151     -5.852     -7.416      0.000 4
 153  152     -5.850      4.681      0.000 4
  -1   -2     -5.827     -4.623      0.000 4
 154  153     -5.778     -4.149      0.000 4
  -1   -2     -5.750     -2.376      0.000 4
 156  154     -5.745     -5.943      0.000 4
 157  155     -5.719      7.402      0.000 4
 158  156     -5.701      1.908      0.000 4
 159  157     -5.691      5.732      0.000 4
 160  158     -5.678     -0.900      0.000 4
 162  159     -5.674      0.738      0.000 4
 161  160     -5.673     -1.811      0.000 4
 163  161     -5.624      7.224      0.000 4
 164  162     -5.609      0.290      0.000 4
 165  163     -5.590      6.020      0.000 4
 166  164     -5.569     -5.044      0.000 4
 167  165     -5.554     -0.689      0.000 4
 168  166     -5.540      2.665      0.000 4
 169  167     -5.529     -2.846      0.000 4
 170  168     -5.503     -7.460      0.000 4
 171  169     -5.487      4.780      0.000 4
 172  170     -5.468      5.205      0.000 4
 174  171     -5.378     -8.105      0.000 4
 175  173     -5.319      3.799      0.000 4
  -1   -2     -5.305      0.714      0.000 4
 178  174     -5.293      2.068      0.000 4
 177  175     -5.288     -4.718      0.000 4
  -1  176     -5.272     -3.113      0.000 4
 179  179     -5.244     -4.940      0.000 4
 180  178     -5.240     -3.732      0.000 4
 181  180     -5.209     -1.471      0.000 4
 182  182     -5.156     -0.066      0.000 4
 183  183     -5.126     -3.886      0.000 4
  -1   -2     -5.089      7.261      0.000 4
 186  184     -5.085     -3.486      0.000 4
 187  185     -5.083     -0.001      0.000 4
 188  186     -5.073      1.566      0.000 4
 189  188     -5.060     -4.320      0.000 4
 190  187     -5.054      0.538      0.000 4
 191  191     -5.024      5.080      0.000 4
 193  193     -5.015     -5.096      0.000 4
 196  189     -5.012     -5.945      0.000 4
 192  194     -5.012     -1.333      0.000 4
 194  192     -5.010     -0.305      0.000 4
 195  195     -4.986     -4.268      0.000 4
 197  196     -4.947      3.716      0.000 4
 199  200     -4.940     -1.420      0.000 4
 198  199     -4.936      3.903      0.000 4
 200  205     -4.930     -4.286      0.000 4
 202  201     -4.929      8.217      0.000 4
 201  202     -4.926      0.699      0.000 4
 206   -2     -4.923      1.629      0.000 4
  -1   -2     -4.902     -3.039      0.000 4
 204  204     -4.895     -7.562      0.000 4
 205  209     -4.850     -5.002      0.000 4
 208  190     -4.849     -5.346      0.000 4
 207  206     -4.847      0.086      0.000 4
  -1  207     -4.846      0.432      0.000 4
 210  208     -4.825     -5.604      0.000 4
 209  210     -4.817     -5.885      0.000 4
 211  211     -4.778      3.793      0.000 4
 212  213     -4.747     -6.674      0.000 4
 213  214     -4.744     -4.638      0.000 4
 216  212     -4.720     -7.390      0.000 4
 214  215     -4.708     -2.109      0.000 4
 215  216     -4.699      5.790      0.000 4
 217  217     -4.682      4.416      0.000 4
 219  218     -4.668      2.672      0.000 4
  -1  219     -4.650     -1.934      0.000 4
 220  222     -4.641     -3.730      0.000 4
 224  221     -4.622     -7.800      0.000 4
  -1   -2     -4.620      3.380      0.000 4
 222  224     -4.611      2.528      0.000 4
 223  223     -4.609     -7.660      0.000 4
 225  226     -4.566     -4.122      0.000 4
 229  225     -4.555      3.599      0.000 4
 228  227     -4.549      2.596      0.000 4
 227  229     -4.540     -4.334      0.000 4
 230  228     -4.528      0.632      0.000 4
 231  230     -4.505      2.194      0.000 4
 235   -2     -4.483     -7.229      0.000 4
 234  232     -4.451     -0.317      0.000 4
  -1  231     -4.451     -4.432      0.000 4
 238  233     -4.425     -5.816      0.000 4
 237  234     -4.421      1.017      0.000 4
 236  236     -4.412     -4.455      0.000 4
 240  235     -4.392     -5.962      0.000 4
  -1   -2     -4.366      4.782      0.000 4
 243  238     -4.353      7.376      0.000 4
 244  237     -4.352      3.471      0.000 4
 242  239     -4.351      0.679      0.000 4
 245  240     -4.336      1.197      0.000 4
 246  243     -4.305     -1.051      0.000 4
 247  244     -4.295     -1.858      0.000 4
 249  242     -4.295      2.425      0.000 4
 250  245     -4.244     -8.229      0.000 4
 253  247     -4.206     -6.290      0.000 4
 251  248     -4.204     -0.413      0.000 4
 252  249     -4.195     -4.745      0.000 4
 254  250     -4.173      7.668      0.000 4
 255  251     -4.147      5.759      0.000 4
 256  252     -4.131      2.113      0.000 4
 257  253     -4.099      1.717      0.000 4
 259  255     -4.068      2.624      0.000 4
 260  254     -4.066      3.439      0.000 4
 258  258     -4.055      5.394      0.000 4
 261  257     -4.038     -7.281      0.000 4
 262  259     -3.989     -1.925      0.000 4
 263  260     -3.986      3.332      0.000 4
 264  261     -3.974     -7.066      0.000 4
 265  262     -3.963     -1.263      0.000 4
 266  264     -3.920     -6.005      0.000 4
 267  263     -3.919     -2.674      0.000 4
 271  265     -3.875     -8.056      0.000 4
 268  267     -3.852     -0.153      0.000 4
 269  266     -3.850      2.870      0.000 4
 272  269     -3.824      8.317      0.000 4
 270  270     -3.823     -4.534      0.000 4
 276  268     -3.796     -7.832      0.000 4
 273  271     -3.784      2.233      0.000 4
 274  273     -3.772     -1.148      0.000 4
 275  274     -3.765      7.888      0.000 4
 278  276     -3.693     -1.375      0.000 4
 279  277     -3.676      1.012      0.000 4
  -1  279     -3.638      6.058      0.000 4
  -1  278     -3.628     -5.926      0.000 4
  -1   -2     -3.626     -0.800      0.000 4
 280  281     -3.596      7.964      0.000 4
 281  282     -3.564      6.378      0.000 4
  -1  283     -3.550      0.175      0.000 4
 282  284     -3.544      1.330      0.000 4
 283  285     -3.530      8.253      0.000 4
 285  286     -3.461     -7.678      0.000 4
 287  287     -3.436      2.970      0.000 4
 286  288     -3.428      0.223      0.000 4
 289  289     -3.385     -2.067      0.000 4
 288  290     -3.380      0.758      0.000 4
 290  291     -3.324      5.461      0.000 4
 292  292     -3.299      3.822      0.000 4
 291  294     -3.294      4.894      0.000 4
 293  293     -3.288      2.921      0.000 4
 294  295     -3.239     -6.715      0.000 4
 295  296     -3.230     -4.310      0.000 4
 296  297     -3.199      3.009      0.000 4
 297  298     -3.188      4.953      0.000 4
 299  299     -3.149      0.206      0.000 4
 298  300     -3.148      0.072      0.000 4
 300  301     -3.130     -7.508      0.000 4
 302  302     -3.107      2.977      0.000 4
 301  303     -3.099     -1.901      0.000 4
 303  304     -3.081     -5.702      0.000 4
 304   -2     -3.059     -6.649      0.000 4
 305  305     -3.058      8.050      0.000 4
 306  306     -3.008     -5.538      0.000 4
 310  307     -2.950      3.765      0.000 4
 307  309     -2.950     -5.845      0.000 4
 309  308     -2.950     -5.260      0.000 4
  -1   -2     -2.909      5.075      0.000 4
 311  310     -2.909      8.257      0.000 4
 312  311     -2.875     -7.619      0.000 4
 313  313     -2.868      7.295      0.000 4
 315  312     -2.842     -7.934      0.000 4
 316  314     -2.800     -2.713      0.000 4
 317  315     -2.790     -7.285      0.000 4
 319  316     -2.744     -3.939      0.000 4
 320  317     -2.685      6.025      0.000 4
 322  318     -2.651      6.903      0.000 4
 321  320     -2.646     -3.194      0.000 4
 324  319     -2.626     -5.589      0.000 4
 323  321     -2.608     -2.114      0.000 4
  -1   -2     -2.599     -8.426      0.000 4
 327  323     -2.583      1.209      0.000 4
 326  324     -2.572     -5.817      0.000 4
 329  322     -2.570      3.684      0.000 4
  -1  327     -2.510     -2.248      0.000 4
 332  325     -2.506      3.168      0.000 4
 330  326     -2.497     -0.842      0.000 4
 333  328     -2.447      0.034      0.000 4
  -1   -2     -2.439     -3.519      0.000 4
 334  331     -2.427     -0.516      0.000 4
  -1   -2     -2.421     -4.466      0.000 4
 336  329     -2.417     -0.290      0.000 4
  -1  332     -2.415     -6.606      0.000 4
 338  333     -2.400     -2.335      0.000 4
  -1  330     -2.375      7.203      0.000 4
 341  334     -2.367     -5.841      0.000 4
 339  336     -2.367     -1.944      0.000 4
 340  335     -2.358      5.013      0.000 4
 343  338     -2.295     -6.219      0.000 4
 345  337     -2.284      0.848      0.000 4
 342  340     -2.272     -3.208      0.000 4
 346  339     -2.264     -5.282      0.000 4
 347  341     -2.223      5.801      0.000 4
 349  342     -2.163     -6.203      0.000 4
 348  343     -2.155      2.199      0.000 4
 350  344     -2.146     -3.465      0.000 4
  -1   -2     -2.082     -1.414      0.000 4
  -1   -2     -2.053     -8.263      0.000 4
 352  346     -2.006      0.333      0.000 4
 353  347     -1.982     -2.879      0.000 4
 351  349     -1.977      4.141      0.000 4
 354   -2     -1.930      0.735      0.000 4
 355  351     -1.914      1.430      0.000 4
 361  352     -1.772      4.202      0.000 4
  -1  354     -1.759      8.352      0.000 4
 360  355     -1.743      0.726      0.000 4
 362  353     -1.710      2.562      0.000 4
 356  356     -1.689      7.687      0.000 4
 363  363     -1.654      4.514      0.000 4
 364  357     -1.651     -3.695      0.000 4
 365  359     -1.579      6.331      0.000 4
  -1   -2     -1.578     -5.959      0.000 4
  -1   -2     -1.549     -5.056      0.000 4
 366   -2     -1.538      7.736      0.000 4
 369  361     -1.511     -4.641      0.000 4
 367  362     -1.510      5.343      0.000 4
 371  365     -1.429      3.686      0.000 4
 372  366     -1.405     -7.704      0.000 4
  -1  367     -1.395     -1.592      0.000 4
 374  368     -1.374      4.986      0.000 4
 375  370     -1.359      5.644      0.000 4
 378  369     -1.308     -5.051      0.000 4
  -1   -2     -1.306      4.428      0.000 4
 379  373     -1.135     -1.832      0.000 4
 380  374     -1.128     -7.645      0.000 4
  -1   -2     -1.123      3.890      0.000 4
 381  375     -1.110      0.260      0.000 4
 383  376     -1.092     -1.000      0.000 4
  -1   -2     -1.072      4.133      0.000 4
  -1   -2     -0.994      4.947      0.000 4
  -1   -2     -0.942      3.560      0.000 4
  -1  379     -0.909      5.459      0.000 4
  -1   -2     -0.813     -0.736      0.000 4
 388  382     -0.794     -5.444      0.000 4
  -1   -2     -0.766     -3.151      0.000 4
 389  385     -0.728     -0.602      0.000 4
 390  386     -0.681     -3.069      0.000 4
  -1  381     -0.663     -0.946      0.000 4
 393  387     -0.659      4.732      0.000 4
  -1   -2     -0.637      0.844      0.000 4
 396  390     -0.600     -6.164      0.000 4
 397  389     -0.600     -3.774      0.000 4
  -1   -2     -0.593     -7.411      0.000 4
  -1   -2     -0.541     -2.355      0.000 4
 399  393     -0.531      4.723      0.000 4
  -1   -2     -0.523     -2.156      0.000 4
 403  394     -0.423     -4.934      0.000 4
 402  397     -0.413     -0.044      0.000 4
  -1   -2     -0.395     -5.154      0.000 4
  -1  399     -0.355     -1.560      0.000 4
  -1   -2     -0.346     -0.516      0.000 4
 407  398     -0.324     -5.447      0.000 4
  -1   -2     -0.293      6.059      0.000 4
 409  401      0.052      1.557      0.000 4
 408  402      0.082      6.343      0.000 4
  -1   -2      0.099     -8.414      0.000 4
  -1  403      0.204     -3.978      0.000 4
 411  406      0.213      0.699      0.000 4
 413  404      0.229     -6.814      0.000 4
 414  405      0.252      6.239      0.000 4
 415  408      0.301     -0.950      0.000 4
 416  409      0.461     -6.810      0.000 4
 419  410      0.515      0.969      0.000 4
  -1   -2      0.548      0.776      0.000 4
  -1   -2      0.563     -3.869      0.000 4
  -1   -2      0.595      2.854      0.000 4
 422  413      0.644      3.009      0.000 4
  -1  414      0.662      3.219      0.000 4
  -1   -2      0.769      0.469      0.000 4
 424  416      0.791     -5.274      0.000 4
  -1   -2      0.827     -4.134      0.000 4
  -1   -2      0.845     -6.411      0.000 4
  -1  420      0.855      4.170      0.000 4
 425  421      0.862     -2.998      0.000 4
  -1   -2      0.874     -8.153      0.000 4
 427  423      0.899     -4.786      0.000 4
 428  424      0.924     -6.205      0.000 4
 429  425      0.930      7.744      0.000 4
  -1   -2      0.936     -2.497      0.000 4
 430  428      1.020      1.129      0.000 4
  -1   -2      1.068      0.911      0.000 4
 433  431      1.079      5.102      0.000 4
  -1   -2      1.187     -3.866      0.000 4
 436  432      1.189     -3.565      0.000 4
  -1   -2      1.193      4.453      0.000 4
 439   -2      1.231     -4.389      0.000 4
 437  433      1.232     -2.704      0.000 4
 438   -2      1.247      2.190      0.000 4
  -1  434      1.273     -3.592      0.000 4
 441  436      1.280     -6.631      0.000 4
 440  438      1.301      1.237      0.000 4
 442  437      1.310      4.926      0.000 4
 444  440      1.329      2.248      0.000 4
 445  439      1.351      2.629      0.000 4
  -1   -2      1.381     -2.163      0.000 4
  -1   -2      1.426      1.013      0.000 4
 447  443      1.442     -3.304      0.000 4
 448  441      1.451      1.269      0.000 4
 451  442      1.455     -4.610      0.000 4
  -1   -2      1.471     -5.032      0.000 4
 450  445      1.491     -2.674      0.000 4
 455  446      1.554      4.995      0.000 4
 454  447      1.559      3.754      0.000 4
 456  448      1.593     -3.312      0.000 4
  -1   -2      1.609     -5.767      0.000 4
  -1  449      1.610      5.398      0.000 4
 459  450      1.622     -6.273      0.000 4
  -1  451      1.624      6.597      0.000 4
 457  453      1.647     -2.426      0.000 4
 461  452      1.654     -7.508      0.000 4
 462  454      1.697      0.686      0.000 4
 464  459      1.824     -0.555      0.000 4
 463  462      1.824     -1.877      0.000 4
 466  457      1.841     -6.298      0.000 4
 470  460      1.856      1.258      0.000 4
 469  461      1.857      7.673      0.000 4
 467  463      1.861      5.271      0.000 4
 471  464      1.876     -7.737      0.000 4
 475  467      1.922     -6.645      0.000 4
 474  470      1.928      0.269      0.000 4
 476  468      1.940     -3.580      0.000 4
  -1   -2      1.953     -0.306      0.000 4
 479  469      1.956     -4.532      0.000 4
 477  473      2.007     -1.138      0.000 4
 480  471      2.027      1.358      0.000 4
 481  472      2.045      5.896      0.000 4
 483  474      2.095      2.122      0.000 4
 482  475      2.104     -7.701      0.000 4
 484  476      2.121      4.272      0.000 4
 486  481      2.146      0.599      0.000 4
 487  477      2.147     -3.478      0.000 4
 488  478      2.157     -4.299      0.000 4
 489  480      2.163      7.252      0.000 4
 485  483      2.164     -2.879      0.000 4
 490  479      2.165      1.496      0.000 4
 491  482      2.185      0.043      0.000 4
 492  484      2.236      4.484      0.000 4
 494  485      2.267     -0.691      0.000 4
 493  487      2.280      0.765      0.000 4
 497  486      2.292      5.867      0.000 4
 496  488      2.308     -5.577      0.000 4
 498  490      2.335      6.598      0.000 4
 501  489      2.345     -6.956      0.000 4
 499  492      2.354      5.357      0.000 4
  -1  491      2.360     -6.539      0.000 4
  -1  493      2.377     -2.782      0.000 4
 500  499      2.393      0.903      0.000 4
 502  495      2.394     -0.223      0.000 4
  -1  494      2.396     -3.424      0.000 4
 506  497      2.416      5.175      0.000 4
  -1   -2      2.421      0.370      0.000 4
 507  498      2.425      5.983      0.000 4
 505  500      2.437     -3.416      0.000 4
 504  501      2.453     -3.002      0.000 4
 508  502      2.485      4.622      0.000 4
  -1  503      2.499      5.461      0.000 4
 509  505      2.564      4.201      0.000 4
  -1  508      2.643      0.259      0.000 4
 510  507      2.670     -4.987      0.000 4
 511  509      2.683     -6.122      0.000 4
 512  510      2.717      5.753      0.000 4
 513  511      2.740     -5.749      0.000 4
  -1  512      2.753      2.561      0.000 4
 514  513      2.785      0.829      0.000 4
 518  515      2.831      7.967      0.000 4
 519  516      2.857     -6.468      0.000 4
 520  517      2.879      6.392      0.000 4
 521  518      2.922      0.102      0.000 4
 522  519      2.951     -1.535      0.000 4
 523  520      2.960      5.157      0.000 4
 524  521      2.975      7.148      0.000 4
  -1  522      2.994      0.693      0.000 4
 525  523      3.036      2.972      0.000 4
 527  524      3.061      5.272      0.000 4
 526  525      3.062      2.725      0.000 4
 528  526      3.103     -5.821      0.000 4
 530  528      3.119      5.591      0.000 4
 529  529      3.123     -1.133      0.000 4
 533  527      3.133     -5.081      0.000 4
 531  530      3.139      6.186      0.000 4
 532  532      3.155     -6.668      0.000 4
 534  531      3.166     -2.414      0.000 4
  -1   -2      3.180     -5.269      0.000 4
 535  534      3.197      2.819      0.000 4
 538  533      3.205      2.643      0.000 4
 536  535      3.211      8.231      0.000 4
 539  536      3.223     -1.827      0.000 4
 541  538      3.247     -7.003      0.000 4
 540  539      3.254     -7.905      0.000 4
  -1   -2      3.278     -8.203      0.000 4
 543  540      3.331     -1.295      0.000 4
 544  541      3.341     -2.991      0.000 4
 546  542      3.377     -7.053      0.000 4
 547  543      3.418      6.653      0.000 4
 548   -2      3.426     -7.092      0.000 4
 550  544      3.443      2.956      0.000 4
 549  545      3.463     -4.409      0.000 4
 553  546      3.512      2.819      0.000 4
 552  548      3.514      1.337      0.000 4
 555  547      3.524     -5.274      0.000 4
 554  550      3.528      5.890      0.000 4
 556  549      3.531     -1.990      0.000 4
 557  551      3.563     -3.063      0.000 4
 558  552      3.585     -2.648      0.000 4
 559  553      3.610     -0.452      0.000 4
 562  554      3.633      3.043      0.000 4
 561  555      3.636     -6.902      0.000 4
 560  557      3.637     -6.798      0.000 4
 563  556      3.640     -0.871      0.000 4
  -1   -2      3.640     -5.899      0.000 4
 565  558      3.658      5.302      0.000 4
 564  559      3.661     -0.038      0.000 4
 566  561      3.677      2.225      0.000 4
 567  560      3.681     -5.880      0.000 4
 570  562      3.689     -5.118      0.000 4
 568  564      3.689      7.902      0.000 4
 569  563      3.691      5.035      0.000 4
 571  565      3.715     -5.366      0.000 4
 572  566      3.770      4.045      0.000 4
 577  567      3.789     -5.794      0.000 4
 575  568      3.790      2.612      0.000 4
 574   -2      3.791     -7.726      0.000 4
 580   -2      3.796     -6.661      0.000 4
  -1  570      3.803     -2.551      0.000 4
  -1   -2      3.817     -4.611      0.000 4
 581  571      3.820     -5.186      0.000 4
  -1  574      3.823     -5.857      0.000 4
 582  572      3.830     -0.557      0.000 4
 584  573      3.832      0.837      0.000 4
  -1   -2      3.841      6.738      0.000 4
  -1   -2      3.851     -7.032      0.000 4
 583  580      3.856     -7.456      0.000 4
 585  577      3.875     -6.980      0.000 4
 586  584      3.878     -7.667      0.000 4
 588  579      3.881     -0.990      0.000 4
 590  578      3.883     -2.059      0.000 4
  -1  581      3.884     -2.214      0.000 4
 587  586      3.887     -4.066      0.000 4
 591  582      3.891     -1.774      0.000 4
 589   -2      3.892     -5.561      0.000 4
 592  583      3.902      4.921      0.000 4
 593  585      3.906      5.254      0.000 4
 596  587      3.972     -1.224      0.000 4
 595  588      3.982     -8.028      0.000 4
 594  590      3.983     -7.795      0.000 4
 597  589      4.002      2.470      0.000 4
 598  591      4.038      4.110      0.000 4
 599  592      4.038      8.101      0.000 4
 601  593      4.042      2.876      0.000 4
  -1   -2      4.053     -4.731      0.000 4
 603  594      4.087      3.031      0.000 4
 604  595      4.110      4.911      0.000 4
 605  596      4.147     -5.387      0.000 4
 606  597      4.178      0.746      0.000 4
 607  598      4.231     -7.461      0.000 4
 608  599      4.271     -6.723      0.000 4
 610  600      4.300     -8.281      0.000 4
 609  601      4.301      4.701      0.000 4
 611  602      4.320      2.250      0.000 4
 612  603      4.326     -4.297      0.000 4
 613  604      4.336      8.332      0.000 4
 615  605      4.389     -1.995      0.000 4
 614  606      4.389      2.168      0.000 4
 616  607      4.442      4.647      0.000 4
 617  608      4.444      7.795      0.000 4
  -1  609      4.475     -2.074      0.000 4
 618  611      4.477      2.972      0.000 4
 620  610      4.479     -1.687      0.000 4
 619  612      4.485      4.629      0.000 4
 621  615      4.500      8.012      0.000 4
 622  614      4.502      0.805      0.000 4
 623  613      4.502     -5.704      0.000 4
 625  619      4.543      6.367      0.000 4
 624  618      4.545      4.799      0.000 4
 627  623      4.590     -3.234      0.000 4
 628  621      4.600     -4.826      0.000 4
 629  620      4.605     -8.237      0.000 4
 631  622      4.617      6.431      0.000 4
 635  625      4.661      3.291      0.000 4
 632  626      4.671      1.163      0.000 4
 633  630      4.684     -8.171      0.000 4
 637  627      4.689      2.800      0.000 4
 638  628      4.694      1.878      0.000 4
 639  629      4.701      0.618      0.000 4
 640  631      4.723     -6.434      0.000 4
 641  632      4.761     -5.159      0.000 4
 642  633      4.794      8.321      0.000 4
 643  634      4.808      3.006      0.000 4
 644  635      4.851     -4.075      0.000 4
 645  643      4.947     -2.780      0.000 4
 646  637      4.951      3.569      0.000 4
 648  638      4.961      5.100      0.000 4
 649  639      4.970      5.218      0.000 4
 647  640      4.978     -7.199      0.000 4
 651  641      5.016      0.284      0.000 4
 652  642      5.026      1.461      0.000 4
 654  645      5.056     -4.253      0.000 4
 657  644      5.059     -5.185      0.000 4
 656  646      5.063      8.108      0.000 4
 655  647      5.065      8.067      0.000 4
 658  648      5.095      4.664      0.000 4
 660  649      5.111     -3.949      0.000 4
 659  651      5.112      7.197      0.000 4
 661  650      5.114     -5.746      0.000 4
 662  652      5.122      6.916      0.000 4
 663  653      5.131      1.991      0.000 4
 664  654      5.153     -2.693      0.000 4
 665  655      5.176     -5.826      0.000 4
 666  656      5.210     -7.599      0.000 4
 667  658      5.226     -7.200      0.000 4
 668  659      5.232      6.836      0.000 4
 669  660      5.233      6.422      0.000 4
 671  661      5.278      1.547      0.000 4
  -1   -2      5.300     -6.502      0.000 4
 672  662      5.311     -3.115      0.000 4
 673  663      5.335      2.372      0.000 4
 674  664      5.405      5.805      0.000 4
 675  665      5.412     -7.843      0.000 4
 676  666      5.444      2.770      0.000 4
 677  667      5.449     -2.954      0.000 4
 678  668      5.470      1.974      0.000 4
 679  669      5.494      1.356      0.000 4
 680  670      5.496      6.038      0.000 4
  -1   -2      5.496     -5.744      0.000 4
 682  671      5.565      2.029      0.000 4
 683  672      5.579      4.467      0.000 4
 684  673      5.619     -8.082      0.000 4
 685  674      5.627     -5.033      0.000 4
 686  675      5.648      6.966      0.000 4
 687  676      5.682      3.913      0.000 4
 688  677      5.696     -0.648      0.000 4
 689  678      5.707     -6.709      0.000 4
  -1  679      5.725     -3.199      0.000 4
 690  680      5.761     -8.075      0.000 4
 692  681      5.774      4.591      0.000 4
  -1  682      5.789     -5.472      0.000 4
  -1   -2      5.809      0.234      0.000 4
 693  683      5.810     -5.794      0.000 4
 694  685      5.840     -2.467      0.000 4
 695  684      5.841      1.747      0.000 4
 698  686      5.852     -5.151      0.000 4
 697  687      5.861     -1.002      0.000 4
  -1   -2      5.897     -3.476      0.000 4
 700  688      5.904      1.963      0.000 4
 701  689      5.905     -0.758      0.000 4
 702  690      5.910      5.050      0.000 4
 703  691      5.937     -7.959      0.000 4
  -1  692      5.983     -7.378      0.000 4
 704  693      6.001      2.711      0.000 4
 705   -2      6.007     -4.155      0.000 4
 706   -2      6.008     -6.396      0.000 4
 707  694      6.026     -6.495      0.000 4
 708  695      6.039      0.212      0.000 4
 709  696      6.049     -5.300      0.000 4
 710  697      6.055     -4.338      0.000 4
 711  698      6.062     -0.484      0.000 4
 712  699      6.064      4.630      0.000 4
 714  700      6.075     -3.074      0.000 4
  -1   -2      6.085     -8.436      0.000 4
 715  702      6.107     -5.439      0.000 4
 716  703      6.114     -6.151      0.000 4
 717  704      6.163      1.685      0.000 4
 718  705      6.172      6.536      0.000 4
 719  706      6.199     -4.343      0.000 4
 721  707      6.218      3.851      0.000 4
 720  709      6.220      0.271      0.000 4
 722  708      6.220     -4.226      0.000 4
 723  710      6.224      3.181      0.000 4
 724  711      6.232     -1.569      0.000 4
 725  712      6.286      7.265      0.000 4
 727  713      6.329     -2.956      0.000 4
 728  714      6.349     -6.514      0.000 4
 729  715      6.357      1.943      0.000 4
 730  716      6.385      2.349      0.000 4
 731  717      6.404     -6.553      0.000 4
 732  718      6.412      7.015      0.000 4
 733  719      6.424     -4.275      0.000 4
 734  720      6.432     -2.934      0.000 4
  -1  721      6.470     -3.859      0.000 4
 735  722      6.497     -4.888      0.000 4
 736  724      6.550      6.903      0.000 4
 737  725      6.559     -5.327      0.000 4
 738  726      6.563     -5.968      0.000 4
 739  727      6.567      4.659      0.000 4
 740   -2      6.582     -1.318      0.000 4
 741  729      6.600      2.121      0.000 4
  -1   -2      6.612      4.691      0.000 4
 742  728      6.613     -1.290      0.000 4
 743  730      6.631     -0.588      0.000 4
 744  731      6.637      2.863      0.000 4
 745  732      6.659     -6.069      0.000 4
 746  733      6.681     -5.144      0.000 4
 747  734      6.688      5.636      0.000 4
 748  735      6.701     -5.338      0.000 4
 749  736      6.726      6.581      0.000 4
 750  737      6.730      0.424      0.000 4
 751  738      6.742     -6.234      0.000 4
 752  739      6.748     -5.512      0.000 4
 753  740      6.753      3.179      0.000 4
 754  741      6.768      3.293      0.000 4
 755  742      6.770     -1.893      0.000 4
 756  743      6.774      2.045      0.000 4
 757  744      6.800     -0.578      0.000 4
 758  745      6.802      0.680      0.000 4
 759  746      6.829     -0.779      0.000 4
 760  747      6.831     -6.066      0.000 4
 761  748      6.852     -7.677      0.000 4
 762  749      6.867      5.216      0.000 4
  -1   -2      6.884      1.839      0.000 4
  -1  750      6.889     -4.779      0.000 4
 763  751      6.900      3.614      0.000 4
  -1  752      6.911     -8.022      0.000 4
 764   -2      6.913     -0.121      0.000 4
 765  753      6.931     -0.921      0.000 4
 767  754      6.940     -4.938      0.000 4
 766  755      6.941      6.170      0.000 4
 768  756      6.950     -0.086      0.000 4
 769  758      6.971     -0.692      0.000 4
 770  759      6.986      0.429      0.000 4
  -1  760      6.994      2.077      0.000 4
 771  761      7.029      3.410      0.000 4
 772  762      7.029      6.625      0.000 4
 773  763      7.055      2.036      0.000 4
 775  764      7.057     -6.618      0.000 4
 774  765      7.065     -5.803      0.000 4
 776  766      7.090     -4.043      0.000 4
 777  768      7.110     -6.012      0.000 4
 778  771      7.147      7.537      0.000 4
 779  770      7.149     -8.305      0.000 4
 780  772      7.172      6.520      0.000 4
 781  773      7.197     -6.181      0.000 4
 782  774      7.217      0.188      0.000 4
 783  775      7.237     -3.983      0.000 4
 784  776      7.263      4.983      0.000 4
 785  777      7.273      4.364      0.000 4
 786  779      7.290     -4.410      0.000 4
 787  780      7.292      6.736      0.000 4
 789  781      7.312      4.306      0.000 4
 790  782      7.319      5.622      0.000 4
 791  784      7.328     -0.159      0.000 4
 792  785      7.378      3.545      0.000 4
  -1   -2      7.410     -0.687      0.000 4
 795  787      7.414     -6.422      0.000 4
 796  788      7.427      2.059      0.000 4
 797  789      7.491     -5.763      0.000 4
 798  790      7.496      5.259      0.000 4
 799  791      7.500      4.774      0.000 4
 800  792      7.509      4.420      0.000 4
 802  793      7.553     -2.915      0.000 4
 803  794      7.576     -1.553      0.000 4
 804  795      7.588      1.249      0.000 4
 805  796      7.608      4.751      0.000 4
 806  801      7.625      1.741      0.000 4
 807  797      7.646      2.270      0.000 4
 808  798      7.714      7.737      0.000 4
 809  799      7.750     -7.950      0.000 4
 810  800      7.766      8.246      0.000 4
  -1   -2      7.778     -3.001      0.000 4
 812  802      7.840      6.727      0.000 4
 813   -2      7.895      8.307      0.000 4
  -1  804      7.902     -5.162      0.000 4
 814  806      7.932     -5.026      0.000 4
 815  807      7.942     -2.120      0.000 4
 816  808      7.991      7.147      0.000 4
 817  809      8.014     -0.443      0.000 4
 818  810      8.025     -6.818      0.000 4
 819  811      8.028     -1.205      0.000 4
 820  812      8.033     -6.899      0.000 4
 821  813      8.038      1.017      0.000 4
 822  814      8.049     -5.659      0.000 4
 823  815      8.060     -7.647      0.000 4
 824  816      8.071      4.376      0.000 4
 825  817      8.100      3.149      0.000 4
 826  819      8.147     -4.785      0.000 4
 827  820      8.167     -4.552      0.000 4
 828  821      8.188      2.494      0.000 4
 830  823      8.189      3.230      0.000 4
 832  822      8.189      4.604      0.000 4
 829  824      8.190      1.709      0.000 4
 833  825      8.225     -7.294      0.000 4
 834  826      8.237     -6.343      0.000 4
 835  827      8.257      7.255      0.000 4
 836  828      8.279     -3.414      0.000 4
 837  829      8.285     -6.063      0.000 4
 838  830      8.316     -1.907      0.000 4
 840  831      8.328     -7.388      0.000 4
 841  832      8.335      7.028      0.000 4
 842  833      8.351      1.330      0.000 4
 843  834      8.354     -4.414      0.000 4
 844  835      8.362      8.187      0.000 4
 845  836      8.372      7.573      0.000 4
 846  837      8.392     -8.290      0.000 4
 847  838      8.407     -0.172      0.000 4
  -1  839      8.409      0.661      0.000 4
