857
   0    0     -8.434     -3.452      0.000 4
   2    2     -8.388     -0.891      0.000 4
   3    3     -8.385      7.548      0.000 4
   4    4     -8.375     -6.866      0.000 4
   5    5     -8.353     -8.137      0.000 4
   6    6     -8.344     -3.297      0.000 4
   7    7     -8.315     -4.612      0.000 4
   8    8     -8.280      1.213      0.000 4
   9    9     -8.267      0.553      0.000 4
  10   10     -8.260      6.856      0.000 4
  11   11     -8.253     -1.784      0.000 4
  12   12     -8.245     -8.237      0.000 4
  14   13     -8.210     -7.918      0.000 4
  13   14     -8.209      4.241      0.000 4
  15   15     -8.186      1.575      0.000 4
  16   16     -8.164      4.432      0.000 4
  -1   17     -8.159      1.526      0.000 4
  17   18     -8.148     -3.028      0.000 4
  18   19     -8.123      6.498      0.000 4
  19   20     -8.100      2.628      0.000 4
  20   21     -8.086     -2.497      0.000 4
  21   22     -8.052      1.358      0.000 4
  22   23     -8.037     -7.387      0.000 4
  23   25     -8.019      2.246      0.000 4
  24   26     -7.998     -6.233      0.000 4
  25   27     -7.987      6.578      0.000 4
  26   28     -7.951     -3.804      0.000 4
  27   29     -7.928      5.671      0.000 4
  28   30     -7.910     -6.959      0.000 4
  29   31     -7.889     -0.944      0.000 4
  30   32     -7.867      0.830      0.000 4
  31   33     -7.860     -0.171      0.000 4
  -1   -2     -7.843     -6.086      0.000 4
  32   34     -7.839      4.097      0.000 4
  34   35     -7.812      3.876      0.000 4
  35   36     -7.809      7.186      0.000 4
  39   37     -7.791     -6.141      0.000 4
  36   38     -7.786     -4.821      0.000 4
  37   39     -7.783      5.000      0.000 4
  38   40     -7.776      2.497      0.000 4
  -1   41     -7.753     -6.233      0.000 4
  40   42     -7.749     -2.740      0.000 4
  42   43     -7.742     -6.708      0.000 4
  41   44     -7.742     -5.108      0.000 4
  43   45     -7.736      5.249      0.000 4
  44   46     -7.733      1.984      0.000 4
  45   47     -7.725     -4.611      0.000 4
  46   48     -7.687     -0.677      0.000 4
  -1   49     -7.676      7.125      0.000 4
  48   50     -7.661      6.656      0.000 4
  49   51     -7.590      4.959      0.000 4
  50   52     -7.580     -6.873      0.000 4
  51   53     -7.541      0.429      0.000 4
  52   54     -7.514      8.230      0.000 4
  53   55     -7.511      0.009      0.000 4
  54   56     -7.502     -0.686      0.000 4
  55   57     -7.470     -1.093      0.000 4
  56   59     -7.462      7.998      0.000 4
  57   58     -7.460      3.630      0.000 4
  58   60     -7.388      3.986      0.000 4
  60   61     -7.374     -1.425      0.000 4
  59   62     -7.373      3.690      0.000 4
  -1   64     -7.353      3.905      0.000 4
  62   65     -7.348     -6.176      0.000 4
  63   66     -7.334      2.319      0.000 4
  65   67     -7.299     -5.382      0.000 4
  64   68     -7.297     -5.069      0.000 4
  66   69     -7.295      3.866      0.000 4
  67   70     -7.288      5.404      0.000 4
  68   71     -7.270     -8.358      0.000 4
  -1   73     -7.231     -7.949      0.000 4
  69   74     -7.232      3.253      0.000 4
  70   75     -7.226      6.149      0.000 4
  -1   76     -7.175     -8.104      0.000 4
  72   77     -7.157      7.658      0.000 4
  73   78     -7.146     -7.721      0.000 4
  75   -2     -7.141      5.106      0.000 4
  74   79     -7.141      6.093      0.000 4
  76   80     -7.134      4.052      0.000 4
  77   81     -7.132      4.749      0.000 4
  78   82     -7.114      7.298      0.000 4
  79   83     -7.103     -2.395      0.000 4
  80   84     -7.090      7.466      0.000 4
  81   85     -7.077      4.997      0.000 4
  82   86     -7.023     -5.398      0.000 4
  84   87     -6.998      1.966      0.000 4
  83   88     -6.997     -6.757      0.000 4
  85   89     -6.987      0.030      0.000 4
  86   90     -6.984     -6.566      0.000 4
  87   92     -6.967      4.341      0.000 4
  88   91     -6.966     -6.609      0.000 4
  89   93     -6.950     -2.389      0.000 4
  90   94     -6.935      5.120      0.000 4
  91   95     -6.935      5.469      0.000 4
  92   97     -6.902     -2.684      0.000 4
  93   98     -6.897      5.421      0.000 4
  -1   99     -6.882     -6.998      0.000 4
  94  100     -6.878      2.904      0.000 4
  -1   -2     -6.870     -6.407      0.000 4
  95  101     -6.869     -6.441      0.000 4
  96  102     -6.862     -0.824      0.000 4
  97  104     -6.831     -1.204      0.000 4
  98  103     -6.827     -7.477      0.000 4
  99  105     -6.825      7.554      0.000 4
 101  106     -6.768     -5.415      0.000 4
 100  107     -6.769      1.308      0.000 4
 102  108     -6.743      2.419      0.000 4
 103  110     -6.718      7.613      0.000 4
 104  111     -6.698      4.302      0.000 4
 105  113     -6.680     -3.027      0.000 4
 106  114     -6.659      1.670      0.000 4
 107  115     -6.657      1.356      0.000 4
 109  116     -6.620      3.550      0.000 4
 108  117     -6.619      2.383      0.000 4
 110  118     -6.581      5.781      0.000 4
 111  119     -6.565      6.979      0.000 4
 112  120     -6.549     -4.341      0.000 4
 113  121     -6.544     -6.335      0.000 4
 114  122     -6.507     -6.217      0.000 4
 116  123     -6.488      7.617      0.000 4
 117  124     -6.483      3.064      0.000 4
 118  125     -6.452     -4.756      0.000 4
 119   -2     -6.443      6.775      0.000 4
  -1   -2     -6.398     -2.005      0.000 4
 120  126     -6.393      0.142      0.000 4
 121  127     -6.384     -7.816      0.000 4
 122   -2     -6.367     -6.592      0.000 4
 123  128     -6.363     -3.558      0.000 4
 124  129     -6.351      3.523      0.000 4
 125  130     -6.346      4.886      0.000 4
  -1  131     -6.313      8.138      0.000 4
 126   -2     -6.305     -0.494      0.000 4
 127  132     -6.277     -5.805      0.000 4
 128  133     -6.249      0.099      0.000 4
 129  134     -6.237      0.333      0.000 4
 131  135     -6.205     -8.242      0.000 4
 130  136     -6.203     -1.646      0.000 4
  -1  137     -6.202      0.985      0.000 4
 132  138     -6.185      2.502      0.000 4
 134  139     -6.152      4.886      0.000 4
 135  140     -6.151      3.379      0.000 4
 133   -2     -6.150     -4.574      0.000 4
 136  141     -6.141     -7.605      0.000 4
 137  142     -6.138      2.737      0.000 4
 138  143     -6.136     -5.231      0.000 4
 139  144     -6.084      1.240      0.000 4
 140  145     -6.083      7.354      0.000 4
 141  146     -6.077     -7.111      0.000 4
 142  147     -6.057      6.283      0.000 4
  -1  148     -6.051     -4.654      0.000 4
 144  149     -6.034      3.716      0.000 4
 143  150     -6.030     -1.076      0.000 4
 145  153     -5.976     -7.644      0.000 4
 146   -2     -5.963      2.484      0.000 4
 147  154     -5.946      3.086      0.000 4
 148  155     -5.934      6.813      0.000 4
 150  156     -5.911     -0.467      0.000 4
 151  157     -5.891      4.870      0.000 4
 152  159     -5.864     -5.845      0.000 4
 153  160     -5.864     -4.726      0.000 4
 154  161     -5.836     -0.034      0.000 4
 155  162     -5.813      4.710      0.000 4
 156  163     -5.781     -1.643      0.000 4
 157  164     -5.765     -1.875      0.000 4
 158  165     -5.754     -5.792      0.000 4
 159  166     -5.677      7.407      0.000 4
 161  167     -5.662      1.910      0.000 4
 160  168     -5.661     -4.131      0.000 4
 162  169     -5.638      5.753      0.000 4
 163  170     -5.622      0.737      0.000 4
 165  171     -5.576      7.242      0.000 4
 171  172     -5.556     -7.792      0.000 4
 166  173     -5.556     -0.891      0.000 4
 167  174     -5.547     -2.546      0.000 4
 168  177     -5.544     -1.766      0.000 4
 169  176     -5.542      0.274      0.000 4
 170  175     -5.541      6.040      0.000 4
 172  178     -5.523      2.667      0.000 4
 175   -2     -5.489     -8.424      0.000 4
 173  179     -5.479     -3.109      0.000 4
 174  180     -5.462     -4.909      0.000 4
 176  181     -5.444      4.812      0.000 4
 179  182     -5.429     -6.361      0.000 4
 178  183     -5.428     -0.691      0.000 4
 180  184     -5.424     -1.279      0.000 4
 181  185     -5.415      5.238      0.000 4
 182  186     -5.358     -3.037      0.000 4
 185  187     -5.325     -2.388      0.000 4
 183  188     -5.323      3.831      0.000 4
 186  189     -5.313     -3.052      0.000 4
 187  191     -5.302     -0.615      0.000 4
 189  193     -5.258      2.066      0.000 4
 190  194     -5.247     -3.837      0.000 4
 192   -2     -5.222      0.688      0.000 4
 195  196     -5.139     -8.022      0.000 4
 196  197     -5.115     -1.770      0.000 4
 194  198     -5.106     -4.687      0.000 4
 197  199     -5.092     -6.661      0.000 4
 198  200     -5.083     -3.893      0.000 4
 199  201     -5.041     -0.098      0.000 4
 201  203     -5.024     -4.896      0.000 4
 202  202     -5.018     -0.023      0.000 4
 203  204     -5.018      1.560      0.000 4
 204  205     -4.997      0.520      0.000 4
 205  206     -4.963      3.963      0.000 4
 206  207     -4.944      5.124      0.000 4
 207  208     -4.936      3.761      0.000 4
 208  209     -4.929     -0.347      0.000 4
 210  210     -4.907     -4.246      0.000 4
 212  211     -4.881      1.597      0.000 4
 211  212     -4.877      8.374      0.000 4
 214  214     -4.867      8.228      0.000 4
 213   -2     -4.856     -3.360      0.000 4
 215  215     -4.851      3.866      0.000 4
 216  217     -4.843     -1.364      0.000 4
 217  216     -4.840      0.659      0.000 4
 218  219     -4.815      1.622      0.000 4
 220  220     -4.800     -3.568      0.000 4
 219  221     -4.793     -3.315      0.000 4
 221  222     -4.782      0.055      0.000 4
 223  218     -4.781     -8.173      0.000 4
 222  223     -4.761     -4.390      0.000 4
 224  225     -4.742      0.386      0.000 4
 226  224     -4.717     -6.799      0.000 4
 225  226     -4.707      3.562      0.000 4
 227  227     -4.693      4.567      0.000 4
 228  228     -4.653      2.641      0.000 4
 229  231     -4.635     -4.368      0.000 4
 232  229     -4.632      3.413      0.000 4
 234  230     -4.621      5.785      0.000 4
 235  235     -4.564     -5.195      0.000 4
 237  234     -4.550     -7.103      0.000 4
 238  236     -4.549      2.538      0.000 4
  -1  237     -4.539     -2.470      0.000 4
 239  239     -4.509     -5.056      0.000 4
 233   -2     -4.506      2.161      0.000 4
 243  240     -4.475      0.589      0.000 4
 242  241     -4.474     -1.294      0.000 4
 241  243     -4.471     -5.385      0.000 4
 244  242     -4.453     -6.417      0.000 4
 245  244     -4.442     -6.304      0.000 4
  -1  245     -4.407     -6.861      0.000 4
 247  247     -4.359      3.528      0.000 4
 248  248     -4.345     -4.708      0.000 4
 249  249     -4.298      1.067      0.000 4
 250  250     -4.267      1.032      0.000 4
 251  252     -4.205      0.558      0.000 4
 255  251     -4.186     -6.769      0.000 4
 252  253     -4.183     -4.665      0.000 4
 253   -2     -4.177      7.661      0.000 4
 256  254     -4.149      3.302      0.000 4
 257  258     -4.123     -4.554      0.000 4
 259  257     -4.106      2.612      0.000 4
  -1  256     -4.106     -1.721      0.000 4
 258  260     -4.093     -4.332      0.000 4
 260  259     -4.087     -1.461      0.000 4
 262  261     -4.040      2.547      0.000 4
 263  262     -4.025      1.544      0.000 4
 265  264     -4.020     -8.249      0.000 4
 264  263     -4.019      5.709      0.000 4
 266   -2     -4.003     -1.633      0.000 4
 267  265     -3.988      2.024      0.000 4
 268  266     -3.962     -7.639      0.000 4
  -1  267     -3.961      3.987      0.000 4
 269  269     -3.898     -4.253      0.000 4
 271  270     -3.881      5.313      0.000 4
 273  271     -3.871      2.896      0.000 4
 274  272     -3.837      2.159      0.000 4
 275  273     -3.810     -7.920      0.000 4
 277  274     -3.775     -0.527      0.000 4
  -1  276     -3.752     -5.428      0.000 4
 278  278     -3.743      8.257      0.000 4
 280  281     -3.655      0.371      0.000 4
 279  282     -3.655     -7.937      0.000 4
 281  283     -3.627      7.795      0.000 4
 282  284     -3.593     -1.500      0.000 4
 283  285     -3.558     -0.284      0.000 4
 284   -2     -3.506      8.142      0.000 4
 285  286     -3.471      0.627      0.000 4
 287  289     -3.446     -3.322      0.000 4
 294  288     -3.439     -6.640      0.000 4
 290  291     -3.436      6.367      0.000 4
 289  290     -3.428     -1.631      0.000 4
 292  293     -3.427      8.394      0.000 4
 288  295     -3.422     -4.761      0.000 4
 296  292     -3.414      0.413      0.000 4
 293  297     -3.404     -4.509      0.000 4
 295  298     -3.397     -7.723      0.000 4
 297  296     -3.391      7.822      0.000 4
 299  299     -3.326      4.230      0.000 4
 300  300     -3.311      2.369      0.000 4
 302  302     -3.298      5.419      0.000 4
 303  304     -3.253      6.180      0.000 4
  -1   -2     -3.240      1.008      0.000 4
  -1   -2     -3.239      5.973      0.000 4
 305  306     -3.213     -0.312      0.000 4
 306  305     -3.199      2.165      0.000 4
 308  307     -3.175     -6.545      0.000 4
  -1   -2     -3.099      3.814      0.000 4
 309  309     -3.061      7.915      0.000 4
 311  310     -3.030     -2.222      0.000 4
 310  311     -3.019      2.002      0.000 4
 312  313     -3.003      3.069      0.000 4
 314  312     -2.999     -0.957      0.000 4
 313  317     -2.990     -5.198      0.000 4
 315  314     -2.983     -1.244      0.000 4
 316  316     -2.972     -2.983      0.000 4
 318  315     -2.942      0.734      0.000 4
 317  318     -2.920     -1.235      0.000 4
 319  320     -2.899     -0.730      0.000 4
 320  321     -2.888     -7.022      0.000 4
 323  323     -2.856      1.365      0.000 4
 321  326     -2.839      4.298      0.000 4
 326  325     -2.837     -7.719      0.000 4
 325   -2     -2.835     -1.363      0.000 4
 322  328     -2.817     -4.800      0.000 4
 327  329     -2.783     -3.282      0.000 4
 329  327     -2.776      1.455      0.000 4
 328  330     -2.763      8.011      0.000 4
 332  331     -2.747      5.665      0.000 4
 330  332     -2.744     -3.563      0.000 4
 333  334     -2.710      6.659      0.000 4
 334  336     -2.709      6.277      0.000 4
 336  333     -2.706      8.115      0.000 4
 335  335     -2.694     -6.917      0.000 4
 337  337     -2.670      7.065      0.000 4
 339  338     -2.653      7.797      0.000 4
 338  341     -2.648      3.292      0.000 4
 340  339     -2.641     -5.531      0.000 4
 342  340     -2.630     -8.288      0.000 4
 343  343     -2.607      6.365      0.000 4
 345  345     -2.568     -1.294      0.000 4
 348  344     -2.562      1.319      0.000 4
 344  346     -2.556     -6.734      0.000 4
 347  347     -2.536     -2.986      0.000 4
 349   -2     -2.527     -5.313      0.000 4
 350  349     -2.500     -3.371      0.000 4
  -1  350     -2.497      4.286      0.000 4
 351  348     -2.490      2.253      0.000 4
 352  352     -2.374     -3.314      0.000 4
 353  351     -2.353     -6.348      0.000 4
 355   -2     -2.281      5.734      0.000 4
 354  353     -2.277     -4.142      0.000 4
 356   -2     -2.215     -5.487      0.000 4
 360  355     -2.167     -0.347      0.000 4
 361  356     -2.154     -6.167      0.000 4
 359  357     -2.153     -1.432      0.000 4
 358   -2     -2.134      0.374      0.000 4
 363  358     -2.119      5.435      0.000 4
 365  359     -2.084      7.823      0.000 4
 362  361     -2.080     -4.006      0.000 4
 364  360     -2.066      4.286      0.000 4
 366  362     -2.041      5.833      0.000 4
 369  363     -1.986      0.728      0.000 4
 367  365     -1.981     -1.837      0.000 4
 368  366     -1.964     -2.274      0.000 4
  -1  364     -1.963     -6.094      0.000 4
 371  369     -1.902     -4.407      0.000 4
 372  367     -1.889      5.721      0.000 4
  -1   -2     -1.882      0.877      0.000 4
 373  368     -1.871     -5.730      0.000 4
 374  370     -1.849      0.376      0.000 4
  -1   -2     -1.825      1.873      0.000 4
 376  371     -1.793      0.920      0.000 4
 378  372     -1.734      2.255      0.000 4
 377  373     -1.732      5.435      0.000 4
 379  375     -1.697     -3.926      0.000 4
 381  374     -1.692     -1.041      0.000 4
  -1  376     -1.682     -4.681      0.000 4
 383  377     -1.666      5.779      0.000 4
  -1  380     -1.573      5.703      0.000 4
 384  378     -1.557      3.772      0.000 4
 386  379     -1.521     -7.436      0.000 4
 387  381     -1.503     -6.491      0.000 4
 385  383     -1.497     -1.187      0.000 4
  -1  382     -1.470      0.044      0.000 4
 388  384     -1.453     -2.982      0.000 4
 389  385     -1.446      1.663      0.000 4
 390  388     -1.378     -3.826      0.000 4
  -1  387     -1.357     -1.888      0.000 4
 392  390     -1.326      1.775      0.000 4
  -1  391     -1.162      1.316      0.000 4
 393  392     -1.157     -1.251      0.000 4
 395  393     -0.979     -2.462      0.000 4
 396  395     -0.977     -2.839      0.000 4
 398  397     -0.943      4.980      0.000 4
 399  394     -0.935     -6.693      0.000 4
 397  399     -0.904     -1.464      0.000 4
  -1   -2     -0.900     -3.043      0.000 4
 400  401     -0.842     -5.855      0.000 4
 401   -2     -0.798     -7.774      0.000 4
 402  402     -0.760      6.083      0.000 4
 404   -2     -0.753     -2.405      0.000 4
 405  404     -0.678      5.460      0.000 4
 406  403     -0.673     -2.902      0.000 4
 407  405     -0.659      1.585      0.000 4
 409  406     -0.576     -5.029      0.000 4
 411  407     -0.484     -2.907      0.000 4
 410  408     -0.480      6.189      0.000 4
 412  410     -0.357      0.824      0.000 4
  -1   -2     -0.347      0.992      0.000 4
  -1  409     -0.341     -7.060      0.000 4
  -1  412     -0.233     -0.863      0.000 4
 413  411     -0.232     -3.100      0.000 4
 414  414     -0.200      1.851      0.000 4
  -1   -2     -0.179     -8.389      0.000 4
 415  415     -0.177      4.912      0.000 4
 416  416     -0.146     -4.092      0.000 4
 418  417     -0.077      0.618      0.000 4
 419  418     -0.063     -6.369      0.000 4
 420  420     -0.032      2.412      0.000 4
 421  421     -0.014     -2.085      0.000 4
 422  419     -0.011     -1.780      0.000 4
 423  422      0.339     -7.030      0.000 4
 424  423      0.377     -6.471      0.000 4
 425  424      0.446     -7.874      0.000 4
 426  425      0.538     -1.780      0.000 4
 428  426      0.621      4.240      0.000 4
  -1   -2      0.645      7.411      0.000 4
 429  428      0.664     -6.592      0.000 4
 430  429      0.693      7.473      0.000 4
  -1  427      0.694     -5.693      0.000 4
 435  431      0.857     -1.627      0.000 4
 434  434      0.860     -3.598      0.000 4
  -1  432      0.863      1.728      0.000 4
 437  433      0.906      6.703      0.000 4
 436  435      0.926      8.055      0.000 4
 439   -2      0.967      1.491      0.000 4
  -1   -2      0.967      0.685      0.000 4
  -1  437      0.989     -2.821      0.000 4
 441  436      1.002      4.602      0.000 4
 442   -2      1.059     -1.733      0.000 4
 443  438      1.076      4.756      0.000 4
 445  439      1.117     -6.378      0.000 4
 444  441      1.141     -5.552      0.000 4
 447  440      1.142      6.829      0.000 4
 451  442      1.173      3.840      0.000 4
 449  444      1.210     -7.708      0.000 4
 450  443      1.211     -7.390      0.000 4
 452  447      1.265      5.470      0.000 4
 453  446      1.265     -0.424      0.000 4
 456  448      1.303     -7.247      0.000 4
 459  449      1.320      3.432      0.000 4
 455  452      1.332     -3.724      0.000 4
 460  451      1.364      1.639      0.000 4
 457  454      1.373      7.564      0.000 4
 462  453      1.379      7.213      0.000 4
 464  456      1.444      2.337      0.000 4
 463  459      1.450     -4.535      0.000 4
 465  458      1.479     -5.676      0.000 4
 467  460      1.508     -6.693      0.000 4
 468  462      1.520     -0.988      0.000 4
 469  463      1.534     -7.757      0.000 4
 466  465      1.543     -1.409      0.000 4
 470   -2      1.555     -3.926      0.000 4
 472  466      1.623      5.864      0.000 4
 473  467      1.628     -6.781      0.000 4
 474  468      1.637     -7.716      0.000 4
 471   -2      1.638      3.644      0.000 4
 476  469      1.669      4.779      0.000 4
 475  470      1.677     -5.827      0.000 4
 477  471      1.703      0.021      0.000 4
 481  472      1.724      2.630      0.000 4
  -1   -2      1.732     -5.793      0.000 4
 480  473      1.737     -6.267      0.000 4
 478  475      1.737      8.263      0.000 4
  -1  474      1.738      2.389      0.000 4
 482  476      1.775     -5.584      0.000 4
 483  477      1.788      5.451      0.000 4
 484   -2      1.807     -5.205      0.000 4
 486  479      1.850     -6.022      0.000 4
 487  481      1.864     -7.211      0.000 4
 485  497      1.865     -3.355      0.000 4
 488  483      1.900     -0.676      0.000 4
 489  482      1.902     -6.911      0.000 4
 491  484      1.922     -0.373      0.000 4
 492  486      1.949     -3.879      0.000 4
 493  485      1.961      3.620      0.000 4
 494   -2      1.975     -8.222      0.000 4
 496  487      1.981      1.825      0.000 4
 495  489      1.986     -5.883      0.000 4
 497  491      2.008     -2.933      0.000 4
 498  500      2.049      5.991      0.000 4
 500  492      2.053     -7.492      0.000 4
 501  493      2.060      5.633      0.000 4
 499  495      2.071      3.252      0.000 4
 502  494      2.075      7.195      0.000 4
 503  496      2.081     -1.262      0.000 4
  -1  499      2.082     -0.445      0.000 4
 504  498      2.109      0.203      0.000 4
 513   -2      2.110      5.987      0.000 4
 505  501      2.138     -3.106      0.000 4
 506  502      2.170     -7.025      0.000 4
  -1   -2      2.180      7.713      0.000 4
 507  506      2.233      4.992      0.000 4
 508  507      2.246      8.288      0.000 4
 509  508      2.254      4.157      0.000 4
  -1  509      2.261     -0.059      0.000 4
 510   -2      2.262      5.702      0.000 4
 511  510      2.278     -5.050      0.000 4
 514  512      2.313      5.439      0.000 4
 515  514      2.329     -5.931      0.000 4
 512  516      2.334      4.022      0.000 4
 516   -2      2.337     -8.430      0.000 4
 517  513      2.347     -5.470      0.000 4
  -1  515      2.354      0.066      0.000 4
 519  504      2.396      7.608      0.000 4
 518  519      2.402     -4.060      0.000 4
 520  517      2.406      5.432      0.000 4
 522  520      2.424      4.907      0.000 4
 523  522      2.454      0.416      0.000 4
 524  521      2.458      2.786      0.000 4
  -1  523      2.508     -4.268      0.000 4
 525   -2      2.537      3.473      0.000 4
 526  525      2.539      6.661      0.000 4
 527  526      2.560     -4.490      0.000 4
 528  527      2.564     -3.816      0.000 4
 529  528      2.584      3.587      0.000 4
 530  529      2.600     -2.456      0.000 4
 531  530      2.613     -3.748      0.000 4
 532   -2      2.684      1.203      0.000 4
 535  531      2.712     -5.928      0.000 4
  -1   -2      2.731     -5.068      0.000 4
 534  535      2.742      2.195      0.000 4
 536  532      2.743     -6.466      0.000 4
 537   -2      2.776      2.094      0.000 4
  -1  538      2.790      2.312      0.000 4
 538  537      2.793     -0.121      0.000 4
 540  536      2.800      4.833      0.000 4
 539  539      2.802      7.698      0.000 4
 541  540      2.867     -1.816      0.000 4
 543   -2      2.897     -7.277      0.000 4
 544  541      2.899      4.148      0.000 4
 545  542      2.913      5.854      0.000 4
 546  543      2.933     -1.010      0.000 4
 547  544      2.940      1.993      0.000 4
 548  545      2.955     -1.567      0.000 4
 550  546      3.004      2.888      0.000 4
 551  548      3.074     -2.835      0.000 4
 552  549      3.109     -5.245      0.000 4
 553  550      3.117      6.093      0.000 4
 554  551      3.124     -7.802      0.000 4
 555   -2      3.132      2.653      0.000 4
 556   -2      3.146      6.022      0.000 4
 557  552      3.161     -0.774      0.000 4
 559  554      3.194      8.267      0.000 4
 560  556      3.211      0.831      0.000 4
 561  555      3.213      3.005      0.000 4
  -1   -2      3.225     -4.661      0.000 4
 564   -2      3.275     -0.996      0.000 4
 562  557      3.276     -2.848      0.000 4
 565   -2      3.283      2.885      0.000 4
 566  558      3.310     -2.364      0.000 4
 567  559      3.328     -8.294      0.000 4
 568  560      3.344     -5.858      0.000 4
 569  561      3.347     -6.520      0.000 4
 570  562      3.351     -7.342      0.000 4
 572  563      3.379      6.641      0.000 4
 571  564      3.382     -4.030      0.000 4
 575  565      3.443      5.256      0.000 4
 573  567      3.446      4.361      0.000 4
 574  566      3.448      5.836      0.000 4
 576  568      3.483     -0.517      0.000 4
 577   -2      3.486     -3.033      0.000 4
 578  569      3.497      2.603      0.000 4
 580  571      3.510     -6.411      0.000 4
 581  570      3.515     -5.676      0.000 4
 579  572      3.541     -3.478      0.000 4
 582  573      3.564      5.023      0.000 4
 583  574      3.571     -0.049      0.000 4
 585  575      3.596     -1.973      0.000 4
 584  576      3.604     -2.594      0.000 4
 586  577      3.615      4.050      0.000 4
 589  578      3.630     -1.125      0.000 4
 587  583      3.644     -3.461      0.000 4
 592  580      3.647     -0.796      0.000 4
 588  581      3.650      1.086      0.000 4
 590  582      3.657      7.904      0.000 4
 591  584      3.674     -2.944      0.000 4
  -1   -2      3.690     -2.303      0.000 4
 593  585      3.708     -0.605      0.000 4
 596  586      3.739     -7.562      0.000 4
 594  589      3.743      7.708      0.000 4
 595  588      3.745     -2.801      0.000 4
 597  590      3.766     -1.360      0.000 4
 598  592      3.779     -7.625      0.000 4
 600   -2      3.780     -6.550      0.000 4
 601  591      3.782     -5.705      0.000 4
 599  593      3.785      4.940      0.000 4
  -1   -2      3.792      6.726      0.000 4
 602  594      3.797      5.251      0.000 4
 604  596      3.891      2.994      0.000 4
  -1  597      3.908     -0.005      0.000 4
  -1  598      3.909      4.122      0.000 4
 605  599      3.938      3.122      0.000 4
 606  600      3.964     -7.803      0.000 4
 607  602      3.994     -0.580      0.000 4
 608  603      3.998      8.107      0.000 4
 609  604      4.004      4.918      0.000 4
 611  605      4.011     -1.132      0.000 4
 610  606      4.030      0.610      0.000 4
 612  607      4.054     -7.295      0.000 4
 615  608      4.092     -1.099      0.000 4
 613   -2      4.099     -6.042      0.000 4
 614  609      4.103     -7.996      0.000 4
 616  611      4.152     -8.373      0.000 4
 619  610      4.180     -6.001      0.000 4
 621  614      4.196      2.192      0.000 4
 618  615      4.198     -4.330      0.000 4
 622  613      4.205     -5.913      0.000 4
  -1   -2      4.211      4.730      0.000 4
 625  617      4.231     -2.022      0.000 4
 629  618      4.258     -6.559      0.000 4
 628  619      4.268     -4.066      0.000 4
 631  620      4.284     -1.793      0.000 4
 627  624      4.292     -6.813      0.000 4
 632  623      4.300      8.343      0.000 4
 633  626      4.352      2.191      0.000 4
 634  625      4.353     -1.595      0.000 4
 636  627      4.391      4.653      0.000 4
 637  628      4.405      7.799      0.000 4
 638  630      4.446      3.017      0.000 4
 639  631      4.447     -0.979      0.000 4
 641  632      4.455      4.822      0.000 4
 640  633      4.457      8.022      0.000 4
 642  635      4.477     -7.058      0.000 4
 643  634      4.484      6.372      0.000 4
  -1   -2      4.497     -5.006      0.000 4
 644  639      4.531      0.676      0.000 4
 645  637      4.535      8.011      0.000 4
 646  638      4.537      0.550      0.000 4
 647  640      4.564      6.430      0.000 4
 648  641      4.572      1.877      0.000 4
 649  642      4.575      3.334      0.000 4
 650  644      4.583      2.669      0.000 4
 651  643      4.583     -1.454      0.000 4
 652  645      4.595      0.074      0.000 4
 656  646      4.623     -2.677      0.000 4
 654  648      4.627      2.617      0.000 4
 655  647      4.629      2.857      0.000 4
  -1  649      4.674     -5.190      0.000 4
  -1  650      4.692      0.543      0.000 4
 658  651      4.703     -3.182      0.000 4
 659  652      4.738      3.062      0.000 4
 660  653      4.757      8.333      0.000 4
  -1   -2      4.766     -7.967      0.000 4
  -1   -2      4.775      4.144      0.000 4
 662  655      4.810     -7.535      0.000 4
  -1   -2      4.863      3.358      0.000 4
 663  656      4.896      5.119      0.000 4
 664  659      4.909      3.612      0.000 4
 665  658      4.910      5.243      0.000 4
 666  657      4.910     -5.218      0.000 4
 667  660      4.924      1.077      0.000 4
 668  661      4.932      1.530      0.000 4
 669  662      4.955     -2.806      0.000 4
 671  664      4.977     -4.902      0.000 4
 673  663      4.987     -6.511      0.000 4
 672  665      5.000     -3.451      0.000 4
 674  666      5.017     -8.222      0.000 4
  -1  667      5.026      8.122      0.000 4
 675  668      5.028      8.079      0.000 4
 677  670      5.041     -5.757      0.000 4
 678  669      5.048     -2.914      0.000 4
  -1  671      5.056     -3.977      0.000 4
 680  672      5.069      2.022      0.000 4
 681  673      5.072      7.208      0.000 4
 682  674      5.078      6.929      0.000 4
 683  675      5.157     -5.796      0.000 4
 679   -2      5.174     -2.468      0.000 4
 684  676      5.185      6.435      0.000 4
 685  677      5.188      6.843      0.000 4
 687  678      5.226      1.597      0.000 4
 689  679      5.259      7.075      0.000 4
 690  680      5.292      2.418      0.000 4
 691  681      5.352      5.820      0.000 4
 692  682      5.370     -7.645      0.000 4
 693  683      5.376     -2.888      0.000 4
 695  684      5.388     -7.779      0.000 4
 694  685      5.396      2.808      0.000 4
 696  686      5.429      2.003      0.000 4
 697  687      5.448      6.055      0.000 4
 698  688      5.452      1.395      0.000 4
 700  689      5.484     -6.620      0.000 4
 701  691      5.492     -5.110      0.000 4
 702  692      5.519      2.060      0.000 4
 703  693      5.531      4.496      0.000 4
 704   -2      5.575      0.053      0.000 4
 705  694      5.583     -8.207      0.000 4
 706  695      5.609      6.979      0.000 4
 707  696      5.631      3.942      0.000 4
 708  697      5.644     -0.636      0.000 4
 709  699      5.664     -3.154      0.000 4
 710  698      5.664     -5.806      0.000 4
 711  700      5.688     -5.458      0.000 4
 712  701      5.721      4.610      0.000 4
 713  703      5.764     -2.438      0.000 4
 714  705      5.797     -0.984      0.000 4
 715  706      5.800      1.775      0.000 4
 716  707      5.838     -8.006      0.000 4
 717  708      5.864      1.995      0.000 4
 718  711      5.869     -8.377      0.000 4
 720  710      5.870      5.077      0.000 4
 719  712      5.871     -0.747      0.000 4
 721  709      5.874     -6.348      0.000 4
 722  713      5.881     -6.454      0.000 4
 724   -2      5.942     -4.133      0.000 4
 725  714      5.958      2.743      0.000 4
 726  715      5.961     -5.283      0.000 4
 728  716      5.987     -6.136      0.000 4
 729  718      5.993      0.233      0.000 4
 730  717      5.994     -4.323      0.000 4
 733  720      6.021     -3.036      0.000 4
 732  719      6.021      4.655      0.000 4
  -1  721      6.024     -5.424      0.000 4
 734  722      6.034     -0.464      0.000 4
 735  723      6.130      1.718      0.000 4
 736  724      6.163     -6.612      0.000 4
 737  726      6.172      3.878      0.000 4
 738  725      6.173     -4.208      0.000 4
 739  727      6.187      3.208      0.000 4
 740  728      6.190      0.302      0.000 4
 741  729      6.230     -6.469      0.000 4
 742  730      6.254      7.276      0.000 4
 743  731      6.268     -2.122      0.000 4
 744  732      6.277     -2.919      0.000 4
 745  733      6.292     -6.518      0.000 4
 746  734      6.350      2.378      0.000 4
 747  735      6.368     -4.256      0.000 4
 748  736      6.383      7.028      0.000 4
 749  737      6.433     -4.869      0.000 4
 750  738      6.471     -5.942      0.000 4
 751  739      6.473      4.119      0.000 4
  -1  740      6.486     -5.312      0.000 4
 752  741      6.491      5.506      0.000 4
  -1   -2      6.498     -2.048      0.000 4
 753  742      6.513      6.913      0.000 4
 754  743      6.529      4.682      0.000 4
 755   -2      6.533     -1.298      0.000 4
 756  747      6.561      2.144      0.000 4
 758  744      6.563     -1.271      0.000 4
 757  746      6.563     -6.038      0.000 4
 759  745      6.564      0.213      0.000 4
 760  748      6.598     -0.569      0.000 4
 761  749      6.604      2.889      0.000 4
 762  750      6.612     -5.120      0.000 4
 763  751      6.629     -5.309      0.000 4
 764  752      6.650     -6.195      0.000 4
 765  753      6.655      5.654      0.000 4
 766  754      6.669     -5.490      0.000 4
 767  755      6.699      6.599      0.000 4
 768  756      6.701      0.451      0.000 4
 769  757      6.717      3.202      0.000 4
 770  758      6.719     -1.870      0.000 4
  -1  760      6.719      2.062      0.000 4
 771  759      6.738      3.318      0.000 4
 773  761      6.744     -6.029      0.000 4
 772   -2      6.748      2.078      0.000 4
 774  762      6.767     -0.555      0.000 4
 775  763      6.790     -0.758      0.000 4
 776  764      6.833      5.237      0.000 4
  -1  765      6.843     -7.950      0.000 4
 777  766      6.870      3.638      0.000 4
 778  767      6.879     -4.912      0.000 4
 780  769      6.893     -0.897      0.000 4
 781  768      6.894     -2.628      0.000 4
 782  770      6.906     -0.068      0.000 4
 783  771      6.916      6.189      0.000 4
 784  772      6.932     -0.672      0.000 4
 785  773      6.950      0.449      0.000 4
  -1  774      6.967      2.106      0.000 4
 787  775      6.990     -6.572      0.000 4
 788  777      6.994     -8.419      0.000 4
 786  776      6.995     -5.773      0.000 4
 789  778      6.997      3.436      0.000 4
 790  780      7.000      6.639      0.000 4
 791  781      7.003      2.049      0.000 4
 792  782      7.030      2.068      0.000 4
 793  784      7.034     -4.017      0.000 4
 794  783      7.036     -5.972      0.000 4
 795  785      7.058     -8.313      0.000 4
 796   -2      7.066     -0.177      0.000 4
  -1   -2      7.101      7.387      0.000 4
 797  786      7.126     -6.142      0.000 4
 798  787      7.128      7.557      0.000 4
 799  789      7.147      6.534      0.000 4
  -1   -2      7.181     -1.375      0.000 4
 800  790      7.186      0.212      0.000 4
 801  791      7.189     -3.952      0.000 4
 802  792      7.237      4.999      0.000 4
 803  793      7.238     -4.380      0.000 4
 804  794      7.241      4.385      0.000 4
 805  796      7.264      6.754      0.000 4
 806  795      7.266     -7.190      0.000 4
 807  797      7.279      4.321      0.000 4
 808  798      7.294      5.641      0.000 4
 809  799      7.296     -0.134      0.000 4
 811  800      7.346      3.560      0.000 4
 812  802      7.398      2.082      0.000 4
 813  803      7.426     -5.725      0.000 4
 814   -2      7.452      4.784      0.000 4
 815  805      7.471      5.279      0.000 4
 817  806      7.482      4.438      0.000 4
 816  804      7.484      4.802      0.000 4
 819   -2      7.505      4.596      0.000 4
 820  807      7.506     -2.887      0.000 4
 818  808      7.506     -8.377      0.000 4
 821  809      7.535     -1.530      0.000 4
 822  810      7.560      1.279      0.000 4
 823  811      7.584      4.768      0.000 4
 824  812      7.593      1.764      0.000 4
 825  813      7.616      2.294      0.000 4
 826   -2      7.675     -8.169      0.000 4
 827  814      7.695      7.757      0.000 4
 828  815      7.697     -7.868      0.000 4
 829  816      7.734     -2.971      0.000 4
 830  817      7.749      8.267      0.000 4
 832   -2      7.775     -7.047      0.000 4
 833  818      7.813     -0.843      0.000 4
 834  819      7.820      6.742      0.000 4
 835  820      7.882     -4.987      0.000 4
 836  821      7.974     -0.715      0.000 4
 837  822      7.975     -6.766      0.000 4
 838  824      7.979     -0.422      0.000 4
 839  825      7.982     -6.844      0.000 4
 840  826      7.993     -1.180      0.000 4
 841  827      7.998     -5.619      0.000 4
 842  828      8.005      1.036      0.000 4
 843  829      8.052     -0.617      0.000 4
 844  830      8.058      4.397      0.000 4
 846  831      8.073      3.176      0.000 4
 847  832      8.084      3.144      0.000 4
 848  833      8.102     -4.752      0.000 4
  -1  834      8.112     -0.222      0.000 4
 849  835      8.120     -4.516      0.000 4
 850  836      8.156      2.516      0.000 4
 851  837      8.163      4.625      0.000 4
 852  838      8.169      3.248      0.000 4
 853  840      8.189     -6.296      0.000 4
 854  842      8.196      4.802      0.000 4
  -1   -2      8.215     -7.787      0.000 4
 855  843      8.236     -3.386      0.000 4
 856  844      8.237     -6.018      0.000 4
 857  845      8.240      7.274      0.000 4
 858  846      8.278     -1.880      0.000 4
 859  847      8.280     -7.321      0.000 4
 861  848      8.313     -4.379      0.000 4
 862  849      8.323      7.044      0.000 4
 863  850      8.326      1.353      0.000 4
 864  851      8.349      8.199      0.000 4
 865  852      8.353      7.597      0.000 4
 866  853      8.373     -8.206      0.000 4
 868  854      8.379     -0.152      0.000 4
 867  855      8.380      0.683      0.000 4
  -1  856      8.395     -4.622      0.000 4
 869  857      8.413      1.108      0.000 4
 870  858      8.420     -2.465      0.000 4
