842
   0    0     -8.404      7.536      0.000 4
   2    1     -8.382     -6.913      0.000 4
   1    2     -8.377     -3.327      0.000 4
   4    3     -8.353     -8.177      0.000 4
   3    4     -8.348     -4.654      0.000 4
   5    5     -8.314      1.199      0.000 4
   6    6     -8.304      0.533      0.000 4
   7    7     -8.302     -1.591      0.000 4
   8    8     -8.280      6.848      0.000 4
   9    9     -8.241     -8.270      0.000 4
  10   10     -8.228      4.225      0.000 4
  11   11     -8.218      1.561      0.000 4
  12   12     -8.208     -7.953      0.000 4
  13   13     -8.191      1.511      0.000 4
  14   14     -8.187     -3.060      0.000 4
  15   15     -8.181      4.414      0.000 4
  -1   16     -8.138      6.489      0.000 4
  17   18     -8.118      2.614      0.000 4
  18   19     -8.081      1.346      0.000 4
  19   20     -8.046      2.233      0.000 4
  20   21     -8.038     -7.427      0.000 4
  21   22     -8.013     -6.279      0.000 4
  22   23     -8.003      6.564      0.000 4
  23   24     -7.989     -3.843      0.000 4
  24   -2     -7.940      5.652      0.000 4
  25   25     -7.929     -0.971      0.000 4
  26   -2     -7.913     -6.997      0.000 4
  27   26     -7.905      0.814      0.000 4
  28   27     -7.897     -0.187      0.000 4
  29   29     -7.860      4.080      0.000 4
  30   -2     -7.854     -6.138      0.000 4
  32   30     -7.835      3.860      0.000 4
  31   31     -7.830      7.175      0.000 4
  33   33     -7.817     -4.870      0.000 4
  34   32     -7.809     -6.192      0.000 4
  35   34     -7.804      2.484      0.000 4
  36   35     -7.800      4.985      0.000 4
  37   36     -7.791     -2.771      0.000 4
  38   37     -7.775     -5.155      0.000 4
  39   38     -7.766     -6.281      0.000 4
  40   39     -7.763      1.969      0.000 4
  41   40     -7.759     -4.655      0.000 4
  42   42     -7.754      5.234      0.000 4
  43   43     -7.751     -6.758      0.000 4
  44   44     -7.734     -0.696      0.000 4
  45   45     -7.693      7.110      0.000 4
  46   46     -7.686      6.647      0.000 4
  47   -2     -7.588      0.414      0.000 4
  48   47     -7.585     -6.925      0.000 4
  49   48     -7.560     -0.013      0.000 4
  50   49     -7.549     -0.704      0.000 4
  51   50     -7.544      8.223      0.000 4
  52   52     -7.518     -1.118      0.000 4
  53   53     -7.484      7.990      0.000 4
  54   54     -7.482      3.614      0.000 4
  55   55     -7.424     -1.451      0.000 4
  56   56     -7.404      3.672      0.000 4
  58   57     -7.364     -6.232      0.000 4
  59   58     -7.357      2.309      0.000 4
  60   59     -7.331     -5.123      0.000 4
  -1   60     -7.330     -5.434      0.000 4
  62   61     -7.315      3.848      0.000 4
  63   62     -7.311      5.388      0.000 4
  64   -2     -7.296      0.092      0.000 4
  66   63     -7.253      3.235      0.000 4
  65   64     -7.252      6.133      0.000 4
  67   65     -7.243     -8.406      0.000 4
  68   66     -7.201     -7.992      0.000 4
  70   67     -7.181      7.646      0.000 4
  71   68     -7.179     -7.574      0.000 4
  72   69     -7.165      6.080      0.000 4
  73   70     -7.159      4.730      0.000 4
  75   71     -7.155      4.036      0.000 4
  74   72     -7.151     -2.436      0.000 4
  76   74     -7.141      7.287      0.000 4
  77   75     -7.127     -7.777      0.000 4
  78   -2     -7.123      7.454      0.000 4
  79   76     -7.097      4.980      0.000 4
  80   77     -7.052     -5.463      0.000 4
  81   78     -7.037      0.017      0.000 4
  82   79     -7.030      1.957      0.000 4
  84   80     -6.996     -6.820      0.000 4
  83   81     -6.994     -2.428      0.000 4
  85   82     -6.987      4.325      0.000 4
  86   84     -6.981     -0.399      0.000 4
  87   83     -6.972     -6.660      0.000 4
  88   85     -6.963      5.106      0.000 4
  89   86     -6.947     -2.723      0.000 4
  90   87     -6.927      5.405      0.000 4
  91   88     -6.924     -0.845      0.000 4
  -1   -2     -6.916      3.364      0.000 4
  92   89     -6.902      2.892      0.000 4
  93   90     -6.889     -1.230      0.000 4
  94   91     -6.871     -6.501      0.000 4
  95   92     -6.852      7.542      0.000 4
  96   93     -6.813      1.299      0.000 4
  97   94     -6.803     -7.544      0.000 4
  98   95     -6.795     -5.485      0.000 4
  99   96     -6.771      2.404      0.000 4
 100   97     -6.750     -0.897      0.000 4
 101   -2     -6.745     -0.250      0.000 4
 102   98     -6.733      3.557      0.000 4
 103  100     -6.717      4.283      0.000 4
 105  101     -6.697      1.663      0.000 4
 104  102     -6.696      1.346      0.000 4
 106  103     -6.641      2.366      0.000 4
 107  104     -6.640      3.530      0.000 4
 108  105     -6.615      5.762      0.000 4
 109  106     -6.603     -4.391      0.000 4
 110  107     -6.597      6.968      0.000 4
  -1   -2     -6.563     -1.423      0.000 4
 112  108     -6.549     -6.406      0.000 4
 113  109     -6.518      7.605      0.000 4
 114  110     -6.512      3.047      0.000 4
 115  111     -6.505     -6.288      0.000 4
 116  112     -6.500     -4.812      0.000 4
 117  113     -6.452      0.130      0.000 4
 118  115     -6.376      4.859      0.000 4
 119  116     -6.370     -0.505      0.000 4
 120  117     -6.315      0.091      0.000 4
 121  118     -6.303     -7.938      0.000 4
 122  120     -6.282     -1.689      0.000 4
 123  119     -6.281     -5.893      0.000 4
 124  121     -6.212      2.491      0.000 4
 125  122     -6.185      4.865      0.000 4
 126  123     -6.180     -5.312      0.000 4
 127  124     -6.166      3.359      0.000 4
 128  125     -6.164      2.727      0.000 4
 130  126     -6.123     -7.711      0.000 4
 129  128     -6.122      1.234      0.000 4
 131  127     -6.120      7.343      0.000 4
 132  135     -6.119     -4.730      0.000 4
 133  129     -6.109     -1.100      0.000 4
 134  130     -6.099     -6.699      0.000 4
 135  131     -6.091      6.269      0.000 4
 136  132     -6.051      3.692      0.000 4
 137  133     -6.035      7.836      0.000 4
 138  134     -6.018     -6.497      0.000 4
 139  137     -5.993     -0.473      0.000 4
  -1   -2     -5.984     -7.373      0.000 4
 140  138     -5.980     -7.861      0.000 4
 141  139     -5.969      6.797      0.000 4
 142  140     -5.963      3.070      0.000 4
  -1  141     -5.941     -7.422      0.000 4
 144  142     -5.924     -6.393      0.000 4
 143  143     -5.922      4.842      0.000 4
 145  144     -5.902     -0.034      0.000 4
 147  145     -5.893     -5.952      0.000 4
 146  146     -5.893     -1.692      0.000 4
 148  147     -5.858     -1.956      0.000 4
 149  148     -5.854      0.611      0.000 4
 150  149     -5.845     -7.404      0.000 4
 151  150     -5.842      4.685      0.000 4
  -1   -2     -5.818     -4.615      0.000 4
 153  151     -5.762     -4.143      0.000 4
 154  152     -5.750     -5.926      0.000 4
 155  153     -5.711      7.402      0.000 4
 156  154     -5.696      1.908      0.000 4
 157  155     -5.685      5.734      0.000 4
 158  156     -5.666      0.738      0.000 4
 159  157     -5.660     -0.896      0.000 4
 160  158     -5.654     -1.802      0.000 4
 161  159     -5.613      7.225      0.000 4
  -1   -2     -5.610     -7.958      0.000 4
 162  160     -5.598      0.287      0.000 4
 163  161     -5.579      6.020      0.000 4
 164  163     -5.560     -5.024      0.000 4
 165  162     -5.554     -2.854      0.000 4
 167  164     -5.540      2.664      0.000 4
 166  165     -5.537     -0.687      0.000 4
 168  167     -5.485     -7.471      0.000 4
 169  166     -5.482      4.783      0.000 4
 170  168     -5.462      5.211      0.000 4
 171  171     -5.387     -8.099      0.000 4
 173  173     -5.325      3.802      0.000 4
 172  174     -5.321      2.039      0.000 4
 174  177     -5.293      0.710      0.000 4
 175   -2     -5.292      2.065      0.000 4
 178  175     -5.288     -1.424      0.000 4
 176  176     -5.285     -3.100      0.000 4
 177  179     -5.267     -4.707      0.000 4
 179  178     -5.255      2.099      0.000 4
 180  180     -5.242     -3.743      0.000 4
 181  181     -5.216     -4.886      0.000 4
 182  182     -5.195     -6.669      0.000 4
 183  183     -5.171     -1.500      0.000 4
 184  184     -5.138     -0.068      0.000 4
 185  186     -5.122     -3.887      0.000 4
 189  187     -5.093     -5.960      0.000 4
  -1  188     -5.083      7.262      0.000 4
 187  189     -5.070     -0.004      0.000 4
 188  191     -5.070      1.561      0.000 4
 186  192     -5.064     -3.466      0.000 4
 191  190     -5.055     -5.306      0.000 4
 190  193     -5.046      0.535      0.000 4
 192  194     -5.025     -4.323      0.000 4
 193  195     -5.013      5.088      0.000 4
 194  196     -4.997     -0.309      0.000 4
 195  197     -4.983     -1.328      0.000 4
  -1  199     -4.971     -5.058      0.000 4
  -1   -2     -4.951     -3.123      0.000 4
  -1  204     -4.949     -4.274      0.000 4
 202  198     -4.947     -7.670      0.000 4
 196  200     -4.947      3.720      0.000 4
 199  201     -4.944      3.908      0.000 4
 198  202     -4.943      8.387      0.000 4
 197  203     -4.939     -4.106      0.000 4
 200   -2     -4.937      0.853      0.000 4
 203  205     -4.924     -1.410      0.000 4
 204  206     -4.918      8.219      0.000 4
 205  207     -4.912      0.692      0.000 4
 201  208     -4.892     -4.290      0.000 4
 206  209     -4.858     -5.696      0.000 4
  -1   -2     -4.851      1.649      0.000 4
 207  210     -4.836      0.083      0.000 4
 208  212     -4.829      0.427      0.000 4
 210  213     -4.808     -5.873      0.000 4
 212  211     -4.806     -7.508      0.000 4
 209  215     -4.801     -5.015      0.000 4
 211  214     -4.787      3.797      0.000 4
 213  217     -4.719     -6.731      0.000 4
 214  218     -4.712     -4.680      0.000 4
 218  216     -4.694     -7.905      0.000 4
 216  219     -4.694      4.433      0.000 4
 215  220     -4.693      5.788      0.000 4
  -1   -2     -4.684     -1.987      0.000 4
 217  221     -4.682     -2.148      0.000 4
 219  222     -4.665      2.666      0.000 4
 220   -2     -4.633     -0.344      0.000 4
 221  223     -4.624      3.380      0.000 4
  -1   -2     -4.622     -7.787      0.000 4
 223  224     -4.610      2.519      0.000 4
 224  225     -4.578      3.589      0.000 4
 225  226     -4.540      2.586      0.000 4
 226  228     -4.518     -4.141      0.000 4
 227  227     -4.519      0.629      0.000 4
 229  229     -4.499      2.187      0.000 4
 228  230     -4.492     -4.350      0.000 4
 231  232     -4.453     -0.337      0.000 4
 230  236     -4.442     -4.444      0.000 4
 234  231     -4.438     -6.045      0.000 4
 233  234     -4.428     -5.899      0.000 4
 235  237     -4.400      1.011      0.000 4
 236  239     -4.369     -4.467      0.000 4
 238  238     -4.355      3.475      0.000 4
 239  240     -4.349      4.789      0.000 4
 240  241     -4.346      7.383      0.000 4
 237  242     -4.335      0.670      0.000 4
 242  243     -4.325      1.189      0.000 4
 243  246     -4.295      2.418      0.000 4
 244  244     -4.286     -8.231      0.000 4
 247  245     -4.281     -6.356      0.000 4
 246  248     -4.264     -1.908      0.000 4
 245  249     -4.259     -1.098      0.000 4
  -1   -2     -4.212     -4.604      0.000 4
 249  251     -4.173      7.668      0.000 4
 248  252     -4.171     -0.430      0.000 4
 250  253     -4.148     -4.749      0.000 4
 251  254     -4.129      5.754      0.000 4
 252  255     -4.103      2.092      0.000 4
 253  256     -4.086      1.693      0.000 4
 254  257     -4.076      3.415      0.000 4
 255  258     -4.072      2.616      0.000 4
 256  259     -4.061     -7.388      0.000 4
 257  261     -4.030      5.379      0.000 4
 262  260     -4.004     -8.097      0.000 4
 258  264     -3.990     -1.979      0.000 4
 259  263     -3.989      3.316      0.000 4
 261  262     -3.974     -1.334      0.000 4
 260  265     -3.965     -7.146      0.000 4
 263  266     -3.945     -2.741      0.000 4
 264  267     -3.926     -6.058      0.000 4
 266  269     -3.821     -0.164      0.000 4
 267  270     -3.812      8.308      0.000 4
  -1   -2     -3.790     -7.774      0.000 4
 269  271     -3.788      2.217      0.000 4
 268  272     -3.776     -4.556      0.000 4
 270  276     -3.766      7.900      0.000 4
  -1  273     -3.756     -4.301      0.000 4
  -1  275     -3.754     -1.188      0.000 4
  -1   -2     -3.753     -7.195      0.000 4
 271  278     -3.708     -6.958      0.000 4
 272   -2     -3.705      7.848      0.000 4
 273  277     -3.702     -6.061      0.000 4
 274  280     -3.668     -1.404      0.000 4
 275  281     -3.658      0.970      0.000 4
 276  282     -3.632      6.066      0.000 4
  -1   -2     -3.600     -0.847      0.000 4
 278  284     -3.578      7.952      0.000 4
 277  286     -3.567      0.468      0.000 4
 282  283     -3.553     -7.837      0.000 4
 279  285     -3.552      6.377      0.000 4
 281  287     -3.527      8.238      0.000 4
 280  288     -3.517      1.259      0.000 4
 283  290     -3.454      2.963      0.000 4
 284  292     -3.416      0.180      0.000 4
 287  293     -3.330      3.735      0.000 4
 286  294     -3.325      5.461      0.000 4
 285  295     -3.321      0.664      0.000 4
  -1   -2     -3.255     -5.648      0.000 4
 289  298     -3.227     -6.813      0.000 4
 292  299     -3.212      4.871      0.000 4
 291  300     -3.201     -4.378      0.000 4
 295  296     -3.188      2.854      0.000 4
 293  301     -3.138     -3.177      0.000 4
  -1  304     -3.112      2.949      0.000 4
 294  305     -3.105     -0.063      0.000 4
 296   -2     -3.075     -1.973      0.000 4
 297   -2     -3.073     -5.863      0.000 4
 298  306     -3.060      8.039      0.000 4
 299  307     -3.033     -5.659      0.000 4
 300  309     -3.004      3.681      0.000 4
 301  310     -2.989     -5.463      0.000 4
 303   -2     -2.929     -8.122      0.000 4
  -1   -2     -2.929      1.664      0.000 4
 302  311     -2.928     -5.990      0.000 4
  -1  312     -2.921      4.613      0.000 4
 304  314     -2.885      8.188      0.000 4
 305  313     -2.879     -7.788      0.000 4
 306  315     -2.866      7.262      0.000 4
 307  316     -2.780     -7.477      0.000 4
 308  318     -2.713     -4.098      0.000 4
 309  317     -2.701      5.938      0.000 4
 310  320     -2.683      6.832      0.000 4
 311  321     -2.667     -5.738      0.000 4
 312  319     -2.666      3.610      0.000 4
 316  323     -2.602      3.019      0.000 4
 313  326     -2.577     -2.236      0.000 4
 318  325     -2.575     -1.080      0.000 4
 315  327     -2.573      1.047      0.000 4
 314  330     -2.548     -3.335      0.000 4
 319  331     -2.506     -6.952      0.000 4
 321  329     -2.484      6.978      0.000 4
 323  335     -2.423     -0.358      0.000 4
 324  334     -2.419     -5.736      0.000 4
 326  328     -2.419     -6.084      0.000 4
 325  337     -2.408     -2.475      0.000 4
 329  336     -2.390      0.614      0.000 4
 327  338     -2.380     -6.824      0.000 4
 328  339     -2.376     -0.593      0.000 4
 330  340     -2.330      4.914      0.000 4
 333  341     -2.298     -5.513      0.000 4
 331  344     -2.297     -2.052      0.000 4
 332  342     -2.290     -6.436      0.000 4
 334  345     -2.249      0.650      0.000 4
 336  348     -2.206      5.598      0.000 4
  -1  347     -2.204      6.138      0.000 4
 335   -2     -2.200     -3.446      0.000 4
 338  349     -2.113     -3.710      0.000 4
  -1  350     -2.101     -1.221      0.000 4
 339  351     -2.094      2.024      0.000 4
 341  353     -2.016      0.109      0.000 4
 342  352     -2.009     -3.139      0.000 4
 343  354     -2.007      7.251      0.000 4
  -1   -2     -1.938     -8.087      0.000 4
 344  355     -1.932     -4.258      0.000 4
 345   -2     -1.901      3.879      0.000 4
 347  356     -1.819      3.913      0.000 4
  -1  360     -1.810      7.060      0.000 4
 348  357     -1.794      2.191      0.000 4
  -1   -2     -1.775      7.268      0.000 4
 351  361     -1.685     -4.087      0.000 4
 350  364     -1.671      7.460      0.000 4
 352  366     -1.670      4.253      0.000 4
 349  362     -1.667      8.028      0.000 4
 353  365     -1.652     -2.165      0.000 4
 357  363     -1.629     -5.537      0.000 4
 356  367     -1.605      5.944      0.000 4
  -1   -2     -1.600     -5.631      0.000 4
 358   -2     -1.573      4.350      0.000 4
 359  369     -1.529     -5.056      0.000 4
 360  368     -1.520      1.716      0.000 4
 361  371     -1.458      5.070      0.000 4
 363  373     -1.418      3.411      0.000 4
 364  370     -1.413     -5.417      0.000 4
 365  374     -1.361     -8.001      0.000 4
 366  375     -1.330     -1.796      0.000 4
 367   -2     -1.320      4.734      0.000 4
 369  376     -1.287      4.062      0.000 4
 368   -2     -1.279      5.314      0.000 4
  -1   -2     -1.199      3.451      0.000 4
 371  379     -1.124     -2.087      0.000 4
  -1  378     -1.111      3.733      0.000 4
  -1   -2     -1.107      4.555      0.000 4
 372  380     -1.103     -7.927      0.000 4
 373  381     -1.089     -1.389      0.000 4
  -1   -2     -1.019      4.479      0.000 4
 376  383     -0.936      5.008      0.000 4
  -1   -2     -0.852     -3.627      0.000 4
 380  386     -0.805     -5.785      0.000 4
 381  387     -0.716     -3.459      0.000 4
 382  390     -0.689     -0.992      0.000 4
 384  388     -0.670     -6.419      0.000 4
 383  389     -0.667     -4.132      0.000 4
 385  391     -0.626      4.270      0.000 4
 387  392     -0.580     -2.724      0.000 4
 386   -2     -0.555     -6.540      0.000 4
 389  393     -0.523     -2.727      0.000 4
 388  395     -0.446     -5.174      0.000 4
  -1  396     -0.440     -2.960      0.000 4
  -1   -2     -0.435     -2.857      0.000 4
 392  394     -0.428     -5.723      0.000 4
  -1   -2     -0.425     -5.450      0.000 4
 391  398     -0.394     -0.499      0.000 4
  -1   -2     -0.341     -1.003      0.000 4
 393  400     -0.338     -2.001      0.000 4
 395  401      0.008      1.085      0.000 4
 399  402      0.155     -6.677      0.000 4
 397  403      0.166     -7.008      0.000 4
 398  404      0.198     -4.209      0.000 4
 396  405      0.201      5.872      0.000 4
 402  406      0.272     -1.468      0.000 4
 401  407      0.285      0.252      0.000 4
 403  408      0.440     -4.207      0.000 4
  -1  409      0.468      2.599      0.000 4
  -1  410      0.469      3.626      0.000 4
 404  411      0.483      0.564      0.000 4
  -1   -2      0.488      2.639      0.000 4
 407   -2      0.546      2.743      0.000 4
  -1  412      0.602      0.336      0.000 4
  -1  413      0.661      4.677      0.000 4
 408  414      0.727     -5.407      0.000 4
  -1  416      0.731     -3.102      0.000 4
 409  417      0.794      0.085      0.000 4
 410  418      0.825     -0.572      0.000 4
 413  420      0.904     -3.211      0.000 4
 414  423      0.947      7.271      0.000 4
 415  424      0.958     -6.423      0.000 4
 417  421      0.961      4.466      0.000 4
 416  422      0.967     -1.096      0.000 4
 420  426      1.043      0.757      0.000 4
 418  427      1.043     -6.672      0.000 4
 421   -2      1.090     -5.698      0.000 4
 423  428      1.118      6.191      0.000 4
  -1  429      1.123      0.524      0.000 4
 425   -2      1.127     -3.821      0.000 4
  -1   -2      1.205     -6.687      0.000 4
 426  430      1.211     -3.837      0.000 4
 427  431      1.248     -2.933      0.000 4
 428  433      1.278     -6.834      0.000 4
  -1  434      1.296     -1.040      0.000 4
 432  435      1.329      2.125      0.000 4
 431   -2      1.329      4.681      0.000 4
 433  437      1.350      1.012      0.000 4
 435  436      1.372     -4.709      0.000 4
 434  438      1.387     -2.478      0.000 4
 437  440      1.419     -3.533      0.000 4
 436  439      1.423      1.058      0.000 4
 438  441      1.450     -7.444      0.000 4
 441   -2      1.501      4.840      0.000 4
 443  444      1.544      3.566      0.000 4
 442  446      1.545     -2.929      0.000 4
 445  443      1.559     -7.727      0.000 4
 444  445      1.567      5.308      0.000 4
 447  447      1.591     -6.493      0.000 4
 446  450      1.602     -3.481      0.000 4
 448  449      1.621      6.481      0.000 4
 449  451      1.669      0.462      0.000 4
 450  453      1.746     -2.622      0.000 4
 452  452      1.757     -3.944      0.000 4
 453  454      1.800     -6.427      0.000 4
 455  455      1.807      1.097      0.000 4
 456  456      1.842      7.620      0.000 4
 457  457      1.850      5.188      0.000 4
  -1  458      1.855     -7.879      0.000 4
 464   -2      1.856     -3.898      0.000 4
  -1   -2      1.857      0.501      0.000 4
 458  461      1.866     -0.679      0.000 4
 460  459      1.878     -6.783      0.000 4
 462  460      1.893     -4.639      0.000 4
 459  467      1.905     -2.096      0.000 4
  -1  469      1.911     -1.404      0.000 4
 465  470      1.957      0.137      0.000 4
  -1  468      1.972      1.174      0.000 4
 466  471      1.997      5.857      0.000 4
 467  472      2.022      1.160      0.000 4
 469  473      2.114      4.176      0.000 4
 470  478      2.126     -7.950      0.000 4
 468  481      2.129     -1.330      0.000 4
 472  475      2.132     -3.629      0.000 4
 473  474      2.132     -4.500      0.000 4
 474  476      2.136      1.367      0.000 4
 475  477      2.139      7.244      0.000 4
  -1  479      2.168      6.455      0.000 4
 477  482      2.176     -0.101      0.000 4
 476  484      2.183      0.494      0.000 4
 479  483      2.212      4.497      0.000 4
 481  485      2.230     -6.470      0.000 4
 478  488      2.250     -3.029      0.000 4
 482  487      2.268      5.842      0.000 4
 480  491      2.272      4.381      0.000 4
 483  492      2.286     -0.871      0.000 4
 486  489      2.299     -6.660      0.000 4
 485  490      2.300     -7.126      0.000 4
 488  493      2.318      6.535      0.000 4
 492  494      2.334     -7.353      0.000 4
 487  496      2.337      0.753      0.000 4
  -1  495      2.351     -2.901      0.000 4
 491  497      2.351      5.299      0.000 4
 490  498      2.352      8.367      0.000 4
 489  499      2.355     -5.695      0.000 4
 494  500      2.388      5.152      0.000 4
 493  501      2.389     -3.483      0.000 4
 495  502      2.401      5.949      0.000 4
 497  504      2.415     -3.566      0.000 4
 499  505      2.470     -3.127      0.000 4
 498  507      2.487      0.869      0.000 4
 501  508      2.560      4.047      0.000 4
 502  509      2.602     -3.122      0.000 4
 503  511      2.636      2.431      0.000 4
 505  510      2.641     -5.051      0.000 4
 504  512      2.651      7.603      0.000 4
  -1   -2      2.677      8.196      0.000 4
 506  513      2.685     -6.322      0.000 4
 507  514      2.698      5.720      0.000 4
 508  517      2.761      2.544      0.000 4
 509  519      2.772     -5.936      0.000 4
  -1   -2      2.814     -3.407      0.000 4
 512  520      2.823      7.953      0.000 4
 513  521      2.837     -6.555      0.000 4
 511  522      2.838      0.751      0.000 4
 514  523      2.875      6.380      0.000 4
 515  524      2.886      0.051      0.000 4
 516  525      2.934      5.035      0.000 4
 517  526      2.934     -1.572      0.000 4
 518  527      2.966      7.147      0.000 4
 519  531      3.038      0.654      0.000 4
 521  530      3.042      2.723      0.000 4
 523   -2      3.047     -5.124      0.000 4
 522  529      3.050     -5.900      0.000 4
  -1  532      3.079     -5.136      0.000 4
 525  535      3.115     -1.157      0.000 4
 527  534      3.120     -2.473      0.000 4
 526  537      3.127      6.175      0.000 4
 529  536      3.137      2.650      0.000 4
 528  538      3.149     -6.817      0.000 4
 530  539      3.167      2.818      0.000 4
 531  540      3.182     -1.879      0.000 4
  -1  542      3.199      6.099      0.000 4
 533  541      3.201     -7.078      0.000 4
 532  543      3.211      8.233      0.000 4
 534  545      3.280     -8.071      0.000 4
 535  546      3.312     -1.301      0.000 4
  -1   -2      3.323     -3.077      0.000 4
 536  547      3.332     -7.127      0.000 4
 537  550      3.415      6.650      0.000 4
 538  549      3.416      2.958      0.000 4
 539  552      3.472      2.822      0.000 4
 541  551      3.477     -5.338      0.000 4
 542  554      3.495      1.336      0.000 4
 543  553      3.495     -2.038      0.000 4
 540  555      3.495     -4.470      0.000 4
 545  556      3.520      5.891      0.000 4
 546  557      3.564     -3.191      0.000 4
 547  558      3.579     -2.759      0.000 4
 548  560      3.591     -0.460      0.000 4
 550  559      3.599     -0.881      0.000 4
  -1  561      3.604     -6.943      0.000 4
 551  563      3.629      5.303      0.000 4
 553  562      3.633     -5.967      0.000 4
  -1  566      3.645     -6.043      0.000 4
 554  564      3.647     -0.042      0.000 4
 552  567      3.660     -6.958      0.000 4
 556  565      3.664     -5.427      0.000 4
 557  568      3.676      5.035      0.000 4
 555  569      3.677      2.172      0.000 4
 558  570      3.685      7.899      0.000 4
 559  572      3.746      4.043      0.000 4
 561  571      3.746     -5.873      0.000 4
 562  573      3.751      2.603      0.000 4
 566  576      3.811     -0.562      0.000 4
 567  578      3.817      0.844      0.000 4
 568  577      3.828     -6.972      0.000 4
 570  579      3.840     -2.090      0.000 4
 572  580      3.850     -1.798      0.000 4
 571   -2      3.852     -1.011      0.000 4
 573  581      3.858     -2.221      0.000 4
 569  585      3.865     -5.988      0.000 4
 574  586      3.875     -7.178      0.000 4
 577  583      3.881      0.481      0.000 4
 578  584      3.884      4.925      0.000 4
 576  588      3.890     -7.422      0.000 4
 579  587      3.891      5.254      0.000 4
 580  591      3.932     -7.678      0.000 4
 581  592      3.939     -4.109      0.000 4
 582  589      3.947     -1.240      0.000 4
  -1  590      3.958     -0.602      0.000 4
 583  594      3.980      2.448      0.000 4
 565   -2      3.983     -5.315      0.000 4
 584  596      4.009     -8.045      0.000 4
 587  598      4.024      2.884      0.000 4
 585  601      4.025     -7.785      0.000 4
 588  600      4.033      8.101      0.000 4
  -1   -2      4.038     -4.804      0.000 4
  -1   -2      4.046     -1.725      0.000 4
 589  602      4.071      3.042      0.000 4
 590  604      4.096      4.911      0.000 4
 591  603      4.107     -5.437      0.000 4
  -1   -2      4.125      2.879      0.000 4
 592  605      4.136      0.718      0.000 4
 593   -2      4.234     -6.804      0.000 4
  -1  606      4.241     -0.954      0.000 4
 594  607      4.266     -8.318      0.000 4
 595  608      4.290      4.706      0.000 4
 596  609      4.303      2.246      0.000 4
 597  610      4.305     -4.323      0.000 4
 598  612      4.332      8.333      0.000 4
 599  613      4.369     -1.999      0.000 4
  -1   -2      4.383     -7.482      0.000 4
 600  614      4.388      2.169      0.000 4
 602  616      4.437     -2.092      0.000 4
 601   -2      4.440      7.794      0.000 4
 604  615      4.444     -5.707      0.000 4
 603  618      4.451     -1.699      0.000 4
 605  619      4.463      4.634      0.000 4
 606  620      4.470      2.977      0.000 4
 607  621      4.484      0.787      0.000 4
 608  622      4.494      8.012      0.000 4
 609  623      4.521     -0.842      0.000 4
 611  626      4.532      4.805      0.000 4
 612  624      4.534      6.367      0.000 4
 617  625      4.537      0.045      0.000 4
  -1   -2      4.542     -7.756      0.000 4
 613  627      4.551     -8.275      0.000 4
 614  629      4.580     -4.847      0.000 4
 615  631      4.610      6.428      0.000 4
  -1  630      4.611      2.636      0.000 4
 618  632      4.649      3.296      0.000 4
 619  634      4.676      1.881      0.000 4
 616  638      4.677     -3.266      0.000 4
 621  635      4.681      2.798      0.000 4
 622  637      4.686      0.611      0.000 4
 624  636      4.693     -6.430      0.000 4
 623  639      4.717      1.155      0.000 4
 626  640      4.745     -5.161      0.000 4
 627  641      4.752     -7.081      0.000 4
 625  643      4.765     -8.218      0.000 4
 628  644      4.791      8.325      0.000 4
 629  645      4.797      3.013      0.000 4
 630  646      4.839     -4.086      0.000 4
 631  648      4.930      0.333      0.000 4
 632  647      4.933     -2.738      0.000 4
 633  650      4.948      3.573      0.000 4
 634  649      4.952      5.102      0.000 4
 635  651      4.965      5.222      0.000 4
 637  652      5.019      1.472      0.000 4
 636   -2      5.019     -7.245      0.000 4
 639  653      5.038     -5.190      0.000 4
 638  654      5.039     -2.879      0.000 4
 641  655      5.059      8.114      0.000 4
 640  657      5.060     -4.264      0.000 4
 642  656      5.060      8.071      0.000 4
 643   -2      5.069     -8.316      0.000 4
 645  658      5.098     -3.953      0.000 4
 646  659      5.103     -5.743      0.000 4
 647  660      5.107      7.198      0.000 4
 648  661      5.114      6.917      0.000 4
 649  662      5.118      1.993      0.000 4
 650  663      5.168     -5.814      0.000 4
 651  664      5.185     -7.591      0.000 4
  -1   -2      5.199     -5.896      0.000 4
 653  665      5.228      6.837      0.000 4
 652  666      5.228      6.424      0.000 4
 654  668      5.274      1.553      0.000 4
 655  670      5.310     -3.103      0.000 4
 656  671      5.326      2.375      0.000 4
 658  672      5.398      5.809      0.000 4
 659  673      5.413     -7.848      0.000 4
  -1  674      5.433      2.776      0.000 4
 660  675      5.443     -2.944      0.000 4
 661   -2      5.448     -7.592      0.000 4
 662  676      5.461      1.977      0.000 4
  -1   -2      5.466      3.735      0.000 4
  -1   -2      5.482     -5.747      0.000 4
 663  677      5.488      1.362      0.000 4
 664  678      5.491      6.040      0.000 4
 665  679      5.557      2.033      0.000 4
 666  680      5.575      4.469      0.000 4
 667  682      5.608     -8.099      0.000 4
  -1  681      5.611     -5.044      0.000 4
 668  683      5.641      6.967      0.000 4
 669  684      5.674      3.917      0.000 4
 671  685      5.686     -6.691      0.000 4
 670  686      5.688     -0.646      0.000 4
 672  687      5.712     -3.192      0.000 4
 673  688      5.765      4.591      0.000 4
 674  689      5.770     -8.072      0.000 4
 675  690      5.777     -5.464      0.000 4
 676  691      5.787     -5.794      0.000 4
 679  692      5.829     -2.462      0.000 4
 678  693      5.830      1.751      0.000 4
 680  695      5.842     -0.992      0.000 4
 682  696      5.890     -3.469      0.000 4
 683  698      5.900      1.969      0.000 4
 684  699      5.903     -0.756      0.000 4
 685  700      5.906      5.054      0.000 4
 686  701      5.922     -7.970      0.000 4
 687  702      5.971     -7.369      0.000 4
 689  703      5.991     -6.385      0.000 4
 688  704      5.995      2.715      0.000 4
 690  705      6.010     -6.488      0.000 4
  -1   -2      6.020      3.555      0.000 4
 691  706      6.027      0.217      0.000 4
 692  707      6.037     -5.295      0.000 4
 693  708      6.045     -4.336      0.000 4
 694  709      6.056     -0.482      0.000 4
 695  710      6.060      4.637      0.000 4
  -1  711      6.068     -1.727      0.000 4
 696  712      6.068     -3.069      0.000 4
 698   -2      6.094     -5.435      0.000 4
 697  713      6.096     -6.147      0.000 4
 699  714      6.159      1.690      0.000 4
 700  715      6.169      6.538      0.000 4
 702  716      6.201      3.851      0.000 4
 703  717      6.213      0.279      0.000 4
 704  718      6.216     -4.224      0.000 4
 705  719      6.219      3.183      0.000 4
 706  720      6.225     -1.564      0.000 4
  -1   -2      6.274     -6.655      0.000 4
 707  721      6.283      7.264      0.000 4
 708  722      6.316     -2.137      0.000 4
 709  723      6.319     -2.949      0.000 4
 713  724      6.334     -6.503      0.000 4
 711  725      6.352      1.949      0.000 4
 712  726      6.384      2.356      0.000 4
 714  727      6.411      7.016      0.000 4
 715  728      6.414     -4.272      0.000 4
 716  729      6.420     -2.932      0.000 4
 718  731      6.489     -4.883      0.000 4
 720  732      6.535      6.898      0.000 4
 721  733      6.549     -5.963      0.000 4
 722  734      6.562      4.663      0.000 4
 723  735      6.572     -1.314      0.000 4
 724  736      6.596      2.121      0.000 4
  -1  737      6.607     -1.287      0.000 4
 725  738      6.624     -0.584      0.000 4
 726  739      6.633      2.867      0.000 4
 727  740      6.646     -6.060      0.000 4
 728  741      6.672     -5.141      0.000 4
 729  742      6.682      5.638      0.000 4
 730  743      6.693     -5.333      0.000 4
 731  744      6.721      6.580      0.000 4
 732  745      6.725      0.427      0.000 4
 733  746      6.729     -6.226      0.000 4
 734  747      6.734     -5.509      0.000 4
 735  748      6.744      3.178      0.000 4
 737  749      6.764     -1.890      0.000 4
 736  750      6.765      3.295      0.000 4
 738  751      6.770      2.049      0.000 4
 739  752      6.799     -0.575      0.000 4
 740   -2      6.801      0.684      0.000 4
 741  753      6.822     -6.059      0.000 4
 742  754      6.825     -0.777      0.000 4
  -1  755      6.835     -7.673      0.000 4
  -1   -2      6.848     -7.525      0.000 4
 743  756      6.861      5.219      0.000 4
 745  757      6.897      3.618      0.000 4
 746  758      6.900     -8.013      0.000 4
  -1   -2      6.905     -0.117      0.000 4
 747  759      6.926     -0.918      0.000 4
 748  760      6.931     -4.933      0.000 4
 750  761      6.935     -2.652      0.000 4
 751  763      6.937      6.172      0.000 4
 749  762      6.942     -0.081      0.000 4
 752  764      6.969     -0.691      0.000 4
 754  765      6.981      2.082      0.000 4
 753  766      6.982      0.431      0.000 4
  -1  767      7.023      3.415      0.000 4
 755  768      7.026      6.628      0.000 4
  -1   -2      7.028      2.240      0.000 4
 756  769      7.050      2.040      0.000 4
 757  770      7.053     -6.616      0.000 4
 758  771      7.059     -5.801      0.000 4
 759  772      7.080     -4.040      0.000 4
 761  773      7.102     -6.005      0.000 4
 762  775      7.133     -8.302      0.000 4
 763  776      7.145      7.541      0.000 4
 764   -2      7.151      6.503      0.000 4
  -1  777      7.181      6.536      0.000 4
 765  778      7.187     -6.176      0.000 4
 766  779      7.213      0.191      0.000 4
 767  780      7.230     -3.980      0.000 4
  -1  781      7.263      4.986      0.000 4
 769  782      7.268      4.367      0.000 4
 771  784      7.283     -4.406      0.000 4
 772  785      7.291      6.740      0.000 4
 773  786      7.309      4.308      0.000 4
 774  787      7.315      5.624      0.000 4
 775  788      7.329     -0.157      0.000 4
 776  789      7.370      3.543      0.000 4
 777  791      7.408     -6.415      0.000 4
 778  792      7.427      2.062      0.000 4
 780  793      7.492      5.265      0.000 4
 781  794      7.497      4.777      0.000 4
 782  795      7.506      4.420      0.000 4
 783  796      7.549     -2.911      0.000 4
 784  797      7.559     -8.418      0.000 4
 785   -2      7.573     -1.550      0.000 4
 786  798      7.580      1.254      0.000 4
 787  799      7.603      4.754      0.000 4
 788  800      7.621      1.742      0.000 4
 789  801      7.642      2.272      0.000 4
 791  802      7.710      7.740      0.000 4
 792  803      7.746     -7.939      0.000 4
 793  804      7.764      8.250      0.000 4
 794  805      7.774     -2.997      0.000 4
 795  806      7.779      1.621      0.000 4
 796  807      7.840      6.730      0.000 4
 797  808      7.841     -0.863      0.000 4
 798   -2      7.888     -5.155      0.000 4
 799  809      7.923     -5.018      0.000 4
 800  810      7.991      7.149      0.000 4
 801  811      8.008     -0.440      0.000 4
 802   -2      8.022     -6.812      0.000 4
 803  812      8.024     -1.202      0.000 4
 804  813      8.026     -6.891      0.000 4
 805  814      8.033      1.019      0.000 4
 806  815      8.037     -5.653      0.000 4
 807  816      8.074      4.382      0.000 4
 808  817      8.097      3.153      0.000 4
 809   -2      8.105     -1.122      0.000 4
 810  818      8.133     -4.783      0.000 4
 811  819      8.160     -4.547      0.000 4
 812  820      8.177      2.497      0.000 4
 813  822      8.183      3.231      0.000 4
 814  821      8.185      4.606      0.000 4
 816  825      8.233     -6.337      0.000 4
  -1  826      8.247     -7.847      0.000 4
 817  827      8.255      7.257      0.000 4
 819  828      8.272     -3.410      0.000 4
 820  829      8.280     -6.055      0.000 4
 821  830      8.308     -1.903      0.000 4
 823  831      8.321     -7.379      0.000 4
 822  832      8.323      5.264      0.000 4
 824  833      8.335      7.033      0.000 4
 825  834      8.348      1.334      0.000 4
 826  835      8.348     -4.409      0.000 4
 827  836      8.360      8.188      0.000 4
 828  837      8.370      7.573      0.000 4
 829  838      8.390     -8.280      0.000 4
 830  839      8.404     -0.169      0.000 4
 831  840      8.405      0.665      0.000 4
