862
   0    0     -8.397      7.538      0.000 4
   1    1     -8.381     -6.898      0.000 4
   2    2     -8.370     -3.315      0.000 4
   3    3     -8.352     -8.163      0.000 4
   4    4     -8.340     -4.638      0.000 4
   5    5     -8.299      1.208      0.000 4
   6    6     -8.289      0.540      0.000 4
   7    7     -8.285     -1.586      0.000 4
   9    8     -8.272      6.849      0.000 4
  10    9     -8.242     -8.259      0.000 4
  11   10     -8.227      4.228      0.000 4
  12   11     -8.209     -7.939      0.000 4
  13   12     -8.198      1.550      0.000 4
  15   13     -8.174     -3.047      0.000 4
  14   14     -8.173      4.420      0.000 4
  16   15     -8.138      6.494      0.000 4
  17   16     -8.116      2.619      0.000 4
  18   17     -8.113     -2.512      0.000 4
  19   18     -8.081      1.214      0.000 4
  20   -2     -8.071      1.349      0.000 4
  21   19     -8.054     -0.845      0.000 4
  22   20     -8.036     -7.415      0.000 4
  23   21     -8.036      2.239      0.000 4
  24   22     -8.007     -6.260      0.000 4
  25   23     -7.994      6.569      0.000 4
  26   24     -7.976     -3.828      0.000 4
  27   25     -7.943      5.657      0.000 4
  28   26     -7.915     -0.960      0.000 4
  29   -2     -7.913     -6.982      0.000 4
  30   27     -7.891      0.819      0.000 4
  31   28     -7.883      2.322      0.000 4
  32   29     -7.881     -0.182      0.000 4
  -1   30     -7.859     -5.340      0.000 4
  33   31     -7.847      4.090      0.000 4
  34   32     -7.828      3.866      0.000 4
  37   34     -7.809     -4.851      0.000 4
  36   -2     -7.807     -6.174      0.000 4
  38   35     -7.798      4.990      0.000 4
  39   36     -7.795      2.488      0.000 4
  40   37     -7.776     -2.759      0.000 4
  41   39     -7.764     -5.138      0.000 4
  42   38     -7.763     -6.263      0.000 4
  43   40     -7.751      1.973      0.000 4
  45   42     -7.750      5.233      0.000 4
  44   43     -7.749     -4.639      0.000 4
  46   41     -7.749     -6.741      0.000 4
  47   45     -7.717     -0.689      0.000 4
  48   46     -7.694      7.119      0.000 4
  49   47     -7.679      6.651      0.000 4
  50   48     -7.608      4.949      0.000 4
  51   49     -7.585     -6.906      0.000 4
  53   50     -7.540     -0.004      0.000 4
  54   51     -7.533      8.231      0.000 4
  55   52     -7.532     -0.696      0.000 4
  57   53     -7.501     -1.107      0.000 4
  58   54     -7.474      7.992      0.000 4
  59   55     -7.474      3.620      0.000 4
  60   56     -7.424      3.858      0.000 4
  61   58     -7.406     -1.440      0.000 4
  62   57     -7.403      3.981      0.000 4
  63   59     -7.379      3.678      0.000 4
  65   60     -7.361     -6.212      0.000 4
  66   -2     -7.353      2.313      0.000 4
  67   61     -7.325     -5.103      0.000 4
  68   62     -7.319     -5.414      0.000 4
  69   63     -7.309      3.854      0.000 4
  70   64     -7.303      5.395      0.000 4
  -1   65     -7.274      0.097      0.000 4
  71   66     -7.249     -8.392      0.000 4
  72   68     -7.246      3.241      0.000 4
  73   67     -7.245      6.137      0.000 4
  74   69     -7.214     -7.979      0.000 4
  75   -2     -7.190     -7.555      0.000 4
  76   70     -7.174      7.648      0.000 4
  77   71     -7.158      6.083      0.000 4
  78   -2     -7.157      5.094      0.000 4
  79   73     -7.147      4.738      0.000 4
  80   74     -7.144      4.039      0.000 4
  82   75     -7.135     -7.761      0.000 4
  81   77     -7.132     -2.424      0.000 4
  83   76     -7.131      7.293      0.000 4
  84   78     -7.110      7.453      0.000 4
  85   79     -7.093      4.986      0.000 4
  86   80     -7.044     -5.438      0.000 4
  87   81     -7.016      0.021      0.000 4
  88   82     -7.013      1.960      0.000 4
  89   83     -6.997     -6.796      0.000 4
  90   84     -6.989      4.430      0.000 4
  92   85     -6.979     -6.626      0.000 4
  91   86     -6.977     -2.414      0.000 4
  93   87     -6.973      4.332      0.000 4
  94   88     -6.959     -0.390      0.000 4
  95   89     -6.952      5.110      0.000 4
  96   90     -6.930     -2.707      0.000 4
  97   91     -6.916      5.411      0.000 4
  98   92     -6.911      3.371      0.000 4
  99   93     -6.899     -0.836      0.000 4
 100   94     -6.895      2.893      0.000 4
 101   96     -6.873     -6.478      0.000 4
 102   97     -6.869     -1.218      0.000 4
 103   98     -6.844      7.548      0.000 4
 104   99     -6.818     -7.525      0.000 4
 105  100     -6.796      1.302      0.000 4
 106  101     -6.788     -5.460      0.000 4
 107  102     -6.760      2.408      0.000 4
 108  103     -6.740      7.624      0.000 4
 109  104     -6.725     -0.882      0.000 4
  -1  105     -6.718      3.559      0.000 4
 110  106     -6.682      1.667      0.000 4
 111  107     -6.681      1.347      0.000 4
 112  108     -6.635      3.540      0.000 4
 113  109     -6.633      2.370      0.000 4
 114  110     -6.602      5.771      0.000 4
 116  111     -6.585      6.972      0.000 4
 115  112     -6.585     -4.370      0.000 4
 117  113     -6.550     -6.381      0.000 4
 118  116     -6.510      7.615      0.000 4
 119  115     -6.509     -6.267      0.000 4
 120  117     -6.500      3.056      0.000 4
 121  118     -6.483     -4.790      0.000 4
 123  119     -6.428      0.138      0.000 4
 124  120     -6.362      4.871      0.000 4
 125  121     -6.341     -0.499      0.000 4
 126  122     -6.335     -7.901      0.000 4
 127  125     -6.288      0.094      0.000 4
 128  124     -6.285     -5.862      0.000 4
 130  126     -6.262      0.329      0.000 4
 131  127     -6.253     -1.671      0.000 4
 133  130     -6.199      2.494      0.000 4
 134  132     -6.171      4.873      0.000 4
 135  133     -6.167     -5.281      0.000 4
 136  134     -6.163      3.363      0.000 4
 137  135     -6.153      2.732      0.000 4
 138  136     -6.138     -7.676      0.000 4
 140  137     -6.106      7.350      0.000 4
 139  138     -6.105      1.236      0.000 4
  -1   -2     -6.098     -4.698      0.000 4
 141  139     -6.074      6.277      0.000 4
 142  140     -6.044      3.698      0.000 4
 143  141     -6.021      7.843      0.000 4
 144  142     -6.007     -7.783      0.000 4
 145  143     -5.992     -7.341      0.000 4
 146  145     -5.961     -0.469      0.000 4
 147  144     -5.961      3.074      0.000 4
 148  146     -5.954      6.803      0.000 4
  -1  147     -5.937     -6.368      0.000 4
 149  149     -5.914      4.850      0.000 4
 150  151     -5.888     -5.910      0.000 4
 151  152     -5.877     -0.035      0.000 4
 152  155     -5.855     -1.669      0.000 4
 153  154     -5.850     -7.383      0.000 4
 154  156     -5.835      4.695      0.000 4
 155  157     -5.831      0.607      0.000 4
 156  158     -5.828     -1.922      0.000 4
  -1  159     -5.790     -4.597      0.000 4
 157  161     -5.758     -5.883      0.000 4
 159  162     -5.726     -4.130      0.000 4
 160  163     -5.691      7.407      0.000 4
 161  164     -5.683      1.908      0.000 4
 162  165     -5.669      5.743      0.000 4
 163  166     -5.647      0.739      0.000 4
 164  167     -5.622     -0.893      0.000 4
 165  168     -5.614     -1.787      0.000 4
 166  169     -5.601      7.233      0.000 4
 168  170     -5.585     -2.464      0.000 4
 169  171     -5.576      0.280      0.000 4
 170  172     -5.567      6.030      0.000 4
  -1  173     -5.533      2.667      0.000 4
 171  174     -5.532     -4.978      0.000 4
 172  175     -5.529     -3.114      0.000 4
 173  176     -5.496     -0.686      0.000 4
 174  177     -5.471      4.793      0.000 4
 175  178     -5.455     -7.563      0.000 4
 176  179     -5.446      5.224      0.000 4
 177  181     -5.396     -1.391      0.000 4
 178  182     -5.381     -8.134      0.000 4
  -1   -2     -5.374     -4.520      0.000 4
 179  183     -5.356     -0.603      0.000 4
 180   -2     -5.340      6.103      0.000 4
 181  184     -5.327      3.808      0.000 4
 182  185     -5.311     -3.064      0.000 4
  -1  186     -5.285     -5.998      0.000 4
 183  187     -5.275      2.064      0.000 4
 184  188     -5.263      0.702      0.000 4
 185  189     -5.244     -3.773      0.000 4
 187  190     -5.226     -2.458      0.000 4
 186  191     -5.214     -4.691      0.000 4
 188  192     -5.188     -1.591      0.000 4
 189  193     -5.154     -6.681      0.000 4
 190  194     -5.138     -4.799      0.000 4
 191  195     -5.114     -3.900      0.000 4
 193  196     -5.100     -5.206      0.000 4
 192  197     -5.098     -0.079      0.000 4
 195  199     -5.048     -0.010      0.000 4
 194  200     -5.046      1.559      0.000 4
 196  201     -5.027      0.529      0.000 4
 197  202     -5.005     -3.426      0.000 4
 198  203     -4.991      5.110      0.000 4
 200  204     -4.972     -7.858      0.000 4
 199  205     -4.969     -0.323      0.000 4
 201  206     -4.956      3.925      0.000 4
 203  208     -4.945      3.732      0.000 4
 202  209     -4.941     -4.336      0.000 4
 204   -2     -4.923     -4.149      0.000 4
 205  210     -4.922     -1.336      0.000 4
 206  211     -4.911      8.379      0.000 4
 207   -2     -4.905      0.838      0.000 4
 209   -2     -4.899      1.614      0.000 4
 208  212     -4.899      8.223      0.000 4
 210  213     -4.888     -1.399      0.000 4
 213  214     -4.885     -2.817      0.000 4
 212   -2     -4.882     -8.306      0.000 4
 211  215     -4.881      0.680      0.000 4
 216  216     -4.863     -4.295      0.000 4
  -1  217     -4.835      1.639      0.000 4
 215  221     -4.830     -5.029      0.000 4
 218  218     -4.820      3.813      0.000 4
 217  220     -4.814      0.075      0.000 4
 219  219     -4.814     -5.831      0.000 4
  -1  223     -4.802     -4.306      0.000 4
 220  222     -4.794      0.410      0.000 4
 221  224     -4.707      4.483      0.000 4
 222  225     -4.684     -5.113      0.000 4
 224  226     -4.669      5.785      0.000 4
 223  227     -4.659      2.656      0.000 4
 225  228     -4.654     -6.872      0.000 4
  -1  229     -4.643      2.194      0.000 4
 227  232     -4.636     -4.794      0.000 4
 228  231     -4.629      3.388      0.000 4
 229  230     -4.626      3.574      0.000 4
 232  233     -4.579      2.523      0.000 4
 235  235     -4.499      2.173      0.000 4
 234  236     -4.496      0.621      0.000 4
 237  237     -4.457     -6.540      0.000 4
 236  239     -4.448     -6.108      0.000 4
 239  238     -4.439     -8.232      0.000 4
 238  240     -4.430     -6.744      0.000 4
 240  242     -4.378     -4.354      0.000 4
 241  243     -4.363      3.486      0.000 4
 242  248     -4.341     -4.472      0.000 4
 243  246     -4.337      1.017      0.000 4
 244   -2     -4.335      0.619      0.000 4
 245  247     -4.330      7.400      0.000 4
  -1  245     -4.311     -2.741      0.000 4
 247  249     -4.300      2.410      0.000 4
 246  250     -4.298      1.161      0.000 4
 248  251     -4.285      0.635      0.000 4
 250  253     -4.255     -4.508      0.000 4
  -1  252     -4.246     -6.412      0.000 4
 251  254     -4.222     -2.049      0.000 4
 252  255     -4.172     -1.229      0.000 4
 255  256     -4.131     -2.526      0.000 4
 259  257     -4.110      3.364      0.000 4
 258   -2     -4.100     -0.475      0.000 4
 260  259     -4.085      5.747      0.000 4
 261  258     -4.081      2.601      0.000 4
 262  260     -4.057      2.075      0.000 4
 263  261     -4.051      1.637      0.000 4
 265  262     -4.040      5.650      0.000 4
 264  264     -4.030     -4.765      0.000 4
 266   -2     -4.026     -4.963      0.000 4
 267  263     -4.020     -6.518      0.000 4
 268  265     -4.010      3.265      0.000 4
 269  266     -4.002     -1.476      0.000 4
 270  268     -3.971      5.362      0.000 4
 271  267     -3.966     -6.187      0.000 4
  -1  269     -3.938     -7.935      0.000 4
 273  271     -3.928     -7.342      0.000 4
 274  272     -3.870      2.866      0.000 4
  -1   -2     -3.851      4.317      0.000 4
 275  274     -3.799      2.185      0.000 4
 278  273     -3.792     -8.149      0.000 4
 277  275     -3.786     -7.270      0.000 4
 276  277     -3.781      8.287      0.000 4
 279  278     -3.754     -7.461      0.000 4
 280  279     -3.735     -0.183      0.000 4
 284  281     -3.707     -2.124      0.000 4
 282  282     -3.706     -1.293      0.000 4
 283  283     -3.695     -3.686      0.000 4
  -1   -2     -3.691      7.847      0.000 4
 286  284     -3.675     -7.221      0.000 4
 285  286     -3.662     -4.619      0.000 4
 288  287     -3.647     -4.377      0.000 4
 289  288     -3.608      0.831      0.000 4
 290   -2     -3.602      6.067      0.000 4
  -1   -2     -3.552     -0.960      0.000 4
  -1   -2     -3.541      7.922      0.000 4
 292  289     -3.522      8.201      0.000 4
 293  290     -3.516      6.379      0.000 4
 294  293     -3.434      0.097      0.000 4
  -1   -2     -3.411     -8.354      0.000 4
 295  294     -3.409      7.886      0.000 4
 298  295     -3.397     -2.571      0.000 4
 297  297     -3.380      0.264      0.000 4
 300  296     -3.369      0.043      0.000 4
 302  300     -3.320      3.916      0.000 4
 301  301     -3.319      5.455      0.000 4
 303  299     -3.312      0.921      0.000 4
  -1   -2     -3.302     -6.024      0.000 4
 304  302     -3.300      2.679      0.000 4
 306  303     -3.254      4.655      0.000 4
 305  304     -3.237     -2.743      0.000 4
 308   -2     -3.206     -1.848      0.000 4
 307  305     -3.195      2.576      0.000 4
  -1   -2     -3.169     -4.531      0.000 4
 309  307     -3.156      0.383      0.000 4
 310  306     -3.154     -6.012      0.000 4
 311   -2     -3.154      3.451      0.000 4
 313  308     -3.113      2.526      0.000 4
 312  309     -3.112     -4.555      0.000 4
 314  313     -3.090      2.997      0.000 4
 315  312     -3.082      3.893      0.000 4
  -1  310     -3.082      2.042      0.000 4
 317  311     -3.078      6.177      0.000 4
 316  316     -3.059     -3.348      0.000 4
 318  315     -3.058      8.002      0.000 4
 319  318     -3.045     -0.388      0.000 4
 320  317     -3.041     -5.890      0.000 4
  -1  314     -3.028     -7.569      0.000 4
  -1  320     -2.926     -0.202      0.000 4
 322  321     -2.921     -2.772      0.000 4
 323  322     -2.899      4.568      0.000 4
 324  323     -2.896     -6.352      0.000 4
 326  324     -2.854     -3.251      0.000 4
 327  325     -2.839      7.194      0.000 4
 328  326     -2.827      8.006      0.000 4
 331  327     -2.783      2.693      0.000 4
 329  328     -2.780     -0.475      0.000 4
 330  329     -2.764     -7.935      0.000 4
 332  330     -2.717      5.744      0.000 4
 333  332     -2.696      3.505      0.000 4
 336  331     -2.685      6.480      0.000 4
 335  333     -2.675     -6.116      0.000 4
 334  334     -2.675      6.737      0.000 4
 337  335     -2.649     -4.808      0.000 4
 338  337     -2.632     -4.500      0.000 4
  -1  336     -2.624     -7.987      0.000 4
 339   -2     -2.623     -2.598      0.000 4
 340  338     -2.581      0.242      0.000 4
 341  339     -2.555      8.243      0.000 4
 342  340     -2.544     -7.519      0.000 4
 344  341     -2.479      7.949      0.000 4
  -1  343     -2.449     -3.577      0.000 4
 347  345     -2.445     -3.673      0.000 4
 346  347     -2.429      0.708      0.000 4
 348  346     -2.426     -1.111      0.000 4
 350  348     -2.400     -5.143      0.000 4
 349  350     -2.390     -6.517      0.000 4
 352  349     -2.366     -6.127      0.000 4
 354  351     -2.296      1.077      0.000 4
 353  354     -2.269     -7.333      0.000 4
 355  352     -2.258     -3.287      0.000 4
  -1   -2     -2.248      0.162      0.000 4
 356  355     -2.234      5.779      0.000 4
 357  353     -2.230      2.880      0.000 4
 358  357     -2.198     -4.524      0.000 4
  -1  356     -2.196      1.432      0.000 4
 359  359     -2.162      5.084      0.000 4
  -1   -2     -2.124     -1.165      0.000 4
 360  361     -2.106     -1.970      0.000 4
  -1   -2     -2.098     -2.171      0.000 4
 363  362     -2.077      6.693      0.000 4
 361  363     -2.065     -6.954      0.000 4
 364  365     -1.966      1.617      0.000 4
 365   -2     -1.963     -4.894      0.000 4
 367   -2     -1.952      1.372      0.000 4
 366  366     -1.909     -0.019      0.000 4
 368   -2     -1.870      3.589      0.000 4
 369  367     -1.826     -6.601      0.000 4
 370  368     -1.794      6.476      0.000 4
 372  370     -1.769     -4.876      0.000 4
 371  373     -1.757      3.355      0.000 4
 373  369     -1.753      0.858      0.000 4
 376  372     -1.699     -6.376      0.000 4
 375  375     -1.697      1.955      0.000 4
 377  378     -1.630     -3.051      0.000 4
 378  377     -1.625     -5.979      0.000 4
 379   -2     -1.588      3.608      0.000 4
  -1  380     -1.567     -3.795      0.000 4
  -1  381     -1.538      3.375      0.000 4
  -1  382     -1.505     -0.369      0.000 4
 385   -2     -1.475      6.966      0.000 4
 383  383     -1.408      2.438      0.000 4
 386  384     -1.297     -2.126      0.000 4
 387  386     -1.263      4.336      0.000 4
 388  385     -1.238     -8.031      0.000 4
 390   -2     -1.144      0.346      0.000 4
 391  388     -1.120     -5.047      0.000 4
 393  389     -1.078     -4.700      0.000 4
 394  390     -1.074     -6.601      0.000 4
  -1   -2     -1.070      3.467      0.000 4
 395   -2     -1.057     -2.216      0.000 4
 396  392     -0.983      3.913      0.000 4
 398  394     -0.773     -5.016      0.000 4
 399  396     -0.714      7.433      0.000 4
 400  397     -0.676     -4.025      0.000 4
 402  398     -0.634     -3.563      0.000 4
 403  399     -0.610     -6.529      0.000 4
  -1   -2     -0.518     -4.158      0.000 4
  -1   -2     -0.505     -3.640      0.000 4
 405  402     -0.466     -5.714      0.000 4
 406  404     -0.408     -7.470      0.000 4
 407  403     -0.397     -3.066      0.000 4
 408  405     -0.289     -2.177      0.000 4
  -1   -2     -0.213     -7.324      0.000 4
 411  406     -0.197     -7.043      0.000 4
 410  407     -0.193     -6.502      0.000 4
 409  408     -0.149      4.345      0.000 4
 412  409     -0.098     -7.497      0.000 4
 413  410     -0.057     -0.094      0.000 4
  -1  411      0.086     -5.987      0.000 4
 416  413      0.212      4.763      0.000 4
 418  414      0.236      1.959      0.000 4
 417  415      0.253     -4.770      0.000 4
 419   -2      0.275      6.166      0.000 4
 420   -2      0.480     -2.694      0.000 4
 423  416      0.549     -4.659      0.000 4
 422   -2      0.552      2.574      0.000 4
 424  417      0.560      3.932      0.000 4
  -1  419      0.567     -1.353      0.000 4
 426  418      0.598     -6.209      0.000 4
 425  420      0.617      6.165      0.000 4
 427  421      0.671     -5.828      0.000 4
 429  422      0.714     -0.572      0.000 4
 430  423      0.731     -3.980      0.000 4
 428  425      0.734     -2.147      0.000 4
 431  424      0.741     -4.669      0.000 4
  -1  426      0.815      0.474      0.000 4
 433   -2      0.825     -5.732      0.000 4
 435  428      0.942     -2.467      0.000 4
  -1  427      0.952     -7.829      0.000 4
 438  429      1.036      6.245      0.000 4
 439  432      1.057     -6.898      0.000 4
 441  435      1.087     -2.399      0.000 4
 444  434      1.104      3.050      0.000 4
 445  433      1.123     -5.014      0.000 4
 437  440      1.168     -3.641      0.000 4
  -1  439      1.180      2.850      0.000 4
 447   -2      1.223     -1.761      0.000 4
 446  442      1.242     -0.334      0.000 4
 442   -2      1.250     -4.306      0.000 4
 449  441      1.267     -6.757      0.000 4
 450  444      1.285     -2.482      0.000 4
 451   -2      1.289     -3.497      0.000 4
 453  446      1.323      0.553      0.000 4
 455  447      1.364      4.016      0.000 4
 456  448      1.378     -7.922      0.000 4
 459  451      1.446      7.432      0.000 4
 462  450      1.461     -8.245      0.000 4
 460  453      1.463     -5.776      0.000 4
 458  455      1.468     -4.049      0.000 4
 461  454      1.484      3.140      0.000 4
 463  456      1.528     -3.072      0.000 4
 464  458      1.603     -4.778      0.000 4
  -1  460      1.620     -1.616      0.000 4
 467  459      1.658      0.633      0.000 4
 465   -2      1.676     -3.477      0.000 4
 466  464      1.684     -3.870      0.000 4
 470  461      1.688      2.689      0.000 4
 472  462      1.703     -4.971      0.000 4
 471  463      1.708     -6.736      0.000 4
 469  465      1.709      0.047      0.000 4
 468  468      1.710      1.591      0.000 4
  -1  467      1.736     -5.955      0.000 4
 473  469      1.766      7.412      0.000 4
 474  470      1.784     -7.119      0.000 4
 475  471      1.787      0.419      0.000 4
 478  472      1.794      5.029      0.000 4
 477  473      1.807     -4.409      0.000 4
 476  475      1.823      0.545      0.000 4
 480  474      1.854      0.765      0.000 4
 479  476      1.856     -3.085      0.000 4
  -1   -2      1.875     -1.142      0.000 4
  -1   -2      1.887     -2.492      0.000 4
 483  478      1.908      5.740      0.000 4
 482  480      1.931      6.369      0.000 4
  -1  479      1.937     -5.211      0.000 4
 486  481      1.971      2.928      0.000 4
 487  482      1.974     -4.379      0.000 4
  -1   -2      1.982      1.376      0.000 4
 488  484      1.999      4.061      0.000 4
 489  485      2.047      6.340      0.000 4
 490  486      2.059      4.445      0.000 4
 491  487      2.073     -5.013      0.000 4
 493  489      2.113      1.011      0.000 4
 494  490      2.115      7.248      0.000 4
 492  491      2.119     -1.348      0.000 4
 496  493      2.141     -3.994      0.000 4
 498  492      2.147      6.090      0.000 4
 499  494      2.156     -0.621      0.000 4
 497  496      2.160     -7.829      0.000 4
 500  495      2.175     -0.434      0.000 4
 502  499      2.203      5.782      0.000 4
 503  497      2.207     -6.973      0.000 4
 501  501      2.214     -1.826      0.000 4
 504  500      2.227      6.411      0.000 4
 505  502      2.297     -7.780      0.000 4
 506  503      2.306     -3.253      0.000 4
 507  504      2.332      5.146      0.000 4
 509  505      2.339     -5.380      0.000 4
 510  506      2.355      5.875      0.000 4
 508  508      2.357     -3.353      0.000 4
 513  511      2.389     -1.225      0.000 4
 516   -2      2.389     -3.901      0.000 4
 515  509      2.398      0.664      0.000 4
 511  512      2.404     -1.824      0.000 4
 514  513      2.404      4.107      0.000 4
 517  510      2.413      5.632      0.000 4
  -1  514      2.433     -3.787      0.000 4
 518  516      2.509     -3.284      0.000 4
 521  515      2.522     -3.375      0.000 4
 520  517      2.528      3.720      0.000 4
 519  518      2.538      4.102      0.000 4
 523  519      2.581     -5.226      0.000 4
 522  520      2.589      6.798      0.000 4
 524  522      2.634      2.197      0.000 4
 525  521      2.638      2.799      0.000 4
 526   -2      2.671     -6.794      0.000 4
 527  525      2.684      7.461      0.000 4
 529  526      2.743      5.649      0.000 4
 531   -2      2.758     -6.752      0.000 4
 533   -2      2.780     -2.555      0.000 4
 530  530      2.812     -1.481      0.000 4
 534  529      2.837     -6.423      0.000 4
 535  528      2.838     -0.049      0.000 4
 537  531      2.874      6.354      0.000 4
 536  534      2.885      0.055      0.000 4
 539  532      2.900     -1.653      0.000 4
 538  533      2.901      4.717      0.000 4
 540  536      2.920      5.060      0.000 4
 541  535      2.925     -5.227      0.000 4
 543  537      2.932     -6.102      0.000 4
 542  538      2.948      7.131      0.000 4
 544  539      3.011     -2.604      0.000 4
 545   -2      3.023      2.705      0.000 4
 546  540      3.050      5.569      0.000 4
 548  542      3.077     -7.288      0.000 4
 549  543      3.102     -2.007      0.000 4
 552  544      3.113      2.851      0.000 4
 551  545      3.113      6.144      0.000 4
 553  546      3.139     -7.142      0.000 4
  -1  547      3.146     -3.893      0.000 4
 554  549      3.178      6.068      0.000 4
 556  551      3.210      8.242      0.000 4
  -1  554      3.226     -4.136      0.000 4
 557  553      3.226     -8.377      0.000 4
 558  552      3.229     -7.342      0.000 4
  -1  555      3.262     -1.312      0.000 4
 560  557      3.344      2.975      0.000 4
 562  558      3.364     -5.483      0.000 4
 563  559      3.392      2.849      0.000 4
 564  560      3.403      6.641      0.000 4
 565  561      3.416     -2.150      0.000 4
 567  564      3.487      5.865      0.000 4
 568  563      3.488     -0.921      0.000 4
 570  565      3.523     -6.167      0.000 4
 572  566      3.544     -5.578      0.000 4
 571  567      3.549     -0.479      0.000 4
 573  569      3.561      5.297      0.000 4
 574  570      3.575     -3.499      0.000 4
 575  571      3.581     -3.021      0.000 4
  -1   -2      3.608     -3.805      0.000 4
 577  572      3.615     -0.047      0.000 4
 576   -2      3.616      5.003      0.000 4
 578  573      3.642      5.037      0.000 4
 580  574      3.654     -6.061      0.000 4
 579   -2      3.654      2.038      0.000 4
 583  575      3.669      2.587      0.000 4
 582  577      3.676      7.903      0.000 4
  -1  576      3.688     -7.023      0.000 4
 585  578      3.695     -5.400      0.000 4
 584  580      3.699      4.049      0.000 4
 587  581      3.723     -2.167      0.000 4
 586  583      3.750     -2.600      0.000 4
 589  582      3.752     -1.854      0.000 4
 588  584      3.760      7.706      0.000 4
 590  585      3.772     -0.577      0.000 4
 592  586      3.781     -1.048      0.000 4
  -1   -2      3.781      0.853      0.000 4
 591  588      3.788     -7.665      0.000 4
 593  587      3.793     -2.241      0.000 4
 594  589      3.823     -5.992      0.000 4
 595  591      3.847      4.932      0.000 4
 596  593      3.856      5.255      0.000 4
 598  592      3.866     -0.707      0.000 4
 597  594      3.872      0.139      0.000 4
 599  595      3.886     -1.287      0.000 4
 600  597      3.921     -7.452      0.000 4
 602  596      3.935     -2.566      0.000 4
  -1   -2      3.952      2.387      0.000 4
 601  598      3.953     -7.361      0.000 4
 606  600      3.983      2.920      0.000 4
 607   -2      3.983     -1.788      0.000 4
 608  602      3.996     -8.129      0.000 4
 609   -2      4.001     -5.002      0.000 4
 612  601      4.001     -5.541      0.000 4
 610  606      4.015     -7.691      0.000 4
 611  605      4.019      8.103      0.000 4
 614  604      4.027      3.068      0.000 4
 616  603      4.027      0.676      0.000 4
 615  607      4.033      0.036      0.000 4
 613  609      4.046     -4.202      0.000 4
 618  608      4.062      4.916      0.000 4
 617  610      4.072     -8.048      0.000 4
 619  611      4.091     -7.049      0.000 4
 621  612      4.181     -1.007      0.000 4
 622  613      4.199     -8.388      0.000 4
 624   -2      4.254     -4.382      0.000 4
 623  614      4.256      2.227      0.000 4
 625  615      4.264      4.712      0.000 4
 626  616      4.305     -5.717      0.000 4
 628  617      4.319     -2.003      0.000 4
 627  618      4.320      8.336      0.000 4
 630   -2      4.355     -2.143      0.000 4
 629   -2      4.363      2.177      0.000 4
 631  620      4.388     -1.729      0.000 4
 632  621      4.426      7.796      0.000 4
 633  622      4.437      4.649      0.000 4
 635  624      4.462      0.765      0.000 4
 634  623      4.463      2.988      0.000 4
 636  625      4.483      8.017      0.000 4
 637  626      4.489     -0.891      0.000 4
 640  627      4.515      4.818      0.000 4
 639  629      4.515      6.373      0.000 4
 638  628      4.516      0.052      0.000 4
  -1   -2      4.521     -4.340      0.000 4
 641  630      4.537     -8.382      0.000 4
 642  631      4.550     -4.907      0.000 4
 643  632      4.559      8.007      0.000 4
  -1  633      4.569      0.543      0.000 4
 644  634      4.593      6.428      0.000 4
 645  635      4.601      2.648      0.000 4
  -1  636      4.606     -2.976      0.000 4
 648   -2      4.625      0.067      0.000 4
 647  637      4.626      3.310      0.000 4
  -1   -2      4.634     -7.805      0.000 4
  -1   -2      4.637     -4.337      0.000 4
 652  639      4.639     -1.442      0.000 4
 651  638      4.642      1.886      0.000 4
 649  643      4.653     -3.729      0.000 4
 653  640      4.659      2.822      0.000 4
 654  642      4.665      0.584      0.000 4
 655  641      4.671     -7.096      0.000 4
 656  644      4.713     -5.170      0.000 4
 657  645      4.719      0.761      0.000 4
 658  649      4.778     -7.260      0.000 4
 659  647      4.778      8.328      0.000 4
  -1  646      4.780     -6.851      0.000 4
 660  648      4.785      3.033      0.000 4
 661  651      4.810      1.132      0.000 4
 663  652      4.851     -2.657      0.000 4
 662  653      4.854     -3.370      0.000 4
 664  654      4.890     -8.259      0.000 4
 666  655      4.931      5.108      0.000 4
 665  656      4.931      3.587      0.000 4
 667  657      4.947      5.231      0.000 4
 669  660      4.987     -4.475      0.000 4
 670  659      4.990     -5.196      0.000 4
 671  661      4.995      1.499      0.000 4
  -1  662      4.998      3.311      0.000 4
 672  663      5.012     -2.853      0.000 4
 673  664      5.016     -4.853      0.000 4
 674  665      5.032     -8.421      0.000 4
 675  666      5.047      8.114      0.000 4
 676  667      5.049      8.073      0.000 4
 677  669      5.078     -5.743      0.000 4
  -1  668      5.080     -3.964      0.000 4
 678  670      5.094      7.202      0.000 4
 679  671      5.099      2.003      0.000 4
 680  672      5.100      6.920      0.000 4
 681  673      5.113     -2.663      0.000 4
 682  674      5.142     -6.478      0.000 4
 683  675      5.157     -5.797      0.000 4
 684  676      5.212      6.428      0.000 4
 685  677      5.213      6.839      0.000 4
 686  679      5.257      1.570      0.000 4
 687  680      5.291     -3.072      0.000 4
 689  682      5.311      2.389      0.000 4
 690  683      5.382      5.814      0.000 4
 691   -2      5.386     -0.121      0.000 4
 692  685      5.422     -7.846      0.000 4
 693  684      5.424     -2.922      0.000 4
 694  686      5.433     -7.605      0.000 4
 696  687      5.449      1.988      0.000 4
 698  689      5.475      6.045      0.000 4
 697  690      5.476      1.373      0.000 4
  -1   -2      5.496     -7.933      0.000 4
 699  691      5.543      2.042      0.000 4
 700  692      5.560      4.481      0.000 4
 701   -2      5.567     -5.066      0.000 4
 702  693      5.594     -8.140      0.000 4
 703  694      5.625     -6.650      0.000 4
 704  695      5.631      6.971      0.000 4
 705  696      5.658      3.926      0.000 4
 706  697      5.670     -0.644      0.000 4
 707  698      5.694     -3.179      0.000 4
 708  700      5.739     -5.457      0.000 4
 710  699      5.743     -5.794      0.000 4
 709  701      5.748      4.598      0.000 4
 711  702      5.793     -8.058      0.000 4
 712  703      5.807     -2.450      0.000 4
 713  704      5.822      1.760      0.000 4
 714  705      5.833     -0.993      0.000 4
 715   -2      5.861     -7.996      0.000 4
 716  706      5.876     -3.457      0.000 4
 718  707      5.884     -8.321      0.000 4
 717  708      5.885     -0.750      0.000 4
 719  710      5.888      1.979      0.000 4
 720  711      5.892      5.064      0.000 4
  -1  709      5.900     -7.987      0.000 4
 722  713      5.968     -6.469      0.000 4
 723  714      5.981      2.726      0.000 4
 724  715      6.009     -5.290      0.000 4
 725   -2      6.017     -2.135      0.000 4
 726  717      6.026     -4.331      0.000 4
 729  718      6.042     -1.721      0.000 4
 727  719      6.043      4.642      0.000 4
 728  720      6.046     -0.474      0.000 4
 730  721      6.052     -3.055      0.000 4
 731  722      6.059     -6.140      0.000 4
 732  724      6.146      1.700      0.000 4
 733  725      6.155      6.540      0.000 4
 734  726      6.171     -4.337      0.000 4
 735  727      6.193      3.862      0.000 4
 736  729      6.199     -4.217      0.000 4
  -1  730      6.205      0.283      0.000 4
 737  731      6.208      3.193      0.000 4
 738  732      6.238     -6.636      0.000 4
 739  733      6.271      7.276      0.000 4
 740  735      6.300     -2.137      0.000 4
 741  734      6.302     -6.488      0.000 4
 742  736      6.304     -2.935      0.000 4
 743  748      6.344      1.957      0.000 4
 745  737      6.368      2.364      0.000 4
 747  739      6.397     -4.266      0.000 4
 746  738      6.397      7.018      0.000 4
 748  740      6.466     -1.372      0.000 4
 749  741      6.467     -4.879      0.000 4
  -1   -2      6.497      4.108      0.000 4
 752  742      6.517     -5.954      0.000 4
 751  743      6.519      5.506      0.000 4
 753  745      6.534      6.912      0.000 4
 755  746      6.551      4.670      0.000 4
 756  747      6.555     -1.310      0.000 4
 757   -2      6.582      2.131      0.000 4
 758  749      6.589     -1.281      0.000 4
 759  750      6.615     -0.579      0.000 4
 760   -2      6.615     -6.051      0.000 4
 761  751      6.622      2.875      0.000 4
 762  752      6.649     -5.130      0.000 4
 763  753      6.668     -5.321      0.000 4
 764  754      6.673      5.645      0.000 4
 765  755      6.703     -6.213      0.000 4
 768  756      6.713     -5.498      0.000 4
 766  757      6.714      6.586      0.000 4
 767  758      6.722      0.438      0.000 4
 769  759      6.733      3.188      0.000 4
 770  760      6.750     -1.882      0.000 4
 771  761      6.754      3.304      0.000 4
 772  762      6.758      2.058      0.000 4
 773  763      6.784     -0.567      0.000 4
 774  764      6.796     -6.046      0.000 4
 775  766      6.801     -7.661      0.000 4
 776  767      6.810     -0.771      0.000 4
 777  768      6.851      5.226      0.000 4
 778  769      6.881     -7.989      0.000 4
 779  770      6.886      3.625      0.000 4
 781  771      6.914     -4.924      0.000 4
 780  772      6.914     -0.911      0.000 4
 782  773      6.917     -2.641      0.000 4
 783  774      6.927     -0.083      0.000 4
 784  775      6.933      6.181      0.000 4
 785  776      6.952     -0.683      0.000 4
 786  777      6.970      0.439      0.000 4
 787  778      6.984      2.093      0.000 4
  -1  779      7.014      3.421      0.000 4
  -1   -2      7.017      2.254      0.000 4
  -1   -2      7.019      2.033      0.000 4
 788  780      7.024     -6.598      0.000 4
 789  781      7.031     -5.787      0.000 4
 790  782      7.047      2.053      0.000 4
 791  784      7.064     -4.030      0.000 4
 792  785      7.076     -5.992      0.000 4
 794  786      7.102     -8.299      0.000 4
 795  787      7.138      7.546      0.000 4
 798  788      7.161      6.529      0.000 4
 797  789      7.165     -6.162      0.000 4
  -1   -2      7.165     -3.173      0.000 4
 799  790      7.204      0.200      0.000 4
 800  791      7.215     -3.969      0.000 4
 801  792      7.247      4.993      0.000 4
 802  793      7.259      4.375      0.000 4
 803  804      7.264      1.625      0.000 4
 804  795      7.266     -4.396      0.000 4
 805  796      7.287      6.748      0.000 4
 806  797      7.297      4.317      0.000 4
 807  799      7.309      5.631      0.000 4
 808  800      7.311     -0.147      0.000 4
 809  801      7.346      5.544      0.000 4
 810  802      7.363      3.550      0.000 4
 811  803      7.384     -8.059      0.000 4
 812  805      7.387     -0.681      0.000 4
 813  806      7.389     -6.399      0.000 4
 814  807      7.413      2.071      0.000 4
 815  810      7.485      5.270      0.000 4
 816  812      7.487      4.783      0.000 4
 817   -2      7.521      4.582      0.000 4
 818  814      7.535     -2.902      0.000 4
 819  815      7.559     -1.543      0.000 4
  -1  816      7.577      1.266      0.000 4
 821  817      7.599      4.758      0.000 4
 822  818      7.609      1.752      0.000 4
 823  819      7.622     -8.319      0.000 4
 824  820      7.633      2.279      0.000 4
 825  821      7.682      7.732      0.000 4
 826  822      7.713      7.754      0.000 4
 827  823      7.729     -7.915      0.000 4
 828  824      7.758      8.258      0.000 4
 830  826      7.790      0.132      0.000 4
 829  825      7.796      1.628      0.000 4
 831  827      7.815     -7.087      0.000 4
 832  828      7.831      6.734      0.000 4
 833  829      7.842     -0.858      0.000 4
  -1   -2      7.873     -5.145      0.000 4
 834  830      7.910     -5.009      0.000 4
  -1   -2      7.912     -3.001      0.000 4
 835   -2      7.986      7.156      0.000 4
 836  831      7.991     -0.722      0.000 4
 837  832      8.000     -0.433      0.000 4
 838   -2      8.006     -6.795      0.000 4
 840  833      8.010     -6.874      0.000 4
 839  834      8.011     -1.193      0.000 4
 842  835      8.022     -5.640      0.000 4
 841  836      8.022      1.025      0.000 4
 843  837      8.041     -7.616      0.000 4
 845  838      8.067      4.389      0.000 4
 844  839      8.069     -0.629      0.000 4
 846  840      8.087      3.159      0.000 4
  -1  842      8.130     -0.234      0.000 4
 848  843      8.146     -4.536      0.000 4
  -1  844      8.164      1.712      0.000 4
 849  845      8.171      2.504      0.000 4
 850  846      8.172      3.235      0.000 4
 851  847      8.176      4.613      0.000 4
 852  848      8.206     -7.267      0.000 4
 853  849      8.212      4.799      0.000 4
 854  850      8.218     -6.321      0.000 4
  -1   -2      8.237     -7.824      0.000 4
 855  851      8.248      7.263      0.000 4
 856  852      8.262     -3.400      0.000 4
 857  853      8.265     -6.039      0.000 4
 858  854      8.299     -1.895      0.000 4
 859  855      8.311     -7.359      0.000 4
 860  856      8.314      5.269      0.000 4
 861  858      8.333      7.041      0.000 4
 862  857      8.336     -4.397      0.000 4
 863  859      8.340      1.340      0.000 4
 864  860      8.353      8.191      0.000 4
 865  861      8.360      7.578      0.000 4
 866  862      8.388     -8.254      0.000 4
 867  864      8.395      0.671      0.000 4
 868  863      8.395     -0.160      0.000 4
