865
  -1   -2     -8.426     -5.326      0.000 4
   0    0     -8.395      7.540      0.000 4
   1    1     -8.379     -6.884      0.000 4
   2    2     -8.358     -3.309      0.000 4
  -1    3     -8.351     -8.154      0.000 4
   3    4     -8.326     -4.627      0.000 4
   4    6     -8.282      0.546      0.000 4
   5    7     -8.268      6.852      0.000 4
   6    8     -8.245     -8.251      0.000 4
   7    9     -8.226      4.229      0.000 4
   8   10     -8.210     -7.932      0.000 4
   9   11     -8.188      1.549      0.000 4
  10   12     -8.165      4.425      0.000 4
  11   13     -8.162     -3.040      0.000 4
  12   14     -8.133      6.501      0.000 4
  13   16     -8.101     -2.505      0.000 4
  14   15     -8.099      2.624      0.000 4
  15   18     -8.062      1.352      0.000 4
  16   19     -8.037     -7.403      0.000 4
  17   20     -8.028      2.239      0.000 4
  18   21     -8.003     -6.249      0.000 4
  19   22     -7.992      6.572      0.000 4
  20   23     -7.966     -3.817      0.000 4
  21   24     -7.932      5.664      0.000 4
  22   25     -7.905     -0.955      0.000 4
  23   26     -7.882      0.824      0.000 4
  24   28     -7.877     -0.176      0.000 4
  25   27     -7.874      2.327      0.000 4
  26   32     -7.852     -6.115      0.000 4
  27   29     -7.844      4.093      0.000 4
  28   30     -7.821      7.183      0.000 4
  29   31     -7.817      3.872      0.000 4
  30   -2     -7.801     -6.163      0.000 4
  31   33     -7.801     -4.839      0.000 4
  32   34     -7.791      4.996      0.000 4
  33   35     -7.788      2.492      0.000 4
  34   36     -7.765     -2.751      0.000 4
  35   37     -7.760     -6.251      0.000 4
  37   38     -7.753     -5.109      0.000 4
  38   39     -7.746     -6.727      0.000 4
  39   40     -7.744      1.980      0.000 4
  40   42     -7.741      7.144      0.000 4
  41   41     -7.740     -4.626      0.000 4
  42   43     -7.738      5.239      0.000 4
  43   44     -7.705     -0.683      0.000 4
  -1   -2     -7.690      7.125      0.000 4
  44   45     -7.669      6.662      0.000 4
  45   46     -7.584     -6.894      0.000 4
  46   48     -7.532      8.232      0.000 4
  47   49     -7.530      0.004      0.000 4
  48   50     -7.518     -0.692      0.000 4
  49   51     -7.510     -5.432      0.000 4
  50   52     -7.488     -1.100      0.000 4
  51   53     -7.471      7.995      0.000 4
  52   54     -7.469      3.623      0.000 4
  53   55     -7.402      3.857      0.000 4
  54   56     -7.391     -1.434      0.000 4
  55   57     -7.383      3.683      0.000 4
  56   59     -7.357     -6.197      0.000 4
  57   60     -7.343      2.317      0.000 4
  58   62     -7.313     -5.401      0.000 4
  59   61     -7.313     -5.083      0.000 4
  60   63     -7.303      3.859      0.000 4
  61   64     -7.296      5.397      0.000 4
  62   66     -7.255     -8.374      0.000 4
  63   67     -7.239      3.245      0.000 4
  64   68     -7.237      6.145      0.000 4
  65   69     -7.219     -7.967      0.000 4
  66   70     -7.197     -7.540      0.000 4
  67   71     -7.166      7.652      0.000 4
  68   -2     -7.164     -8.124      0.000 4
  69   72     -7.149      6.088      0.000 4
  70   73     -7.144     -7.747      0.000 4
  71   74     -7.143      4.740      0.000 4
  72   75     -7.139      4.045      0.000 4
  73   76     -7.124      7.296      0.000 4
  74   77     -7.121     -2.410      0.000 4
  76   79     -7.082      4.989      0.000 4
  77   80     -7.036     -5.421      0.000 4
  79   81     -7.006      1.964      0.000 4
  78   82     -7.005      0.024      0.000 4
  80   83     -6.998     -6.779      0.000 4
  -1   84     -6.992      4.440      0.000 4
  82   85     -6.979     -6.608      0.000 4
  84   86     -6.970      4.336      0.000 4
  83   87     -6.968     -2.402      0.000 4
  85   88     -6.946      5.115      0.000 4
  -1   90     -6.919     -2.698      0.000 4
  86   91     -6.910      5.417      0.000 4
  88   92     -6.884      2.897      0.000 4
  87   93     -6.884     -0.831      0.000 4
  89   95     -6.873     -6.460      0.000 4
  90   96     -6.854     -1.213      0.000 4
  91   97     -6.834      7.551      0.000 4
  92   98     -6.824     -7.509      0.000 4
  94   99     -6.784     -5.439      0.000 4
  93  100     -6.783      1.304      0.000 4
  95  101     -6.756      2.416      0.000 4
  96  102     -6.727      7.619      0.000 4
  97  103     -6.717      3.567      0.000 4
  -1   -2     -6.704      4.295      0.000 4
 101  105     -6.672      1.666      0.000 4
 102  106     -6.671      1.351      0.000 4
 103  108     -6.628      3.543      0.000 4
 104  107     -6.625      2.375      0.000 4
 105  109     -6.593      5.775      0.000 4
 106  110     -6.577      6.976      0.000 4
 107  111     -6.571     -4.356      0.000 4
 108  112     -6.549     -6.360      0.000 4
 109  114     -6.511     -6.245      0.000 4
 110  115     -6.502      7.618      0.000 4
 111  116     -6.498      3.058      0.000 4
 112  117     -6.470     -4.775      0.000 4
 113  119     -6.414      0.141      0.000 4
 114   -2     -6.372     -3.565      0.000 4
 115  122     -6.361      4.876      0.000 4
 116  121     -6.358     -7.867      0.000 4
 117  123     -6.326     -0.494      0.000 4
 118  124     -6.323      8.135      0.000 4
 119  126     -6.284     -5.839      0.000 4
 120  127     -6.271      0.096      0.000 4
 122  128     -6.253      0.330      0.000 4
 123  129     -6.234     -1.661      0.000 4
 125  131     -6.197      2.496      0.000 4
  -1   -2     -6.176     -4.589      0.000 4
 126  132     -6.167      4.877      0.000 4
 127  133     -6.159      3.370      0.000 4
 128  134     -6.155     -5.260      0.000 4
 129  135     -6.150      2.733      0.000 4
 130  136     -6.143     -7.649      0.000 4
 132  137     -6.097      1.237      0.000 4
 131  138     -6.096      7.352      0.000 4
 133  139     -6.089     -7.139      0.000 4
  -1   -2     -6.077     -4.683      0.000 4
 134  140     -6.066      6.281      0.000 4
 135  141     -6.063     -1.082      0.000 4
 136  142     -6.042      3.705      0.000 4
 137  144     -6.009     -7.721      0.000 4
 138  143     -6.007      7.846      0.000 4
 139  145     -5.971      2.486      0.000 4
  -1   -2     -5.963     -4.639      0.000 4
 140  146     -5.956      3.080      0.000 4
 141  147     -5.947      6.811      0.000 4
 143   -2     -5.942     -6.350      0.000 4
 142  148     -5.937     -0.467      0.000 4
 145  150     -5.903      4.861      0.000 4
 146  151     -5.884     -5.887      0.000 4
 147   -2     -5.871     -6.130      0.000 4
 148  152     -5.861     -0.035      0.000 4
 150  153     -5.825      4.700      0.000 4
 151  154     -5.824     -1.658      0.000 4
 152   -2     -5.815      0.608      0.000 4
 153  155     -5.805     -1.901      0.000 4
 154   -2     -5.804     -7.869      0.000 4
 155   -2     -5.769     -4.583      0.000 4
 156  156     -5.761     -5.849      0.000 4
 157  157     -5.697     -4.132      0.000 4
 158  158     -5.691      7.405      0.000 4
 159  159     -5.674      1.909      0.000 4
 160  160     -5.656      5.747      0.000 4
 161  161     -5.635      0.738      0.000 4
 162  164     -5.592     -0.890      0.000 4
 163  163     -5.591      7.239      0.000 4
 164  165     -5.585     -1.778      0.000 4
 165  166     -5.567     -2.483      0.000 4
 167  167     -5.559      6.036      0.000 4
 166  168     -5.559      0.274      0.000 4
 168  169     -5.523      2.666      0.000 4
 169  170     -5.511     -3.111      0.000 4
 170  171     -5.505     -4.946      0.000 4
 172  172     -5.479     -7.666      0.000 4
 171  173     -5.468     -0.686      0.000 4
 173   -2     -5.460      4.800      0.000 4
 174  175     -5.434      5.230      0.000 4
 175  177     -5.430     -1.341      0.000 4
 176  178     -5.415     -6.247      0.000 4
 177  176     -5.408     -6.029      0.000 4
 178  179     -5.389     -8.219      0.000 4
  -1  181     -5.343     -4.516      0.000 4
 179  182     -5.334     -0.608      0.000 4
 180  183     -5.330      3.817      0.000 4
 181  184     -5.316     -3.051      0.000 4
 182   -2     -5.287     -2.442      0.000 4
 183  185     -5.268      2.064      0.000 4
 184  186     -5.247     -3.800      0.000 4
  -1  187     -5.244      0.695      0.000 4
 186  188     -5.169     -4.683      0.000 4
 187  189     -5.127     -6.680      0.000 4
 188  190     -5.103     -3.903      0.000 4
 189  192     -5.085     -4.804      0.000 4
 190  191     -5.082     -5.136      0.000 4
  -1  194     -5.074     -0.087      0.000 4
 191  193     -5.069     -1.708      0.000 4
 192   -2     -5.054      7.278      0.000 4
 195  195     -5.047     -7.927      0.000 4
 193  197     -5.035     -0.020      0.000 4
 194  198     -5.032      1.561      0.000 4
 198  196     -5.023     -8.320      0.000 4
 196  199     -5.013      0.528      0.000 4
 199  200     -4.974      5.117      0.000 4
 201  201     -4.962      3.935      0.000 4
 202  202     -4.951     -0.332      0.000 4
 200  204     -4.951     -3.397      0.000 4
 203  203     -4.944      3.741      0.000 4
 204  205     -4.901      8.383      0.000 4
 207  206     -4.885      8.223      0.000 4
 206  207     -4.881     -1.341      0.000 4
 208  210     -4.867     -4.355      0.000 4
 209  209     -4.861      0.671      0.000 4
 210  211     -4.860     -3.219      0.000 4
 212  208     -4.852     -5.795      0.000 4
 213  213     -4.836      3.832      0.000 4
 214   -2     -4.823      1.631      0.000 4
 215  214     -4.800      0.068      0.000 4
 216  215     -4.772      0.401      0.000 4
 217  217     -4.764     -4.319      0.000 4
 218  219     -4.714     -5.071      0.000 4
 219  218     -4.707      4.520      0.000 4
 220  221     -4.689      2.704      0.000 4
 223  220     -4.660      3.561      0.000 4
 221   -2     -4.654      2.648      0.000 4
 222  222     -4.650      5.785      0.000 4
 224  223     -4.643      2.189      0.000 4
 225  224     -4.631      3.394      0.000 4
 226  226     -4.607     -6.971      0.000 4
 227  228     -4.600     -5.219      0.000 4
 228  229     -4.584     -4.893      0.000 4
 231  225     -4.580     -6.657      0.000 4
 232  227     -4.567     -8.213      0.000 4
 229  230     -4.567      2.524      0.000 4
 230  231     -4.540     -1.244      0.000 4
  -1   -2     -4.534     -0.381      0.000 4
 233  232     -4.501      2.166      0.000 4
 234  233     -4.486      0.609      0.000 4
 235  235     -4.459     -6.260      0.000 4
 236  236     -4.443     -6.118      0.000 4
 238  234     -4.434     -2.919      0.000 4
 237   -2     -4.421     -6.870      0.000 4
  -1  237     -4.386      0.844      0.000 4
 239  238     -4.365      3.501      0.000 4
 240   -2     -4.320     -4.478      0.000 4
 242  240     -4.318      7.413      0.000 4
 241   -2     -4.302     -4.849      0.000 4
 243  241     -4.299      1.037      0.000 4
 244  242     -4.281      1.145      0.000 4
 245  245     -4.256     -4.500      0.000 4
 246  244     -4.253      0.604      0.000 4
 247  246     -4.228     -4.283      0.000 4
 248  249     -4.129     -1.325      0.000 4
 249  248     -4.125      3.337      0.000 4
 250   -2     -4.103     -2.602      0.000 4
 251  251     -4.094      2.600      0.000 4
 252  250     -4.086     -6.632      0.000 4
 253  252     -4.058      5.734      0.000 4
 254  253     -4.036      1.603      0.000 4
 255  255     -4.022      2.061      0.000 4
  -1  257     -3.995     -1.533      0.000 4
 257  258     -3.967      4.132      0.000 4
  -1   -2     -3.955     -1.320      0.000 4
 258  261     -3.939      5.210      0.000 4
 260  259     -3.936     -8.220      0.000 4
 259  262     -3.932      5.336      0.000 4
 261  260     -3.918     -7.465      0.000 4
 262   -2     -3.877      2.874      0.000 4
 266  263     -3.861     -6.402      0.000 4
 265  264     -3.844     -8.269      0.000 4
 267  266     -3.816      2.169      0.000 4
 268  267     -3.780     -7.663      0.000 4
 269  268     -3.765      8.275      0.000 4
 270  269     -3.728      0.439      0.000 4
 272   -2     -3.715     -7.380      0.000 4
 271  270     -3.711     -2.202      0.000 4
  -1   -2     -3.685      7.857      0.000 4
 274  272     -3.664     -1.378      0.000 4
 273  274     -3.662     -0.207      0.000 4
 275  273     -3.644      7.803      0.000 4
 276  276     -3.640     -3.764      0.000 4
 277  278     -3.571     -4.671      0.000 4
 278  279     -3.562     -4.431      0.000 4
 279  280     -3.542      0.727      0.000 4
 280  281     -3.521      8.173      0.000 4
 281  284     -3.486      6.380      0.000 4
 282   -2     -3.485      2.963      0.000 4
  -1  283     -3.469     -1.566      0.000 4
 283  285     -3.439     -7.549      0.000 4
 284  287     -3.399      7.865      0.000 4
 286  288     -3.381     -2.711      0.000 4
 285  290     -3.380      0.057      0.000 4
 287  293     -3.367      5.483      0.000 4
 288  289     -3.364      0.726      0.000 4
 289  291     -3.350     -6.282      0.000 4
  -1  292     -3.336     -2.137      0.000 4
 292   -2     -3.320      0.113      0.000 4
 291  295     -3.316     -0.084      0.000 4
 293   -2     -3.311      5.452      0.000 4
 294  294     -3.310      2.556      0.000 4
 296  296     -3.287      4.478      0.000 4
 295  297     -3.285      6.240      0.000 4
 297  299     -3.204      2.401      0.000 4
 298  301     -3.187     -2.848      0.000 4
 300   -2     -3.183     -7.974      0.000 4
 301  300     -3.168     -7.936      0.000 4
 299  303     -3.162     -6.263      0.000 4
  -1  302     -3.149      6.046      0.000 4
 302  304     -3.125      1.852      0.000 4
 303  305     -3.104      3.853      0.000 4
 304  306     -3.087      2.314      0.000 4
  -1  307     -3.084     -4.998      0.000 4
 306  308     -3.072     -2.768      0.000 4
 309  309     -3.058      7.966      0.000 4
 308  310     -3.056      3.045      0.000 4
 307  314     -3.035     -4.632      0.000 4
 310  313     -3.024     -0.623      0.000 4
 311   -2     -3.007     -3.497      0.000 4
 312  316     -2.970      4.500      0.000 4
  -1  315     -2.961     -1.836      0.000 4
 313  317     -2.910     -0.425      0.000 4
 315  318     -2.888     -6.626      0.000 4
 316  320     -2.831     -2.896      0.000 4
 317  319     -2.825     -0.540      0.000 4
 318  322     -2.807     -3.368      0.000 4
  -1   -2     -2.807     -2.992      0.000 4
 319  323     -2.789      7.158      0.000 4
  -1  325     -2.774     -0.136      0.000 4
 321  324     -2.772      8.278      0.000 4
  -1  326     -2.719      6.760      0.000 4
 323  327     -2.715      5.598      0.000 4
 324  328     -2.698     -6.439      0.000 4
 325  329     -2.684      3.423      0.000 4
 327  331     -2.644     -8.327      0.000 4
 328  332     -2.637      8.278      0.000 4
 326  333     -2.633      6.625      0.000 4
 330  334     -2.620     -5.112      0.000 4
 331  335     -2.583      8.051      0.000 4
  -1  336     -2.578     -2.994      0.000 4
  -1   -2     -2.563     -6.631      0.000 4
 333  340     -2.538      0.129      0.000 4
 332  341     -2.537     -4.813      0.000 4
 334  339     -2.525     -7.896      0.000 4
 336  338     -2.518      7.762      0.000 4
 335  344     -2.512      1.669      0.000 4
 337  343     -2.462     -3.867      0.000 4
 338  342     -2.461     -7.188      0.000 4
 339  345     -2.421      0.884      0.000 4
 341  346     -2.374      2.599      0.000 4
 342  347     -2.329      0.517      0.000 4
  -1   -2     -2.285     -3.731      0.000 4
 346  348     -2.281      1.046      0.000 4
 343  352     -2.271     -5.496      0.000 4
 344  350     -2.266      0.646      0.000 4
 347  351     -2.243     -3.556      0.000 4
  -1  354     -2.238     -2.392      0.000 4
 351  349     -2.231     -2.730      0.000 4
 348  353     -2.222      5.495      0.000 4
 350   -2     -2.217     -4.917      0.000 4
 349   -2     -2.217     -7.748      0.000 4
 353  355     -2.164      6.270      0.000 4
 352  357     -2.141      4.729      0.000 4
 354  356     -2.131     -2.516      0.000 4
 355  358     -2.101     -2.646      0.000 4
  -1   -2     -2.081     -2.046      0.000 4
 356  360     -2.045      5.998      0.000 4
 357  362     -1.984      5.855      0.000 4
 359  361     -1.955     -7.317      0.000 4
 358  364     -1.945      1.282      0.000 4
 360  363     -1.907      0.195      0.000 4
 361  365     -1.903     -7.126      0.000 4
 362  366     -1.850      6.593      0.000 4
 363   -2     -1.833     -5.400      0.000 4
  -1  367     -1.823     -0.648      0.000 4
 364  368     -1.778      6.171      0.000 4
 365   -2     -1.762      3.812      0.000 4
 369   -2     -1.726     -6.628      0.000 4
 366  369     -1.718      2.876      0.000 4
 368  370     -1.708      2.065      0.000 4
 367  371     -1.703      6.042      0.000 4
 373  373     -1.617      1.146      0.000 4
 370  377     -1.592     -3.298      0.000 4
 374  379     -1.563     -2.340      0.000 4
 375  375     -1.561      1.778      0.000 4
  -1   -2     -1.520      1.374      0.000 4
  -1   -2     -1.514      4.375      0.000 4
  -1   -2     -1.490      2.404      0.000 4
  -1  384     -1.272      2.487      0.000 4
  -1   -2     -1.264      2.167      0.000 4
 379  383     -1.259     -5.463      0.000 4
  -1   -2     -1.258     -0.301      0.000 4
  -1  386     -1.240     -6.330      0.000 4
 381  387     -1.232     -7.229      0.000 4
  -1  388     -1.220     -2.253      0.000 4
 382  389     -1.186     -2.657      0.000 4
 384  391     -1.014      3.157      0.000 4
 385  392     -0.887     -1.615      0.000 4
 386  393     -0.860      6.029      0.000 4
  -1  395     -0.849      7.131      0.000 4
 387  394     -0.835     -8.189      0.000 4
 390  397     -0.757     -4.876      0.000 4
 389  400     -0.742     -3.309      0.000 4
 388  401     -0.733     -2.501      0.000 4
 391  399     -0.731     -7.029      0.000 4
 393  398     -0.730     -4.516      0.000 4
 394  402     -0.701      6.592      0.000 4
 392  404     -0.686     -0.964      0.000 4
  -1   -2     -0.632     -1.811      0.000 4
  -1   -2     -0.605     -4.979      0.000 4
 397  406     -0.600     -6.078      0.000 4
 398  407     -0.445     -3.899      0.000 4
 399  408     -0.417     -7.438      0.000 4
 400  409     -0.388     -6.848      0.000 4
  -1  412     -0.351      2.057      0.000 4
 402  410     -0.326     -7.834      0.000 4
 401  411     -0.280     -8.149      0.000 4
 403  413     -0.205     -3.035      0.000 4
  -1   -2     -0.167      3.030      0.000 4
 405  418     -0.156     -7.986      0.000 4
 406  417     -0.101      3.519      0.000 4
 409  419     -0.027     -5.691      0.000 4
  -1   -2      0.015     -5.771      0.000 4
 412  421      0.104      1.376      0.000 4
 413   -2      0.153      4.006      0.000 4
 414   -2      0.212     -7.699      0.000 4
 415  422      0.279     -5.172      0.000 4
 416   -2      0.572     -5.132      0.000 4
 417  425      0.606      5.304      0.000 4
 419  426      0.657     -6.126      0.000 4
 418  427      0.681     -1.996      0.000 4
 420  428      0.706      2.801      0.000 4
  -1   -2      0.723     -2.369      0.000 4
 423  429      0.732     -1.220      0.000 4
 424   -2      0.780     -4.536      0.000 4
 425  430      0.802      2.984      0.000 4
  -1  432      0.982      7.550      0.000 4
 427   -2      1.017      0.285      0.000 4
 429  437      1.031     -4.831      0.000 4
 433  433      1.035     -6.682      0.000 4
 430  435      1.035      5.569      0.000 4
 432  436      1.045     -5.311      0.000 4
 431  438      1.079     -2.855      0.000 4
 435  439      1.128     -7.236      0.000 4
 436  440      1.148      5.453      0.000 4
 437  441      1.171      2.555      0.000 4
 439  445      1.246     -7.011      0.000 4
 440   -2      1.248      3.741      0.000 4
 438  447      1.250     -4.212      0.000 4
 442   -2      1.255     -0.464      0.000 4
 441  446      1.259      6.173      0.000 4
 443  450      1.288      0.152      0.000 4
 444  449      1.294     -8.280      0.000 4
 447  451      1.317     -6.033      0.000 4
 449  453      1.332      7.190      0.000 4
 445  454      1.336     -2.817      0.000 4
 446  455      1.341     -3.921      0.000 4
 448  456      1.370     -4.702      0.000 4
 450  457      1.385     -0.835      0.000 4
 451  458      1.446      2.820      0.000 4
  -1  460      1.467      1.692      0.000 4
 453  459      1.485      3.649      0.000 4
 454  461      1.500      6.278      0.000 4
  -1  462      1.511      7.624      0.000 4
 452  463      1.513      3.864      0.000 4
 455  465      1.558     -3.436      0.000 4
 457  464      1.574      2.248      0.000 4
 458  466      1.588     -5.227      0.000 4
  -1  467      1.625     -0.480      0.000 4
 459  468      1.643     -6.256      0.000 4
 461   -2      1.711     -6.238      0.000 4
 460   -2      1.716     -1.900      0.000 4
 462   -2      1.722      0.144      0.000 4
 463  469      1.724     -7.371      0.000 4
 466  471      1.749      4.926      0.000 4
 467  472      1.762      8.350      0.000 4
 465  474      1.766     -0.253      0.000 4
 468  473      1.786      0.463      0.000 4
 469  475      1.820     -4.710      0.000 4
 470  476      1.842      2.993      0.000 4
 471  478      1.852      5.640      0.000 4
 472  477      1.855     -5.344      0.000 4
  -1  481      1.889      7.610      0.000 4
 473  479      1.900     -3.404      0.000 4
 476  484      1.957      3.517      0.000 4
 478  482      1.966     -6.986      0.000 4
 474  486      1.969      2.068      0.000 4
 480  485      1.984      4.354      0.000 4
 475  488      1.996      0.240      0.000 4
 477  492      1.997     -1.487      0.000 4
 481  487      2.002      6.287      0.000 4
 479  490      2.005      3.837      0.000 4
 484  489      2.022     -5.388      0.000 4
 486  491      2.034     -7.768      0.000 4
  -1   -2      2.054      2.715      0.000 4
 487  494      2.061      3.924      0.000 4
 489  493      2.087      6.037      0.000 4
 488  495      2.088     -1.919      0.000 4
 491  496      2.109      7.274      0.000 4
 493  497      2.111     -0.862      0.000 4
 492  498      2.114      0.699      0.000 4
 494  500      2.123     -1.465      0.000 4
 495  499      2.132     -7.217      0.000 4
 496  501      2.149      5.726      0.000 4
 497  502      2.164     -0.653      0.000 4
  -1  503      2.217     -4.708      0.000 4
 498  504      2.223      4.215      0.000 4
 499  505      2.261     -8.103      0.000 4
 500  511      2.301     -1.025      0.000 4
 501  510      2.305     -3.561      0.000 4
 502  507      2.306      5.056      0.000 4
 503  509      2.309     -5.628      0.000 4
 505  508      2.314      5.812      0.000 4
 504  512      2.332     -2.122      0.000 4
  -1  513      2.374      5.540      0.000 4
 506  514      2.407      5.551      0.000 4
 507  516      2.445      0.537      0.000 4
 508  518      2.467     -3.553      0.000 4
 509   -2      2.471     -3.996      0.000 4
 511  519      2.504      3.891      0.000 4
 512  521      2.529     -2.111      0.000 4
 514  520      2.542     -5.374      0.000 4
 513  523      2.552     -3.446      0.000 4
 516  522      2.565      2.791      0.000 4
 515  524      2.570      3.822      0.000 4
 517  525      2.585      6.773      0.000 4
  -1   -2      2.614      4.756      0.000 4
 518  526      2.655     -7.145      0.000 4
 519  527      2.694      7.394      0.000 4
  -1  528      2.711      4.453      0.000 4
 520   -2      2.744     -8.309      0.000 4
  -1  530      2.802     -0.084      0.000 4
 521  533      2.832     -0.100      0.000 4
 524  532      2.851     -6.252      0.000 4
 523  535      2.866     -6.776      0.000 4
 525  534      2.868      4.989      0.000 4
 526  536      2.885     -1.716      0.000 4
 527  537      2.893      4.475      0.000 4
 528   -2      2.935      7.113      0.000 4
 529  538      2.940     -2.706      0.000 4
  -1   -2      2.980     -1.205      0.000 4
 530  539      2.980     -7.465      0.000 4
 531  542      3.008      5.551      0.000 4
  -1   -2      3.061     -2.123      0.000 4
 532  544      3.068      2.857      0.000 4
 533  545      3.111      6.125      0.000 4
 534  546      3.135     -7.399      0.000 4
  -1   -2      3.156      5.592      0.000 4
 535  547      3.162      6.045      0.000 4
 536  548      3.171     -7.525      0.000 4
  -1   -2      3.183     -7.670      0.000 4
 537  551      3.202      8.254      0.000 4
 539  552      3.213     -0.732      0.000 4
 540   -2      3.228      0.905      0.000 4
 538  555      3.243     -3.969      0.000 4
 542  554      3.282     -5.586      0.000 4
 543  557      3.290      2.991      0.000 4
 541  558      3.309     -4.166      0.000 4
 544  559      3.340      2.874      0.000 4
 545  560      3.367     -2.233      0.000 4
 546  562      3.392      6.644      0.000 4
 547  561      3.397     -0.952      0.000 4
 548  563      3.449     -6.315      0.000 4
 550  564      3.460     -5.692      0.000 4
 549  565      3.468      5.850      0.000 4
 551  566      3.509      5.284      0.000 4
 552  567      3.519     -0.495      0.000 4
 556  569      3.592     -6.210      0.000 4
 555  571      3.595     -0.051      0.000 4
 553  573      3.597     -3.205      0.000 4
 558  570      3.601      2.584      0.000 4
 557  572      3.605      5.027      0.000 4
 559  574      3.622     -5.514      0.000 4
 561  575      3.633     -2.224      0.000 4
  -1   -2      3.644     -3.878      0.000 4
 562  577      3.658      1.937      0.000 4
  -1  576      3.658     -2.567      0.000 4
 564  578      3.668      4.049      0.000 4
 563  579      3.669      7.905      0.000 4
 565  580      3.683     -1.899      0.000 4
 566  581      3.694     -2.728      0.000 4
 567  582      3.719     -1.078      0.000 4
 568  583      3.743     -0.588      0.000 4
 569  586      3.760      7.710      0.000 4
 571  587      3.786     -0.735      0.000 4
 570  588      3.787     -7.638      0.000 4
  -1   -2      3.807      6.727      0.000 4
 572  589      3.807     -6.231      0.000 4
 573  590      3.821      4.936      0.000 4
 574  592      3.834      5.254      0.000 4
 575  591      3.837     -1.316      0.000 4
 576  593      3.852     -2.649      0.000 4
 578  594      3.885     -7.492      0.000 4
 579  595      3.918     -5.610      0.000 4
  -1  596      3.928     -1.820      0.000 4
 582  597      3.952      2.954      0.000 4
 583   -2      3.956      4.122      0.000 4
 581  601      3.973     -7.678      0.000 4
 586  599      3.989      0.645      0.000 4
 587  598      3.992      3.094      0.000 4
 584  602      3.996     -7.337      0.000 4
 588  600      4.007      8.104      0.000 4
 589  603      4.017     -0.248      0.000 4
 590   -2      4.019     -7.721      0.000 4
 592  604      4.039      4.917      0.000 4
 591  605      4.040     -8.247      0.000 4
  -1   -2      4.070     -5.527      0.000 4
 593  607      4.112     -4.262      0.000 4
 595  608      4.120     -8.019      0.000 4
 597  609      4.146     -1.043      0.000 4
  -1  612      4.196     -7.743      0.000 4
 598  611      4.211     -4.430      0.000 4
 599  613      4.223      2.215      0.000 4
 600  614      4.239      4.718      0.000 4
 601   -2      4.253     -5.775      0.000 4
 602  617      4.270     -4.040      0.000 4
 603  615      4.272     -5.926      0.000 4
 604  616      4.281     -2.008      0.000 4
 605  619      4.311      8.339      0.000 4
 606  620      4.344     -1.754      0.000 4
 607  621      4.359      2.184      0.000 4
  -1   -2      4.394     -6.310      0.000 4
 609  625      4.417      7.802      0.000 4
 610  626      4.417      4.649      0.000 4
 611  627      4.449     -6.944      0.000 4
 612  628      4.454      2.998      0.000 4
 613  631      4.465      0.740      0.000 4
 615  629      4.467     -0.921      0.000 4
 614  630      4.470      8.020      0.000 4
 616  632      4.489      4.817      0.000 4
 627   -2      4.502      0.056      0.000 4
 617  633      4.503      6.371      0.000 4
 619  634      4.504     -4.455      0.000 4
 620  635      4.527     -4.947      0.000 4
 621  636      4.549      8.007      0.000 4
 622  637      4.553      0.548      0.000 4
 623  638      4.576      6.427      0.000 4
 630   -2      4.588      2.654      0.000 4
 625  639      4.613      1.886      0.000 4
 626  640      4.614      3.325      0.000 4
  -1  641      4.619     -1.446      0.000 4
 629  642      4.625     -7.204      0.000 4
 628  644      4.634     -3.087      0.000 4
 631  645      4.649      2.831      0.000 4
 633  647      4.693     -5.177      0.000 4
 635  648      4.705     -6.924      0.000 4
 634  650      4.719     -3.713      0.000 4
  -1  652      4.741      0.774      0.000 4
 636  653      4.763      3.044      0.000 4
 638  651      4.763     -2.638      0.000 4
 637  654      4.769      8.332      0.000 4
 639  656      4.799     -7.376      0.000 4
 640  657      4.869      1.109      0.000 4
 641  658      4.918      5.111      0.000 4
 643  659      4.923      3.596      0.000 4
 644  660      4.932      5.234      0.000 4
 642  662      4.942     -3.425      0.000 4
 645  664      4.953     -8.260      0.000 4
 646  661      4.956     -5.207      0.000 4
 647  663      4.971      1.515      0.000 4
 648  665      4.979     -4.497      0.000 4
 649  667      4.994     -4.876      0.000 4
 652  669      5.039      8.092      0.000 4
  -1   -2      5.050     -7.651      0.000 4
 653  670      5.059     -5.744      0.000 4
 654  672      5.066     -3.971      0.000 4
 657  671      5.073     -6.493      0.000 4
 656  673      5.083      2.010      0.000 4
 655  675      5.084      7.203      0.000 4
  -1  674      5.087     -2.648      0.000 4
 658  676      5.093      6.926      0.000 4
 659  677      5.155     -5.791      0.000 4
 660  678      5.200      6.433      0.000 4
 661  679      5.203      6.841      0.000 4
 662  680      5.244      1.580      0.000 4
 664  681      5.269     -3.056      0.000 4
 663  682      5.271      7.076      0.000 4
 665  683      5.303      2.399      0.000 4
 666  684      5.369      5.818      0.000 4
 667  685      5.406     -2.902      0.000 4
 668  686      5.412      2.795      0.000 4
 669  687      5.413     -7.614      0.000 4
 670  688      5.423     -7.825      0.000 4
 671  689      5.443      1.994      0.000 4
 673  690      5.463      6.049      0.000 4
 674  691      5.465      1.382      0.000 4
  -1  692      5.494     -7.923      0.000 4
 675  694      5.533      2.051      0.000 4
 676  693      5.535     -5.083      0.000 4
 677  695      5.546      4.486      0.000 4
 678  696      5.570     -6.635      0.000 4
 679  697      5.588     -8.169      0.000 4
 680  698      5.621      6.974      0.000 4
 681  699      5.647      3.932      0.000 4
 682  700      5.659     -0.642      0.000 4
 683  701      5.682     -3.168      0.000 4
 684  702      5.709     -5.797      0.000 4
 685  703      5.722     -5.459      0.000 4
 686  704      5.737      4.604      0.000 4
 687  705      5.790     -2.443      0.000 4
 689  706      5.810      1.766      0.000 4
 688  708      5.813     -8.040      0.000 4
 691  710      5.871     -3.451      0.000 4
 693  709      5.872      1.987      0.000 4
 692  714      5.875     -7.980      0.000 4
 694  711      5.877     -8.346      0.000 4
 695  713      5.881     -0.748      0.000 4
 696  712      5.884      5.070      0.000 4
 698  715      5.921     -6.357      0.000 4
 697  716      5.922     -7.347      0.000 4
 699  717      5.934     -6.461      0.000 4
 700  718      5.960     -4.140      0.000 4
 701  719      5.972      2.731      0.000 4
 702  720      5.988     -5.286      0.000 4
 703  722      6.012     -4.328      0.000 4
 704  723      6.028     -6.136      0.000 4
 705  724      6.029     -1.715      0.000 4
 707  725      6.033      4.648      0.000 4
 708  726      6.038     -3.047      0.000 4
 706  727      6.039     -0.469      0.000 4
 710  728      6.138      1.708      0.000 4
 711   -2      6.153      6.543      0.000 4
 712  729      6.155     -4.330      0.000 4
 713  730      6.185      3.866      0.000 4
 714  731      6.186     -4.212      0.000 4
 715  732      6.198      0.292      0.000 4
 716  733      6.199      3.199      0.000 4
 717  734      6.208     -6.621      0.000 4
 718  736      6.266      7.276      0.000 4
 719  735      6.268     -6.479      0.000 4
 720  737      6.285     -2.123      0.000 4
 721  738      6.298     -2.929      0.000 4
 722  739      6.330     -6.522      0.000 4
  -1   -2      6.339      1.966      0.000 4
 723  740      6.362      2.373      0.000 4
 724  741      6.383     -4.261      0.000 4
 726  742      6.388     -2.916      0.000 4
 725  743      6.392      7.020      0.000 4
 728  744      6.451     -4.874      0.000 4
 730  745      6.497     -5.946      0.000 4
 729  746      6.501      5.503      0.000 4
 731  747      6.508     -5.311      0.000 4
 732  749      6.527      6.914      0.000 4
 733  750      6.541      4.674      0.000 4
 734  751      6.548     -1.306      0.000 4
 735  752      6.577      2.136      0.000 4
 736  753      6.594     -6.042      0.000 4
 738  754      6.614      2.881      0.000 4
 739  755      6.634     -5.126      0.000 4
 740  756      6.650     -5.313      0.000 4
 741  757      6.663      5.648      0.000 4
 742  758      6.680     -6.202      0.000 4
 743  759      6.693     -5.492      0.000 4
 744  760      6.708      6.592      0.000 4
 745  761      6.710      0.442      0.000 4
 747  762      6.723      3.192      0.000 4
 748  763      6.735     -1.877      0.000 4
 749  764      6.749      3.310      0.000 4
 750  765      6.751      2.064      0.000 4
 751  767      6.775     -6.037      0.000 4
 753   -2      6.780      0.691      0.000 4
  -1  766      6.781     -7.655      0.000 4
 752  768      6.783     -0.561      0.000 4
 754  769      6.799     -0.765      0.000 4
 755  770      6.841      5.233      0.000 4
 757  771      6.865     -7.972      0.000 4
 758  772      6.881      3.629      0.000 4
 759  773      6.896     -4.917      0.000 4
 760  774      6.904     -0.904      0.000 4
  -1  775      6.911     -2.635      0.000 4
 761  776      6.919     -0.072      0.000 4
 762  777      6.931      6.188      0.000 4
 763  778      6.946     -0.679      0.000 4
 765   -2      6.962      2.094      0.000 4
 764  779      6.964      0.444      0.000 4
 767  781      7.007     -6.584      0.000 4
 766  780      7.008      3.426      0.000 4
  -1   -2      7.011      2.255      0.000 4
 769  782      7.012     -5.776      0.000 4
 768   -2      7.013      6.634      0.000 4
 770  783      7.022     -8.432      0.000 4
 771  784      7.032      2.055      0.000 4
  -1   -2      7.035     -4.440      0.000 4
 772  786      7.052     -4.025      0.000 4
 773  787      7.059     -5.984      0.000 4
 774  789      7.080     -0.183      0.000 4
 775  788      7.081     -8.301      0.000 4
 776  791      7.133      7.550      0.000 4
  -1   -2      7.135      6.251      0.000 4
 778  792      7.148     -6.150      0.000 4
 777  793      7.152      6.529      0.000 4
 779  794      7.194      0.205      0.000 4
 780  795      7.204     -3.962      0.000 4
 781  796      7.246      4.997      0.000 4
  -1   -2      7.248      1.805      0.000 4
 782  798      7.253      4.379      0.000 4
 783  799      7.254     -4.388      0.000 4
 784  800      7.272      6.750      0.000 4
  -1  801      7.281     -0.134      0.000 4
 785  804      7.293      4.321      0.000 4
  -1  803      7.292     -7.207      0.000 4
 786  805      7.300      5.635      0.000 4
 787  806      7.315     -0.143      0.000 4
 788  807      7.355      3.553      0.000 4
 789  809      7.365      1.420      0.000 4
 790  810      7.369     -0.675      0.000 4
 791  808      7.370     -8.040      0.000 4
  -1  811      7.375     -6.388      0.000 4
 792  812      7.409      2.074      0.000 4
 793  813      7.447     -5.735      0.000 4
 794   -2      7.463      4.775      0.000 4
 795  814      7.479      5.272      0.000 4
 796  815      7.492      4.797      0.000 4
 797  816      7.496      4.437      0.000 4
 799  817      7.522     -2.894      0.000 4
 800  818      7.547     -1.537      0.000 4
 801  819      7.559      1.252      0.000 4
 802  820      7.593      4.762      0.000 4
 803  821      7.605      1.756      0.000 4
 804  822      7.625      2.284      0.000 4
 806  824      7.692      7.747      0.000 4
 807  825      7.716     -7.895      0.000 4
  -1  826      7.748     -2.980      0.000 4
 808  827      7.754      8.261      0.000 4
 810  828      7.790      1.635      0.000 4
 811  829      7.804     -7.077      0.000 4
 812  830      7.822     -0.849      0.000 4
 813  831      7.824      6.737      0.000 4
 814  832      7.867     -5.135      0.000 4
 815  833      7.900     -4.998      0.000 4
 816  834      7.905     -2.989      0.000 4
 817  835      7.978      7.161      0.000 4
 818  836      7.990     -0.428      0.000 4
 819  837      7.991     -6.781      0.000 4
 820  838      7.998     -6.862      0.000 4
 821  839      8.005     -1.187      0.000 4
 822  840      8.014     -5.629      0.000 4
 823  841      8.018      1.033      0.000 4
 824  842      8.034     -7.599      0.000 4
 825  843      8.076      4.403      0.000 4
 826  844      8.082      3.165      0.000 4
 827  845      8.119     -4.766      0.000 4
 828   -2      8.124     -0.225      0.000 4
 829  846      8.136     -4.527      0.000 4
 830  847      8.163      2.509      0.000 4
 831  849      8.170      1.720      0.000 4
 833  848      8.172      4.618      0.000 4
 832  851      8.172      3.240      0.000 4
 834  850      8.173     -0.710      0.000 4
 836  852      8.198     -7.253      0.000 4
 835  853      8.199      6.211      0.000 4
 838  854      8.204     -6.308      0.000 4
 837  855      8.205      4.801      0.000 4
  -1  856      8.229     -7.809      0.000 4
 839  857      8.244      7.267      0.000 4
 840  858      8.250     -3.393      0.000 4
 841  859      8.254     -6.031      0.000 4
 842  860      8.287     -1.888      0.000 4
 843  861      8.297     -7.342      0.000 4
 844  862      8.302      5.275      0.000 4
 845  863      8.326     -4.391      0.000 4
 846  864      8.331      7.045      0.000 4
 847  865      8.335      1.345      0.000 4
 848  866      8.351      8.194      0.000 4
 849  867      8.357      7.584      0.000 4
 850  868      8.384     -8.232      0.000 4
 851  869      8.388     -0.158      0.000 4
 852  870      8.390      0.676      0.000 4
 853  871      8.417      1.102      0.000 4
  -1  872      8.431     -2.472      0.000 4
