859
   0    2     -8.395     -0.893      0.000 4
   1    3     -8.392      7.544      0.000 4
   2    4     -8.377     -6.876      0.000 4
   3    6     -8.354     -3.301      0.000 4
   4    5     -8.351     -8.145      0.000 4
   5    7     -8.324     -4.618      0.000 4
   6    8     -8.282      1.214      0.000 4
   7    9     -8.269      0.550      0.000 4
   8   -2     -8.266     -1.573      0.000 4
   9   10     -8.264      6.855      0.000 4
  10   11     -8.244     -8.244      0.000 4
  11   12     -8.213      4.238      0.000 4
  12   13     -8.211     -7.923      0.000 4
  13   14     -8.192      1.574      0.000 4
  -1   16     -8.166      1.522      0.000 4
  14   15     -8.164      4.428      0.000 4
  15   17     -8.155     -3.031      0.000 4
  16   18     -8.122      6.499      0.000 4
  17   19     -8.102      2.627      0.000 4
  -1   20     -8.095     -2.498      0.000 4
  18   21     -8.059      1.357      0.000 4
  19   22     -8.037     -7.389      0.000 4
  21   23     -8.022      2.245      0.000 4
  22   24     -8.001     -6.239      0.000 4
  23   25     -7.988      6.575      0.000 4
  24   26     -7.958     -3.809      0.000 4
  25   27     -7.923      5.666      0.000 4
  26   29     -7.896     -0.950      0.000 4
  27   30     -7.872      0.827      0.000 4
  28   31     -7.868      2.331      0.000 4
  29   32     -7.861     -0.172      0.000 4
  -1   33     -7.856     -6.105      0.000 4
  30   34     -7.845      4.093      0.000 4
  31   36     -7.815      7.183      0.000 4
  32   35     -7.813      3.874      0.000 4
  33   37     -7.795     -6.151      0.000 4
  34   38     -7.793     -4.829      0.000 4
  35   39     -7.785      4.999      0.000 4
  36   40     -7.784      2.493      0.000 4
  37   41     -7.757     -6.241      0.000 4
  38   42     -7.755     -2.744      0.000 4
  39   43     -7.747     -5.128      0.000 4
  40   44     -7.743     -6.715      0.000 4
  41   46     -7.738      1.982      0.000 4
  42   45     -7.737      7.146      0.000 4
  43   47     -7.737      5.243      0.000 4
  44   48     -7.732     -4.619      0.000 4
  45   49     -7.696     -0.678      0.000 4
  46   50     -7.677      7.125      0.000 4
  47   51     -7.664      6.654      0.000 4
  48   -2     -7.599      4.957      0.000 4
  49   52     -7.582     -6.882      0.000 4
  50   -2     -7.530      8.234      0.000 4
  51   54     -7.516      0.007      0.000 4
  52   56     -7.510     -0.687      0.000 4
  53   57     -7.502     -5.425      0.000 4
  54   58     -7.479     -1.095      0.000 4
  55   59     -7.467      7.997      0.000 4
  56   60     -7.465      3.627      0.000 4
  57   62     -7.386      3.690      0.000 4
  58   61     -7.385      3.983      0.000 4
  59   63     -7.381     -1.428      0.000 4
  60   64     -7.361      1.734      0.000 4
  61   65     -7.352     -6.185      0.000 4
  62   66     -7.340      2.320      0.000 4
  63   67     -7.308     -5.074      0.000 4
  64   68     -7.304     -5.389      0.000 4
  65   69     -7.298      3.863      0.000 4
  66   70     -7.294      5.400      0.000 4
  67   71     -7.266     -8.372      0.000 4
  69   72     -7.234      3.249      0.000 4
  -1   -2     -7.232     -7.959      0.000 4
  70   73     -7.228      6.148      0.000 4
  71   74     -7.196     -7.526      0.000 4
  -1   -2     -7.194     -0.840      0.000 4
  72   77     -7.160      7.652      0.000 4
  73   78     -7.146     -7.733      0.000 4
  74   79     -7.145      6.091      0.000 4
  76   80     -7.139      4.050      0.000 4
  75   81     -7.138      4.746      0.000 4
  77   82     -7.119      7.297      0.000 4
  78   83     -7.107     -2.409      0.000 4
  79   84     -7.103      7.465      0.000 4
  80   85     -7.078      4.994      0.000 4
  81   86     -7.030     -5.408      0.000 4
  83   87     -6.998     -6.765      0.000 4
  82   88     -6.998      0.028      0.000 4
  84   89     -6.996      1.964      0.000 4
  85   -2     -6.984     -6.578      0.000 4
  86   91     -6.969      4.337      0.000 4
  87   90     -6.967     -6.620      0.000 4
  88   92     -6.955     -2.397      0.000 4
  89   93     -6.940      5.118      0.000 4
  90   -2     -6.933     -0.383      0.000 4
  91   95     -6.907     -2.688      0.000 4
  92   96     -6.902      5.419      0.000 4
  -1   -2     -6.898      3.377      0.000 4
  -1   97     -6.882     -7.011      0.000 4
  93   98     -6.880      2.901      0.000 4
  -1   -2     -6.878     -1.741      0.000 4
  95  100     -6.872     -0.826      0.000 4
  96   99     -6.871     -6.445      0.000 4
  97  101     -6.839     -1.209      0.000 4
  98  102     -6.830      7.553      0.000 4
  99  103     -6.826     -7.493      0.000 4
 100  104     -6.777      1.307      0.000 4
 101  105     -6.775     -5.425      0.000 4
 102  106     -6.747      2.415      0.000 4
 103  107     -6.726      7.622      0.000 4
 104  108     -6.714      3.571      0.000 4
 105  109     -6.700      4.300      0.000 4
  -1   -2     -6.698     -0.881      0.000 4
 106  111     -6.665      1.671      0.000 4
 107  112     -6.662      1.354      0.000 4
 108  113     -6.624      2.379      0.000 4
 109  114     -6.622      3.547      0.000 4
 110  115     -6.586      5.778      0.000 4
 111  116     -6.570      6.977      0.000 4
 112  117     -6.559     -4.345      0.000 4
 113  118     -6.547     -6.345      0.000 4
 114  119     -6.509     -6.230      0.000 4
 115  120     -6.496      7.617      0.000 4
 116  121     -6.495      3.062      0.000 4
 117  122     -6.461     -4.764      0.000 4
 118  123     -6.404      0.143      0.000 4
 119  124     -6.372     -7.838      0.000 4
 121  127     -6.356      4.882      0.000 4
  -1  126     -6.352      3.521      0.000 4
 122  128     -6.321      8.137      0.000 4
 123  129     -6.311     -0.494      0.000 4
 124  130     -6.302      6.411      0.000 4
 125  131     -6.280     -5.820      0.000 4
 126  132     -6.258      0.097      0.000 4
 127  133     -6.244      0.331      0.000 4
  -1   -2     -6.218     -1.839      0.000 4
 128  134     -6.217     -1.652      0.000 4
 129  135     -6.211      0.984      0.000 4
  -1  136     -6.194     -8.260      0.000 4
 130  137     -6.191      2.500      0.000 4
 131  138     -6.155      4.883      0.000 4
 132  139     -6.153      3.376      0.000 4
  -1   -2     -6.153      7.020      0.000 4
 133  141     -6.145     -5.244      0.000 4
 134  140     -6.144     -7.621      0.000 4
 135  142     -6.142      2.736      0.000 4
 138  143     -6.088      7.354      0.000 4
 137  144     -6.088      1.237      0.000 4
 139  145     -6.082     -7.120      0.000 4
  -1   -2     -6.063     -4.670      0.000 4
 140  146     -6.060      6.284      0.000 4
 141  147     -6.045     -1.081      0.000 4
 142  148     -6.039      3.712      0.000 4
 143   -2     -6.005      7.849      0.000 4
  -1  149     -6.001     -7.313      0.000 4
 144  150     -5.996     -7.674      0.000 4
 145  151     -5.965      2.483      0.000 4
 146  158     -5.949     -4.628      0.000 4
 147  152     -5.949      3.085      0.000 4
 148  153     -5.938      6.811      0.000 4
 149  154     -5.920     -0.467      0.000 4
 150  155     -5.898      4.866      0.000 4
 151  156     -5.893     -7.340      0.000 4
 153  157     -5.874     -5.861      0.000 4
 154  159     -5.846     -0.035      0.000 4
 155  160     -5.820      4.705      0.000 4
 157   -2     -5.802      0.608      0.000 4
 156  161     -5.799     -1.648      0.000 4
 158  162     -5.782     -1.884      0.000 4
 159  163     -5.759     -5.820      0.000 4
 160   -2     -5.752     -4.577      0.000 4
 161  164     -5.679      7.411      0.000 4
 162  165     -5.678     -4.129      0.000 4
 163  166     -5.667      1.909      0.000 4
 164  167     -5.645      5.751      0.000 4
 165  168     -5.629      0.739      0.000 4
 166  169     -5.578      7.238      0.000 4
 167  170     -5.572     -0.890      0.000 4
 168  171     -5.562     -1.773      0.000 4
 169  172     -5.550     -2.518      0.000 4
 170  173     -5.545      0.273      0.000 4
 172  176     -5.524      2.667      0.000 4
 173  175     -5.517     -7.740      0.000 4
 174  177     -5.495     -3.111      0.000 4
 175  178     -5.484     -4.924      0.000 4
 176  179     -5.454      4.805      0.000 4
 177  180     -5.445     -0.689      0.000 4
 178  182     -5.431     -6.509      0.000 4
 179  183     -5.431     -1.301      0.000 4
 181  184     -5.424     -6.312      0.000 4
 180  185     -5.423      5.233      0.000 4
 182  181     -5.420     -8.322      0.000 4
 183  187     -5.327      3.824      0.000 4
 185  186     -5.325     -3.045      0.000 4
 184  190     -5.318     -4.517      0.000 4
 186  189     -5.317     -0.612      0.000 4
 188  191     -5.260      2.065      0.000 4
 189  192     -5.247     -3.822      0.000 4
 191   -2     -5.158     -8.354      0.000 4
  -1   -2     -5.134     -7.957      0.000 4
 190  193     -5.134     -4.685      0.000 4
 192  194     -5.104     -6.671      0.000 4
 194  196     -5.097      0.134      0.000 4
 195  195     -5.095     -1.744      0.000 4
 193  198     -5.094     -3.898      0.000 4
 196  197     -5.082     -7.970      0.000 4
  -1   -2     -5.060     -8.435      0.000 4
 199  200     -5.054     -0.094      0.000 4
 200  202     -5.049     -4.846      0.000 4
 202  203     -5.022     -0.022      0.000 4
 203  204     -5.021      1.562      0.000 4
 204  205     -5.010      0.525      0.000 4
 205  206     -4.965      3.950      0.000 4
 206  207     -4.956      5.121      0.000 4
 207  208     -4.941      3.752      0.000 4
 208  209     -4.937     -0.341      0.000 4
 209  210     -4.912     -4.217      0.000 4
 210  211     -4.900     -3.374      0.000 4
  -1   -2     -4.894     -5.766      0.000 4
 211  212     -4.892      8.382      0.000 4
  -1  213     -4.885      1.601      0.000 4
 212  215     -4.878      0.823      0.000 4
 213  214     -4.875      8.225      0.000 4
 214  216     -4.863     -1.351      0.000 4
 216  217     -4.848      3.852      0.000 4
 215  218     -4.847      0.664      0.000 4
 217  219     -4.831     -3.282      0.000 4
 218  220     -4.808     -4.373      0.000 4
 219  222     -4.790      0.061      0.000 4
 220  221     -4.783     -3.514      0.000 4
 221  223     -4.755      0.393      0.000 4
 223  225     -4.701      4.548      0.000 4
 222  228     -4.691     -4.346      0.000 4
 228  224     -4.685     -8.190      0.000 4
 226  226     -4.680      3.565      0.000 4
 230  227     -4.663     -6.744      0.000 4
 224  229     -4.654      2.643      0.000 4
 231  232     -4.636      5.785      0.000 4
 233  231     -4.633      3.405      0.000 4
 232  233     -4.631      2.164      0.000 4
 229  234     -4.626     -5.135      0.000 4
 234  235     -4.572     -7.046      0.000 4
 235  236     -4.563      2.525      0.000 4
 236  238     -4.541     -4.983      0.000 4
 238  237     -4.533     -3.042      0.000 4
 237  239     -4.528     -5.315      0.000 4
  -1  241     -4.506     -1.269      0.000 4
 239  240     -4.503      2.163      0.000 4
 240  243     -4.476      0.600      0.000 4
 241  244     -4.460     -6.355      0.000 4
 242  245     -4.451     -6.218      0.000 4
 243  247     -4.363      3.515      0.000 4
 244   -2     -4.314      1.065      0.000 4
 246  249     -4.276      1.040      0.000 4
 247  251     -4.225      0.578      0.000 4
 248  253     -4.179     -4.529      0.000 4
 250  257     -4.153     -4.310      0.000 4
 251  255     -4.142      3.316      0.000 4
 252  254     -4.139     -6.722      0.000 4
 256  256     -4.107     -6.617      0.000 4
 255  258     -4.101      2.607      0.000 4
 253  259     -4.101     -1.404      0.000 4
 254  261     -4.086     -4.577      0.000 4
  -1  262     -4.045      2.564      0.000 4
 257  263     -4.035      5.719      0.000 4
 258  264     -4.023      1.569      0.000 4
 260  267     -4.011      2.056      0.000 4
 262  265     -4.004     -8.253      0.000 4
  -1   -2     -4.000     -6.553      0.000 4
 261  266     -3.997     -1.590      0.000 4
 263   -2     -3.959      4.047      0.000 4
 265  268     -3.950     -7.553      0.000 4
 264   -2     -3.939     -4.221      0.000 4
  -1  269     -3.925      5.208      0.000 4
 266  270     -3.902      5.327      0.000 4
  -1  271     -3.876      2.887      0.000 4
 267  272     -3.826      2.160      0.000 4
  -1   -2     -3.806      4.356      0.000 4
 268  273     -3.798     -7.809      0.000 4
 269  275     -3.754      8.265      0.000 4
  -1  274     -3.731     -0.546      0.000 4
 271  276     -3.722     -2.277      0.000 4
 270  278     -3.707     -7.835      0.000 4
 272  279     -3.694      0.390      0.000 4
 273  280     -3.636      7.801      0.000 4
 274  281     -3.624     -1.448      0.000 4
 275  282     -3.597     -0.243      0.000 4
 276  283     -3.591     -3.841      0.000 4
  -1   -2     -3.559      6.073      0.000 4
 278   -2     -3.507      8.160      0.000 4
 279  285     -3.492      0.662      0.000 4
 277  288     -3.490     -4.722      0.000 4
 281  287     -3.483     -3.255      0.000 4
  -1  286     -3.479      2.973      0.000 4
 280  289     -3.476     -4.477      0.000 4
  -1   -2     -3.473     -1.089      0.000 4
 283  290     -3.461     -1.604      0.000 4
 282  291     -3.454      6.374      0.000 4
 284  293     -3.441     -7.673      0.000 4
 287  294     -3.398     -6.486      0.000 4
 285  295     -3.394      0.557      0.000 4
 286  296     -3.384      7.825      0.000 4
 288  297     -3.336      0.029      0.000 4
 289  298     -3.318      2.454      0.000 4
 290  300     -3.316      5.439      0.000 4
 291  299     -3.311      4.334      0.000 4
 295  301     -3.271     -8.244      0.000 4
 294  302     -3.266      6.204      0.000 4
 293  303     -3.263     -0.204      0.000 4
  -1   -2     -3.203      5.987      0.000 4
 297  304     -3.198      2.261      0.000 4
 299  305     -3.155     -6.424      0.000 4
 298  307     -3.150     -2.941      0.000 4
 300  306     -3.149      1.712      0.000 4
 301   -2     -3.105      3.827      0.000 4
 303  308     -3.060      7.933      0.000 4
 302  309     -3.055      2.135      0.000 4
 304  311     -3.036     -5.116      0.000 4
 305  310     -3.034     -2.887      0.000 4
 306  312     -3.027      3.063      0.000 4
 308  314     -3.013     -0.817      0.000 4
 309  313     -3.007     -2.061      0.000 4
 307  315     -3.004     -1.128      0.000 4
 310  316     -2.966     -1.164      0.000 4
  -1   -2     -2.965     -4.774      0.000 4
  -1  317     -2.942     -2.839      0.000 4
 311  323     -2.909     -4.722      0.000 4
 312  319     -2.902     -0.598      0.000 4
  -1   -2     -2.897      4.392      0.000 4
 313  320     -2.887     -6.851      0.000 4
 314  325     -2.840     -1.277      0.000 4
  -1   -2     -2.809     -7.520      0.000 4
 316  327     -2.792     -3.152      0.000 4
 319  328     -2.769     -0.293      0.000 4
 317  329     -2.768     -3.474      0.000 4
 318   -2     -2.759     -3.004      0.000 4
 324  332     -2.725      5.759      0.000 4
 323  333     -2.722      6.692      0.000 4
  -1  331     -2.722      1.614      0.000 4
 322  335     -2.720      7.120      0.000 4
  -1  334     -2.711      6.370      0.000 4
 325  336     -2.701     -6.715      0.000 4
 327  337     -2.671      8.179      0.000 4
 326  338     -2.663      3.349      0.000 4
 328  339     -2.633      7.892      0.000 4
 330  340     -2.616     -5.354      0.000 4
 329  341     -2.607      6.482      0.000 4
  -1   -2     -2.602     -6.853      0.000 4
  -1   -2     -2.580     -6.519      0.000 4
 332  342     -2.572     -8.163      0.000 4
 331  343     -2.553     -1.113      0.000 4
 333  346     -2.534     -3.207      0.000 4
 336  345     -2.523      0.710      0.000 4
 335  348     -2.512     -5.097      0.000 4
 337  347     -2.506      1.469      0.000 4
 334   -2     -2.502      0.029      0.000 4
 338   -2     -2.456     -4.112      0.000 4
 339  349     -2.454      2.407      0.000 4
 340  350     -2.397     -0.347      0.000 4
 341  352     -2.330      0.379      0.000 4
 342  351     -2.322     -3.090      0.000 4
  -1   -2     -2.296     -3.969      0.000 4
 344  353     -2.234      5.946      0.000 4
 343  354     -2.231     -5.226      0.000 4
 345  356     -2.205      5.280      0.000 4
 346  357     -2.200      0.497      0.000 4
 347  359     -2.178     -3.793      0.000 4
 350  355     -2.168      0.329      0.000 4
 348  360     -2.157     -5.849      0.000 4
 349   -2     -2.153     -2.917      0.000 4
  -1   -2     -2.150     -2.619      0.000 4
 352   -2     -2.102     -5.918      0.000 4
 351  363     -2.101      4.466      0.000 4
 353  362     -2.090      5.677      0.000 4
 356  361     -2.081     -0.194      0.000 4
 355  365     -2.034     -1.688      0.000 4
 359  364     -2.019      8.044      0.000 4
 357  366     -2.016     -2.174      0.000 4
 360  367     -1.965      0.968      0.000 4
 361  368     -1.952      5.680      0.000 4
  -1   -2     -1.903     -5.811      0.000 4
 363  370     -1.873      6.057      0.000 4
  -1  371     -1.817     -5.453      0.000 4
 364  378     -1.800     -0.847      0.000 4
 368  372     -1.758      0.700      0.000 4
 365  374     -1.754      5.703      0.000 4
 367  375     -1.733      2.496      0.000 4
  -1  377     -1.711     -3.567      0.000 4
 369  380     -1.698      5.945      0.000 4
 371  376     -1.690      1.281      0.000 4
  -1   -2     -1.635      0.917      0.000 4
 375  384     -1.541     -0.936      0.000 4
  -1  383     -1.518      4.026      0.000 4
 376  385     -1.475     -2.694      0.000 4
 377  389     -1.461     -3.563      0.000 4
 378  386     -1.449      1.961      0.000 4
 380  387     -1.408     -6.974      0.000 4
 379  388     -1.404     -6.056      0.000 4
 381  390     -1.375     -7.779      0.000 4
  -1   -2     -1.307      1.687      0.000 4
 383  391     -1.298      2.060      0.000 4
 384  392     -1.253     -0.918      0.000 4
 386  393     -1.170     -3.095      0.000 4
  -1   -2     -1.111      1.778      0.000 4
 387  394     -1.074      2.538      0.000 4
 388  396     -0.913     -2.106      0.000 4
 389  397     -0.909      5.432      0.000 4
  -1  398     -0.867     -2.660      0.000 4
 391   -2     -0.840     -5.546      0.000 4
 392  401     -0.793      6.530      0.000 4
 395  399     -0.769     -6.395      0.000 4
 394  400     -0.762     -5.513      0.000 4
 393  402     -0.754     -7.438      0.000 4
 396  404     -0.689      5.947      0.000 4
 397   -2     -0.689     -3.760      0.000 4
  -1   -2     -0.665     -2.440      0.000 4
 400  406     -0.619     -1.474      0.000 4
 401  407     -0.539     -7.156      0.000 4
 402  408     -0.521     -8.098      0.000 4
  -1   -2     -0.496      6.690      0.000 4
 403  409     -0.491     -4.556      0.000 4
 404  410     -0.459     -2.457      0.000 4
 405  411     -0.285      1.291      0.000 4
  -1   -2     -0.191      2.321      0.000 4
 406  413     -0.180     -3.654      0.000 4
 410  417     -0.053      2.892      0.000 4
  -1   -2     -0.050      1.100      0.000 4
 411  416     -0.049     -6.077      0.000 4
 413  418     -0.020     -1.585      0.000 4
 414  419      0.281     -5.586      0.000 4
 415  420      0.433     -6.865      0.000 4
 416  421      0.461     -6.325      0.000 4
 418  424      0.615     -1.427      0.000 4
 417  425      0.640      4.647      0.000 4
 419  426      0.644      7.946      0.000 4
 421  427      0.671     -6.383      0.000 4
 420   -2      0.678     -5.025      0.000 4
 422  429      0.714     -3.393      0.000 4
 423  428      0.715     -1.752      0.000 4
 424   -2      0.741      2.521      0.000 4
 425  431      0.905      1.578      0.000 4
 426  430      0.908     -6.931      0.000 4
 427  432      0.938      7.073      0.000 4
  -1  433      0.947      1.790      0.000 4
 429  434      1.027     -5.248      0.000 4
 428  435      1.029      4.994      0.000 4
 439  436      1.074     -4.474      0.000 4
  -1   -2      1.098     -1.515      0.000 4
 432  439      1.175     -7.506      0.000 4
 433  438      1.201     -6.226      0.000 4
  -1   -2      1.220      1.345      0.000 4
 434  441      1.225     -7.227      0.000 4
 437  440      1.231      6.994      0.000 4
 435  442      1.231      5.799      0.000 4
 436  445      1.270     -3.527      0.000 4
 440  444      1.289     -0.166      0.000 4
 438  448      1.308     -2.450      0.000 4
 442  443      1.314      4.027      0.000 4
 444  450      1.393      3.539      0.000 4
 443  451      1.393     -4.265      0.000 4
 445  456      1.448     -1.161      0.000 4
 447  453      1.448      5.907      0.000 4
 449  452      1.449      1.898      0.000 4
 446  455      1.457      2.529      0.000 4
 448  454      1.458      7.409      0.000 4
 451  457      1.525     -5.459      0.000 4
 452  460      1.561     -3.716      0.000 4
 454  459      1.565     -6.503      0.000 4
 456  461      1.579     -0.767      0.000 4
 453  463      1.598      3.752      0.000 4
 455  465      1.619     -4.711      0.000 4
 457  466      1.666     -7.573      0.000 4
  -1  467      1.686     -6.565      0.000 4
  -1  468      1.693     -5.717      0.000 4
 458  469      1.706      4.846      0.000 4
  -1   -2      1.708      8.203      0.000 4
 461  470      1.737      0.213      0.000 4
  -1  471      1.742     -5.568      0.000 4
  -1   -2      1.758      2.607      0.000 4
 460  475      1.765     -3.079      0.000 4
 464  473      1.797      2.774      0.000 4
 462  476      1.797     -5.016      0.000 4
 463  474      1.806     -5.468      0.000 4
 465  477      1.814      5.542      0.000 4
 466  478      1.874     -0.524      0.000 4
  -1   -2      1.890     -5.883      0.000 4
 467  479      1.903     -7.110      0.000 4
 469  480      1.926     -0.311      0.000 4
 468  483      1.927     -3.674      0.000 4
 470  481      1.934     -5.150      0.000 4
 473  484      1.992     -5.671      0.000 4
 475  486      2.000     -8.021      0.000 4
  -1  488      2.001     -2.684      0.000 4
 476  485      2.002      3.754      0.000 4
 474  487      2.005      1.946      0.000 4
 472  489      2.012      3.345      0.000 4
  -1   -2      2.023     -2.190      0.000 4
 478  490      2.048      6.001      0.000 4
 479   -2      2.049     -2.057      0.000 4
 482  491      2.082     -7.390      0.000 4
 480  495      2.087      6.042      0.000 4
 483  494      2.091     -1.085      0.000 4
 484  492      2.092      7.251      0.000 4
  -1   -2      2.094     -2.864      0.000 4
 485  493      2.100      5.672      0.000 4
 481  497      2.117     -1.719      0.000 4
 487  496      2.125      0.403      0.000 4
  -1  498      2.211     -6.887      0.000 4
 491  499      2.255      8.366      0.000 4
  -1   -2      2.256      4.208      0.000 4
 490   -2      2.256     -8.425      0.000 4
 488  501      2.258     -4.898      0.000 4
 492  500      2.261      5.025      0.000 4
 489  503      2.276      4.107      0.000 4
 493  502      2.280      5.753      0.000 4
 494  505      2.304     -8.277      0.000 4
 496  506      2.314     -5.801      0.000 4
 498  507      2.344      5.488      0.000 4
 497  509      2.353     -3.850      0.000 4
 500  508      2.384     -5.329      0.000 4
  -1  510      2.401      7.631      0.000 4
 501  511      2.405      5.481      0.000 4
  -1   -2      2.446     -7.158      0.000 4
  -1  512      2.450      4.998      0.000 4
 502  513      2.454      0.444      0.000 4
 503  515      2.492     -4.155      0.000 4
 504  514      2.504      2.788      0.000 4
 505  516      2.536     -3.704      0.000 4
 506  519      2.561      3.715      0.000 4
 508   -2      2.566      3.618      0.000 4
 507  518      2.567      6.725      0.000 4
 509  520      2.583     -2.318      0.000 4
 510  521      2.588     -3.620      0.000 4
  -1   -2      2.637     -7.415      0.000 4
 511  523      2.666      1.264      0.000 4
 512  525      2.693      2.364      0.000 4
 514   -2      2.697      7.346      0.000 4
  -1  524      2.699      5.555      0.000 4
  -1   -2      2.710     -4.977      0.000 4
 516  528      2.752     -5.845      0.000 4
 517  530      2.786     -6.377      0.000 4
 518  532      2.798     -0.097      0.000 4
  -1  534      2.803      7.759      0.000 4
 519  533      2.806      2.093      0.000 4
 520  535      2.827      4.906      0.000 4
 522  536      2.876     -1.773      0.000 4
 521  537      2.882     -7.064      0.000 4
 523  538      2.896      4.287      0.000 4
 524  539      2.926     -1.511      0.000 4
 525  540      2.953     -0.968      0.000 4
 526  541      2.963      2.023      0.000 4
 527  542      2.977      5.533      0.000 4
 528  543      3.034      2.881      0.000 4
 529  545      3.096     -5.202      0.000 4
 531  544      3.109     -2.771      0.000 4
 530  546      3.113      6.109      0.000 4
 534  549      3.136      5.567      0.000 4
 533  547      3.136     -7.661      0.000 4
 535  550      3.149      6.030      0.000 4
  -1   -2      3.176      2.640      0.000 4
  -1   -2      3.193     -1.322      0.000 4
 538  552      3.197      8.262      0.000 4
 539  554      3.214      0.864      0.000 4
 541  555      3.246      3.001      0.000 4
 542  557      3.304      2.879      0.000 4
 546  551      3.330     -0.977      0.000 4
 544  558      3.332     -2.302      0.000 4
 543  559      3.341     -4.011      0.000 4
 545  561      3.353     -4.196      0.000 4
 547  564      3.386      6.643      0.000 4
  -1   -2      3.389     -7.202      0.000 4
 548  563      3.390     -6.431      0.000 4
 549  562      3.392     -5.786      0.000 4
 551  565      3.431      4.364      0.000 4
 552  566      3.460      5.847      0.000 4
 553  567      3.470      5.269      0.000 4
 554  568      3.498     -0.507      0.000 4
 555  569      3.510     -3.384      0.000 4
  -1   -2      3.524     -2.991      0.000 4
 558  570      3.547      2.595      0.000 4
 557  571      3.547     -6.320      0.000 4
 559  572      3.562     -5.606      0.000 4
 560  574      3.580     -0.049      0.000 4
 561  573      3.582      5.026      0.000 4
 562  577      3.621     -3.349      0.000 4
 564  575      3.625     -2.579      0.000 4
  -1  579      3.633      1.202      0.000 4
 566  576      3.633     -1.941      0.000 4
 565  578      3.638      4.050      0.000 4
 567  580      3.660      7.904      0.000 4
 568  581      3.665     -2.854      0.000 4
 569   -2      3.677     -1.104      0.000 4
 571  582      3.709     -0.766      0.000 4
 570  583      3.722     -0.597      0.000 4
 572  585      3.744      7.706      0.000 4
 574  586      3.788     -2.731      0.000 4
 573  589      3.790     -7.628      0.000 4
  -1  591      3.795     -6.420      0.000 4
 576  588      3.799     -1.343      0.000 4
 575  590      3.802      4.939      0.000 4
 578  587      3.808     -7.529      0.000 4
 577  592      3.813      5.253      0.000 4
 579  593      3.843     -5.662      0.000 4
 580  594      3.888     -1.857      0.000 4
 581  595      3.918      2.981      0.000 4
 582   -2      3.930      4.127      0.000 4
 583  596      3.962      3.111      0.000 4
 585  597      3.993     -7.761      0.000 4
 584  600      3.999      0.620      0.000 4
 586  598      4.001      8.106      0.000 4
 587  599      4.005     -0.443      0.000 4
 588  602      4.019      4.918      0.000 4
 590  603      4.044     -7.324      0.000 4
 595   -2      4.046     -7.866      0.000 4
  -1   -2      4.065     -5.912      0.000 4
 591  606      4.098     -8.319      0.000 4
 592  605      4.116     -1.072      0.000 4
 594  607      4.164     -4.304      0.000 4
  -1  608      4.188      2.364      0.000 4
 597  609      4.209      2.202      0.000 4
 600  610      4.219     -5.970      0.000 4
 599   -2      4.226      4.730      0.000 4
 602  612      4.233     -2.211      0.000 4
 603  613      4.253     -2.016      0.000 4
 604  617      4.276     -4.057      0.000 4
 605  620      4.304      8.341      0.000 4
 606  619      4.309     -1.775      0.000 4
 607  618      4.315     -6.438      0.000 4
 608  621      4.355      2.187      0.000 4
 609  622      4.376     -1.577      0.000 4
 610  623      4.404      4.650      0.000 4
 611  624      4.412      7.803      0.000 4
 612  626      4.451      3.012      0.000 4
 613  625      4.452     -0.954      0.000 4
 615  627      4.465      8.021      0.000 4
 614  629      4.465     -7.016      0.000 4
 616  628      4.470      4.821      0.000 4
 619  630      4.489      6.364      0.000 4
 617   -2      4.500      0.705      0.000 4
  -1   -2      4.506     -4.372      0.000 4
 621  632      4.509     -4.983      0.000 4
 620  633      4.512     -4.547      0.000 4
 624  636      4.586      1.886      0.000 4
  -1  640      4.603      0.074      0.000 4
  -1  638      4.604      3.333      0.000 4
 626   -2      4.604     -7.303      0.000 4
 627  641      4.632      2.608      0.000 4
 628  642      4.636      2.843      0.000 4
  -1   -2      4.660     -6.995      0.000 4
 629  645      4.676     -3.151      0.000 4
 630  644      4.681     -5.186      0.000 4
 632  643      4.686     -2.654      0.000 4
 634  646      4.753      3.056      0.000 4
 633  649      4.761     -3.683      0.000 4
 635  648      4.761      8.331      0.000 4
 637  651      4.806     -7.460      0.000 4
 640  652      4.904      5.114      0.000 4
 639  653      4.906      1.090      0.000 4
 641  654      4.918      3.607      0.000 4
  -1   -2      4.932     -5.211      0.000 4
 644  656      4.951      1.523      0.000 4
  -1  657      4.970     -2.818      0.000 4
 647  658      4.983     -4.888      0.000 4
 645  659      4.983     -3.444      0.000 4
 648  660      5.000     -8.236      0.000 4
 651  661      5.027     -6.503      0.000 4
 649  662      5.033      8.095      0.000 4
 652  663      5.049     -5.751      0.000 4
 653  664      5.051     -5.907      0.000 4
  -1  666      5.068     -2.637      0.000 4
 655  667      5.077      2.017      0.000 4
 656  668      5.077      7.206      0.000 4
 657  669      5.084      6.928      0.000 4
 658  670      5.156     -5.791      0.000 4
 660  671      5.195      6.842      0.000 4
 659  672      5.196      6.440      0.000 4
 661  673      5.236      1.587      0.000 4
 662  674      5.248     -3.038      0.000 4
  -1  675      5.270      7.080      0.000 4
 663  676      5.295      2.409      0.000 4
 664  677      5.359      5.820      0.000 4
 665  678      5.387     -2.892      0.000 4
 666  679      5.394     -7.632      0.000 4
 667  680      5.409     -7.800      0.000 4
  -1   -2      5.427     -5.792      0.000 4
 668  681      5.433      2.000      0.000 4
 669  683      5.458      1.389      0.000 4
 670  682      5.458      6.054      0.000 4
 671  684      5.486     -7.907      0.000 4
 672  685      5.507      1.415      0.000 4
 673  686      5.510     -5.097      0.000 4
 675  687      5.522     -6.628      0.000 4
 674  688      5.525      2.056      0.000 4
 676  689      5.540      4.492      0.000 4
  -1  690      5.578      0.047      0.000 4
 677  691      5.586     -8.191      0.000 4
 678  692      5.616      6.978      0.000 4
 679  693      5.635      3.937      0.000 4
 680  694      5.649     -0.639      0.000 4
 681  695      5.676     -3.162      0.000 4
 682  696      5.684     -5.803      0.000 4
 683  697      5.702     -5.456      0.000 4
 684  698      5.729      4.608      0.000 4
 685  699      5.775     -2.440      0.000 4
 686  701      5.807      1.774      0.000 4
  -1  700      5.810     -0.985      0.000 4
 687  702      5.825     -8.021      0.000 4
 688  703      5.863     -3.440      0.000 4
 689  704      5.871      1.993      0.000 4
 691   -2      5.871     -8.005      0.000 4
 692  706      5.874     -8.364      0.000 4
 693  705      5.875     -0.748      0.000 4
 690  707      5.875      5.072      0.000 4
 695   -2      5.892     -6.350      0.000 4
  -1  708      5.902     -7.338      0.000 4
 696  709      5.902     -6.455      0.000 4
 698  711      5.964      2.740      0.000 4
 699  712      5.973     -5.284      0.000 4
 700  713      5.986      3.579      0.000 4
 701  715      6.001     -4.325      0.000 4
  -1  714      6.002      0.229      0.000 4
 703  716      6.004     -6.135      0.000 4
 704  718      6.029      4.654      0.000 4
 705  719      6.031     -3.040      0.000 4
 707   -2      6.035     -5.426      0.000 4
 706  720      6.036     -0.466      0.000 4
 708  721      6.132      1.713      0.000 4
 709   -2      6.141     -4.326      0.000 4
 710  722      6.172      3.872      0.000 4
  -1  723      6.181     -6.614      0.000 4
 711  724      6.182     -4.211      0.000 4
 712  725      6.190      0.294      0.000 4
 713  726      6.192      3.204      0.000 4
 714  727      6.245     -6.470      0.000 4
 715  728      6.256      7.277      0.000 4
 716  729      6.269     -2.121      0.000 4
 717  730      6.284     -2.922      0.000 4
 718  731      6.308     -6.518      0.000 4
 719   -2      6.326      1.968      0.000 4
 720  732      6.353      2.378      0.000 4
 721  734      6.378     -4.258      0.000 4
 722  733      6.383     -2.910      0.000 4
 723  735      6.386      7.024      0.000 4
  -1   -2      6.419     -3.831      0.000 4
 725  736      6.442     -4.870      0.000 4
 726  737      6.482     -5.943      0.000 4
 728  739      6.494     -5.311      0.000 4
 727  740      6.495      5.506      0.000 4
  -1   -2      6.501     -2.051      0.000 4
 729  741      6.515      6.912      0.000 4
 730  742      6.534      4.678      0.000 4
 731  743      6.537     -1.301      0.000 4
 733  744      6.568      2.140      0.000 4
 732  746      6.570      0.211      0.000 4
 734  745      6.571     -1.274      0.000 4
 735  747      6.578     -6.039      0.000 4
 736  749      6.608      2.885      0.000 4
 737  750      6.620     -5.123      0.000 4
 738  751      6.638     -5.310      0.000 4
 739  752      6.660      5.652      0.000 4
 740  753      6.663     -6.199      0.000 4
 741  754      6.681     -5.492      0.000 4
 744  757      6.716      3.199      0.000 4
 745  758      6.729     -1.874      0.000 4
 746  759      6.744      3.314      0.000 4
 747  760      6.744      2.069      0.000 4
 748  761      6.759     -6.035      0.000 4
 750  762      6.769      0.700      0.000 4
 751  763      6.773     -0.558      0.000 4
 752  764      6.794     -0.761      0.000 4
 753  765      6.836      5.236      0.000 4
 754  766      6.851     -7.959      0.000 4
 755  767      6.875      3.634      0.000 4
 756  768      6.884     -4.913      0.000 4
 757  769      6.898     -0.900      0.000 4
 758  770      6.899     -2.633      0.000 4
 760  771      6.917     -0.066      0.000 4
 761  772      6.923      6.188      0.000 4
 762  773      6.934     -0.675      0.000 4
 763  774      6.956      0.447      0.000 4
 765  775      6.993     -6.580      0.000 4
 766  777      6.999      3.431      0.000 4
 767  776      6.999     -5.770      0.000 4
 769  778      7.004     -8.422      0.000 4
 768   -2      7.006      6.636      0.000 4
 770  779      7.028      2.060      0.000 4
 772  781      7.045     -5.977      0.000 4
 774  782      7.065     -8.306      0.000 4
 775  784      7.130      7.554      0.000 4
 776  785      7.136     -6.145      0.000 4
 777  786      7.159      6.548      0.000 4
 778  787      7.191      0.209      0.000 4
 779  788      7.194     -3.957      0.000 4
 780  790      7.243      4.999      0.000 4
 782  789      7.244     -4.384      0.000 4
 781  791      7.246      4.382      0.000 4
 783  792      7.266      6.752      0.000 4
 784  794      7.279     -7.196      0.000 4
 785  795      7.286      4.321      0.000 4
 786  796      7.297      5.637      0.000 4
 787   -2      7.299     -0.139      0.000 4
 788  798      7.349      3.558      0.000 4
 790  800      7.371      1.424      0.000 4
 792  801      7.402      2.079      0.000 4
  -1   -2      7.462      1.343      0.000 4
 794  803      7.475      5.279      0.000 4
 795  804      7.476      4.792      0.000 4
  -1  797      7.479     -0.178      0.000 4
 797  805      7.490      4.438      0.000 4
 796  806      7.493     -8.425      0.000 4
 798  807      7.516     -2.890      0.000 4
 799  808      7.541     -1.533      0.000 4
 800  809      7.559      1.275      0.000 4
 801  810      7.588      4.766      0.000 4
 802  811      7.598      1.761      0.000 4
 803  812      7.620      2.289      0.000 4
 804  814      7.688      7.748      0.000 4
 805  815      7.707     -7.881      0.000 4
 806  816      7.741     -2.974      0.000 4
 807  817      7.752      8.265      0.000 4
 808  818      7.789      1.639      0.000 4
  -1  819      7.792     -7.064      0.000 4
 809  820      7.821     -0.846      0.000 4
 810  821      7.821      6.739      0.000 4
 811  822      7.884     -4.993      0.000 4
 812   -2      7.978     -0.718      0.000 4
 813  824      7.984     -0.424      0.000 4
  -1  823      7.986     -6.771      0.000 4
 814  825      7.988     -6.853      0.000 4
 815  826      7.998     -1.183      0.000 4
 816  827      8.002     -5.624      0.000 4
 817  828      8.008      1.034      0.000 4
  -1  829      8.051     -0.619      0.000 4
 818  830      8.072      4.406      0.000 4
  -1  831      8.074     -1.106      0.000 4
 819  832      8.078      3.168      0.000 4
 820  833      8.102     -4.752      0.000 4
 821  834      8.127     -4.522      0.000 4
 822  835      8.141      2.506      0.000 4
 823  836      8.167      4.623      0.000 4
 824  837      8.170      3.245      0.000 4
 825   -2      8.175      2.522      0.000 4
 826  838      8.189     -7.244      0.000 4
 828  839      8.200     -6.303      0.000 4
 829  840      8.205      4.804      0.000 4
 830  843      8.243      7.272      0.000 4
 831  842      8.245     -6.020      0.000 4
 832  841      8.246     -3.389      0.000 4
 833  844      8.284     -1.884      0.000 4
 834  845      8.289     -7.330      0.000 4
 835  846      8.306      5.276      0.000 4
 836  847      8.319     -4.382      0.000 4
 837  848      8.327      7.046      0.000 4
 838  849      8.329      1.350      0.000 4
 839  850      8.349      8.197      0.000 4
 840  851      8.355      7.592      0.000 4
 841  852      8.381     -8.218      0.000 4
 842  853      8.383      0.680      0.000 4
 843  854      8.384     -0.155      0.000 4
 844  855      8.417      1.106      0.000 4
