854
   0    1     -8.396      7.539      0.000 4
   1    2     -8.379     -6.886      0.000 4
   2    3     -8.358     -3.312      0.000 4
   4    5     -8.328     -4.630      0.000 4
   5    6     -8.283      0.545      0.000 4
   6    7     -8.269      6.852      0.000 4
   7    8     -8.244     -8.252      0.000 4
   8    9     -8.227      4.229      0.000 4
   9   10     -8.210     -7.935      0.000 4
  10   11     -8.189      1.549      0.000 4
  11   12     -8.166      4.424      0.000 4
  12   13     -8.164     -3.042      0.000 4
  13   14     -8.135      6.500      0.000 4
  14   15     -8.103     -2.508      0.000 4
  15   16     -8.102      2.623      0.000 4
  16   17     -8.064      1.351      0.000 4
  17   18     -8.037     -7.404      0.000 4
  18   19     -8.030      2.239      0.000 4
  19   20     -8.004     -6.251      0.000 4
  20   21     -7.993      6.569      0.000 4
  21   22     -7.969     -3.819      0.000 4
  22   23     -7.936      5.665      0.000 4
  23   24     -7.907     -0.955      0.000 4
  24   25     -7.884      0.823      0.000 4
  26   26     -7.878     -0.177      0.000 4
  25   27     -7.877      2.324      0.000 4
  27   28     -7.860     -6.119      0.000 4
  28   29     -7.845      4.092      0.000 4
  29   30     -7.821      7.183      0.000 4
  30   31     -7.819      3.872      0.000 4
  32   32     -7.802     -6.164      0.000 4
  31   33     -7.802     -4.842      0.000 4
  33   34     -7.793      4.996      0.000 4
  34   35     -7.788      2.492      0.000 4
  35   36     -7.768     -2.753      0.000 4
  36   37     -7.762     -6.253      0.000 4
  37   -2     -7.759     -5.151      0.000 4
  -1   38     -7.756     -5.105      0.000 4
  38   39     -7.747     -6.729      0.000 4
  39   40     -7.746      1.979      0.000 4
  41   41     -7.741      7.143      0.000 4
  40   42     -7.741     -4.629      0.000 4
  42   43     -7.738      5.238      0.000 4
  43   44     -7.708     -0.684      0.000 4
  44   46     -7.680      6.660      0.000 4
  45   47     -7.584     -6.896      0.000 4
  46   48     -7.532      8.231      0.000 4
  47   49     -7.532      0.003      0.000 4
  48   50     -7.521     -0.692      0.000 4
  49   51     -7.510     -5.435      0.000 4
  50   52     -7.491     -1.101      0.000 4
  51   53     -7.471      7.995      0.000 4
  52   54     -7.470      3.622      0.000 4
  54   55     -7.402      3.856      0.000 4
  55   56     -7.393     -1.435      0.000 4
  56   57     -7.382      3.682      0.000 4
  57   58     -7.358     -6.200      0.000 4
  58   59     -7.344      2.316      0.000 4
  59   60     -7.315     -5.403      0.000 4
  60   61     -7.313     -5.088      0.000 4
  61   62     -7.304      3.858      0.000 4
  62   63     -7.297      5.397      0.000 4
  63   64     -7.259     -8.384      0.000 4
  64   65     -7.241      3.244      0.000 4
  65   66     -7.239      6.143      0.000 4
  66   67     -7.218     -7.966      0.000 4
  67   68     -7.196     -7.543      0.000 4
  68   69     -7.168      7.651      0.000 4
  69   70     -7.161     -8.125      0.000 4
  71   71     -7.151      6.087      0.000 4
  73   72     -7.146     -7.752      0.000 4
  72   73     -7.143      4.740      0.000 4
  74   74     -7.139      4.044      0.000 4
  75   75     -7.126      7.296      0.000 4
  76   76     -7.123     -2.413      0.000 4
  78   -2     -7.106      7.457      0.000 4
  79   77     -7.085      4.989      0.000 4
  80   78     -7.038     -5.425      0.000 4
  82   80     -7.012      0.024      0.000 4
  81   79     -7.010      1.962      0.000 4
  83   81     -6.998     -6.783      0.000 4
  85   -2     -6.985     -6.595      0.000 4
  86   83     -6.970     -6.636      0.000 4
  88   85     -6.970     -2.404      0.000 4
  84   84     -6.969      4.335      0.000 4
  90   86     -6.948      5.114      0.000 4
  92   88     -6.911      5.416      0.000 4
  93   90     -6.888     -0.831      0.000 4
  94   89     -6.886      2.896      0.000 4
  96   91     -6.872     -6.463      0.000 4
  97   92     -6.856     -1.215      0.000 4
  98   93     -6.835      7.551      0.000 4
  99   94     -6.822     -7.513      0.000 4
 100   96     -6.785      1.304      0.000 4
 101   95     -6.785     -5.444      0.000 4
 102   97     -6.754      2.411      0.000 4
 103   98     -6.728      7.620      0.000 4
 105   99     -6.719      3.564      0.000 4
 104   -2     -6.716     -0.883      0.000 4
  89   -2     -6.708     -0.240      0.000 4
 107   -2     -6.696     -3.042      0.000 4
 108  101     -6.676      1.665      0.000 4
 109  102     -6.674      1.351      0.000 4
 110  103     -6.629      3.542      0.000 4
 111  104     -6.626      2.374      0.000 4
 112  105     -6.596      5.775      0.000 4
 113  106     -6.579      6.976      0.000 4
 114  107     -6.574     -4.358      0.000 4
 115  108     -6.549     -6.365      0.000 4
 116  109     -6.510     -6.250      0.000 4
 117  110     -6.502      7.617      0.000 4
 118  111     -6.498      3.058      0.000 4
 119  112     -6.473     -4.778      0.000 4
 120  113     -6.418      0.141      0.000 4
 121  114     -6.378     -3.565      0.000 4
 123  115     -6.360      4.876      0.000 4
 124  116     -6.353     -7.874      0.000 4
 126  117     -6.327     -0.496      0.000 4
 125  118     -6.324      8.136      0.000 4
 127  119     -6.285     -5.844      0.000 4
 128  120     -6.275      0.096      0.000 4
 129   -2     -6.269     -5.007      0.000 4
 130  121     -6.262      0.332      0.000 4
 131  122     -6.236     -1.663      0.000 4
 132   -2     -6.224      0.984      0.000 4
 133  123     -6.198      2.495      0.000 4
 134  125     -6.168      4.876      0.000 4
 135  126     -6.160      3.369      0.000 4
 136  127     -6.158     -5.264      0.000 4
 137  128     -6.151      2.733      0.000 4
 138  129     -6.140     -7.654      0.000 4
 139  131     -6.098      7.352      0.000 4
 140  130     -6.098      1.237      0.000 4
  -1  132     -6.091     -7.146      0.000 4
 142  134     -6.069      6.278      0.000 4
  -1  135     -6.063     -1.082      0.000 4
 143  136     -6.042      3.702      0.000 4
 145  137     -6.009     -7.734      0.000 4
 144  138     -6.006      7.845      0.000 4
  -1  139     -5.973      2.487      0.000 4
 148  141     -5.957      3.079      0.000 4
 149  142     -5.950      6.809      0.000 4
 150  144     -5.944     -0.467      0.000 4
 151  143     -5.940     -6.353      0.000 4
 152   -2     -5.913     -7.360      0.000 4
 153  145     -5.905      4.860      0.000 4
 154  146     -5.886     -5.885      0.000 4
  -1  147     -5.870     -6.138      0.000 4
 155  148     -5.863     -0.035      0.000 4
 156   -2     -5.855     -7.369      0.000 4
 158  149     -5.827      4.699      0.000 4
 157  150     -5.824     -1.660      0.000 4
 159  151     -5.817      0.608      0.000 4
 160  152     -5.808     -1.904      0.000 4
 161  153     -5.797     -7.879      0.000 4
 147  154     -5.773     -4.585      0.000 4
 162  155     -5.760     -5.856      0.000 4
 163  156     -5.701     -4.134      0.000 4
 164  157     -5.697      7.404      0.000 4
 165  158     -5.676      1.909      0.000 4
 166  159     -5.658      5.747      0.000 4
 167  160     -5.638      0.739      0.000 4
 168  161     -5.598     -0.890      0.000 4
 170  162     -5.592      7.239      0.000 4
 169  163     -5.590     -1.776      0.000 4
 171  164     -5.574     -2.477      0.000 4
 172  166     -5.561      0.276      0.000 4
 173  165     -5.560      6.035      0.000 4
 174  167     -5.525      2.667      0.000 4
 175  168     -5.514     -3.114      0.000 4
 176  169     -5.511     -4.952      0.000 4
 178  171     -5.472     -0.685      0.000 4
  -1  170     -5.469     -7.643      0.000 4
 179  172     -5.461      4.800      0.000 4
 180  173     -5.437      5.228      0.000 4
 181  174     -5.428     -1.349      0.000 4
 182  175     -5.412     -6.232      0.000 4
 185  176     -5.386     -6.024      0.000 4
 183  177     -5.385     -8.199      0.000 4
 187  179     -5.336     -0.608      0.000 4
 188  180     -5.329      3.814      0.000 4
 189  181     -5.315     -3.052      0.000 4
  -1  182     -5.277     -2.449      0.000 4
 191  183     -5.270      2.063      0.000 4
 192  184     -5.245     -3.794      0.000 4
 193   -2     -5.209     -1.629      0.000 4
 194  186     -5.180     -4.686      0.000 4
 195  187     -5.131     -6.679      0.000 4
 196  188     -5.103     -3.904      0.000 4
 197  189     -5.095     -4.799      0.000 4
 198  190     -5.090     -5.150      0.000 4
 200  192     -5.066     -1.700      0.000 4
 201  193     -5.057      7.280      0.000 4
 202  195     -5.042     -0.027      0.000 4
 203  196     -5.035      1.561      0.000 4
 206  194     -5.032     -7.915      0.000 4
 205  198     -5.017      0.529      0.000 4
  -1   -2     -5.013     -8.279      0.000 4
 209  197     -4.988     -8.321      0.000 4
 207  199     -4.977      5.118      0.000 4
 208  202     -4.964     -3.402      0.000 4
 210  200     -4.959      3.930      0.000 4
 211  201     -4.955     -0.330      0.000 4
 213  203     -4.945      3.739      0.000 4
 214  204     -4.903      8.386      0.000 4
 215   -2     -4.893      0.831      0.000 4
  -1  206     -4.891     -1.343      0.000 4
 217  205     -4.888      8.221      0.000 4
 216  207     -4.887     -4.350      0.000 4
 219  208     -4.866      0.674      0.000 4
  -1  209     -4.863     -3.203      0.000 4
 218   -2     -4.859     -1.402      0.000 4
 220  210     -4.841     -5.803      0.000 4
 221  211     -4.834      3.828      0.000 4
 222  212     -4.825      1.633      0.000 4
 224  213     -4.803      0.070      0.000 4
 225  214     -4.775      0.402      0.000 4
 223  215     -4.773     -4.319      0.000 4
 226  216     -4.736     -5.058      0.000 4
 228  217     -4.706      4.512      0.000 4
 229  218     -4.703      2.674      0.000 4
 231  220     -4.653      2.649      0.000 4
 230  221     -4.652      5.786      0.000 4
 232  219     -4.652      3.562      0.000 4
 233  222     -4.642      2.190      0.000 4
 235  223     -4.630      3.392      0.000 4
 236  224     -4.616     -6.948      0.000 4
 234  225     -4.615     -5.197      0.000 4
 237  226     -4.596     -4.871      0.000 4
 239  229     -4.568      2.525      0.000 4
 238  230     -4.561     -1.239      0.000 4
 240  227     -4.558     -6.636      0.000 4
 241  228     -4.541     -8.215      0.000 4
 242  232     -4.501      2.167      0.000 4
 243  233     -4.489      0.612      0.000 4
 244  234     -4.457     -6.231      0.000 4
 245  235     -4.442     -6.095      0.000 4
 246  237     -4.430     -6.854      0.000 4
 248  236     -4.410     -2.886      0.000 4
 249  239     -4.367      3.497      0.000 4
 251  240     -4.333     -4.459      0.000 4
 250  242     -4.320     -4.848      0.000 4
 252  241     -4.315      7.410      0.000 4
 253  243     -4.305      1.034      0.000 4
 255  244     -4.283      1.147      0.000 4
 254  245     -4.274     -4.494      0.000 4
 256  246     -4.260      0.609      0.000 4
  -1  247     -4.247     -4.276      0.000 4
 257  248     -4.135     -1.306      0.000 4
 258  249     -4.133      3.341      0.000 4
 259  250     -4.107     -2.585      0.000 4
 260  251     -4.092      2.602      0.000 4
 262  252     -4.073     -6.609      0.000 4
 261  253     -4.063      5.736      0.000 4
 263  254     -4.042      1.608      0.000 4
 264  255     -4.033      2.055      0.000 4
 266   -2     -3.992     -6.273      0.000 4
 267  257     -3.962      4.152      0.000 4
 269  259     -3.942      5.210      0.000 4
 268  261     -3.938      5.344      0.000 4
 270  260     -3.916     -8.206      0.000 4
  -1  262     -3.913     -7.446      0.000 4
 271  263     -3.877      2.874      0.000 4
  -1   -2     -3.844     -4.724      0.000 4
 272   -2     -3.836      4.338      0.000 4
 273  265     -3.831     -8.248      0.000 4
 275  264     -3.820     -6.358      0.000 4
 274  266     -3.809      2.172      0.000 4
 277  267     -3.775     -7.624      0.000 4
 278  268     -3.761      8.278      0.000 4
 279  269     -3.729      0.456      0.000 4
 280  271     -3.713     -2.184      0.000 4
 282  270     -3.700     -7.353      0.000 4
 281  274     -3.677     -0.201      0.000 4
 283  273     -3.672     -1.361      0.000 4
 284  275     -3.666      7.829      0.000 4
 285  276     -3.652     -3.746      0.000 4
 287  277     -3.590     -4.660      0.000 4
 288  278     -3.581     -4.418      0.000 4
 289  279     -3.557      0.746      0.000 4
 290  280     -3.520      8.176      0.000 4
 291  281     -3.490      6.381      0.000 4
 292  282     -3.486      2.962      0.000 4
 293  284     -3.424     -7.508      0.000 4
 294  285     -3.396      7.858      0.000 4
  -1  287     -3.391      0.062      0.000 4
 295  286     -3.384     -2.684      0.000 4
  -1  288     -3.376      5.498      0.000 4
 297  289     -3.354      0.767      0.000 4
 299  290     -3.342     -6.233      0.000 4
 300   -2     -3.330      3.963      0.000 4
 298  293     -3.329     -0.055      0.000 4
 301  292     -3.321      0.144      0.000 4
 302  294     -3.312      5.454      0.000 4
 303  295     -3.307      2.581      0.000 4
 304  297     -3.290      6.243      0.000 4
 305  296     -3.281      4.514      0.000 4
 307  298     -3.204      2.433      0.000 4
 306  299     -3.198     -2.826      0.000 4
 308  302     -3.166     -6.218      0.000 4
 309  300     -3.152     -7.893      0.000 4
  -1  301     -3.137     -7.854      0.000 4
 310  304     -3.117      1.886      0.000 4
 314  305     -3.100      3.857      0.000 4
 312  306     -3.093      2.354      0.000 4
  -1   -2     -3.092      4.801      0.000 4
  -1  308     -3.083     -2.739      0.000 4
 315  311     -3.065     -4.613      0.000 4
 316  310     -3.063      3.037      0.000 4
 317  309     -3.057      7.974      0.000 4
 318  312     -3.026     -0.576      0.000 4
 319  313     -3.015     -3.464      0.000 4
  -1  314     -2.992      4.531      0.000 4
 320  316     -2.914     -0.377      0.000 4
  -1   -2     -2.897     -5.866      0.000 4
 322  317     -2.889     -6.570      0.000 4
 323  318     -2.849     -2.870      0.000 4
 327  319     -2.817     -0.529      0.000 4
 325  320     -2.817     -3.342      0.000 4
 326  322     -2.802      7.165      0.000 4
 328   -2     -2.793      7.891      0.000 4
 329  324     -2.777      8.315      0.000 4
 331   -2     -2.765     -8.186      0.000 4
 333  326     -2.711      5.628      0.000 4
 335  327     -2.690     -6.374      0.000 4
 334  328     -2.689      3.440      0.000 4
 336  331     -2.639      6.657      0.000 4
 337  329     -2.639     -8.260      0.000 4
 338  330     -2.630      8.309      0.000 4
  -1   -2     -2.628      1.902      0.000 4
  -1  332     -2.627     -5.051      0.000 4
 340  333     -2.573      8.092      0.000 4
 339  337     -2.557     -4.744      0.000 4
 341  336     -2.543      0.151      0.000 4
 343  338     -2.528     -7.813      0.000 4
 345  340     -2.497      1.717      0.000 4
 344  339     -2.497      7.802      0.000 4
 346  341     -2.461     -3.807      0.000 4
 348  342     -2.419     -7.063      0.000 4
 349  343     -2.394      0.922      0.000 4
  -1   -2     -2.382     -1.207      0.000 4
 353  344     -2.347      2.649      0.000 4
 350  345     -2.343      0.555      0.000 4
 351  348     -2.314     -5.425      0.000 4
  -1  349     -2.297      0.690      0.000 4
  -1   -2     -2.281     -3.669      0.000 4
 354  347     -2.271      1.119      0.000 4
 355  350     -2.248     -3.508      0.000 4
 357  353     -2.231      5.556      0.000 4
 356  355     -2.223     -7.668      0.000 4
 358  354     -2.211     -4.844      0.000 4
 359  352     -2.204     -2.623      0.000 4
 360  357     -2.144      4.794      0.000 4
 361  356     -2.139      6.378      0.000 4
 362  358     -2.124     -2.408      0.000 4
  -1  359     -2.117     -2.589      0.000 4
 363  361     -2.033      6.077      0.000 4
  -1  362     -1.994      5.894      0.000 4
 366  364     -1.944      1.355      0.000 4
 367  363     -1.931     -7.181      0.000 4
 368  365     -1.870      0.332      0.000 4
 369  366     -1.865     -6.975      0.000 4
  -1  367     -1.837      6.726      0.000 4
 370  368     -1.814     -5.304      0.000 4
 371  370     -1.790      6.228      0.000 4
 372  371     -1.760      3.893      0.000 4
 373  373     -1.718      2.975      0.000 4
 374  375     -1.704      6.118      0.000 4
 375  374     -1.702      2.140      0.000 4
 376  372     -1.701     -6.511      0.000 4
  -1  377     -1.615     -3.250      0.000 4
 377   -2     -1.603     -4.238      0.000 4
 378   -2     -1.587     -3.621      0.000 4
 381  376     -1.581      1.266      0.000 4
 380  378     -1.573     -2.242      0.000 4
 383  379     -1.532      1.899      0.000 4
 382   -2     -1.505     -0.676      0.000 4
  -1   -2     -1.489      1.486      0.000 4
 385   -2     -1.299     -5.549      0.000 4
 389  385     -1.222     -5.311      0.000 4
 384   -2     -1.217     -2.157      0.000 4
 390  388     -1.200     -7.099      0.000 4
 388  390     -1.200     -2.548      0.000 4
  -1   -2     -1.077      2.911      0.000 4
 392  391     -1.005      3.310      0.000 4
  -1  392     -0.890     -1.462      0.000 4
 394  393     -0.846      6.174      0.000 4
 395  395     -0.814     -8.102      0.000 4
 396  398     -0.760     -2.364      0.000 4
  -1  397     -0.759     -3.209      0.000 4
 398  396     -0.740     -4.711      0.000 4
 400  399     -0.720     -6.938      0.000 4
 397  402     -0.713     -0.843      0.000 4
 401  400     -0.712     -4.324      0.000 4
 399  401     -0.704      6.759      0.000 4
  -1   -2     -0.619     -1.642      0.000 4
  -1   -2     -0.587     -4.816      0.000 4
 404  405     -0.565     -6.007      0.000 4
 405  406     -0.424     -3.726      0.000 4
 406  407     -0.377     -7.342      0.000 4
 408  408     -0.350     -6.783      0.000 4
 407  411     -0.304     -8.016      0.000 4
 410  410     -0.275     -7.767      0.000 4
 409  412     -0.215     -2.866      0.000 4
  -1   -2     -0.171      3.203      0.000 4
  -1  414     -0.166     -7.869      0.000 4
 412  415     -0.112      3.677      0.000 4
  -1   -2     -0.110      8.294      0.000 4
 413   -2     -0.045     -0.750      0.000 4
 414  416     -0.021     -5.595      0.000 4
 415   -2     -0.010      1.278      0.000 4
  -1   -2      0.071     -5.623      0.000 4
 416  418      0.120      1.491      0.000 4
 417  419      0.163      4.160      0.000 4
 418  420      0.217     -7.625      0.000 4
 419  421      0.272     -5.097      0.000 4
 420  422      0.556     -5.017      0.000 4
 421  423      0.603      5.476      0.000 4
 422  425      0.648     -1.875      0.000 4
 423  424      0.664     -6.063      0.000 4
 424  426      0.697      2.905      0.000 4
  -1   -2      0.701     -6.010      0.000 4
  -1   -2      0.721     -2.284      0.000 4
 426  428      0.733     -1.092      0.000 4
 427  429      0.769     -4.425      0.000 4
 428  430      0.808      3.092      0.000 4
 430   -2      0.899     -8.105      0.000 4
 432  432      1.012      0.354      0.000 4
 435   -2      1.028     -1.642      0.000 4
 434  433      1.029     -4.721      0.000 4
 436  435      1.038      5.711      0.000 4
 433  437      1.049     -2.775      0.000 4
 437  436      1.050     -5.256      0.000 4
  -1  434      1.070     -6.624      0.000 4
 438   -2      1.095      2.732      0.000 4
 439  438      1.114     -7.167      0.000 4
 440  439      1.154      5.553      0.000 4
 441  440      1.173      2.623      0.000 4
 443  443      1.239     -4.112      0.000 4
 444  441      1.251     -6.958      0.000 4
 446  442      1.265      3.790      0.000 4
 445  445      1.270      6.267      0.000 4
 448  444      1.286     -0.415      0.000 4
 447  446      1.290      0.231      0.000 4
 452  447      1.307     -8.215      0.000 4
 449  450      1.322     -2.745      0.000 4
 450  451      1.328     -3.833      0.000 4
 454  448      1.341     -5.989      0.000 4
 451  452      1.343     -4.623      0.000 4
 455  449      1.353      7.241      0.000 4
 453  453      1.354     -0.742      0.000 4
 456  454      1.446      2.896      0.000 4
 458  459      1.492      3.898      0.000 4
  -1  456      1.510      3.679      0.000 4
 459  457      1.511      6.379      0.000 4
 460  460      1.551     -3.362      0.000 4
  -1   -2      1.571     -4.351      0.000 4
 462  461      1.599      2.331      0.000 4
 463  462      1.608     -5.169      0.000 4
 464  464      1.661     -6.198      0.000 4
 465  466      1.710     -1.847      0.000 4
 466  465      1.711     -6.175      0.000 4
 470  467      1.736      0.199      0.000 4
 471  468      1.738     -7.322      0.000 4
 468   -2      1.741     -5.189      0.000 4
 469  471      1.750     -0.192      0.000 4
 472  469      1.763      4.945      0.000 4
  -1  470      1.782      8.379      0.000 4
 474  472      1.798      0.529      0.000 4
 475  473      1.832     -4.656      0.000 4
 476  474      1.847      3.047      0.000 4
 477  475      1.863      5.663      0.000 4
 479  476      1.869     -5.316      0.000 4
 478  478      1.892     -3.341      0.000 4
 481  481      1.942      2.100      0.000 4
 482  483      1.942      0.303      0.000 4
 483  479      1.958      3.556      0.000 4
  -1  484      1.966     -1.423      0.000 4
  -1  480      1.987     -6.956      0.000 4
 484  486      1.989      3.856      0.000 4
 486  482      1.997      4.374      0.000 4
 488  485      2.002      6.291      0.000 4
 487   -2      2.012      0.272      0.000 4
  -1   -2      2.021      6.170      0.000 4
 490  487      2.032     -5.312      0.000 4
  -1   -2      2.032      2.758      0.000 4
 491  488      2.038     -7.708      0.000 4
 489  490      2.047      3.953      0.000 4
 492  492      2.095     -1.886      0.000 4
 493  491      2.098      6.047      0.000 4
  -1   -2      2.107      7.880      0.000 4
 494  493      2.110      7.276      0.000 4
 495  495      2.113      0.767      0.000 4
 497  494      2.118     -0.813      0.000 4
 496  496      2.123     -1.439      0.000 4
 499  497      2.148     -7.168      0.000 4
 501  498      2.161      5.740      0.000 4
 500  499      2.167     -0.611      0.000 4
 502  501      2.216      4.240      0.000 4
 503  502      2.256     -8.045      0.000 4
  -1  503      2.284     -0.969      0.000 4
 506  504      2.303     -3.492      0.000 4
 507  505      2.311      5.074      0.000 4
 508  506      2.313     -5.577      0.000 4
 505  508      2.316     -2.055      0.000 4
 509  507      2.321      5.821      0.000 4
 510  510      2.400      5.565      0.000 4
 512  511      2.437      0.565      0.000 4
 511  512      2.439     -3.509      0.000 4
 513  513      2.460     -3.953      0.000 4
  -1   -2      2.471     -7.209      0.000 4
 514  514      2.485      3.936      0.000 4
 515  515      2.509     -2.052      0.000 4
 516  517      2.544     -3.409      0.000 4
 517  516      2.549     -5.345      0.000 4
 518  519      2.569      3.875      0.000 4
 519  518      2.579      2.790      0.000 4
 520  520      2.594      6.781      0.000 4
 523  522      2.660     -7.078      0.000 4
 524  523      2.696      7.408      0.000 4
 527  525      2.751     -8.250      0.000 4
 528  527      2.822     -0.087      0.000 4
  -1   -2      2.833     -1.072      0.000 4
 529  529      2.864     -6.710      0.000 4
 531  528      2.865     -6.221      0.000 4
 533  530      2.880      5.009      0.000 4
 534  531      2.888     -1.703      0.000 4
 535  532      2.892      4.528      0.000 4
 537  533      2.938      7.114      0.000 4
 538  534      2.955     -2.686      0.000 4
 539  536      2.998     -7.434      0.000 4
 540  537      3.009      5.560      0.000 4
 541  539      3.079      2.855      0.000 4
 543  540      3.111      6.128      0.000 4
 544  541      3.136     -7.344      0.000 4
  -1  543      3.164      6.053      0.000 4
 546  544      3.181     -7.489      0.000 4
 548  546      3.203      8.253      0.000 4
 547  549      3.220     -3.954      0.000 4
  -1  547      3.222     -0.725      0.000 4
 550  548      3.232      0.913      0.000 4
 551  552      3.294     -4.157      0.000 4
 553  550      3.298     -5.566      0.000 4
 552  551      3.302      2.987      0.000 4
 554  553      3.347      2.867      0.000 4
 555  554      3.377     -2.217      0.000 4
 556  555      3.393      6.641      0.000 4
 557  556      3.418     -0.943      0.000 4
 560  557      3.463     -6.286      0.000 4
 559  559      3.473      5.854      0.000 4
 561  558      3.477     -5.669      0.000 4
 563  560      3.519      5.287      0.000 4
 562  561      3.524     -0.491      0.000 4
 564  564      3.591     -3.170      0.000 4
 567   -2      3.596     -7.067      0.000 4
 565  563      3.600     -0.050      0.000 4
 566  562      3.606     -6.177      0.000 4
 568  566      3.612      5.028      0.000 4
 569  565      3.614      2.583      0.000 4
 570  567      3.636     -5.490      0.000 4
  -1   -2      3.637     -3.862      0.000 4
 572  568      3.650     -2.211      0.000 4
 571  570      3.657      1.960      0.000 4
 573  573      3.672      7.906      0.000 4
 574  572      3.673      4.049      0.000 4
 575  574      3.699     -1.889      0.000 4
 576  575      3.707     -2.699      0.000 4
 577  576      3.729     -1.073      0.000 4
 578  577      3.750     -0.585      0.000 4
 579  578      3.760      7.709      0.000 4
 580  580      3.788     -7.642      0.000 4
 582  579      3.806     -0.728      0.000 4
 581  582      3.810     -6.185      0.000 4
 583  583      3.827      4.934      0.000 4
 584  584      3.839      5.252      0.000 4
 585  585      3.850     -1.308      0.000 4
 587  586      3.869     -2.630      0.000 4
 586   -2      3.888     -0.066      0.000 4
 588  587      3.903     -7.491      0.000 4
 591  588      3.934     -5.596      0.000 4
 589   -2      3.935      2.353      0.000 4
 590  592      3.955     -7.626      0.000 4
 592  590      3.956      2.944      0.000 4
 593  591      3.959      4.118      0.000 4
 594  595      3.987     -7.343      0.000 4
  -1   -2      3.991     -5.142      0.000 4
 595  593      3.993      0.648      0.000 4
 596  594      4.000      3.089      0.000 4
 597  596      4.011      8.105      0.000 4
 598  597      4.019     -0.191      0.000 4
 601  598      4.022     -7.714      0.000 4
 600  600      4.028     -8.225      0.000 4
 602  599      4.043      4.917      0.000 4
 604  602      4.100     -4.250      0.000 4
  -1   -2      4.101     -6.473      0.000 4
 606  603      4.109     -8.028      0.000 4
  -1   -2      4.131     -6.687      0.000 4
 607  604      4.151     -1.037      0.000 4
  -1  606      4.222     -4.420      0.000 4
 608  607      4.234      2.216      0.000 4
 610  608      4.246      4.716      0.000 4
 611  609      4.257     -5.761      0.000 4
 609  610      4.261     -4.029      0.000 4
 613  611      4.286     -5.916      0.000 4
 612  612      4.288     -2.005      0.000 4
 614  613      4.313      8.338      0.000 4
 615  614      4.353     -1.749      0.000 4
  -1  615      4.359      2.182      0.000 4
  -1   -2      4.414     -1.549      0.000 4
 617  617      4.419      7.800      0.000 4
 618  618      4.423      4.649      0.000 4
  -1  619      4.443     -6.921      0.000 4
 619  620      4.454      2.995      0.000 4
 620  621      4.468      0.746      0.000 4
 621  623      4.472      8.018      0.000 4
 622  622      4.474     -0.914      0.000 4
 623  624      4.493      4.815      0.000 4
 624  626      4.502      6.364      0.000 4
  -1   -2      4.504      0.056      0.000 4
  -1  627      4.509     -4.427      0.000 4
 625  628      4.534     -4.940      0.000 4
 626  629      4.550      8.006      0.000 4
  -1  630      4.554      0.548      0.000 4
 627  631      4.577      6.427      0.000 4
  -1   -2      4.592      2.652      0.000 4
 631  633      4.613      1.884      0.000 4
 628  634      4.615      3.322      0.000 4
 630  625      4.617      0.071      0.000 4
 629  637      4.625     -3.066      0.000 4
 632  636      4.634     -7.182      0.000 4
 633  632      4.641      2.593      0.000 4
 634  638      4.649      2.825      0.000 4
 635   -2      4.663      0.561      0.000 4
 637  639      4.699     -5.176      0.000 4
 636  641      4.707     -3.719      0.000 4
  -1  640      4.719     -6.904      0.000 4
 639  643      4.765      3.042      0.000 4
 640  645      4.772      8.332      0.000 4
 641  644      4.781     -2.640      0.000 4
  -1  646      4.794     -7.352      0.000 4
 642  647      4.858      1.115      0.000 4
 645  648      4.922      5.110      0.000 4
 643  651      4.928     -3.417      0.000 4
 646  649      4.929      3.593      0.000 4
 647  650      4.932      5.232      0.000 4
 644  652      4.939     -8.261      0.000 4
 648  653      4.965     -5.206      0.000 4
 650  654      4.978      1.512      0.000 4
 649  655      4.980     -4.494      0.000 4
 652  656      4.997     -4.868      0.000 4
 654   -2      5.031     -8.435      0.000 4
 656   -2      5.040      8.118      0.000 4
 655  657      5.041      8.075      0.000 4
 658  659      5.062     -5.744      0.000 4
 657  660      5.067     -3.969      0.000 4
 659  663      5.086      7.203      0.000 4
 660  662      5.087      2.009      0.000 4
 663  661      5.088     -6.492      0.000 4
 661  665      5.095      6.925      0.000 4
 664  666      5.157     -5.791      0.000 4
 665  667      5.203      6.432      0.000 4
 666  668      5.205      6.840      0.000 4
 667  669      5.246      1.579      0.000 4
 669  671      5.272      7.075      0.000 4
 668  670      5.273     -3.059      0.000 4
 670  672      5.307      2.398      0.000 4
 671  673      5.371      5.816      0.000 4
 672  674      5.410     -2.905      0.000 4
  -1  675      5.414      2.792      0.000 4
 673  676      5.417     -7.610      0.000 4
 674  677      5.423     -7.829      0.000 4
 675  678      5.444      1.993      0.000 4
  -1   -2      5.444     -5.776      0.000 4
 676  679      5.464      6.046      0.000 4
 677  680      5.466      1.380      0.000 4
 678  682      5.535      2.049      0.000 4
  -1  683      5.544     -5.080      0.000 4
 679  684      5.549      4.485      0.000 4
 681  685      5.580     -6.637      0.000 4
 680  686      5.590     -8.162      0.000 4
 682  687      5.623      6.974      0.000 4
 683  688      5.649      3.931      0.000 4
 684  689      5.661     -0.641      0.000 4
 685  690      5.686     -3.170      0.000 4
 686  691      5.718     -5.795      0.000 4
 687  692      5.722     -5.456      0.000 4
 688  693      5.739      4.602      0.000 4
 689  694      5.792     -2.445      0.000 4
 690  696      5.808     -8.047      0.000 4
 691  695      5.811      1.764      0.000 4
 692   -2      5.812     -0.983      0.000 4
 693  697      5.870     -3.455      0.000 4
 695  699      5.875     -7.981      0.000 4
 696  698      5.878      1.987      0.000 4
 694  700      5.879     -8.341      0.000 4
 697  701      5.882     -0.750      0.000 4
 698  702      5.891      5.070      0.000 4
 699  704      5.925     -7.349      0.000 4
 700  703      5.927     -6.360      0.000 4
 701  705      5.939     -6.462      0.000 4
  -1  706      5.964     -4.141      0.000 4
 702  707      5.973      2.730      0.000 4
 703  708      5.992     -5.287      0.000 4
 705  709      6.015     -4.330      0.000 4
 708  710      6.033     -6.135      0.000 4
 706  711      6.038     -1.715      0.000 4
 709  714      6.040     -0.470      0.000 4
 707  712      6.040      4.648      0.000 4
 710  713      6.041     -3.049      0.000 4
 711   -2      6.054     -5.428      0.000 4
 712  715      6.141      1.707      0.000 4
 713  716      6.154      6.542      0.000 4
 714  717      6.156     -4.331      0.000 4
 715  718      6.185      3.866      0.000 4
 716  719      6.190     -4.214      0.000 4
 718  720      6.201      0.289      0.000 4
 717  721      6.201      3.198      0.000 4
 719  722      6.217     -6.626      0.000 4
 720  723      6.267      7.276      0.000 4
 721  724      6.278     -6.482      0.000 4
  -1  725      6.284     -2.126      0.000 4
 722  726      6.300     -2.932      0.000 4
 723  727      6.336     -6.526      0.000 4
 724  729      6.365      2.372      0.000 4
 725  730      6.387     -4.262      0.000 4
 726  732      6.392      7.020      0.000 4
 727  731      6.393     -2.917      0.000 4
  -1   -2      6.435     -3.841      0.000 4
 729  733      6.456     -4.875      0.000 4
 731  735      6.501      5.503      0.000 4
 730  734      6.502     -5.948      0.000 4
 732  736      6.515     -5.311      0.000 4
 733  737      6.528      6.913      0.000 4
 734  738      6.542      4.673      0.000 4
 735  739      6.550     -1.307      0.000 4
 736  740      6.577      2.134      0.000 4
 737  741      6.602     -6.042      0.000 4
 738   -2      6.603     -0.575      0.000 4
 739  742      6.616      2.879      0.000 4
 740  743      6.636     -5.127      0.000 4
 741  744      6.656     -5.314      0.000 4
 742  745      6.665      5.648      0.000 4
 743  746      6.683     -6.202      0.000 4
 744  747      6.698     -5.493      0.000 4
 745  748      6.710      6.591      0.000 4
 746  749      6.713      0.441      0.000 4
 747   -2      6.725      2.070      0.000 4
 748  750      6.726      3.190      0.000 4
 749  751      6.738     -1.878      0.000 4
 750  752      6.749      3.309      0.000 4
 751  753      6.759      2.061      0.000 4
 752  754      6.778     -6.036      0.000 4
  -1  757      6.783     -0.564      0.000 4
 753  755      6.783      0.689      0.000 4
 755  758      6.801     -0.767      0.000 4
 756  759      6.843      5.232      0.000 4
  -1   -2      6.864      1.854      0.000 4
 758  760      6.868     -7.976      0.000 4
 759  761      6.882      3.628      0.000 4
 761  762      6.899     -4.918      0.000 4
 762  763      6.905     -0.905      0.000 4
 764  765      6.921     -0.073      0.000 4
 765  766      6.929      6.187      0.000 4
 766  767      6.935     -0.677      0.000 4
 767  769      6.964      0.443      0.000 4
 768  768      6.975      2.097      0.000 4
 769  771      7.008      3.424      0.000 4
 770  770      7.009     -6.585      0.000 4
  -1  774      7.014      6.634      0.000 4
 771  773      7.019     -5.779      0.000 4
 772  775      7.027     -8.434      0.000 4
 773  776      7.034      2.053      0.000 4
 774  778      7.055     -4.025      0.000 4
 775  779      7.061     -5.985      0.000 4
 776  780      7.082     -0.185      0.000 4
 777  781      7.086     -8.300      0.000 4
 778  782      7.134      7.550      0.000 4
 779  785      7.152      6.528      0.000 4
 780  784      7.153     -6.153      0.000 4
 781  786      7.196      0.203      0.000 4
 782  787      7.206     -3.964      0.000 4
 783  788      7.246      4.996      0.000 4
 785  790      7.254      4.378      0.000 4
 786  791      7.256     -4.389      0.000 4
 787  792      7.274      6.749      0.000 4
 788  794      7.295      4.320      0.000 4
 789  796      7.301      5.634      0.000 4
 790  797      7.313     -0.143      0.000 4
 791  798      7.356      3.553      0.000 4
 792  799      7.367      1.420      0.000 4
 793  800      7.369     -0.679      0.000 4
  -1  801      7.374     -8.043      0.000 4
 795  803      7.409      2.073      0.000 4
 796  804      7.453     -5.739      0.000 4
 797  805      7.464      4.774      0.000 4
 798  806      7.482      5.273      0.000 4
 799  807      7.493      4.796      0.000 4
 800  808      7.496      4.436      0.000 4
  -1   -2      7.512      4.582      0.000 4
 802  809      7.523     -2.896      0.000 4
 803  810      7.550     -1.539      0.000 4
 804  811      7.566      1.270      0.000 4
 805  812      7.594      4.761      0.000 4
 806  813      7.607      1.756      0.000 4
 807  814      7.626      2.283      0.000 4
 808   -2      7.642     -8.265      0.000 4
 809  815      7.693      7.746      0.000 4
 810  816      7.718     -7.898      0.000 4
 811  818      7.755      8.261      0.000 4
  -1   -2      7.785      0.139      0.000 4
 812  819      7.791      1.634      0.000 4
 813  820      7.807     -7.080      0.000 4
 814  821      7.824     -0.850      0.000 4
 815  822      7.825      6.736      0.000 4
 816  823      7.874     -5.142      0.000 4
 817  824      7.900     -4.999      0.000 4
 818  825      7.907     -2.993      0.000 4
 819  826      7.980      7.161      0.000 4
 820  827      7.991     -0.429      0.000 4
 821  828      7.995     -6.783      0.000 4
 822  829      8.001     -6.865      0.000 4
 823  830      8.006     -1.188      0.000 4
 824  831      8.017     -5.632      0.000 4
 825  832      8.020      1.032      0.000 4
 826  833      8.037     -7.602      0.000 4
 827  834      8.076      4.402      0.000 4
 829  835      8.083      3.165      0.000 4
 830  836      8.118     -4.766      0.000 4
 831  837      8.124     -0.226      0.000 4
 832  838      8.138     -4.529      0.000 4
 834  839      8.165      2.509      0.000 4
 833  840      8.167      1.718      0.000 4
 835  842      8.172      3.238      0.000 4
 836  841      8.173      4.617      0.000 4
 828  843      8.174     -0.713      0.000 4
  -1  845      8.200      6.208      0.000 4
 837  844      8.201     -7.257      0.000 4
 838  847      8.207      4.801      0.000 4
 839  846      8.208     -6.311      0.000 4
 841  849      8.245      7.266      0.000 4
 842  850      8.251     -3.395      0.000 4
 843  851      8.256     -6.033      0.000 4
 844  852      8.290     -1.890      0.000 4
 845  853      8.299     -7.345      0.000 4
 846  854      8.311      5.275      0.000 4
 847  855      8.328     -4.392      0.000 4
 848  856      8.331      7.044      0.000 4
 849  857      8.336      1.344      0.000 4
 850  858      8.351      8.194      0.000 4
 851  859      8.358      7.583      0.000 4
 852  860      8.384     -8.236      0.000 4
 853  861      8.389     -0.158      0.000 4
 854  862      8.391      0.675      0.000 4
 855  863      8.418      1.100      0.000 4
