844
   0    0     -8.401      7.537      0.000 4
   1    1     -8.381     -6.910      0.000 4
   2    2     -8.374     -3.326      0.000 4
   3    3     -8.353     -8.174      0.000 4
   4    4     -8.343     -4.649      0.000 4
   6    6     -8.300      0.534      0.000 4
   7   -2     -8.299     -1.589      0.000 4
   8    7     -8.279      6.849      0.000 4
   9    8     -8.242     -8.268      0.000 4
  10    9     -8.228      4.227      0.000 4
  11   10     -8.216      1.563      0.000 4
  12   11     -8.208     -7.951      0.000 4
  13   12     -8.187      1.511      0.000 4
  14   13     -8.182     -3.058      0.000 4
  15   14     -8.180      4.416      0.000 4
  16   15     -8.139      6.490      0.000 4
  17   16     -8.124     -2.522      0.000 4
  18   17     -8.118      2.615      0.000 4
   5   -2     -8.078      1.347      0.000 4
  20   19     -8.042      2.233      0.000 4
  21   20     -8.037     -7.421      0.000 4
  22   21     -8.012     -6.273      0.000 4
  23   22     -8.002      6.564      0.000 4
  24   23     -7.985     -3.840      0.000 4
  25   25     -7.926     -0.967      0.000 4
  26   27     -7.903      0.816      0.000 4
  27   28     -7.896     -0.186      0.000 4
  28   29     -7.887      2.323      0.000 4
  29   30     -7.858      4.083      0.000 4
  -1   31     -7.851     -6.130      0.000 4
  -1   32     -7.835      3.837      0.000 4
  30   33     -7.828      3.871      0.000 4
  31   34     -7.825      7.175      0.000 4
  33   35     -7.816     -4.866      0.000 4
  32   36     -7.807     -6.186      0.000 4
  34   37     -7.803      2.485      0.000 4
  35   38     -7.799      4.986      0.000 4
  36   39     -7.786     -2.769      0.000 4
  -1   -2     -7.772     -5.120      0.000 4
  37   40     -7.771     -5.171      0.000 4
  38   41     -7.765     -6.277      0.000 4
  39   42     -7.760      1.970      0.000 4
  40   43     -7.757     -4.650      0.000 4
  41   44     -7.754      7.142      0.000 4
  42   45     -7.752      5.235      0.000 4
  43   46     -7.751     -6.753      0.000 4
  44   47     -7.731     -0.693      0.000 4
  45   48     -7.693      7.113      0.000 4
  46   49     -7.683      6.646      0.000 4
  47   51     -7.585     -6.918      0.000 4
  -1   52     -7.578      0.412      0.000 4
  48   53     -7.553     -0.010      0.000 4
  49   54     -7.546     -0.700      0.000 4
  50   55     -7.532      8.218      0.000 4
  51   56     -7.523     -5.461      0.000 4
  52   57     -7.514     -1.114      0.000 4
  53   59     -7.482      7.990      0.000 4
  54   58     -7.479      3.616      0.000 4
  55   60     -7.419     -1.447      0.000 4
  56   61     -7.399      3.675      0.000 4
  -1   62     -7.369     -5.415      0.000 4
  57   63     -7.363     -6.227      0.000 4
  58   64     -7.356      2.309      0.000 4
  59   65     -7.329     -5.116      0.000 4
  60   66     -7.325     -5.429      0.000 4
  61   67     -7.313      3.850      0.000 4
  62   68     -7.311      5.389      0.000 4
  -1   69     -7.294      0.092      0.000 4
  63   70     -7.251      3.237      0.000 4
  64   71     -7.248      6.134      0.000 4
  65   72     -7.240     -8.393      0.000 4
  66   73     -7.202     -7.987      0.000 4
  68   74     -7.180     -7.568      0.000 4
  67   75     -7.179      7.645      0.000 4
  69   76     -7.163      6.079      0.000 4
  70   78     -7.157      4.733      0.000 4
  71   79     -7.154      4.037      0.000 4
  73   80     -7.147     -8.144      0.000 4
  74   82     -7.138      7.288      0.000 4
  72   81     -7.138     -2.434      0.000 4
  75   83     -7.128     -7.769      0.000 4
  76   84     -7.096      4.982      0.000 4
  77   85     -7.051     -5.455      0.000 4
  78   86     -7.030      0.018      0.000 4
  79   87     -7.021      1.958      0.000 4
  80   88     -6.997     -6.812      0.000 4
  81   90     -6.987     -2.426      0.000 4
  82   89     -6.985      4.327      0.000 4
  83   91     -6.978     -6.645      0.000 4
  84   92     -6.976     -0.395      0.000 4
  85   93     -6.961      5.107      0.000 4
  86   94     -6.941     -2.717      0.000 4
  87   95     -6.923      5.407      0.000 4
  88   97     -6.915     -0.843      0.000 4
  89   98     -6.899      2.893      0.000 4
  90   99     -6.883     -1.227      0.000 4
  91  100     -6.872     -6.494      0.000 4
  92  102     -6.849      7.545      0.000 4
  93  104     -6.807      1.302      0.000 4
  95  105     -6.794     -5.477      0.000 4
  96  106     -6.767      2.405      0.000 4
  97  107     -6.744     -0.894      0.000 4
  -1   -2     -6.741      7.612      0.000 4
 100  109     -6.716      4.283      0.000 4
  99  110     -6.714     -3.062      0.000 4
 101  111     -6.694      1.662      0.000 4
 102  112     -6.693      1.347      0.000 4
 103  113     -6.642      2.366      0.000 4
 104  114     -6.640      3.532      0.000 4
 105  115     -6.613      5.763      0.000 4
 106  116     -6.599     -4.384      0.000 4
 107  117     -6.593      6.969      0.000 4
 108  118     -6.550     -6.400      0.000 4
 109  119     -6.518      7.608      0.000 4
 110  120     -6.509      3.048      0.000 4
 111  121     -6.506     -6.285      0.000 4
 112  122     -6.496     -4.809      0.000 4
 113  123     -6.444      0.130      0.000 4
 114  124     -6.399     -3.586      0.000 4
 115  125     -6.377      4.863      0.000 4
 116  126     -6.357     -0.503      0.000 4
 118  128     -6.312     -7.928      0.000 4
 117  129     -6.306      0.091      0.000 4
  -1   -2     -6.291     -5.035      0.000 4
 119  130     -6.283     -5.885      0.000 4
 120  131     -6.271     -1.684      0.000 4
  -1  132     -6.249      0.983      0.000 4
 121  133     -6.209      2.492      0.000 4
 122  135     -6.182      4.866      0.000 4
 123  136     -6.176     -5.304      0.000 4
 124  137     -6.164      3.360      0.000 4
 125  138     -6.160      2.729      0.000 4
 126  139     -6.126     -7.702      0.000 4
 127  140     -6.116      7.345      0.000 4
 128  141     -6.116      1.235      0.000 4
 131  144     -6.084      6.270      0.000 4
 132  145     -6.047      3.694      0.000 4
 133  147     -6.023      7.837      0.000 4
 134  146     -6.020     -6.497      0.000 4
 138  148     -5.990     -7.839      0.000 4
  -1  149     -5.988     -7.368      0.000 4
 137  150     -5.983     -0.471      0.000 4
 139  151     -5.965      6.800      0.000 4
 140  152     -5.962      3.071      0.000 4
 141  153     -5.936     -7.407      0.000 4
 142  154     -5.924     -6.387      0.000 4
 143  155     -5.919      4.846      0.000 4
 145  156     -5.895     -5.939      0.000 4
 144  157     -5.895     -0.034      0.000 4
 146  158     -5.880     -1.686      0.000 4
 147  159     -5.852     -1.945      0.000 4
 148  161     -5.848      0.608      0.000 4
 149  160     -5.844     -7.395      0.000 4
 150  162     -5.840      4.687      0.000 4
 152  164     -5.753     -5.914      0.000 4
 151  165     -5.751     -4.140      0.000 4
 153  166     -5.714      7.403      0.000 4
 154  167     -5.691      1.908      0.000 4
 155  168     -5.678      5.738      0.000 4
 156  170     -5.662      0.739      0.000 4
  -1  169     -5.655     -7.957      0.000 4
 157  171     -5.649     -0.894      0.000 4
 158  172     -5.646     -1.800      0.000 4
 159  173     -5.608      7.229      0.000 4
 160  174     -5.595      0.287      0.000 4
 161  175     -5.575      6.024      0.000 4
 163  176     -5.553     -5.011      0.000 4
 164  177     -5.540      2.664      0.000 4
 165  178     -5.524     -0.686      0.000 4
 166  179     -5.479      4.784      0.000 4
 167  180     -5.471     -7.482      0.000 4
 168  181     -5.457      5.214      0.000 4
 170   -2     -5.405     -4.529      0.000 4
 171  182     -5.388     -8.099      0.000 4
 172  183     -5.385     -0.598      0.000 4
 173  185     -5.327      3.800      0.000 4
 175  184     -5.320     -1.416      0.000 4
 176  186     -5.294     -3.094      0.000 4
 178  187     -5.285      2.066      0.000 4
 179  188     -5.254     -4.701      0.000 4
 180  189     -5.243     -3.752      0.000 4
 181  190     -5.197     -4.851      0.000 4
 182  191     -5.183     -6.669      0.000 4
 183  192     -5.168     -1.523      0.000 4
 187  193     -5.145     -5.970      0.000 4
 185  194     -5.145     -2.440      0.000 4
 184  195     -5.127     -0.071      0.000 4
 186  196     -5.120     -3.892      0.000 4
 190  197     -5.079     -5.280      0.000 4
 188  198     -5.077      7.270      0.000 4
 189  199     -5.066     -0.004      0.000 4
 191  200     -5.056      1.561      0.000 4
 192  201     -5.048     -3.452      0.000 4
 193  202     -5.041      0.534      0.000 4
 195  203     -5.008      5.094      0.000 4
 194  204     -5.001     -4.328      0.000 4
 196  205     -4.989     -0.313      0.000 4
 197  213     -4.968     -1.322      0.000 4
 198  206     -4.957     -7.741      0.000 4
 200  207     -4.947      3.723      0.000 4
 201  208     -4.945      3.910      0.000 4
 199  210     -4.934     -5.039      0.000 4
 202  209     -4.927      8.376      0.000 4
  -1   -2     -4.928      0.848      0.000 4
 206  212     -4.915      8.220      0.000 4
 205   -2     -4.914     -1.406      0.000 4
 207  214     -4.905      0.689      0.000 4
 204  218     -4.900     -4.286      0.000 4
 211  215     -4.865     -7.592      0.000 4
 209  217     -4.864     -5.746      0.000 4
  -1  219     -4.845      1.646      0.000 4
 210  220     -4.830      0.081      0.000 4
 213  222     -4.806     -5.865      0.000 4
 214  223     -4.794      3.799      0.000 4
 215  225     -4.768     -5.034      0.000 4
 216  224     -4.754     -7.974      0.000 4
 217  227     -4.701     -6.771      0.000 4
 219  226     -4.699      4.447      0.000 4
 218  229     -4.689     -4.711      0.000 4
 220  228     -4.684      5.786      0.000 4
 221   -2     -4.665     -2.173      0.000 4
 222  230     -4.663      2.664      0.000 4
 223  231     -4.626      3.380      0.000 4
 232   -2     -4.615     -0.348      0.000 4
 224  232     -4.608      2.515      0.000 4
 225  233     -4.594      3.587      0.000 4
 226  234     -4.536      2.582      0.000 4
 227  235     -4.511      0.629      0.000 4
 229  236     -4.498      2.183      0.000 4
 228  237     -4.483     -4.147      0.000 4
 231   -2     -4.466     -6.066      0.000 4
 230  238     -4.464     -4.349      0.000 4
 234  239     -4.432     -5.958      0.000 4
 233   -2     -4.428      0.875      0.000 4
  -1  240     -4.410     -4.453      0.000 4
 237  241     -4.383      1.008      0.000 4
  -1  248     -4.372      0.696      0.000 4
 238  242     -4.358      3.476      0.000 4
 241  244     -4.343      7.391      0.000 4
 239  246     -4.339     -4.478      0.000 4
 245  243     -4.331     -6.409      0.000 4
 244   -2     -4.325     -8.232      0.000 4
 243  247     -4.317      1.178      0.000 4
 242   -2     -4.317      0.658      0.000 4
 246  249     -4.296      2.415      0.000 4
 248  251     -4.249     -1.946      0.000 4
 249  252     -4.232     -1.134      0.000 4
 251  253     -4.174      7.669      0.000 4
  -1  255     -4.159     -2.453      0.000 4
 252   -2     -4.151     -0.443      0.000 4
 254  256     -4.118      5.753      0.000 4
 253  257     -4.116     -4.753      0.000 4
 255   -2     -4.096      2.094      0.000 4
 260   -2     -4.091     -8.121      0.000 4
 257  259     -4.089      3.398      0.000 4
 259  258     -4.078     -7.467      0.000 4
 256  261     -4.077      1.672      0.000 4
 258  260     -4.075      2.608      0.000 4
  -1   -2     -4.052      5.642      0.000 4
  -1  263     -4.015     -4.743      0.000 4
 261  264     -4.013      5.374      0.000 4
 263  265     -3.992      3.295      0.000 4
 264  267     -3.990     -2.010      0.000 4
 266   -2     -3.965     -2.776      0.000 4
 265  269     -3.959     -7.204      0.000 4
 267  270     -3.937     -6.093      0.000 4
 270  273     -3.804      8.302      0.000 4
 269  276     -3.799     -0.167      0.000 4
 271  274     -3.789      2.206      0.000 4
 277  275     -3.763     -6.160      0.000 4
  -1  278     -3.749     -7.268      0.000 4
 275  280     -3.744     -1.215      0.000 4
 272  281     -3.743     -4.574      0.000 4
 274  279     -3.741     -3.613      0.000 4
 273  282     -3.736     -4.317      0.000 4
 276  284     -3.722      7.865      0.000 4
 278  283     -3.695     -7.023      0.000 4
 281  286     -3.647      0.935      0.000 4
 282  287     -3.623      6.065      0.000 4
  -1   -2     -3.585     -0.879      0.000 4
 284  289     -3.568      7.944      0.000 4
 285  290     -3.540      6.378      0.000 4
 287  291     -3.527      8.228      0.000 4
 286  293     -3.506      0.413      0.000 4
 288  292     -3.503      1.191      0.000 4
 289   -2     -3.491      0.135      0.000 4
  -1   -2     -3.420     -2.579      0.000 4
 291  296     -3.417     -2.417      0.000 4
 292  297     -3.407      0.146      0.000 4
 293  298     -3.357      3.687      0.000 4
 294  299     -3.324      5.457      0.000 4
  -1  300     -3.309      3.873      0.000 4
 295  305     -3.276      0.590      0.000 4
 297  304     -3.246      1.131      0.000 4
 296  308     -3.237      2.790      0.000 4
 299  306     -3.216      4.824      0.000 4
 300  309     -3.180     -4.427      0.000 4
 302  311     -3.120      2.747      0.000 4
 301  313     -3.116     -3.224      0.000 4
 303  310     -3.116     -1.643      0.000 4
 304  312     -3.108      2.958      0.000 4
 305  315     -3.082     -0.155      0.000 4
  -1   -2     -3.069     -5.977      0.000 4
 307  314     -3.061     -5.743      0.000 4
 306  317     -3.060      8.031      0.000 4
 308  318     -3.049      3.943      0.000 4
 309  316     -3.044      3.616      0.000 4
 310  319     -3.011     -5.596      0.000 4
 311  322     -2.916     -6.090      0.000 4
 312  321     -2.913      4.602      0.000 4
 313   -2     -2.880     -7.898      0.000 4
 314  324     -2.868      8.139      0.000 4
 315  325     -2.861      7.242      0.000 4
 316  326     -2.776     -7.614      0.000 4
 317  327     -2.708      5.879      0.000 4
 319  328     -2.697      3.576      0.000 4
 320  329     -2.690      6.799      0.000 4
 318  332     -2.690     -4.217      0.000 4
 321  331     -2.679     -5.834      0.000 4
 322  333     -2.663     -5.535      0.000 4
 323  330     -2.661      2.918      0.000 4
  -1  335     -2.614     -4.461      0.000 4
 325  334     -2.612     -1.207      0.000 4
 324  336     -2.603      8.370      0.000 4
 326  338     -2.570     -2.315      0.000 4
 327  339     -2.553      0.943      0.000 4
 329  337     -2.549      6.833      0.000 4
 331  340     -2.513     -7.114      0.000 4
 330  342     -2.504     -3.404      0.000 4
  -1  343     -2.490      8.388      0.000 4
 332  345     -2.461     -0.977      0.000 4
 336  344     -2.447      0.503      0.000 4
 334  347     -2.435     -5.959      0.000 4
 335  348     -2.428     -0.404      0.000 4
 337  349     -2.408     -2.549      0.000 4
 338  350     -2.349     -6.967      0.000 4
 339  352     -2.344     -0.653      0.000 4
 340  353     -2.323      4.850      0.000 4
 341  351     -2.319     -5.672      0.000 4
  -1  354     -2.284     -5.491      0.000 4
 344  355     -2.254     -2.128      0.000 4
 346  356     -2.222      1.255      0.000 4
 347  357     -2.219      6.045      0.000 4
  -1  358     -2.186     -4.143      0.000 4
 348  360     -2.184      5.458      0.000 4
 349  361     -2.105     -3.875      0.000 4
 350  362     -2.097     -1.421      0.000 4
 351  364     -2.048      1.907      0.000 4
 354  363     -2.022      7.095      0.000 4
 355  366     -1.929     -4.431      0.000 4
 357  367     -1.846      1.952      0.000 4
 356  368     -1.838      3.734      0.000 4
  -1  369     -1.803      6.868      0.000 4
  -1   -2     -1.777      7.032      0.000 4
  -1  373     -1.721     -2.704      0.000 4
  -1   -2     -1.721      6.862      0.000 4
 361  371     -1.708     -4.319      0.000 4
 363  372     -1.682     -5.856      0.000 4
  -1  375     -1.675      4.662      0.000 4
 367  374     -1.669      5.697      0.000 4
 366  377     -1.660      4.098      0.000 4
 362  376     -1.660      7.823      0.000 4
 365  379     -1.645     -2.437      0.000 4
 364  381     -1.626      7.307      0.000 4
 368  380     -1.589      1.482      0.000 4
 369  382     -1.554     -5.334      0.000 4
 370  383     -1.488     -5.671      0.000 4
 371  385     -1.414      4.886      0.000 4
  -1  384     -1.408     -1.581      0.000 4
 374  387     -1.370     -8.222      0.000 4
  -1   -2     -1.354      7.647      0.000 4
 375  390     -1.284     -1.946      0.000 4
 377  389     -1.256      3.155      0.000 4
 378   -2     -1.134      3.466      0.000 4
 379  393     -1.093     -2.240      0.000 4
  -1  392     -1.091      0.961      0.000 4
 380  394     -1.077     -8.122      0.000 4
 381  396     -1.040     -1.656      0.000 4
  -1   -2     -1.036      4.185      0.000 4
 383  397     -0.955      4.696      0.000 4
  -1   -2     -0.913     -3.936      0.000 4
 385  401     -0.870     -7.675      0.000 4
 386  400     -0.860     -6.006      0.000 4
 387  403     -0.738     -3.721      0.000 4
 388  402     -0.731     -6.604      0.000 4
 389  404     -0.702     -4.385      0.000 4
 390  405     -0.679     -1.256      0.000 4
 392  406     -0.615     -3.112      0.000 4
 391   -2     -0.608      3.976      0.000 4
  -1   -2     -0.518     -6.802      0.000 4
 393   -2     -0.507     -2.972      0.000 4
 394  409     -0.483     -5.931      0.000 4
 396  410     -0.461     -3.286      0.000 4
 395  411     -0.448     -5.335      0.000 4
 398   -2     -0.392     -0.782      0.000 4
 399  414     -0.335     -1.344      0.000 4
 400  413     -0.335     -2.280      0.000 4
 401  417     -0.021      0.762      0.000 4
  -1  419      0.041     -4.752      0.000 4
 402  418      0.063     -6.763      0.000 4
 403  420      0.096     -7.151      0.000 4
 404  421      0.212     -4.372      0.000 4
 405  422      0.238      5.582      0.000 4
 406  423      0.304     -1.833      0.000 4
 407  425      0.338     -0.057      0.000 4
 408   -2      0.364     -4.413      0.000 4
  -1  426      0.381      6.958      0.000 4
  -1   -2      0.387      2.797      0.000 4
 409  427      0.403      2.438      0.000 4
 411   -2      0.484      0.304      0.000 4
 410  428      0.486      3.321      0.000 4
  -1  429      0.521     -4.031      0.000 4
 413  430      0.630      4.519      0.000 4
 412  431      0.637      0.069      0.000 4
  -1  433      0.656     -3.361      0.000 4
 414  434      0.694     -5.508      0.000 4
 415  432      0.706      6.994      0.000 4
 416  435      0.790     -3.245      0.000 4
 417   -2      0.812     -0.125      0.000 4
 418  437      0.880     -0.762      0.000 4
 421  436      0.893      4.296      0.000 4
 420  441      0.935     -3.329      0.000 4
 422  439      0.941     -1.299      0.000 4
 423  442      0.970      6.962      0.000 4
 424  443      0.985     -6.564      0.000 4
 425  444      1.000     -2.095      0.000 4
  -1   -2      1.015      0.952      0.000 4
 426  445      1.047      0.515      0.000 4
 427  446      1.064     -6.796      0.000 4
 429  448      1.156      0.272      0.000 4
  -1   -2      1.159     -6.810      0.000 4
 430  447      1.160     -4.005      0.000 4
  -1   -2      1.243      2.328      0.000 4
 431  451      1.255     -3.086      0.000 4
 434  450      1.273     -1.248      0.000 4
 433  453      1.277     -6.968      0.000 4
 436  452      1.302     -4.780      0.000 4
 439  454      1.377      0.897      0.000 4
 440  456      1.389     -3.718      0.000 4
 438  457      1.391     -2.681      0.000 4
  -1  459      1.432     -3.643      0.000 4
 441  458      1.435     -7.561      0.000 4
 445  460      1.511      5.264      0.000 4
 444  462      1.531      3.440      0.000 4
  -1  463      1.551     -5.563      0.000 4
 446  465      1.578     -3.090      0.000 4
 449   -2      1.592      6.403      0.000 4
 448  466      1.594      2.115      0.000 4
 443  464      1.613     -7.894      0.000 4
 450   -2      1.618     -3.595      0.000 4
 451  467      1.672      0.344      0.000 4
 455  468      1.769      0.982      0.000 4
 454  470      1.770     -6.515      0.000 4
 452  471      1.772     -4.081      0.000 4
 453  472      1.791     -2.747      0.000 4
 456  474      1.829      7.573      0.000 4
 457  476      1.836      5.138      0.000 4
 460  473      1.839     -4.731      0.000 4
 459  477      1.849     -6.879      0.000 4
  -1   -2      1.862      0.415      0.000 4
 461  479      1.868     -0.774      0.000 4
 464   -2      1.874     -6.665      0.000 4
 463  481      1.888     -4.029      0.000 4
 462  483      1.901     -3.680      0.000 4
 465  469      1.923      3.151      0.000 4
 468  482      1.935      1.061      0.000 4
 467   -2      1.956     -2.232      0.000 4
 471  484      1.968      5.825      0.000 4
 470  485      1.978      0.054      0.000 4
 469  486      1.996     -1.532      0.000 4
  -1  488      2.099     -1.208      0.000 4
 473  490      2.111      4.113      0.000 4
 474  491      2.119     -4.643      0.000 4
 476  492      2.126      1.274      0.000 4
 475  493      2.126     -3.735      0.000 4
 477  494      2.127      7.243      0.000 4
 479  489      2.129      6.413      0.000 4
 478   -2      2.139     -8.122      0.000 4
 482  497      2.171     -0.194      0.000 4
 483  496      2.171      4.494      0.000 4
 485  495      2.172     -6.554      0.000 4
  -1  498      2.196      6.172      0.000 4
 484   -2      2.205      0.425      0.000 4
 481  502      2.212     -1.460      0.000 4
 486  499      2.222     -0.427      0.000 4
 487  500      2.250      5.828      0.000 4
 489  503      2.271     -6.745      0.000 4
 488  505      2.288     -3.127      0.000 4
 493  504      2.297      6.495      0.000 4
 491  508      2.306      4.305      0.000 4
 492  507      2.307     -0.980      0.000 4
 494  506      2.323     -7.450      0.000 4
 495  509      2.335     -2.996      0.000 4
 497  510      2.346      5.259      0.000 4
 496  511      2.355      0.743      0.000 4
 498  513      2.360      8.334      0.000 4
 500  512      2.369      5.142      0.000 4
  -1   -2      2.380     -8.173      0.000 4
 502  514      2.391      5.936      0.000 4
  -1  517      2.391      4.357      0.000 4
 501  516      2.393     -3.563      0.000 4
 504  515      2.404     -3.668      0.000 4
 505  518      2.463     -3.193      0.000 4
  -1   -2      2.504      5.348      0.000 4
  -1  519      2.504      4.369      0.000 4
 506  522      2.531     -1.230      0.000 4
 507  520      2.533      0.859      0.000 4
 508  521      2.553      3.948      0.000 4
 509  523      2.598     -3.197      0.000 4
 510  524      2.624     -5.097      0.000 4
 511  525      2.639      2.361      0.000 4
 512  526      2.664      7.554      0.000 4
 513  528      2.685     -6.459      0.000 4
 514   -2      2.696      5.709      0.000 4
 517  530      2.766      2.537      0.000 4
 519  531      2.795     -6.080      0.000 4
 521  532      2.814     -6.608      0.000 4
 520  533      2.823      7.953      0.000 4
 524  534      2.869      0.020      0.000 4
 523  535      2.875      6.372      0.000 4
 522  536      2.877      0.703      0.000 4
 525  537      2.918      4.946      0.000 4
 526  538      2.924     -1.594      0.000 4
 527  539      2.959      7.146      0.000 4
 529  540      3.015     -5.957      0.000 4
 532  541      3.022     -5.160      0.000 4
 530   -2      3.028      2.724      0.000 4
 531  543      3.058      0.624      0.000 4
 533  545      3.081      5.588      0.000 4
 534  544      3.089     -2.513      0.000 4
  -1  546      3.092     -3.459      0.000 4
 536  542      3.098      2.660      0.000 4
 537  548      3.123      6.163      0.000 4
 538  550      3.144     -6.913      0.000 4
 539  549      3.150      2.826      0.000 4
 540  551      3.157     -1.913      0.000 4
 545  553      3.159     -8.293      0.000 4
 541  552      3.169     -7.136      0.000 4
 542  554      3.195      6.089      0.000 4
 544  556      3.204      5.626      0.000 4
 543  557      3.212      8.236      0.000 4
 546  559      3.297     -1.304      0.000 4
 547  558      3.300     -7.181      0.000 4
 548  562      3.328     -5.603      0.000 4
 549  563      3.393      2.963      0.000 4
 550  564      3.412      6.647      0.000 4
 551  565      3.443     -5.377      0.000 4
 552  566      3.451      2.828      0.000 4
 553  567      3.471     -2.069      0.000 4
 554  568      3.482      1.335      0.000 4
 556  569      3.504      5.878      0.000 4
 555  570      3.511     -4.510      0.000 4
 557  572      3.565     -3.278      0.000 4
 559  571      3.570     -0.890      0.000 4
 561   -2      3.575     -6.967      0.000 4
 558  574      3.578     -2.836      0.000 4
 560  573      3.578     -0.465      0.000 4
 562  575      3.602     -6.022      0.000 4
 563  576      3.610      5.303      0.000 4
 565  577      3.630     -5.469      0.000 4
 564  578      3.637     -0.045      0.000 4
 567   -2      3.662     -7.050      0.000 4
 568  580      3.665      5.034      0.000 4
 569  581      3.669      2.130      0.000 4
 570  582      3.680      7.897      0.000 4
 571  583      3.718     -5.924      0.000 4
 573  584      3.730      2.597      0.000 4
 572  585      3.732      4.044      0.000 4
  -1  586      3.745     -2.556      0.000 4
 574  589      3.776      7.709      0.000 4
 577  588      3.789     -6.980      0.000 4
 575  590      3.793     -7.697      0.000 4
 576  592      3.801     -0.565      0.000 4
 578   -2      3.809      0.848      0.000 4
 579  591      3.809     -2.110      0.000 4
 580  593      3.820     -1.814      0.000 4
 581  594      3.839     -2.226      0.000 4
 582  595      3.845     -5.771      0.000 4
 584  596      3.870      4.927      0.000 4
 583  597      3.876      0.391      0.000 4
 587  598      3.881      5.254      0.000 4
 586  599      3.890     -7.264      0.000 4
 585  600      3.898     -6.076      0.000 4
 588  601      3.908     -7.400      0.000 4
 589  603      3.929     -1.254      0.000 4
 590  602      3.930     -0.640      0.000 4
 591  605      3.963     -7.681      0.000 4
 592  606      3.972     -4.138      0.000 4
 593   -2      3.976     -7.962      0.000 4
 595  607      4.008     -7.447      0.000 4
 597  609      4.012      4.109      0.000 4
 598  610      4.015      2.893      0.000 4
 599  608      4.017     -2.504      0.000 4
 596  613      4.027     -8.050      0.000 4
 600  612      4.029      8.102      0.000 4
 602  615      4.058      3.052      0.000 4
 603  616      4.078     -5.467      0.000 4
 604  617      4.087      4.912      0.000 4
 605  618      4.107      0.706      0.000 4
  -1   -2      4.190     -6.870      0.000 4
 606  620      4.222     -0.967      0.000 4
 607  621      4.242     -8.337      0.000 4
 608  622      4.279      4.706      0.000 4
 609  623      4.285      2.244      0.000 4
 610  624      4.290     -4.339      0.000 4
 612  625      4.328      8.333      0.000 4
 613  626      4.354     -1.999      0.000 4
 615  627      4.400     -5.706      0.000 4
 616  628      4.415     -2.107      0.000 4
 617   -2      4.425      4.657      0.000 4
 618  629      4.433     -1.708      0.000 4
  -1  630      4.439      7.797      0.000 4
 619  631      4.467      4.633      0.000 4
 620  632      4.469      2.979      0.000 4
 622  634      4.488      8.013      0.000 4
 623  635      4.517     -0.853      0.000 4
 624  636      4.530      6.372      0.000 4
 625  643      4.532      0.047      0.000 4
 626  637      4.537      4.815      0.000 4
 627  638      4.555     -8.305      0.000 4
 629  639      4.575     -4.866      0.000 4
 630  642      4.603      2.638      0.000 4
 631  640      4.604      6.425      0.000 4
  -1   -2      4.638      0.061      0.000 4
 632  644      4.643      3.300      0.000 4
 634  646      4.667      1.881      0.000 4
 633  647      4.667     -1.435      0.000 4
 636  645      4.669     -6.425      0.000 4
 635  649      4.673      2.803      0.000 4
 637  648      4.678      0.602      0.000 4
 621   -2      4.713      0.768      0.000 4
 638  653      4.732     -3.293      0.000 4
 640  651      4.736     -5.165      0.000 4
 642  650      4.738     -7.009      0.000 4
 639  654      4.745      1.150      0.000 4
 641  652      4.752     -7.129      0.000 4
 644  655      4.788      8.326      0.000 4
 645  656      4.792      3.019      0.000 4
 643  657      4.810     -8.239      0.000 4
 648   -2      4.917      0.335      0.000 4
 647  658      4.917     -2.711      0.000 4
 649  659      4.944      5.103      0.000 4
 650  660      4.948      3.576      0.000 4
 651  661      4.959      5.224      0.000 4
  -1  663      4.997      0.308      0.000 4
  -1  662      4.999     -4.451      0.000 4
 652  664      5.013      1.478      0.000 4
 653  665      5.025     -5.191      0.000 4
 656  668      5.056      8.087      0.000 4
  -1  669      5.063     -8.353      0.000 4
 657  670      5.064     -4.271      0.000 4
  -1   -2      5.076      4.663      0.000 4
 659  673      5.094     -5.741      0.000 4
 658   -2      5.095     -3.956      0.000 4
 660  674      5.103      7.198      0.000 4
 661  675      5.111      6.918      0.000 4
 662  676      5.113      1.996      0.000 4
  -1  666      5.132     -2.679      0.000 4
 663  677      5.164     -5.810      0.000 4
 664  678      5.164     -7.595      0.000 4
 665  680      5.223      6.838      0.000 4
 666  679      5.225      6.425      0.000 4
 668  681      5.267      1.558      0.000 4
 669  682      5.302      7.084      0.000 4
 670  683      5.305     -3.092      0.000 4
 671  684      5.325      2.383      0.000 4
 672  685      5.393      5.809      0.000 4
 673  686      5.411     -7.848      0.000 4
 674  687      5.431      2.777      0.000 4
 675  688      5.439     -2.937      0.000 4
  -1  689      5.445     -7.594      0.000 4
 676  690      5.459      1.981      0.000 4
 677  694      5.484      1.364      0.000 4
 678  693      5.483      6.039      0.000 4
 679  696      5.552      2.035      0.000 4
 680  697      5.570      4.472      0.000 4
 681  698      5.595     -5.049      0.000 4
 682  699      5.605     -8.111      0.000 4
 683  700      5.638      6.968      0.000 4
 684  702      5.669      3.920      0.000 4
 685  701      5.669     -6.680      0.000 4
 686  703      5.683     -0.645      0.000 4
 687  704      5.709     -3.188      0.000 4
 688  705      5.759      4.594      0.000 4
 690  706      5.764     -5.464      0.000 4
 691  707      5.776     -5.793      0.000 4
 689  708      5.777     -8.069      0.000 4
 692  709      5.823     -2.459      0.000 4
 693  710      5.828      1.755      0.000 4
 695  711      5.840     -0.991      0.000 4
 696  712      5.887     -3.465      0.000 4
 698  713      5.892      1.975      0.000 4
 699  715      5.896     -0.753      0.000 4
 700  716      5.905      5.058      0.000 4
 701  717      5.918     -7.975      0.000 4
 702  718      5.961     -7.366      0.000 4
 703  719      5.983     -6.381      0.000 4
 704  720      5.991      2.716      0.000 4
 705  721      6.000     -6.483      0.000 4
 706  722      6.025      0.220      0.000 4
 707  723      6.028     -5.294      0.000 4
 708  724      6.039     -4.334      0.000 4
 709  725      6.053     -0.480      0.000 4
 710  726      6.057      4.639      0.000 4
 711  727      6.059     -1.727      0.000 4
 712  728      6.064     -3.065      0.000 4
 713  729      6.087     -6.145      0.000 4
 714  730      6.155      1.693      0.000 4
 715  731      6.168      6.539      0.000 4
  -1  732      6.185     -4.340      0.000 4
 716  733      6.203      3.857      0.000 4
 718  734      6.213     -4.222      0.000 4
 719  735      6.216      3.187      0.000 4
 720  736      6.224     -1.563      0.000 4
 721  737      6.280      7.267      0.000 4
 722  738      6.310     -2.136      0.000 4
 723  739      6.316     -2.947      0.000 4
 724  740      6.327     -6.502      0.000 4
 725  741      6.351      1.949      0.000 4
 726  743      6.383      2.359      0.000 4
  -1  742      6.384     -6.549      0.000 4
 727  744      6.406      7.014      0.000 4
 728  745      6.412     -4.271      0.000 4
 729  746      6.417     -2.929      0.000 4
 730   -2      6.474     -1.378      0.000 4
 731  747      6.483     -4.881      0.000 4
 732   -2      6.531      6.896      0.000 4
  -1  749      6.536     -2.068      0.000 4
 733  748      6.538     -5.962      0.000 4
  -1  750      6.545     -5.323      0.000 4
 734  751      6.558      4.665      0.000 4
 735  752      6.570     -1.313      0.000 4
 736  753      6.596      2.124      0.000 4
 738  754      6.620     -0.583      0.000 4
 739  755      6.629      2.869      0.000 4
 740  756      6.633     -6.054      0.000 4
 741  757      6.666     -5.138      0.000 4
 742  758      6.678      5.641      0.000 4
 743  759      6.683     -5.331      0.000 4
 744  760      6.718      6.580      0.000 4
 745  762      6.720      0.430      0.000 4
 746  761      6.722     -6.220      0.000 4
 747  763      6.731     -5.508      0.000 4
 748  764      6.742      3.180      0.000 4
 749  765      6.760     -1.888      0.000 4
 750  766      6.763      3.297      0.000 4
 751  767      6.767      2.052      0.000 4
 752  768      6.797     -0.572      0.000 4
 753  769      6.810     -6.052      0.000 4
 754  770      6.820     -0.775      0.000 4
 755  771      6.824     -7.667      0.000 4
 756  772      6.857      5.221      0.000 4
 757  773      6.895      3.620      0.000 4
 758  774      6.896     -8.005      0.000 4
  -1  775      6.900     -0.115      0.000 4
 759  776      6.922     -0.916      0.000 4
 760  777      6.927     -4.931      0.000 4
 761  778      6.931     -2.650      0.000 4
 762  779      6.936     -0.079      0.000 4
 763  780      6.936      6.175      0.000 4
 764  781      6.964     -0.689      0.000 4
 765  783      6.978      2.082      0.000 4
 766  782      6.980      0.433      0.000 4
 767  784      7.021      3.417      0.000 4
 768  785      7.022      6.631      0.000 4
 770  786      7.041     -6.609      0.000 4
 769  788      7.046      2.042      0.000 4
 771  787      7.046     -5.790      0.000 4
 772  789      7.078     -4.037      0.000 4
 773  790      7.093     -6.002      0.000 4
  -1   -2      7.116      5.994      0.000 4
 775  791      7.125     -8.301      0.000 4
 776  792      7.143      7.543      0.000 4
 777  793      7.170      6.525      0.000 4
 778  794      7.182     -6.172      0.000 4
 779  795      7.211      0.193      0.000 4
 780  796      7.235     -3.980      0.000 4
 781  797      7.260      4.986      0.000 4
 782  798      7.266      4.369      0.000 4
 784  799      7.277     -4.402      0.000 4
  -1   -2      7.278     -6.757      0.000 4
 783  800      7.279      1.618      0.000 4
 785  801      7.290      6.743      0.000 4
 786  802      7.304      4.311      0.000 4
 787  803      7.314      5.626      0.000 4
  -1   -2      7.327     -7.235      0.000 4
 788  804      7.328     -0.155      0.000 4
 789  805      7.368      3.544      0.000 4
 791  808      7.403     -6.411      0.000 4
 792  809      7.424      2.065      0.000 4
 793  810      7.489      5.265      0.000 4
 794  811      7.494      4.779      0.000 4
 795  812      7.501      4.422      0.000 4
  -1  813      7.528      4.576      0.000 4
 796  814      7.541     -2.908      0.000 4
  -1  815      7.569     -1.548      0.000 4
 798  816      7.577      1.256      0.000 4
 797  817      7.579     -8.388      0.000 4
 799  818      7.602      4.755      0.000 4
 800  819      7.618      1.745      0.000 4
 801  820      7.639      2.274      0.000 4
  -1   -2      7.679      4.091      0.000 4
 802  822      7.704      7.739      0.000 4
 803  823      7.743     -7.933      0.000 4
 804  824      7.762      8.253      0.000 4
 805  825      7.770     -2.992      0.000 4
  -1   -2      7.794      0.125      0.000 4
 806  826      7.800      1.625      0.000 4
 807  827      7.838      6.731      0.000 4
 808  828      7.839     -0.862      0.000 4
  -1  829      7.890     -5.153      0.000 4
 809  830      7.918     -5.016      0.000 4
 810  831      7.990      7.151      0.000 4
 811  832      8.005     -0.438      0.000 4
  -1  833      8.018     -6.807      0.000 4
 812  834      8.020     -1.200      0.000 4
 813  835      8.021     -6.886      0.000 4
 814  836      8.027      1.020      0.000 4
 815  837      8.035     -5.649      0.000 4
 816  840      8.071      4.383      0.000 4
 817  841      8.094      3.155      0.000 4
 818  842      8.133     -4.781      0.000 4
 820   -2      8.156      2.492      0.000 4
 819  843      8.156     -4.544      0.000 4
 821  845      8.181      4.608      0.000 4
 822  846      8.182      3.232      0.000 4
 823  847      8.218     -7.282      0.000 4
 824  848      8.221      4.791      0.000 4
 825  849      8.231     -6.333      0.000 4
 826  850      8.245     -7.841      0.000 4
 827  851      8.253      7.259      0.000 4
 828  852      8.269     -3.407      0.000 4
 829  853      8.275     -6.051      0.000 4
 830  854      8.302     -1.901      0.000 4
 831  855      8.317     -7.372      0.000 4
 832  856      8.321      5.265      0.000 4
 833  857      8.335      7.036      0.000 4
 835  858      8.345     -4.407      0.000 4
 834  859      8.345      1.336      0.000 4
 836  860      8.358      8.189      0.000 4
 837  861      8.368      7.574      0.000 4
 838  862      8.389     -8.271      0.000 4
 840  863      8.402      0.667      0.000 4
 839  864      8.403     -0.167      0.000 4
