859
   0    1     -8.419     -2.152      0.000 4
  -1   -2     -8.406     -5.289      0.000 4
   2    2     -8.381      7.549      0.000 4
   1    3     -8.381     -0.888      0.000 4
   3    4     -8.373     -6.861      0.000 4
   4    5     -8.354     -8.130      0.000 4
   5    6     -8.341     -3.288      0.000 4
   6    7     -8.309     -4.609      0.000 4
  -1    8     -8.271      1.219      0.000 4
   7   10     -8.259      0.554      0.000 4
   8    9     -8.257      6.857      0.000 4
  10   12     -8.245     -8.231      0.000 4
  11   13     -8.211     -7.912      0.000 4
  12   14     -8.185      1.577      0.000 4
  13   15     -8.159      4.438      0.000 4
  14   16     -8.154      1.526      0.000 4
  15   17     -8.143     -3.023      0.000 4
  16   18     -8.123      6.499      0.000 4
  17   19     -8.090      2.631      0.000 4
  18   20     -8.080     -2.488      0.000 4
  19   21     -8.047      1.361      0.000 4
  20   22     -8.038     -7.378      0.000 4
  21   -2     -8.019     -0.828      0.000 4
  22   23     -8.015      2.247      0.000 4
  23   24     -7.996     -6.221      0.000 4
  24   25     -7.984      6.580      0.000 4
  25   26     -7.945     -3.798      0.000 4
  26   27     -7.934      5.675      0.000 4
  27   28     -7.908     -6.950      0.000 4
  28   29     -7.881     -0.942      0.000 4
  -1   31     -7.862      2.333      0.000 4
  29   30     -7.861      0.831      0.000 4
  -1   -2     -7.853     -8.427      0.000 4
  30   32     -7.845     -0.168      0.000 4
  -1   33     -7.838     -6.088      0.000 4
  31   34     -7.833      4.101      0.000 4
  32   35     -7.812      3.878      0.000 4
  34   -2     -7.790     -6.135      0.000 4
  35   37     -7.783     -4.816      0.000 4
  36   36     -7.782      5.002      0.000 4
  37   38     -7.772      2.499      0.000 4
  38   39     -7.749     -6.225      0.000 4
  39   41     -7.742     -2.734      0.000 4
  40   40     -7.739     -6.699      0.000 4
  41   42     -7.737     -5.109      0.000 4
  33   43     -7.731      7.147      0.000 4
  43   44     -7.729      1.987      0.000 4
  42   45     -7.729      5.248      0.000 4
  44   46     -7.720     -4.606      0.000 4
  45   47     -7.680     -0.673      0.000 4
  46   48     -7.659      6.657      0.000 4
  47   49     -7.590      4.961      0.000 4
  48   50     -7.579     -6.865      0.000 4
  50   51     -7.520      8.241      0.000 4
  51   52     -7.503      0.009      0.000 4
  52   53     -7.496     -0.682      0.000 4
  53   54     -7.493     -5.409      0.000 4
  54   55     -7.464     -1.090      0.000 4
  56   56     -7.460      8.000      0.000 4
  55   57     -7.457      3.632      0.000 4
  57   58     -7.386      3.994      0.000 4
  58   60     -7.364     -1.423      0.000 4
  59   59     -7.362      3.692      0.000 4
  60   61     -7.345     -6.166      0.000 4
  62   62     -7.326      2.321      0.000 4
  63   63     -7.296     -5.054      0.000 4
  64   64     -7.294     -5.375      0.000 4
  65   65     -7.292      3.868      0.000 4
  66   66     -7.283      5.408      0.000 4
  67   67     -7.279     -8.356      0.000 4
  69   69     -7.235     -7.935      0.000 4
  70   70     -7.228      3.255      0.000 4
  71   71     -7.224      6.148      0.000 4
  72   -2     -7.180     -8.093      0.000 4
  74   73     -7.152     -7.714      0.000 4
  73   74     -7.151      7.662      0.000 4
  75   75     -7.135      6.095      0.000 4
  77   76     -7.128      4.751      0.000 4
  76   77     -7.127      4.054      0.000 4
  78   78     -7.110      7.299      0.000 4
  79   79     -7.094     -2.396      0.000 4
  80   80     -7.087      7.465      0.000 4
  81   81     -7.072      4.998      0.000 4
  82   82     -7.018     -5.389      0.000 4
  83   83     -6.996     -6.747      0.000 4
  84   84     -6.992      1.970      0.000 4
  85   85     -6.982     -6.558      0.000 4
  86   86     -6.980      0.035      0.000 4
  88   88     -6.963     -6.600      0.000 4
  89   89     -6.953      4.345      0.000 4
  90   90     -6.939     -2.386      0.000 4
  91   91     -6.932      5.122      0.000 4
  92   -2     -6.914     -0.379      0.000 4
  93   92     -6.896      3.380      0.000 4
  94   94     -6.893     -2.678      0.000 4
  95   93     -6.893      5.428      0.000 4
  96   95     -6.874      2.907      0.000 4
  97   96     -6.867     -6.424      0.000 4
  98   97     -6.852     -0.821      0.000 4
  99   98     -6.831     -7.462      0.000 4
 100   99     -6.821     -1.202      0.000 4
 101  100     -6.819      7.555      0.000 4
 102  102     -6.764     -5.403      0.000 4
 103  101     -6.764      1.310      0.000 4
 104  103     -6.739      2.420      0.000 4
 105  104     -6.711      7.613      0.000 4
  -1  105     -6.701      3.576      0.000 4
 108  107     -6.652      1.674      0.000 4
 109  108     -6.651      1.355      0.000 4
 110  109     -6.617      3.556      0.000 4
 111  110     -6.611      2.389      0.000 4
 112  111     -6.575      5.782      0.000 4
 113  112     -6.561      6.980      0.000 4
 114  113     -6.542     -4.334      0.000 4
 116  114     -6.504     -6.204      0.000 4
 117  115     -6.485      7.620      0.000 4
  -1   -2     -6.485     -1.387      0.000 4
 118  116     -6.481      3.065      0.000 4
 119  117     -6.444     -4.750      0.000 4
 120  118     -6.390     -7.791      0.000 4
 121  119     -6.388      0.141      0.000 4
  -1   -2     -6.358     -3.560      0.000 4
 122  120     -6.351      3.526      0.000 4
 123  121     -6.349      4.892      0.000 4
 124  122     -6.307      8.138      0.000 4
 125  123     -6.294     -0.492      0.000 4
 126  124     -6.274     -5.792      0.000 4
 127  126     -6.237      0.098      0.000 4
  -1   -2     -6.229     -8.205      0.000 4
 128  127     -6.228      0.331      0.000 4
 130   -2     -6.195      0.984      0.000 4
 129  128     -6.191     -1.641      0.000 4
 131  129     -6.182      2.505      0.000 4
 132  131     -6.149      4.887      0.000 4
 133  130     -6.149      3.381      0.000 4
 134  133     -6.137     -7.589      0.000 4
 135  134     -6.135      2.739      0.000 4
 136  135     -6.126     -5.220      0.000 4
 138  136     -6.075      7.357      0.000 4
 137  137     -6.075      1.242      0.000 4
 139  138     -6.070     -7.099      0.000 4
 140  139     -6.047      6.286      0.000 4
 141  140     -6.035     -4.650      0.000 4
 142  141     -6.028      3.719      0.000 4
 143  142     -6.025     -1.073      0.000 4
 144  143     -5.990      7.849      0.000 4
  -1  144     -5.959      2.491      0.000 4
 145  146     -5.952     -7.620      0.000 4
 146  145     -5.947      3.089      0.000 4
 147   -2     -5.932     -4.614      0.000 4
 148  147     -5.927      6.815      0.000 4
 149  148     -5.919     -6.845      0.000 4
 150  149     -5.899     -0.467      0.000 4
 151  150     -5.885      4.872      0.000 4
 153  151     -5.851     -5.833      0.000 4
 154  152     -5.828     -0.035      0.000 4
 155  153     -5.806      4.713      0.000 4
 156  154     -5.766     -1.637      0.000 4
 158  155     -5.750     -5.772      0.000 4
 157  156     -5.746     -1.864      0.000 4
  -1  157     -5.724     -4.568      0.000 4
 159  158     -5.661      7.412      0.000 4
 160  159     -5.656      1.911      0.000 4
 161  160     -5.644     -4.131      0.000 4
 162  161     -5.631      5.755      0.000 4
 163  163     -5.615      0.739      0.000 4
 164  162     -5.608     -7.839      0.000 4
 165  164     -5.570      7.242      0.000 4
 166  165     -5.555     -2.568      0.000 4
 167  166     -5.539     -0.892      0.000 4
 168  168     -5.531      6.043      0.000 4
 170  167     -5.530      0.277      0.000 4
 169  169     -5.527     -1.762      0.000 4
 171  170     -5.521      2.673      0.000 4
 172  173     -5.464     -3.109      0.000 4
 173  174     -5.443     -4.893      0.000 4
 175  175     -5.433     -6.406      0.000 4
 176  177     -5.413     -0.692      0.000 4
 177  176     -5.413     -1.258      0.000 4
 178  178     -5.406      5.240      0.000 4
 179  181     -5.322     -2.364      0.000 4
 180  180     -5.320      3.839      0.000 4
 181  183     -5.290     -0.618      0.000 4
  -1  185     -5.279     -4.523      0.000 4
 182  186     -5.254      2.066      0.000 4
 183  187     -5.247     -3.854      0.000 4
 184  184     -5.244     -8.086      0.000 4
  -1  188     -5.215      0.685      0.000 4
 185  189     -5.092      0.131      0.000 4
 187  190     -5.078     -6.650      0.000 4
 186  191     -5.075     -4.699      0.000 4
 188  192     -5.072     -3.885      0.000 4
  -1  193     -5.026     -0.105      0.000 4
 189  194     -5.011     -0.028      0.000 4
 191  195     -5.009      1.558      0.000 4
 190  196     -5.002     -4.957      0.000 4
 192  197     -4.996      0.518      0.000 4
 193  198     -4.966      3.982      0.000 4
  -1   -2     -4.940     -5.707      0.000 4
 194  201     -4.932     -3.306      0.000 4
 196  200     -4.932      3.769      0.000 4
 195  202     -4.932      5.126      0.000 4
 197  204     -4.919     -0.353      0.000 4
 198   -2     -4.904     -4.274      0.000 4
 204  203     -4.883     -8.154      0.000 4
 199  206     -4.879      8.380      0.000 4
 200  205     -4.875      1.594      0.000 4
 201  207     -4.860      8.227      0.000 4
 202   -2     -4.858      0.813      0.000 4
 203  208     -4.855      3.883      0.000 4
 205  209     -4.828      0.654      0.000 4
 206  210     -4.823     -1.369      0.000 4
 207  211     -4.811      1.619      0.000 4
 208  212     -4.808     -3.628      0.000 4
  -1   -2     -4.801     -3.349      0.000 4
 211  213     -4.776     -6.846      0.000 4
 209  214     -4.776      0.050      0.000 4
 210  215     -4.745     -3.334      0.000 4
 212  216     -4.729      0.378      0.000 4
 214   -2     -4.713      3.570      0.000 4
 213  217     -4.711     -4.409      0.000 4
 215  218     -4.676      4.582      0.000 4
 216  219     -4.653      2.640      0.000 4
 217  220     -4.630      3.422      0.000 4
  -1   -2     -4.626     -4.377      0.000 4
 218  221     -4.613      5.789      0.000 4
  -1  222     -4.564     -4.401      0.000 4
 220  223     -4.545      2.538      0.000 4
 221  224     -4.529     -7.163      0.000 4
 224  225     -4.507      2.161      0.000 4
 223  226     -4.503     -2.526      0.000 4
 222  227     -4.502     -5.269      0.000 4
 225  229     -4.477     -5.137      0.000 4
 226  228     -4.473      0.574      0.000 4
  -1  230     -4.451     -1.303      0.000 4
 227  232     -4.445     -6.472      0.000 4
 230  231     -4.433     -6.891      0.000 4
 228  233     -4.422     -6.341      0.000 4
 229  234     -4.405     -5.457      0.000 4
 232  235     -4.354      3.539      0.000 4
 231  237     -4.353     -1.465      0.000 4
 233  240     -4.333     -4.792      0.000 4
  -1  239     -4.292      1.068      0.000 4
 234  238     -4.264      1.014      0.000 4
  -1   -2     -4.251     -0.799      0.000 4
 236  241     -4.188      0.540      0.000 4
 237  242     -4.158      3.285      0.000 4
 239   -2     -4.141     -1.777      0.000 4
 238  243     -4.139     -0.588      0.000 4
  -1  244     -4.109      2.617      0.000 4
  -1  246     -4.085     -4.914      0.000 4
 241  245     -4.077     -1.518      0.000 4
 240  247     -4.061     -4.580      0.000 4
 242  248     -4.037     -4.362      0.000 4
 243  250     -4.014      1.527      0.000 4
 245  249     -4.011     -1.679      0.000 4
 244  251     -4.005      5.704      0.000 4
 246  253     -3.989     -8.262      0.000 4
 247  252     -3.984     -7.722      0.000 4
 248  255     -3.964      3.929      0.000 4
 249  256     -3.899      5.207      0.000 4
  -1  257     -3.884     -7.180      0.000 4
 250   -2     -3.864      2.906      0.000 4
 251  259     -3.860      5.299      0.000 4
  -1  260     -3.851     -4.278      0.000 4
 252  261     -3.805     -0.512      0.000 4
 253  262     -3.743     -5.472      0.000 4
 254  263     -3.738      7.466      0.000 4
 255  264     -3.736      8.250      0.000 4
  -1   -2     -3.733     -0.282      0.000 4
  -1   -2     -3.728      4.873      0.000 4
 256  265     -3.709     -0.647      0.000 4
 257  266     -3.681      8.373      0.000 4
 259   -2     -3.626      7.805      0.000 4
 260  268     -3.611      7.728      0.000 4
 258  269     -3.608     -8.049      0.000 4
  -1   -2     -3.599      7.766      0.000 4
 261  270     -3.562     -1.556      0.000 4
 262  271     -3.535     -0.326      0.000 4
  -1  272     -3.524      6.069      0.000 4
  -1  274     -3.505     -3.019      0.000 4
 263  273     -3.489     -6.796      0.000 4
 264  276     -3.454      0.598      0.000 4
 265  277     -3.450      2.986      0.000 4
 266  275     -3.448      0.255      0.000 4
  -1   -2     -3.418      8.377      0.000 4
 267  279     -3.413     -3.397      0.000 4
 268  278     -3.412      6.363      0.000 4
 269  280     -3.409     -1.665      0.000 4
 271  281     -3.394      7.811      0.000 4
 270  290     -3.390     -1.178      0.000 4
 272  282     -3.352     -4.803      0.000 4
 274  284     -3.333     -4.542      0.000 4
 276  283     -3.319      2.303      0.000 4
 277   -2     -3.288      5.335      0.000 4
 278  285     -3.288      5.441      0.000 4
 279  286     -3.270     -0.018      0.000 4
 280  287     -3.242      6.155      0.000 4
 284  288     -3.209     -6.689      0.000 4
 285  289     -3.207      5.842      0.000 4
 283  291     -3.198      2.069      0.000 4
 286  293     -3.165     -0.426      0.000 4
 287  296     -3.057      7.898      0.000 4
 288  295     -3.028      0.590      0.000 4
 290  299     -2.983     -1.088      0.000 4
 291  298     -2.982      3.061      0.000 4
 292  300     -2.979     -1.392      0.000 4
 289  301     -2.978      1.889      0.000 4
 293  297     -2.976     -3.108      0.000 4
 294  302     -2.931     -5.278      0.000 4
  -1   -2     -2.902     -2.960      0.000 4
 298  303     -2.896      1.234      0.000 4
 295  304     -2.891     -0.860      0.000 4
 297  306     -2.887     -7.193      0.000 4
 296  307     -2.883     -1.316      0.000 4
 299  305     -2.875     -7.911      0.000 4
  -1  310     -2.845      0.300      0.000 4
  -1  312     -2.811     -4.233      0.000 4
 303  318     -2.779      4.192      0.000 4
 305  314     -2.775      7.924      0.000 4
 304  317     -2.763     -3.424      0.000 4
  -1  316     -2.761      8.382      0.000 4
 307  319     -2.753      5.569      0.000 4
 308  315     -2.750      8.039      0.000 4
 306   -2     -2.728     -4.890      0.000 4
 310  322     -2.698     -7.118      0.000 4
 312  323     -2.688      6.135      0.000 4
 311   -2     -2.686      6.635      0.000 4
 313  324     -2.669     -5.698      0.000 4
 314  325     -2.647      6.989      0.000 4
  -1   -2     -2.644     -7.187      0.000 4
 315  326     -2.641      3.229      0.000 4
 316  328     -2.621      6.250      0.000 4
 317  327     -2.617      1.174      0.000 4
 318  329     -2.584     -1.474      0.000 4
  -1  331     -2.529     -6.950      0.000 4
 319  332     -2.513      2.099      0.000 4
  -1  333     -2.493     -3.070      0.000 4
 322  330     -2.487     -6.564      0.000 4
 320  334     -2.445     -3.526      0.000 4
  -1   -2     -2.246     -4.341      0.000 4
 325  337     -2.207     -6.466      0.000 4
 324  339     -2.202     -0.470      0.000 4
 323  340     -2.194     -1.755      0.000 4
 326  341     -2.163     -1.617      0.000 4
 327  342     -2.146      7.554      0.000 4
 332  343     -2.024     -6.377      0.000 4
 328  344     -2.023      4.115      0.000 4
 329  345     -2.011      5.587      0.000 4
  -1   -2     -1.986     -2.964      0.000 4
  -1   -2     -1.982      0.501      0.000 4
  -1  348     -1.982     -2.141      0.000 4
 331  352     -1.973     -4.246      0.000 4
 333  350     -1.966      3.792      0.000 4
 338  351     -1.920      0.061      0.000 4
 337  353     -1.919      5.424      0.000 4
 335  356     -1.917     -1.975      0.000 4
 336  357     -1.907     -2.376      0.000 4
 339  355     -1.903     -5.986      0.000 4
 340  354     -1.900      0.561      0.000 4
  -1   -2     -1.882      0.615      0.000 4
  -1  358     -1.819      1.616      0.000 4
 341  361     -1.714      2.022      0.000 4
  -1  360     -1.705      5.516      0.000 4
 342  362     -1.695      5.192      0.000 4
 347  364     -1.651      5.642      0.000 4
 346  365     -1.647     -5.097      0.000 4
 345  368     -1.636     -4.336      0.000 4
 348  363     -1.631     -7.908      0.000 4
 349  366     -1.606      3.531      0.000 4
 350  367     -1.585     -6.920      0.000 4
 352   -2     -1.580     -0.270      0.000 4
 351  369     -1.566      5.131      0.000 4
 353   -2     -1.487      5.515      0.000 4
 356  370     -1.453     -4.304      0.000 4
 354  372     -1.451     -1.435      0.000 4
 355  371     -1.447      1.366      0.000 4
 357  373     -1.427     -3.338      0.000 4
 358  374     -1.355     -2.097      0.000 4
 359  376     -1.352      1.526      0.000 4
  -1   -2     -1.349      1.011      0.000 4
 360  378     -1.227      0.900      0.000 4
 362  379     -1.119     -6.993      0.000 4
 361  382     -1.068     -1.579      0.000 4
 363  380     -1.059     -2.853      0.000 4
 364  381     -1.027     -3.261      0.000 4
 366  384     -0.979      4.521      0.000 4
 368  385     -0.920     -6.169      0.000 4
  -1   -2     -0.920     -3.360      0.000 4
 369   -2     -0.714      5.652      0.000 4
 370  387     -0.692      1.168      0.000 4
 371  388     -0.679     -3.354      0.000 4
 372  389     -0.663      4.979      0.000 4
 373   -2     -0.595     -5.503      0.000 4
  -1   -2     -0.535     -5.615      0.000 4
 374  391     -0.511     -3.370      0.000 4
 376  390     -0.489     -7.323      0.000 4
 375   -2     -0.455      5.667      0.000 4
 377  392     -0.430      0.334      0.000 4
 378  393     -0.390      3.077      0.000 4
 380  394     -0.249     -3.519      0.000 4
 381  395     -0.206      4.369      0.000 4
 382  396     -0.160     -1.310      0.000 4
 383  399     -0.109     -4.520      0.000 4
 384  398     -0.102      0.119      0.000 4
 386  397     -0.089     -2.269      0.000 4
 385  400     -0.078     -6.658      0.000 4
 389  401     -0.019     -2.549      0.000 4
 388  402     -0.019      1.948      0.000 4
 390  403      0.064      5.874      0.000 4
 391  404      0.205     -0.881      0.000 4
 392  405      0.240     -7.195      0.000 4
 393  406      0.402     -8.068      0.000 4
 394  407      0.462     -2.191      0.000 4
 395  409      0.592      3.805      0.000 4
 396   -2      0.606     -5.970      0.000 4
 397  410      0.631      4.273      0.000 4
 398  411      0.658     -6.838      0.000 4
  -1   -2      0.698      6.935      0.000 4
 401  413      0.725     -6.219      0.000 4
  -1   -2      0.737      3.621      0.000 4
 399  415      0.753      7.026      0.000 4
 402  416      0.766     -4.318      0.000 4
  -1   -2      0.833     -6.652      0.000 4
 407  417      0.934      4.182      0.000 4
 405  419      0.951      1.417      0.000 4
 406  421      0.968      7.630      0.000 4
 408  420      0.978      0.463      0.000 4
 410  418      0.984      4.353      0.000 4
 413  422      1.043     -6.542      0.000 4
 415  424      1.072      6.615      0.000 4
 414  425      1.129     -3.141      0.000 4
 417  423      1.146     -5.806      0.000 4
 418   -2      1.234      1.005      0.000 4
 420   -2      1.237     -7.418      0.000 4
 422  426      1.241      3.290      0.000 4
  -1   -2      1.242      4.965      0.000 4
 421  430      1.270      5.184      0.000 4
 423  428      1.306      6.994      0.000 4
 424  429      1.309      1.355      0.000 4
 425  434      1.382     -3.942      0.000 4
 428  433      1.385      3.526      0.000 4
  -1   -2      1.390     -3.018      0.000 4
 427  435      1.392     -2.793      0.000 4
 431  436      1.423      2.124      0.000 4
 432  437      1.443     -5.881      0.000 4
 433  439      1.456     -6.883      0.000 4
 434  438      1.460     -1.198      0.000 4
 435  440      1.466     -7.908      0.000 4
  -1  441      1.489      2.505      0.000 4
 437  442      1.497      1.826      0.000 4
 436  461      1.524     -4.838      0.000 4
  -1   -2      1.544     -4.142      0.000 4
 440  443      1.589     -7.874      0.000 4
 438  444      1.589     -6.980      0.000 4
 439  445      1.592      5.736      0.000 4
 443  446      1.633      2.501      0.000 4
 441   -2      1.641      4.708      0.000 4
 442  447      1.645     -5.962      0.000 4
  -1  451      1.659     -0.651      0.000 4
 444  448      1.667     -0.179      0.000 4
 446  453      1.719      2.177      0.000 4
 445  452      1.719     -6.449      0.000 4
 447  454      1.740     -1.025      0.000 4
 448  455      1.755     -5.709      0.000 4
  -1  460      1.765     -5.459      0.000 4
 450  456      1.765      5.350      0.000 4
 449  462      1.782      8.071      0.000 4
  -1  463      1.783     -2.328      0.000 4
  -1  457      1.786     -7.684      0.000 4
 454   -2      1.788     -7.125      0.000 4
 452  459      1.792      6.839      0.000 4
 453  464      1.816     -6.160      0.000 4
 455  465      1.857     -7.044      0.000 4
 456  466      1.887     -5.004      0.000 4
 457   -2      1.897     -0.413      0.000 4
 458  468      1.925     -0.801      0.000 4
  -1   -2      1.928     -3.587      0.000 4
 459  467      1.937      3.499      0.000 4
 461  469      1.958      0.455      0.000 4
 460  470      1.969     -4.081      0.000 4
 462  472      1.979      1.646      0.000 4
 463  471      1.986     -6.098      0.000 4
  -1  474      2.025     -3.225      0.000 4
 464  473      2.027     -7.568      0.000 4
 465   -2      2.039      5.588      0.000 4
  -1   -2      2.057      5.136      0.000 4
 467  475      2.066      0.044      0.000 4
 466  476      2.070      7.107      0.000 4
 468  478      2.090     -1.450      0.000 4
 469  477      2.091      3.195      0.000 4
 470  480      2.121     -3.503      0.000 4
 473  479      2.133     -7.169      0.000 4
 472  481      2.142      5.944      0.000 4
 471  482      2.153     -0.546      0.000 4
 475  483      2.211      4.953      0.000 4
  -1   -2      2.216      0.994      0.000 4
 474  485      2.217      1.943      0.000 4
 482   -2      2.240     -7.499      0.000 4
  -1  488      2.246      7.672      0.000 4
 478  487      2.252      4.094      0.000 4
 479  489      2.264     -0.153      0.000 4
  -1   -2      2.266     -2.078      0.000 4
 483  491      2.297      5.391      0.000 4
 484  492      2.318     -5.639      0.000 4
 485  494      2.356     -6.069      0.000 4
 486  493      2.363     -0.044      0.000 4
 488  495      2.400     -7.509      0.000 4
 487   -2      2.401      3.932      0.000 4
 489  496      2.403      4.815      0.000 4
 491  497      2.414      2.786      0.000 4
 490  499      2.414      5.390      0.000 4
 492  500      2.449     -4.248      0.000 4
 493  501      2.464      0.384      0.000 4
  -1   -2      2.500      3.348      0.000 4
  -1  503      2.551     -7.356      0.000 4
 496  507      2.566     -0.187      0.000 4
 497  504      2.571     -3.928      0.000 4
 498  505      2.578     -4.552      0.000 4
 499  506      2.590      3.460      0.000 4
 500   -2      2.601     -2.600      0.000 4
 501  508      2.619     -3.844      0.000 4
 502  509      2.672     -6.004      0.000 4
 504  510      2.697     -6.563      0.000 4
 503  511      2.705      1.157      0.000 4
  -1  513      2.741      2.101      0.000 4
 505  516      2.758     -5.147      0.000 4
 506   -2      2.761      7.887      0.000 4
 508  515      2.772      4.751      0.000 4
 507  518      2.783      2.026      0.000 4
 509  519      2.794     -0.160      0.000 4
 510  517      2.799      7.636      0.000 4
 511  521      2.856     -1.860      0.000 4
 512  522      2.900      4.011      0.000 4
 515  524      2.913     -1.053      0.000 4
 516  525      2.914      1.963      0.000 4
 514  527      2.914      5.809      0.000 4
  -1  528      2.963     -3.296      0.000 4
 517  529      2.997     -1.615      0.000 4
 519  530      3.041     -2.899      0.000 4
 518  532      3.058     -4.533      0.000 4
  -1  531      3.067      2.851      0.000 4
 520  533      3.096     -7.946      0.000 4
 521  534      3.122      6.073      0.000 4
 522  535      3.127     -5.285      0.000 4
 523  536      3.139     -0.799      0.000 4
  -1   -2      3.140     -1.323      0.000 4
  -1  537      3.141     -7.953      0.000 4
 526  538      3.159      0.935      0.000 4
 524  539      3.176      3.012      0.000 4
 525  541      3.190      8.274      0.000 4
 527  543      3.225     -1.026      0.000 4
  -1  544      3.261     -4.682      0.000 4
 529   -2      3.273     -8.413      0.000 4
 530  547      3.292     -2.420      0.000 4
 531  546      3.296     -5.931      0.000 4
 532  548      3.306     -6.606      0.000 4
 533  550      3.330     -7.481      0.000 4
 534  552      3.372      6.642      0.000 4
 535  553      3.394     -4.051      0.000 4
 536  554      3.417      5.239      0.000 4
 537  556      3.441      5.825      0.000 4
 539  555      3.451      2.624      0.000 4
 542  557      3.467     -5.748      0.000 4
 540  559      3.472     -0.527      0.000 4
 543  560      3.483     -6.499      0.000 4
 544  561      3.546      5.020      0.000 4
  -1  563      3.550      1.087      0.000 4
 546  564      3.561     -0.048      0.000 4
 547  562      3.566     -2.005      0.000 4
 545  567      3.571     -3.577      0.000 4
 548  566      3.580     -2.611      0.000 4
 551  565      3.586     -0.831      0.000 4
 550  568      3.591     -1.143      0.000 4
 549  569      3.595      4.054      0.000 4
  -1   -2      3.608      0.186      0.000 4
 552  571      3.612      3.196      0.000 4
 553  573      3.651      7.902      0.000 4
  -1   -2      3.659     -2.318      0.000 4
 557  572      3.665     -7.608      0.000 4
  -1   -2      3.671     -3.580      0.000 4
 554  574      3.671      0.981      0.000 4
 559  575      3.693     -0.613      0.000 4
 556  578      3.696     -3.022      0.000 4
 560  576      3.709     -2.873      0.000 4
 558  581      3.710     -4.183      0.000 4
 562  577      3.723     -5.743      0.000 4
 563  580      3.735     -1.382      0.000 4
 561  582      3.735      7.705      0.000 4
 564  583      3.768      4.937      0.000 4
 565  585      3.775     -7.649      0.000 4
 566  586      3.784      5.246      0.000 4
  -1  587      3.811      1.773      0.000 4
 567  588      3.825     -1.914      0.000 4
 568  589      3.863      3.008      0.000 4
 570  590      3.888      4.123      0.000 4
 569  591      3.890     -0.110      0.000 4
 571  592      3.913      3.135      0.000 4
 572  594      3.929     -7.849      0.000 4
  -1  593      3.929     -7.984      0.000 4
  -1   -2      3.939     -5.675      0.000 4
 573  595      3.970     -0.715      0.000 4
 574  596      3.983     -1.158      0.000 4
 576  597      3.988      4.917      0.000 4
 575  598      3.988      8.106      0.000 4
 579  599      4.067     -1.130      0.000 4
 577  601      4.068      0.585      0.000 4
 578  600      4.068     -7.281      0.000 4
  -1   -2      4.127     -6.172      0.000 4
 582  602      4.136     -6.032      0.000 4
 583  604      4.154     -4.597      0.000 4
 581  608      4.157     -8.108      0.000 4
 585  606      4.171     -5.964      0.000 4
 584   -2      4.172     -2.257      0.000 4
  -1  607      4.172     -4.256      0.000 4
  -1  609      4.187      2.185      0.000 4
  -1   -2      4.197      4.731      0.000 4
 589  611      4.207     -2.029      0.000 4
 591  610      4.210     -6.688      0.000 4
 586   -2      4.212     -8.433      0.000 4
 588  612      4.216     -7.907      0.000 4
 590  613      4.231     -4.353      0.000 4
 593  614      4.253     -1.811      0.000 4
 592  615      4.260     -4.085      0.000 4
 594  616      4.293      8.344      0.000 4
 595  617      4.308     -4.460      0.000 4
 596   -2      4.319     -8.151      0.000 4
 598  618      4.330     -1.612      0.000 4
 599  619      4.349      2.195      0.000 4
 597   -2      4.354     -6.927      0.000 4
 600  620      4.380      4.655      0.000 4
 601  621      4.401      7.806      0.000 4
 602  622      4.437      3.027      0.000 4
 603  623      4.439     -1.006      0.000 4
 604  624      4.443      4.823      0.000 4
 606  626      4.451      8.024      0.000 4
 605  630      4.465     -4.151      0.000 4
 608  628      4.471      0.061      0.000 4
 609  629      4.476      6.366      0.000 4
 610  631      4.482     -7.098      0.000 4
 613   -2      4.533      8.016      0.000 4
 618  635      4.551      1.874      0.000 4
 620  633      4.560      3.339      0.000 4
 617  639      4.564      0.646      0.000 4
 621  634      4.566     -2.709      0.000 4
 619  636      4.569     -1.459      0.000 4
 623  637      4.573      2.675      0.000 4
 622  640      4.587      0.076      0.000 4
 624  641      4.613      2.868      0.000 4
  -1  642      4.626      2.620      0.000 4
 626  643      4.662     -5.196      0.000 4
 625  644      4.662     -3.371      0.000 4
 627  645      4.696      0.541      0.000 4
 629  646      4.728      3.071      0.000 4
 630  647      4.751      8.333      0.000 4
 634  649      4.819     -7.619      0.000 4
 635  650      4.883      5.121      0.000 4
 636  651      4.890     -5.226      0.000 4
 637  653      4.901      5.247      0.000 4
 639  654      4.914      1.071      0.000 4
 640  655      4.915      1.535      0.000 4
 641  656      4.942     -2.797      0.000 4
 642  657      4.952     -6.519      0.000 4
 643  658      4.964     -4.915      0.000 4
 644  659      5.012     -3.458      0.000 4
 646   -2      5.022     -2.904      0.000 4
 645  660      5.022      8.095      0.000 4
  -1   -2      5.027     -8.220      0.000 4
 647  661      5.035     -5.766      0.000 4
  -1   -2      5.036     -2.620      0.000 4
 649  662      5.063      2.025      0.000 4
 650  663      5.066      7.209      0.000 4
 651  664      5.073      6.930      0.000 4
 652  665      5.160     -5.804      0.000 4
 653  666      5.178      6.436      0.000 4
 654  667      5.182      6.842      0.000 4
  -1  668      5.203     -3.024      0.000 4
 657  669      5.220      1.601      0.000 4
 658  670      5.253      7.075      0.000 4
  -1   -2      5.266     -7.886      0.000 4
 659  671      5.278      2.418      0.000 4
  -1  673      5.318     -6.947      0.000 4
 661  674      5.333     -7.654      0.000 4
 660  675      5.343      5.822      0.000 4
 662  676      5.356     -2.880      0.000 4
  -1   -2      5.361     -7.773      0.000 4
 663  677      5.377     -0.092      0.000 4
 665  678      5.425      2.008      0.000 4
 666  680      5.444      6.057      0.000 4
 668  679      5.446     -6.622      0.000 4
 667  681      5.447      1.401      0.000 4
 669  682      5.477     -7.897      0.000 4
 671  683      5.514      2.067      0.000 4
 672  684      5.526      4.500      0.000 4
 673  685      5.583     -8.222      0.000 4
 674  686      5.604      6.982      0.000 4
 675  687      5.621      3.945      0.000 4
 676  688      5.637     -0.636      0.000 4
 677  689      5.643     -5.811      0.000 4
  -1  690      5.660     -3.149      0.000 4
 678  691      5.673     -5.459      0.000 4
 679  692      5.714      4.613      0.000 4
 680  693      5.752     -2.434      0.000 4
 681  694      5.789     -0.980      0.000 4
 682  695      5.794      1.778      0.000 4
 683  696      5.842     -7.989      0.000 4
 685  697      5.855     -6.346      0.000 4
 684  699      5.856      1.999      0.000 4
 686  698      5.856     -6.452      0.000 4
 687  700      5.860      5.076      0.000 4
 688  702      5.865     -8.389      0.000 4
  -1  701      5.867     -7.322      0.000 4
 689  703      5.868     -0.745      0.000 4
 690  704      5.950     -5.283      0.000 4
 691  705      5.953      2.747      0.000 4
 692  706      5.971     -6.136      0.000 4
 693  707      5.986     -4.320      0.000 4
 694  708      5.991      0.238      0.000 4
  -1   -2      6.007     -1.709      0.000 4
  -1   -2      6.011     -5.423      0.000 4
 696  709      6.016     -3.031      0.000 4
 695  710      6.017      4.659      0.000 4
 697  711      6.033     -0.463      0.000 4
 698  712      6.121      1.723      0.000 4
 699  713      6.126     -4.325      0.000 4
 700  714      6.142     -6.605      0.000 4
 702  715      6.162      3.879      0.000 4
 701  716      6.166     -4.207      0.000 4
 703  717      6.182      3.212      0.000 4
 704  718      6.184      0.307      0.000 4
 705  719      6.216     -6.467      0.000 4
 706  720      6.252      7.279      0.000 4
 707  721      6.253     -2.117      0.000 4
 708  722      6.266     -2.913      0.000 4
 709  723      6.268     -6.508      0.000 4
 710  724      6.346      2.383      0.000 4
 711  725      6.364     -4.253      0.000 4
 712  727      6.379      7.029      0.000 4
 713  728      6.423     -4.868      0.000 4
 714  729      6.459     -5.938      0.000 4
 715  730      6.471     -5.309      0.000 4
 717  731      6.488      5.515      0.000 4
 720  732      6.523     -1.297      0.000 4
 719  733      6.524      4.685      0.000 4
 721  734      6.547     -6.034      0.000 4
 722  735      6.557     -1.269      0.000 4
 723  736      6.566      2.141      0.000 4
 724  751      6.596     -0.568      0.000 4
 725  737      6.599      2.893      0.000 4
 726  738      6.601     -5.116      0.000 4
 727  739      6.617     -5.306      0.000 4
 728  740      6.635     -6.191      0.000 4
 729  741      6.650      5.657      0.000 4
 730  742      6.660     -5.485      0.000 4
  -1  743      6.696      6.600      0.000 4
 731  744      6.699      0.454      0.000 4
 732  745      6.709      3.204      0.000 4
 733  746      6.716     -1.869      0.000 4
 736  747      6.732     -6.026      0.000 4
 734  748      6.735      3.322      0.000 4
 735  749      6.737      2.076      0.000 4
 737   -2      6.765     -0.552      0.000 4
  -1  750      6.766     -3.790      0.000 4
 738  752      6.785     -0.754      0.000 4
 739  753      6.819     -4.751      0.000 4
 740   -2      6.834      5.242      0.000 4
 741  754      6.833     -7.942      0.000 4
 742  755      6.867      3.640      0.000 4
 744  756      6.883     -2.624      0.000 4
 745  757      6.888     -0.894      0.000 4
 746  759      6.900     -0.064      0.000 4
 747  761      6.914      6.193      0.000 4
 748  760      6.922     -0.669      0.000 4
 749  762      6.947      0.452      0.000 4
 750  763      6.961      2.108      0.000 4
 751  765      6.980     -5.767      0.000 4
 752  766      6.984     -8.414      0.000 4
 753  767      6.990      3.437      0.000 4
 754  769      7.018      2.066      0.000 4
 755  770      7.023     -5.970      0.000 4
 756  771      7.029     -4.013      0.000 4
 757  772      7.047     -8.320      0.000 4
 758  773      7.114     -6.135      0.000 4
 759  774      7.125      7.559      0.000 4
  -1  775      7.127      6.514      0.000 4
 760   -2      7.128     -3.154      0.000 4
 761  777      7.179      0.214      0.000 4
 762  778      7.181     -3.950      0.000 4
 764  779      7.232     -4.377      0.000 4
 763  780      7.232      5.004      0.000 4
 765  781      7.236      4.390      0.000 4
 766  782      7.256     -7.180      0.000 4
 767  783      7.262      6.755      0.000 4
 769  784      7.289      5.643      0.000 4
 770  785      7.297     -0.132      0.000 4
  -1   -2      7.333     -8.001      0.000 4
 771  786      7.343      3.563      0.000 4
 773  789      7.353     -0.667      0.000 4
  -1  788      7.357      1.432      0.000 4
 774  790      7.395      2.085      0.000 4
 775  791      7.423     -5.723      0.000 4
 777  793      7.464      5.283      0.000 4
 776  792      7.465      4.796      0.000 4
 778  794      7.480      4.440      0.000 4
 779  795      7.503     -2.883      0.000 4
 780  796      7.514     -8.332      0.000 4
 781  797      7.528     -1.528      0.000 4
 782  798      7.553      1.278      0.000 4
 783  799      7.583      4.770      0.000 4
 784  800      7.592      1.767      0.000 4
 785  801      7.612      2.296      0.000 4
  -1  802      7.684     -8.136      0.000 4
 787  803      7.687      7.758      0.000 4
  -1  804      7.692     -7.862      0.000 4
 789  805      7.747      8.268      0.000 4
  -1   -2      7.770      0.143      0.000 4
 790   -2      7.773      1.649      0.000 4
 791  807      7.805     -0.838      0.000 4
 792  808      7.818      6.743      0.000 4
 793  809      7.871     -4.983      0.000 4
 798  813      7.972     -6.838      0.000 4
 794  812      7.973     -0.710      0.000 4
 796  815      7.973      7.163      0.000 4
 797  814      7.974     -0.419      0.000 4
 799  816      7.986     -5.611      0.000 4
 800  817      7.989     -1.177      0.000 4
 801  818      8.005      1.039      0.000 4
  -1  819      8.012     -7.570      0.000 4
 802  820      8.040     -0.614      0.000 4
 803  821      8.054      4.398      0.000 4
 804  822      8.070      3.178      0.000 4
 805  823      8.082      3.144      0.000 4
 806  824      8.096     -4.751      0.000 4
 807  825      8.107     -0.221      0.000 4
 808  826      8.115     -4.512      0.000 4
 809  827      8.156      2.518      0.000 4
 810  828      8.160      4.627      0.000 4
 811  829      8.162      3.248      0.000 4
 812  830      8.177     -7.229      0.000 4
 813  831      8.184     -6.288      0.000 4
 814  832      8.192      6.218      0.000 4
  -1  833      8.198      4.813      0.000 4
 815   -2      8.210     -6.485      0.000 4
 816  835      8.232     -6.013      0.000 4
 817  836      8.234     -3.381      0.000 4
 818  837      8.238      7.275      0.000 4
 819  838      8.272     -1.878      0.000 4
 820  839      8.277     -7.315      0.000 4
  -1   -2      8.302      5.279      0.000 4
 821  840      8.307     -4.374      0.000 4
 822  841      8.319      7.044      0.000 4
 823  842      8.323      1.354      0.000 4
 825  843      8.343      7.596      0.000 4
 824  844      8.347      8.200      0.000 4
 826  845      8.367     -8.196      0.000 4
 827  846      8.372     -0.148      0.000 4
 828  847      8.377      0.685      0.000 4
 829  848      8.389     -4.617      0.000 4
 830  849      8.407      1.110      0.000 4
