840
   1    0     -8.409      7.533      0.000 4
   2    1     -8.386     -3.331      0.000 4
   3    2     -8.382     -6.917      0.000 4
   4    3     -8.356     -4.657      0.000 4
   5    4     -8.353     -8.180      0.000 4
   6    5     -8.316      1.200      0.000 4
   7    6     -8.309      0.531      0.000 4
   9    8     -8.282      6.846      0.000 4
  10    9     -8.241     -8.272      0.000 4
  11   10     -8.233      4.223      0.000 4
  12   11     -8.221      1.560      0.000 4
  13   12     -8.208     -7.955      0.000 4
  14   13     -8.197      1.512      0.000 4
  15   14     -8.190     -3.062      0.000 4
  16   15     -8.180      4.413      0.000 4
  18   16     -8.132     -2.531      0.000 4
  19   17     -8.120      2.614      0.000 4
  20   18     -8.085      1.344      0.000 4
  21   19     -8.049      2.233      0.000 4
  22   20     -8.037     -7.435      0.000 4
  23   21     -8.015     -6.285      0.000 4
  24   22     -8.004      6.563      0.000 4
  25   23     -7.993     -3.849      0.000 4
  26   24     -7.944      5.653      0.000 4
  27   25     -7.936     -0.974      0.000 4
  28   26     -7.914     -7.003      0.000 4
  30   27     -7.910      0.812      0.000 4
  29   28     -7.906     -0.193      0.000 4
  -1   -2     -7.898      2.317      0.000 4
  31   -2     -7.867     -5.360      0.000 4
  32   29     -7.860      4.081      0.000 4
  33   30     -7.857     -6.143      0.000 4
  34   31     -7.833      7.174      0.000 4
  35   32     -7.832      3.859      0.000 4
  36   33     -7.821     -4.876      0.000 4
  37   34     -7.810     -6.198      0.000 4
  38   35     -7.806      2.483      0.000 4
  39   36     -7.803      4.984      0.000 4
  40   37     -7.795     -2.775      0.000 4
  41   38     -7.775     -5.133      0.000 4
  42   39     -7.767     -6.287      0.000 4
  44   40     -7.766      1.967      0.000 4
  43   41     -7.765     -4.660      0.000 4
  45   42     -7.755      5.232      0.000 4
  46   43     -7.751     -6.762      0.000 4
  47   44     -7.740     -0.699      0.000 4
  49   46     -7.692      6.639      0.000 4
  50   -2     -7.621      4.940      0.000 4
  51   47     -7.590      0.411      0.000 4
  52   48     -7.586     -6.930      0.000 4
  53   49     -7.568     -0.011      0.000 4
  54   50     -7.553     -0.706      0.000 4
  55   51     -7.545      8.226      0.000 4
  56   61     -7.528     -5.474      0.000 4
  57   52     -7.525     -1.120      0.000 4
  58   53     -7.487      7.989      0.000 4
  59   54     -7.484      3.612      0.000 4
  60   55     -7.428     -1.454      0.000 4
  61   56     -7.404      3.670      0.000 4
  62   57     -7.394      1.723      0.000 4
  64   58     -7.364     -6.237      0.000 4
  63   59     -7.362      2.308      0.000 4
  65   60     -7.335     -5.126      0.000 4
  66   -2     -7.332     -5.440      0.000 4
  67   62     -7.318      3.847      0.000 4
  68   63     -7.313      5.388      0.000 4
  69   64     -7.306      0.088      0.000 4
  70   65     -7.257      6.133      0.000 4
  71   66     -7.255      3.233      0.000 4
  72   67     -7.238     -8.407      0.000 4
  73   68     -7.200     -8.001      0.000 4
  74   70     -7.185      7.642      0.000 4
  75   71     -7.180     -7.578      0.000 4
  76   72     -7.168      6.079      0.000 4
  77   73     -7.161      4.729      0.000 4
  78   74     -7.157     -2.442      0.000 4
  79   75     -7.154      4.034      0.000 4
  80   76     -7.144      7.286      0.000 4
  81   77     -7.127     -7.781      0.000 4
  82   78     -7.122      7.449      0.000 4
  83   79     -7.101      4.978      0.000 4
  84   80     -7.054     -5.468      0.000 4
  85   81     -7.048      0.015      0.000 4
  86   82     -7.029      1.955      0.000 4
  88   -2     -7.005      4.429      0.000 4
  87   83     -7.001     -2.431      0.000 4
  89   84     -6.997     -6.826      0.000 4
  90   86     -6.988     -0.402      0.000 4
  91   85     -6.985      4.323      0.000 4
  92   87     -6.978     -6.658      0.000 4
  93   88     -6.965      5.104      0.000 4
  94   89     -6.949     -2.727      0.000 4
  95   91     -6.930     -0.848      0.000 4
  96   90     -6.929      5.403      0.000 4
  97   -2     -6.917      3.362      0.000 4
  98   92     -6.906      2.890      0.000 4
  99   93     -6.893     -1.234      0.000 4
 100   94     -6.871     -6.507      0.000 4
 101   95     -6.855      7.542      0.000 4
 102   96     -6.815      1.299      0.000 4
 103   97     -6.801     -7.549      0.000 4
 104   98     -6.797     -5.490      0.000 4
 105   99     -6.774      2.402      0.000 4
 106  100     -6.757     -0.901      0.000 4
 107  102     -6.733      3.555      0.000 4
  -1   -2     -6.721     -3.071      0.000 4
 108  104     -6.703      1.346      0.000 4
 109  105     -6.700      1.662      0.000 4
 110  106     -6.644      2.364      0.000 4
 111  107     -6.643      3.529      0.000 4
 112  108     -6.618      5.760      0.000 4
 113  109     -6.608     -4.395      0.000 4
 114  110     -6.599      6.966      0.000 4
 115  112     -6.549     -6.412      0.000 4
 116  113     -6.521      7.602      0.000 4
 117  114     -6.514      3.048      0.000 4
 119  115     -6.504     -6.297      0.000 4
 118  116     -6.502     -4.821      0.000 4
 120  117     -6.463      0.128      0.000 4
  -1   -2     -6.414     -3.591      0.000 4
 121  118     -6.376      4.858      0.000 4
 122  119     -6.375     -0.508      0.000 4
 123  120     -6.321      0.090      0.000 4
 125  121     -6.293     -7.948      0.000 4
 124  122     -6.287     -1.695      0.000 4
 127  123     -6.280     -5.903      0.000 4
 128  124     -6.213      2.490      0.000 4
 129  125     -6.187      4.863      0.000 4
 130  126     -6.184     -5.321      0.000 4
 132  128     -6.167      2.725      0.000 4
 131  127     -6.167      3.356      0.000 4
 134  129     -6.127      1.233      0.000 4
 135  131     -6.123      7.341      0.000 4
 143  132     -6.121     -4.734      0.000 4
 136  130     -6.118     -7.723      0.000 4
 138  134     -6.099     -6.705      0.000 4
 137  135     -6.095      6.266      0.000 4
 139  136     -6.053      3.691      0.000 4
 140  137     -6.037      7.834      0.000 4
 141  138     -6.012     -6.496      0.000 4
 142  139     -6.002     -0.474      0.000 4
 144  141     -5.971      6.796      0.000 4
 146  140     -5.968     -7.878      0.000 4
 145  142     -5.965      3.069      0.000 4
 147   -2     -5.944     -7.433      0.000 4
 148  143     -5.926      4.836      0.000 4
 149  144     -5.920     -6.398      0.000 4
 150  145     -5.911     -0.033      0.000 4
 151  146     -5.903     -1.693      0.000 4
 152  147     -5.893     -5.961      0.000 4
 153  148     -5.868     -1.964      0.000 4
 155  150     -5.849     -7.412      0.000 4
 156  151     -5.847      4.683      0.000 4
 158  153     -5.771     -4.148      0.000 4
 160  154     -5.747     -5.939      0.000 4
 161  155     -5.706      7.403      0.000 4
 162  156     -5.700      1.908      0.000 4
 163  157     -5.690      5.733      0.000 4
 164  159     -5.673     -0.898      0.000 4
 165  158     -5.669      0.738      0.000 4
 166  160     -5.664     -1.811      0.000 4
 167  161     -5.623      7.224      0.000 4
 168  162     -5.604      0.290      0.000 4
 169  163     -5.587      6.020      0.000 4
 170  164     -5.566     -5.040      0.000 4
 171  166     -5.549     -0.688      0.000 4
 172  167     -5.540      2.664      0.000 4
 173  165     -5.537     -2.850      0.000 4
 174  168     -5.497     -7.463      0.000 4
 175  169     -5.485      4.781      0.000 4
 176  170     -5.466      5.207      0.000 4
 177  171     -5.382     -8.103      0.000 4
  -1  172     -5.321      2.039      0.000 4
 178  173     -5.320      3.800      0.000 4
 180  179     -5.284      2.075      0.000 4
 181  177     -5.281     -4.716      0.000 4
 182  176     -5.278     -3.110      0.000 4
  -1  178     -5.255     -1.431      0.000 4
 184  180     -5.241     -3.737      0.000 4
 183  181     -5.235     -4.923      0.000 4
 185  183     -5.186     -1.486      0.000 4
  -1   -2     -5.161     -7.934      0.000 4
 186  184     -5.150     -0.068      0.000 4
 187  185     -5.127     -3.886      0.000 4
 189  186     -5.080     -3.481      0.000 4
 190  187     -5.077     -0.003      0.000 4
 191  188     -5.073      1.566      0.000 4
 193  190     -5.052      0.536      0.000 4
 192  192     -5.049     -4.321      0.000 4
 196  189     -5.039     -5.951      0.000 4
 210  191     -5.026     -5.326      0.000 4
 194  193     -5.023      5.083      0.000 4
 198  194     -5.007     -0.307      0.000 4
 195   -2     -5.001     -5.083      0.000 4
 197  195     -4.998     -1.335      0.000 4
 199  201     -4.975     -4.271      0.000 4
 200  196     -4.947      3.717      0.000 4
  -1  200     -4.945      0.854      0.000 4
  -1  198     -4.942      8.384      0.000 4
 202  199     -4.938      3.905      0.000 4
 201  203     -4.936     -1.416      0.000 4
 204  204     -4.927      8.217      0.000 4
 205  205     -4.922      0.697      0.000 4
  -1   -2     -4.919     -3.066      0.000 4
 208  202     -4.915     -7.594      0.000 4
 203   -2     -4.916     -4.288      0.000 4
 211  207     -4.842      0.084      0.000 4
 212  208     -4.840      0.429      0.000 4
 213  206     -4.836     -5.635      0.000 4
 209  209     -4.834     -5.004      0.000 4
 214  210     -4.813     -5.884      0.000 4
 215  211     -4.782      3.793      0.000 4
 218  212     -4.749     -7.428      0.000 4
 216  213     -4.738     -6.693      0.000 4
 217  214     -4.732     -4.651      0.000 4
 219  217     -4.701     -2.120      0.000 4
 220  215     -4.695      5.789      0.000 4
 221  216     -4.686      4.421      0.000 4
 222  219     -4.667      2.670      0.000 4
 223   -2     -4.661     -1.951      0.000 4
  -1   -2     -4.659      2.196      0.000 4
 225  218     -4.643     -7.836      0.000 4
 224  222     -4.627     -3.729      0.000 4
 228   -2     -4.619     -7.706      0.000 4
 227  223     -4.610      2.524      0.000 4
 230  224     -4.569      3.591      0.000 4
 229  226     -4.551     -4.125      0.000 4
 231  225     -4.545      2.593      0.000 4
 233  227     -4.526      0.631      0.000 4
 232  228     -4.524     -4.336      0.000 4
 234  229     -4.503      2.192      0.000 4
 237  230     -4.470     -4.436      0.000 4
 236  231     -4.449     -0.320      0.000 4
 238  233     -4.424     -5.842      0.000 4
 239  235     -4.413      1.014      0.000 4
 241  234     -4.407     -5.994      0.000 4
 240  236     -4.399     -4.455      0.000 4
 244  238     -4.353      3.472      0.000 4
 243  240     -4.349      7.378      0.000 4
 245  241     -4.344      0.674      0.000 4
 246  242     -4.331      1.193      0.000 4
  -1   -2     -4.330     -3.268      0.000 4
 249  243     -4.295      2.423      0.000 4
 247  245     -4.289     -1.066      0.000 4
 248  246     -4.283     -1.874      0.000 4
 250  244     -4.259     -8.230      0.000 4
  -1   -2     -4.235     -4.534      0.000 4
 251  247     -4.233     -6.310      0.000 4
 252  248     -4.196     -0.417      0.000 4
 253  250     -4.183     -4.744      0.000 4
 254  249     -4.173      7.667      0.000 4
 255  251     -4.141      5.756      0.000 4
 256  252     -4.128      2.109      0.000 4
 257  253     -4.092      1.712      0.000 4
 259  254     -4.072      3.429      0.000 4
 258   -2     -4.071      2.616      0.000 4
  -1  255     -4.059      2.648      0.000 4
 261  256     -4.046     -7.318      0.000 4
 260  257     -4.042      5.389      0.000 4
 262  258     -3.990     -1.945      0.000 4
 263  259     -3.985      3.325      0.000 4
 264  260     -3.974     -7.090      0.000 4
 265  261     -3.967     -1.290      0.000 4
 267  263     -3.927     -2.699      0.000 4
 266  264     -3.921     -6.020      0.000 4
 268  262     -3.918     -8.071      0.000 4
 270  265     -3.852      2.868      0.000 4
 269  266     -3.842     -0.157      0.000 4
 273   -2     -3.823     -7.858      0.000 4
 271  267     -3.818      8.314      0.000 4
 272  268     -3.807     -4.542      0.000 4
 274  269     -3.785      2.226      0.000 4
  -1   -2     -3.783     -4.282      0.000 4
 275   -2     -3.766     -1.161      0.000 4
 276  270     -3.756      7.882      0.000 4
  -1  271     -3.725     -6.892      0.000 4
 277  274     -3.677     -1.385      0.000 4
 278  275     -3.668      1.000      0.000 4
 280  273     -3.651     -5.973      0.000 4
 279  276     -3.636      6.060      0.000 4
  -1   -2     -3.616     -0.816      0.000 4
 282  278     -3.590      7.957      0.000 4
 283  279     -3.559      6.381      0.000 4
 284   -2     -3.538      0.166      0.000 4
 285  280     -3.531      1.304      0.000 4
 286  281     -3.527      8.247      0.000 4
 287  282     -3.483     -7.730      0.000 4
 288  283     -3.443      2.969      0.000 4
 289  284     -3.428      0.210      0.000 4
 290   -2     -3.372     -2.072      0.000 4
 291  285     -3.362      0.728      0.000 4
 292  286     -3.322      5.460      0.000 4
 293  287     -3.306      3.804      0.000 4
 295   -2     -3.287      2.899      0.000 4
 294   -2     -3.278      4.892      0.000 4
 296  289     -3.236     -6.747      0.000 4
 297  291     -3.221     -4.332      0.000 4
 298  290     -3.199      2.961      0.000 4
 299  292     -3.192      4.925      0.000 4
 300   -2     -3.150      0.164      0.000 4
 301  294     -3.136      0.028      0.000 4
 302   -2     -3.127     -7.563      0.000 4
 303  295     -3.109      2.940      0.000 4
 304  296     -3.094     -1.923      0.000 4
 305  297     -3.076     -5.753      0.000 4
 307  298     -3.058      8.047      0.000 4
 308  299     -3.016     -5.578      0.000 4
 309  300     -2.968      3.732      0.000 4
 311  301     -2.966     -5.329      0.000 4
 310  302     -2.943     -5.890      0.000 4
 313  304     -2.900      8.235      0.000 4
 314  305     -2.877     -7.675      0.000 4
 316  303     -2.871     -7.997      0.000 4
 315  306     -2.867      7.284      0.000 4
 317   -2     -2.794     -2.735      0.000 4
 318  307     -2.786     -7.347      0.000 4
 319  308     -2.731     -3.996      0.000 4
 320  309     -2.690      5.996      0.000 4
 321  310     -2.666      6.877      0.000 4
 323  311     -2.641     -5.641      0.000 4
 322  314     -2.615     -3.245      0.000 4
 324  313     -2.601     -2.158      0.000 4
 328  312     -2.598      3.656      0.000 4
 326  315     -2.581      1.152      0.000 4
 327  317     -2.570     -5.865      0.000 4
 330  316     -2.538      3.119      0.000 4
 331  318     -2.537     -0.942      0.000 4
 329   -2     -2.481     -2.302      0.000 4
 332  322     -2.443      0.002      0.000 4
 336  323     -2.418     -0.312      0.000 4
 339  321     -2.412      7.121      0.000 4
 334  328     -2.410     -0.542      0.000 4
 337  327     -2.403     -6.686      0.000 4
 338  325     -2.402     -2.387      0.000 4
 340  326     -2.384     -5.924      0.000 4
 342  330     -2.348      4.980      0.000 4
 341  331     -2.345     -1.981      0.000 4
 344  329     -2.318      0.765      0.000 4
 343  332     -2.291     -6.291      0.000 4
 346  333     -2.277     -5.361      0.000 4
 345  335     -2.246     -3.284      0.000 4
 347  336     -2.219      5.735      0.000 4
 348  337     -2.163     -6.265      0.000 4
 349  339     -2.135      2.139      0.000 4
 350  338     -2.133     -3.545      0.000 4
  -1   -2     -2.055     -8.369      0.000 4
 353  341     -2.010      0.258      0.000 4
 354  342     -1.989     -2.971      0.000 4
  -1  343     -1.989      7.402      0.000 4
 355  345     -1.949      4.064      0.000 4
  -1  344     -1.939     -4.095      0.000 4
 357   -2     -1.919      1.381      0.000 4
 358  347     -1.786      4.106      0.000 4
 361  348     -1.738      2.437      0.000 4
 359  349     -1.719      8.224      0.000 4
 360   -2     -1.704      0.671      0.000 4
 362  350     -1.688      7.611      0.000 4
 364  351     -1.664     -3.840      0.000 4
  -1   -2     -1.575     -5.219      0.000 4
 365  356     -1.570      6.220      0.000 4
  -1   -2     -1.564     -6.077      0.000 4
 369  359     -1.515     -4.770      0.000 4
 370  361     -1.493      5.255      0.000 4
 363   -2     -1.488      4.595      0.000 4
  -1  360     -1.461      1.953      0.000 4
 371  363     -1.427      3.596      0.000 4
 372  365     -1.388     -7.800      0.000 4
 373  366     -1.375     -1.656      0.000 4
 374  367     -1.358      4.903      0.000 4
 376  364     -1.342     -5.175      0.000 4
 375  368     -1.337      5.532      0.000 4
  -1  369     -1.302      4.307      0.000 4
  -1   -2     -1.145      3.750      0.000 4
 378  371     -1.135     -1.920      0.000 4
 379  372     -1.121     -7.741      0.000 4
 381   -2     -1.115      0.189      0.000 4
 382  373     -1.100     -1.121      0.000 4
  -1   -2     -1.085      3.996      0.000 4
  -1   -2     -1.002      4.786      0.000 4
 386  376     -0.916      5.314      0.000 4
  -1   -2     -0.890     -1.389      0.000 4
 392  378     -0.821     -0.862      0.000 4
 388  380     -0.798     -5.553      0.000 4
  -1   -2     -0.793     -3.308      0.000 4
  -1   -2     -0.731     -4.068      0.000 4
 390  382     -0.714     -0.723      0.000 4
 391  381     -0.691     -3.195      0.000 4
 393  385     -0.648      4.581      0.000 4
  -1   -2     -0.639      8.046      0.000 4
 396  383     -0.626     -3.895      0.000 4
 395  386     -0.595     -6.277      0.000 4
  -1   -2     -0.543     -2.336      0.000 4
  -1  387     -0.540     -2.462      0.000 4
 399   -2     -0.510      4.577      0.000 4
 401  388     -0.434     -5.011      0.000 4
  -1   -2     -0.410     -5.270      0.000 4
  -1   -2     -0.407     -2.523      0.000 4
 402  391     -0.403     -0.203      0.000 4
 406  392     -0.361     -5.533      0.000 4
 404  393     -0.347     -1.705      0.000 4
  -1   -2     -0.344     -0.679      0.000 4
 408  395      0.039      1.404      0.000 4
 409  396      0.128      6.186      0.000 4
 411  398      0.200     -4.047      0.000 4
 413  397      0.205     -6.884      0.000 4
 414   -2      0.234      6.094      0.000 4
 412  401      0.236      0.548      0.000 4
  -1  399      0.247     -6.574      0.000 4
 415  402      0.283     -1.130      0.000 4
 416   -2      0.362     -6.827      0.000 4
 417  404      0.503      0.832      0.000 4
  -1   -2      0.554      2.778      0.000 4
  -1   -2      0.568      0.615      0.000 4
 421  407      0.614      2.915      0.000 4
 422   -2      0.629      3.145      0.000 4
  -1  410      0.756     -0.362      0.000 4
 424  408      0.770     -5.315      0.000 4
  -1   -2      0.777      0.332      0.000 4
  -1   -2      0.813     -4.220      0.000 4
  -1   -2      0.847     -8.260      0.000 4
 427  412      0.867      4.051      0.000 4
 428  413      0.877     -3.078      0.000 4
  -1   -2      0.895      3.556      0.000 4
 430   -2      0.916     -4.833      0.000 4
 431  415      0.934     -6.278      0.000 4
 432  414      0.935      7.584      0.000 4
  -1   -2      0.949     -2.617      0.000 4
  -1   -2      1.016     -6.542      0.000 4
 434  420      1.027      1.008      0.000 4
  -1  421      1.043     -5.524      0.000 4
  -1   -2      1.087      0.782      0.000 4
 436  424      1.108      5.025      0.000 4
 438  425      1.166     -3.652      0.000 4
 441  427      1.241     -2.781      0.000 4
 443  426      1.254     -3.676      0.000 4
  -1   -2      1.256     -6.550      0.000 4
 444  428      1.279     -6.700      0.000 4
 446  431      1.314      4.849      0.000 4
 445  433      1.319      1.154      0.000 4
 448  429      1.328      2.563      0.000 4
 447  432      1.330      2.209      0.000 4
 452  436      1.428      1.194      0.000 4
 453  435      1.432     -4.640      0.000 4
 451  437      1.437     -3.370      0.000 4
  -1  438      1.466     -7.338      0.000 4
 455  442      1.508     -2.760      0.000 4
 456  441      1.535      4.942      0.000 4
 457  443      1.556      3.693      0.000 4
 458  446      1.594     -3.366      0.000 4
 460  444      1.598      5.361      0.000 4
 461  447      1.609     -6.343      0.000 4
 462  448      1.626      6.564      0.000 4
 464  445      1.628     -7.573      0.000 4
 463  450      1.678     -2.482      0.000 4
 465  449      1.683      0.606      0.000 4
  -1   -2      1.686     -1.528      0.000 4
  -1  454      1.790     -3.381      0.000 4
 468  453      1.829     -6.342      0.000 4
  -1   -2      1.839      0.579      0.000 4
 466  458      1.841     -0.597      0.000 4
 469  455      1.843      1.209      0.000 4
 470  456      1.851      7.655      0.000 4
 467  459      1.853     -1.949      0.000 4
 471  457      1.859      5.238      0.000 4
 472   -2      1.863     -7.781      0.000 4
  -1   -2      1.885     -6.465      0.000 4
  -1   -2      1.892     -6.883      0.000 4
 473  460      1.907     -6.690      0.000 4
 475  464      1.933     -3.630      0.000 4
 477  462      1.937     -4.565      0.000 4
 474  465      1.939      0.222      0.000 4
 479  467      2.022      1.291      0.000 4
 480  466      2.028      5.885      0.000 4
 478  468      2.048     -1.205      0.000 4
 481   -2      2.068      2.120      0.000 4
 482  470      2.112     -7.776      0.000 4
 483  469      2.120      4.240      0.000 4
 485  472      2.141     -3.527      0.000 4
 486  473      2.147     -4.365      0.000 4
 489  474      2.150      1.452      0.000 4
 487  475      2.153      7.250      0.000 4
 484  476      2.161      0.562      0.000 4
 490  477      2.183     -0.003      0.000 4
 488  478      2.195     -2.930      0.000 4
 491  480      2.244      4.456      0.000 4
 492  483      2.271     -0.754      0.000 4
 494  482      2.282      5.859      0.000 4
 493  487      2.305      0.757      0.000 4
 495  489      2.324     -5.613      0.000 4
 497  485      2.329     -7.009      0.000 4
 496  488      2.330      6.575      0.000 4
 499  486      2.336     -6.578      0.000 4
 498  491      2.352      5.335      0.000 4
 500   -2      2.371     -2.819      0.000 4
 503  493      2.377     -3.394      0.000 4
 502  496      2.401     -0.275      0.000 4
  -1   -2      2.402     -3.477      0.000 4
 504  494      2.405      5.171      0.000 4
 506  495      2.419      5.971      0.000 4
 501  498      2.427      0.888      0.000 4
 507  497      2.436     -3.459      0.000 4
 508  499      2.465     -3.038      0.000 4
 509  500      2.501      4.565      0.000 4
 510   -2      2.502      5.439      0.000 4
  -1   -2      2.551      6.990      0.000 4
 511  501      2.566      4.147      0.000 4
  -1  503      2.631      2.500      0.000 4
 513  505      2.662     -5.011      0.000 4
 512   -2      2.664      0.221      0.000 4
 514  506      2.684     -6.187      0.000 4
 515  507      2.709      5.740      0.000 4
 516  509      2.752     -5.811      0.000 4
 517  508      2.757      2.555      0.000 4
 518  511      2.801      0.806      0.000 4
  -1   -2      2.809      1.543      0.000 4
 519  512      2.828      7.960      0.000 4
 520  513      2.851     -6.497      0.000 4
 521  514      2.880      6.388      0.000 4
 522  515      2.909      0.085      0.000 4
 523  517      2.947     -1.549      0.000 4
 524  516      2.949      5.115      0.000 4
 525  518      2.970      7.147      0.000 4
 526  519      3.012      0.680      0.000 4
 527   -2      3.026      2.937      0.000 4
 528  520      3.045      5.252      0.000 4
 529  521      3.057      2.724      0.000 4
 530  522      3.086     -5.846      0.000 4
 533  523      3.110     -5.099      0.000 4
 531  524      3.116      5.595      0.000 4
 532  525      3.120     -1.142      0.000 4
 534  526      3.135      6.184      0.000 4
 536  527      3.150     -2.434      0.000 4
 535  528      3.153     -6.717      0.000 4
 539  529      3.182      2.646      0.000 4
 538  530      3.186      2.822      0.000 4
 540  532      3.211      8.232      0.000 4
 541  531      3.213     -1.845      0.000 4
  -1   -2      3.231      2.008      0.000 4
 542  533      3.233     -7.026      0.000 4
 543  534      3.263     -7.959      0.000 4
 545  535      3.328     -1.297      0.000 4
 546   -2      3.336     -3.020      0.000 4
 547  536      3.362     -7.075      0.000 4
 548  537      3.418      6.653      0.000 4
 550  538      3.437      2.957      0.000 4
 551  540      3.475     -4.430      0.000 4
 552  539      3.498      2.821      0.000 4
 554  541      3.508     -5.296      0.000 4
 553  542      3.510      1.337      0.000 4
 556  543      3.519     -2.006      0.000 4
 555  545      3.525      5.890      0.000 4
 557  546      3.564     -3.107      0.000 4
 558  547      3.583     -2.685      0.000 4
 559  548      3.603     -0.455      0.000 4
 560  549      3.621      3.041      0.000 4
 561   -2      3.625     -6.917      0.000 4
 563  550      3.626     -0.873      0.000 4
 562  552      3.645     -6.853      0.000 4
 565  551      3.649      5.303      0.000 4
 566  554      3.656     -0.039      0.000 4
 568  553      3.661     -5.913      0.000 4
 567  555      3.675      2.204      0.000 4
 569   -2      3.678     -5.137      0.000 4
 571  557      3.685      5.035      0.000 4
 570  558      3.688      7.902      0.000 4
 572  556      3.699     -5.386      0.000 4
 573  559      3.762      4.046      0.000 4
 574  561      3.774     -5.817      0.000 4
 575  562      3.775      2.609      0.000 4
  -1  563      3.787      0.160      0.000 4
 578  564      3.794     -2.560      0.000 4
 580  565      3.808     -5.207      0.000 4
 582  566      3.824     -0.559      0.000 4
 583  567      3.826      0.840      0.000 4
 581  569      3.835     -5.896      0.000 4
  -1   -2      3.840      6.736      0.000 4
  -1  574      3.859     -7.082      0.000 4
 587  568      3.862     -6.974      0.000 4
 590  570      3.868     -2.068      0.000 4
 589  571      3.870     -0.990      0.000 4
 586  576      3.869     -7.445      0.000 4
 591  573      3.876     -2.217      0.000 4
 593  572      3.876     -1.781      0.000 4
 595  578      3.896      4.923      0.000 4
 588  580      3.896     -7.672      0.000 4
 596  579      3.901      5.254      0.000 4
 592  581      3.905     -4.081      0.000 4
 597  582      3.965     -1.228      0.000 4
 598  584      3.991     -8.033      0.000 4
 600  583      3.994      2.461      0.000 4
 599  585      4.000     -7.793      0.000 4
 601  586      4.034      4.109      0.000 4
 602  588      4.036      8.102      0.000 4
 603  587      4.038      2.878      0.000 4
 605  589      4.085      3.034      0.000 4
 606  590      4.105      4.911      0.000 4
 607  591      4.133     -5.402      0.000 4
 608  592      4.164      0.734      0.000 4
 609   -2      4.241     -7.465      0.000 4
 610  593      4.254     -6.750      0.000 4
 611  594      4.287     -8.292      0.000 4
 612  595      4.298      4.704      0.000 4
 613  596      4.313      2.248      0.000 4
 614  597      4.319     -4.304      0.000 4
 615  598      4.335      8.332      0.000 4
 616  599      4.384     -1.998      0.000 4
 617  600      4.386      2.167      0.000 4
 618   -2      4.443      4.646      0.000 4
 619  601      4.443      7.795      0.000 4
 620  602      4.465     -2.081      0.000 4
 622  603      4.470     -1.691      0.000 4
 621  606      4.474      2.973      0.000 4
 623  605      4.483      4.629      0.000 4
 626  604      4.485     -5.707      0.000 4
 625  607      4.493      0.796      0.000 4
 624  608      4.498      8.012      0.000 4
  -1  609      4.522     -0.831      0.000 4
  -1   -2      4.538      0.044      0.000 4
 628  611      4.539      4.802      0.000 4
 627  612      4.539      6.367      0.000 4
 631  613      4.571     -8.251      0.000 4
 630  614      4.592     -4.835      0.000 4
 632  615      4.612      6.428      0.000 4
 629  616      4.621     -3.244      0.000 4
  -1  617      4.652      0.060      0.000 4
 633  618      4.657      3.292      0.000 4
 634  623      4.685      1.160      0.000 4
 636  621      4.687      2.796      0.000 4
 637  619      4.688      1.879      0.000 4
 638  622      4.696      0.616      0.000 4
 635  625      4.711     -8.187      0.000 4
 639  624      4.714     -6.435      0.000 4
 640  626      4.755     -5.161      0.000 4
 641  628      4.794      8.323      0.000 4
 642  629      4.802      3.006      0.000 4
 643  630      4.847     -4.075      0.000 4
  -1   -2      4.884     -0.725      0.000 4
 645  633      4.949      3.571      0.000 4
 646  634      4.959      5.100      0.000 4
 647  635      4.966      5.218      0.000 4
 648  636      4.992     -7.217      0.000 4
 649  631      5.016      0.287      0.000 4
 650  637      5.023      1.463      0.000 4
 644  638      5.049     -2.885      0.000 4
 652  639      5.052     -5.187      0.000 4
 651  640      5.054     -4.255      0.000 4
 653  641      5.060      8.108      0.000 4
 654  642      5.064      8.068      0.000 4
 655   -2      5.090      4.664      0.000 4
 656  645      5.106     -3.950      0.000 4
 658  646      5.109     -5.744      0.000 4
 657  647      5.110      7.197      0.000 4
 659  648      5.119      6.916      0.000 4
 660  649      5.129      1.989      0.000 4
 661   -2      5.150     -2.689      0.000 4
 662  650      5.174     -5.821      0.000 4
 663  651      5.204     -7.596      0.000 4
  -1   -2      5.217     -5.896      0.000 4
 664   -2      5.226     -7.187      0.000 4
 665  653      5.231      6.836      0.000 4
 666  652      5.231      6.423      0.000 4
 667  654      5.278      1.548      0.000 4
 669  655      5.311     -3.111      0.000 4
 670  656      5.327      2.372      0.000 4
 671  658      5.403      5.807      0.000 4
 672  659      5.411     -7.844      0.000 4
 673  657      5.442      2.773      0.000 4
 674  660      5.447     -2.950      0.000 4
 675  662      5.467      1.975      0.000 4
 676  663      5.492      1.358      0.000 4
 677  664      5.494      6.038      0.000 4
 679  665      5.563      2.031      0.000 4
 680  666      5.578      4.467      0.000 4
 681  667      5.616     -8.088      0.000 4
 682   -2      5.622     -5.034      0.000 4
 683  668      5.646      6.966      0.000 4
 684  669      5.680      3.914      0.000 4
 685  670      5.693     -0.648      0.000 4
 686  671      5.700     -6.701      0.000 4
 687  672      5.722     -3.198      0.000 4
 688  674      5.764     -8.074      0.000 4
 689  673      5.772      4.591      0.000 4
 690  675      5.782     -5.467      0.000 4
 692  676      5.803     -5.794      0.000 4
 694  678      5.838      1.749      0.000 4
 693  679      5.839     -2.465      0.000 4
 695  681      5.844     -5.149      0.000 4
 696  680      5.845     -0.994      0.000 4
 698  683      5.904      1.964      0.000 4
 699  684      5.904     -0.757      0.000 4
 700  685      5.908      5.051      0.000 4
 701  686      5.932     -7.961      0.000 4
 702  687      5.976     -7.374      0.000 4
 703  688      5.998      2.713      0.000 4
 706  690      6.020     -6.493      0.000 4
 707  691      6.037      0.213      0.000 4
 708  692      6.044     -5.299      0.000 4
 709  693      6.051     -4.337      0.000 4
 710  694      6.060     -0.483      0.000 4
 711  695      6.062      4.630      0.000 4
 712  696      6.072     -3.072      0.000 4
  -1   -2      6.075     -8.432      0.000 4
 714  698      6.105     -5.438      0.000 4
 715  697      6.108     -6.150      0.000 4
 716  699      6.162      1.687      0.000 4
 717  700      6.171      6.536      0.000 4
 718  701      6.193     -4.342      0.000 4
 719  702      6.213      3.852      0.000 4
 721  704      6.218     -4.225      0.000 4
 720  703      6.218      0.274      0.000 4
 722  705      6.222      3.181      0.000 4
 723  706      6.228     -1.569      0.000 4
 724  707      6.285      7.265      0.000 4
 725  709      6.328     -2.954      0.000 4
 726  710      6.345     -6.507      0.000 4
 727  711      6.355      1.946      0.000 4
 728  712      6.385      2.351      0.000 4
 729  713      6.401     -6.552      0.000 4
 730  714      6.412      7.015      0.000 4
 731  715      6.420     -4.274      0.000 4
 732  716      6.427     -2.933      0.000 4
 733  717      6.468     -3.856      0.000 4
 734  718      6.496     -4.887      0.000 4
  -1   -2      6.503      4.098      0.000 4
 735  720      6.548      6.902      0.000 4
 736   -2      6.557     -5.325      0.000 4
 737  721      6.557     -5.967      0.000 4
 738  722      6.565      4.661      0.000 4
 742  723      6.591     -1.306      0.000 4
 740  724      6.597      2.121      0.000 4
 743  725      6.628     -0.586      0.000 4
 744  726      6.636      2.864      0.000 4
 745  727      6.650     -6.064      0.000 4
 746  728      6.679     -5.143      0.000 4
 747  729      6.686      5.636      0.000 4
 748  730      6.698     -5.337      0.000 4
 749  731      6.725      6.581      0.000 4
 750  732      6.729      0.424      0.000 4
 751  733      6.739     -6.231      0.000 4
 752  734      6.747     -5.513      0.000 4
 753  735      6.752      3.178      0.000 4
 754  736      6.766      3.294      0.000 4
 755  737      6.767     -1.892      0.000 4
 756  738      6.772      2.047      0.000 4
 757  739      6.799     -0.578      0.000 4
 758  740      6.802      0.681      0.000 4
 759  742      6.828     -0.778      0.000 4
 760  741      6.828     -6.064      0.000 4
 761   -2      6.849     -7.677      0.000 4
 762  743      6.866      5.216      0.000 4
 764  744      6.886     -4.777      0.000 4
 765  745      6.899      3.616      0.000 4
 766  746      6.908     -8.019      0.000 4
 768  747      6.929     -0.920      0.000 4
 769  748      6.936     -4.936      0.000 4
 770  751      6.940      6.170      0.000 4
 771  749      6.941     -0.092      0.000 4
  -1  750      6.944     -2.653      0.000 4
 772  752      6.971     -0.691      0.000 4
 773  753      6.984      0.430      0.000 4
 774  754      6.989      2.079      0.000 4
 775   -2      7.027      3.411      0.000 4
 776  755      7.029      6.626      0.000 4
 777  756      7.053      2.037      0.000 4
 778  757      7.055     -6.617      0.000 4
 779  758      7.062     -5.805      0.000 4
 780  759      7.086     -4.042      0.000 4
  -1  760      7.101     -0.198      0.000 4
 781  761      7.107     -6.009      0.000 4
  -1   -2      7.126      8.074      0.000 4
 783  762      7.143     -8.304      0.000 4
 782  763      7.146      7.538      0.000 4
 784  764      7.176      6.527      0.000 4
 785  765      7.193     -6.180      0.000 4
 786  766      7.215      0.189      0.000 4
 787  767      7.235     -3.982      0.000 4
 788   -2      7.263      4.984      0.000 4
 789  769      7.271      4.366      0.000 4
  -1  770      7.286     -6.765      0.000 4
 790  771      7.288     -4.409      0.000 4
 791  772      7.292      6.738      0.000 4
 792  773      7.311      4.306      0.000 4
 793  774      7.317      5.623      0.000 4
  -1   -2      7.329     -8.074      0.000 4
 794  775      7.333     -0.159      0.000 4
 795  776      7.372      3.541      0.000 4
  -1   -2      7.411     -8.093      0.000 4
 797  777      7.411     -6.419      0.000 4
 798  778      7.427      2.061      0.000 4
 799  779      7.490     -5.761      0.000 4
 800  780      7.494      5.262      0.000 4
 801  781      7.499      4.775      0.000 4
 802  782      7.508      4.420      0.000 4
 803  783      7.552     -2.914      0.000 4
 804  785      7.575     -1.552      0.000 4
 805  786      7.585      1.253      0.000 4
 806  787      7.607      4.752      0.000 4
 808  789      7.644      2.271      0.000 4
 809  791      7.713      7.737      0.000 4
 810  792      7.747     -7.946      0.000 4
 811  793      7.765      8.247      0.000 4
 807  795      7.812      1.618      0.000 4
 813  796      7.840      6.728      0.000 4
  -1  797      7.847     -0.866      0.000 4
 815  798      7.900     -5.161      0.000 4
  -1   -2      7.915     -1.957      0.000 4
 816  799      7.931     -5.023      0.000 4
 817   -2      7.941     -2.117      0.000 4
 818  800      7.991      7.148      0.000 4
 819  801      8.012     -0.442      0.000 4
 820  802      8.024     -6.817      0.000 4
 821  803      8.026     -1.203      0.000 4
 822  804      8.031     -6.897      0.000 4
 823  805      8.036      1.018      0.000 4
 824  806      8.046     -5.658      0.000 4
 825   -2      8.057     -7.641      0.000 4
 826  807      8.070      4.376      0.000 4
 827  808      8.099      3.150      0.000 4
  -1  809      8.106     -1.127      0.000 4
 828  810      8.143     -4.784      0.000 4
 829  811      8.165     -4.550      0.000 4
 830  812      8.181      2.495      0.000 4
 832  814      8.187      4.605      0.000 4
 831  813      8.189      3.232      0.000 4
 833  815      8.190      1.710      0.000 4
 834   -2      8.224     -7.292      0.000 4
 835  816      8.236     -6.340      0.000 4
 836  817      8.256      7.256      0.000 4
 837  819      8.277     -3.413      0.000 4
 838  820      8.284     -6.060      0.000 4
 839  821      8.314     -1.906      0.000 4
 840  823      8.326     -7.385      0.000 4
 841  824      8.335      7.030      0.000 4
 842  825      8.351      1.332      0.000 4
 843  826      8.352     -4.412      0.000 4
 844  827      8.361      8.188      0.000 4
 845  828      8.372      7.574      0.000 4
 846  829      8.392     -8.287      0.000 4
 847  830      8.405     -0.171      0.000 4
 848  831      8.408      0.662      0.000 4
