841
   1   -2     -8.417     -2.148      0.000
   2    1     -8.381      7.551      0.000
   3    2     -8.378     -0.885      0.000
   4    3     -8.369     -6.857      0.000
   5    4     -8.354     -8.124      0.000
   6    5     -8.339     -3.285      0.000
   7    6     -8.308     -4.603      0.000
   8    7     -8.268      1.222      0.000
   9    8     -8.256      6.857      0.000
  10    9     -8.253      0.557      0.000
  12   10     -8.244     -8.227      0.000
  13   11     -8.211     -7.907      0.000
  14   12     -8.183      1.578      0.000
  15   13     -8.154      4.437      0.000
  16   14     -8.151      1.528      0.000
  17   15     -8.139     -3.020      0.000
  18   16     -8.122      6.498      0.000
  19   17     -8.086      2.630      0.000
  20   -2     -8.076     -2.485      0.000
  21   18     -8.046      1.364      0.000
  22   19     -8.037     -7.373      0.000
  23   21     -8.011      2.248      0.000
  24   22     -7.992     -6.218      0.000
  25   23     -7.981      6.578      0.000
  26   24     -7.940     -3.794      0.000
  27   25     -7.935      5.676      0.000
  28   26     -7.907     -6.945      0.000
  29   27     -7.877     -0.940      0.000
  30   28     -7.856      0.832      0.000
  31   29     -7.855      2.335      0.000
  -1   -2     -7.852     -8.425      0.000
  32   30     -7.844     -0.166      0.000
  33   34     -7.834     -6.078      0.000
  34   31     -7.831      4.103      0.000
  -1   32     -7.808      7.192      0.000
  35   33     -7.808      3.881      0.000
  36   35     -7.779      5.004      0.000
  37   36     -7.777     -4.810      0.000
  38   37     -7.771      2.499      0.000
  39   38     -7.758     -6.196      0.000
  41   40     -7.738     -2.732      0.000
  40   39     -7.736     -6.689      0.000
  42   41     -7.733     -5.092      0.000
  43   42     -7.729      7.152      0.000
  44   43     -7.725      1.988      0.000
  45   44     -7.724      5.251      0.000
  46   45     -7.715     -4.600      0.000
  47   46     -7.677     -0.671      0.000
  -1   47     -7.675      7.125      0.000
  48   48     -7.656      6.658      0.000
  49   -2     -7.589      4.963      0.000
  50   49     -7.577     -6.860      0.000
  -1   -2     -7.528      0.433      0.000
  51   51     -7.520      8.242      0.000
  52   52     -7.497      0.013      0.000
  53   54     -7.490     -0.680      0.000
  54   55     -7.487     -5.400      0.000
  56   56     -7.459      8.000      0.000
  55   57     -7.459     -1.088      0.000
  57   58     -7.455      3.634      0.000
  59   59     -7.364      3.693      0.000
  60   60     -7.360     -1.420      0.000
  61   61     -7.343     -6.162      0.000
  62   62     -7.325      2.322      0.000
  64   65     -7.291     -5.369      0.000
  65   64     -7.290      3.870      0.000
  63   67     -7.289     -5.053      0.000
  67   66     -7.282     -8.350      0.000
  66   68     -7.281      5.408      0.000
  69   69     -7.237     -7.935      0.000
  70   70     -7.225      3.256      0.000
  71   71     -7.221      6.149      0.000
  -1   -2     -7.172     -0.829      0.000
  73   72     -7.152     -7.711      0.000
  74   74     -7.149      7.661      0.000
  75   75     -7.131      6.096      0.000
  76   76     -7.127      4.752      0.000
  77   77     -7.124      4.055      0.000
  78   78     -7.107      7.300      0.000
  80   79     -7.088      7.467      0.000
  79   80     -7.088     -2.393      0.000
  81   81     -7.067      4.998      0.000
  82   82     -7.015     -5.383      0.000
  83   83     -6.994     -6.740      0.000
  84   84     -6.986      1.972      0.000
  85   85     -6.980     -6.552      0.000
  86   86     -6.978      0.034      0.000
  88   87     -6.961     -6.593      0.000
  87   88     -6.955      4.347      0.000
  90   89     -6.938     -2.381      0.000
  91   90     -6.929      5.123      0.000
  -1   91     -6.917      5.478      0.000
  94   92     -6.889     -2.673      0.000
  93   93     -6.887      5.423      0.000
  95   95     -6.869      2.907      0.000
  96   96     -6.864     -6.417      0.000
  97   97     -6.847     -0.820      0.000
  98   99     -6.829     -7.455      0.000
 100  100     -6.817      7.555      0.000
  99  102     -6.816     -1.199      0.000
  -1   -2     -6.808     -8.213      0.000
 101  103     -6.760      1.311      0.000
 102  104     -6.758     -5.398      0.000
 103  105     -6.737      2.422      0.000
 104  106     -6.707      7.617      0.000
  -1   -2     -6.688      4.305      0.000
 107  110     -6.649      1.674      0.000
 108  111     -6.647      1.358      0.000
 109  112     -6.613      3.557      0.000
 110  113     -6.609      2.386      0.000
 111  114     -6.575      5.783      0.000
 112  115     -6.558      6.980      0.000
  -1  116     -6.541     -6.318      0.000
 113  117     -6.534     -4.330      0.000
 114  118     -6.500     -6.193      0.000
 115  119     -6.484      7.620      0.000
 116  120     -6.480      3.065      0.000
 117  121     -6.436     -4.745      0.000
 118  122     -6.393     -7.774      0.000
 119  123     -6.387      0.139      0.000
 121  124     -6.351      4.893      0.000
 122  125     -6.306      8.137      0.000
 123  126     -6.292     -0.491      0.000
  -1  143     -6.289      6.413      0.000
 124  128     -6.271     -5.783      0.000
 120  127     -6.271      3.690      0.000
 126  130     -6.233      0.099      0.000
  -1  129     -6.229     -8.219      0.000
 127  131     -6.225      0.333      0.000
  -1  132     -6.191      0.985      0.000
  -1   -2     -6.186     -1.819      0.000
 128  133     -6.184     -1.638      0.000
 129  134     -6.181      2.506      0.000
 130  135     -6.147      3.383      0.000
 131  136     -6.142      4.890      0.000
 133  137     -6.136     -7.575      0.000
 134  138     -6.134      2.740      0.000
 132  139     -6.134     -4.566      0.000
 135  140     -6.120     -5.212      0.000
 136  141     -6.072      7.358      0.000
 137  142     -6.071      1.245      0.000
 138   -2     -6.064     -7.087      0.000
 139   -2     -6.045      6.287      0.000
 140  145     -6.026     -4.644      0.000
 141  144     -6.025      3.721      0.000
 142  146     -6.013     -1.075      0.000
 143  147     -5.990      7.851      0.000
 144  148     -5.956      2.494      0.000
 145  149     -5.947      3.091      0.000
 146  151     -5.934     -7.605      0.000
 147  152     -5.923      6.815      0.000
 149  153     -5.889     -0.467      0.000
 150  154     -5.881      4.872      0.000
  -1   -2     -5.858     -7.311      0.000
 151  156     -5.844     -5.819      0.000
 157  157     -5.841     -4.718      0.000
 152  158     -5.821     -0.035      0.000
 153  159     -5.805      4.714      0.000
 154  160     -5.752     -1.635      0.000
 155  161     -5.745     -5.755      0.000
 156  162     -5.735     -1.857      0.000
 158  165     -5.662      7.416      0.000
 159  166     -5.653      1.913      0.000
 162  164     -5.648     -7.866      0.000
 160  167     -5.630     -4.130      0.000
 161  168     -5.625      5.755      0.000
 163   -2     -5.612      0.738      0.000
  -1  169     -5.601      0.778      0.000
 165  170     -5.563     -2.579      0.000
 164  171     -5.562      7.242      0.000
 167  172     -5.528      0.276      0.000
 166  174     -5.527     -0.894      0.000
 168  173     -5.526      6.045      0.000
 170  176     -5.519      2.676      0.000
 169  178     -5.514     -1.762      0.000
 171  175     -5.512     -6.510      0.000
 172  177     -5.499     -6.092      0.000
 173  179     -5.453     -3.106      0.000
 175  180     -5.434     -6.434      0.000
  -1   -2     -5.434      4.815      0.000
 174  182     -5.427     -4.885      0.000
 177  183     -5.405     -0.694      0.000
 176  184     -5.402     -1.245      0.000
 178  185     -5.400      5.243      0.000
 179  187     -5.364     -7.371      0.000
 180  188     -5.320      3.845      0.000
 181  189     -5.317     -2.352      0.000
 184  186     -5.312     -8.151      0.000
  -1   -2     -5.309     -8.071      0.000
 183  190     -5.284     -0.622      0.000
 186  192     -5.250      2.065      0.000
 187  193     -5.248     -3.867      0.000
 189  194     -5.085      0.128      0.000
 190  195     -5.070     -6.638      0.000
 192  196     -5.064     -3.877      0.000
 191  197     -5.059     -4.704      0.000
 193  198     -5.019     -0.108      0.000
 194  199     -5.007     -0.030      0.000
 195  200     -5.006      1.560      0.000
 197  201     -4.991      0.518      0.000
 196  203     -4.987     -4.993      0.000
 198  204     -4.961      3.987      0.000
 203  202     -4.953     -8.141      0.000
 200  205     -4.929      3.774      0.000
 202  206     -4.924      5.125      0.000
 201  208     -4.917     -3.325      0.000
 204  207     -4.914     -0.355      0.000
  -1   -2     -4.903     -4.297      0.000
 205  210     -4.872      1.592      0.000
 206  211     -4.867      8.380      0.000
 208  212     -4.853      3.897      0.000
 209  214     -4.823      0.649      0.000
 210  217     -4.812     -1.383      0.000
 213  213     -4.810     -6.875      0.000
 211  215     -4.809      1.616      0.000
 212  216     -4.808     -3.667      0.000
 214  218     -4.771      0.047      0.000
 216  219     -4.723      0.376      0.000
 215  220     -4.709     -3.341      0.000
  -1   -2     -4.696      2.687      0.000
 217  221     -4.678     -4.423      0.000
 218  222     -4.667      4.591      0.000
 219  223     -4.651      2.639      0.000
 220   -2     -4.628      3.424      0.000
 221  225     -4.605      5.785      0.000
 223  226     -4.549      2.528      0.000
 222  227     -4.543     -4.409      0.000
 224  229     -4.513     -7.202      0.000
 225  228     -4.508      2.161      0.000
 226  232     -4.476     -2.567      0.000
 228  230     -4.472      0.564      0.000
 227  233     -4.464     -5.322      0.000
 231  231     -4.454     -6.926      0.000
 229  234     -4.454     -5.195      0.000
 232  235     -4.439     -6.509      0.000
 230  236     -4.434     -1.312      0.000
 233  237     -4.398     -6.333      0.000
 234  240     -4.361     -5.516      0.000
 235  238     -4.349      3.547      0.000
 237  239     -4.343     -1.504      0.000
 238  241     -4.267      0.998      0.000
 239  242     -4.253      1.108      0.000
  -1   -2     -4.234     -0.814      0.000
 246   -2     -4.183     -4.765      0.000
  -1   -2     -4.179      7.656      0.000
 241  246     -4.178      0.528      0.000
  -1   -2     -4.166     -1.815      0.000
 242  248     -4.157      3.279      0.000
 243  247     -4.147     -0.634      0.000
 245  250     -4.072     -1.554      0.000
 244  251     -4.025      2.534      0.000
 247  256     -4.020     -4.599      0.000
 249  252     -4.018     -1.709      0.000
 250  255     -4.011      1.514      0.000
 252  254     -4.005     -7.773      0.000
 248  258     -4.001     -4.380      0.000
 251  257     -3.997      5.696      0.000
 255  259     -3.962      3.883      0.000
 253  261     -3.957     -8.290      0.000
 254  260     -3.955      2.013      0.000
 256  262     -3.893      5.208      0.000
 257  263     -3.881     -7.220      0.000
  -1  264     -3.856      2.915      0.000
 258   -2     -3.852      2.152      0.000
 259  265     -3.843      5.291      0.000
 260  267     -3.825     -4.305      0.000
 261  266     -3.824     -0.492      0.000
 262  268     -3.742     -5.503      0.000
 263  269     -3.732      7.446      0.000
 264  270     -3.729      8.242      0.000
  -1   -2     -3.707      4.833      0.000
 265   -2     -3.701     -0.669      0.000
 266  271     -3.679      8.374      0.000
 268  273     -3.605      7.772      0.000
 269  274     -3.580     -8.126      0.000
 270  276     -3.541     -1.592      0.000
 273  275     -3.524     -6.898      0.000
 271  277     -3.523     -0.355      0.000
 272  278     -3.516      6.061      0.000
 274  280     -3.492     -3.040      0.000
 275  279     -3.478      0.161      0.000
 276  281     -3.445      0.581      0.000
 277  283     -3.435      2.995      0.000
 278  285     -3.396      6.358      0.000
 281  284     -3.396      7.805      0.000
 279  286     -3.387     -3.452      0.000
 283  287     -3.322      2.259      0.000
 282  288     -3.305     -4.836      0.000
 284  290     -3.287     -4.568      0.000
 285  289     -3.279      5.440      0.000
  -1   -2     -3.243      0.862      0.000
 287  293     -3.239      6.140      0.000
 288  291     -3.233     -6.791      0.000
 289  294     -3.224      5.838      0.000
 291  295     -3.198      2.001      0.000
  -1  296     -3.192     -1.421      0.000
 292  297     -3.182     -0.325      0.000
 293  298     -3.143     -0.508      0.000
 295  299     -3.077      0.510      0.000
  -1  300     -3.062      0.406      0.000
  -1   -2     -3.059     -3.724      0.000
 296  302     -3.050      7.886      0.000
 299  303     -2.973     -1.172      0.000
 298  304     -2.968      3.053      0.000
 300  305     -2.959     -1.483      0.000
 301  306     -2.951      1.825      0.000
 303  307     -2.922      1.146      0.000
 305  308     -2.904     -8.037      0.000
 302  312     -2.890     -5.330      0.000
 304  309     -2.888     -0.941      0.000
 306  310     -2.886     -7.312      0.000
 310  311     -2.866      0.230      0.000
 307   -2     -2.861     -1.372      0.000
 308  313     -2.856      0.636      0.000
 309  314     -2.850      8.065      0.000
 313  315     -2.816      5.520      0.000
 312  317     -2.809     -4.317      0.000
 315  318     -2.783      7.978      0.000
 314  319     -2.775      7.874      0.000
 316  320     -2.762      8.320      0.000
 317   -2     -2.750     -3.515      0.000
 318  323     -2.744      4.116      0.000
 319  321     -2.743      5.503      0.000
 320  322     -2.739      6.098      0.000
 322  324     -2.700     -7.240      0.000
 321  326     -2.694      1.606      0.000
 324  325     -2.681     -5.812      0.000
  -1  327     -2.672      6.632      0.000
 327  328     -2.650      1.072      0.000
 325  329     -2.647      6.933      0.000
 326  330     -2.639      3.185      0.000
 328  331     -2.623      6.185      0.000
 329  333     -2.599     -1.603      0.000
 330  332     -2.577     -6.700      0.000
  -1  334     -2.574     -5.696      0.000
 332  335     -2.529      2.007      0.000
 331  336     -2.507     -7.099      0.000
 333   -2     -2.469     -3.130      0.000
 335  338     -2.419      4.028      0.000
 334  339     -2.415     -3.644      0.000
 337   -2     -2.251     -6.648      0.000
 338  340     -2.230     -6.564      0.000
 339  341     -2.213     -0.580      0.000
 342  343     -2.183      7.357      0.000
 341  344     -2.183     -1.765      0.000
  -1   -2     -2.139      5.028      0.000
 343  347     -2.058     -6.548      0.000
  -1   -2     -2.032      4.802      0.000
 346  348     -2.012      6.204      0.000
  -1   -2     -1.996      8.371      0.000
 345  353     -1.993      5.422      0.000
 348  351     -1.988     -2.267      0.000
 349  354     -1.982     -6.101      0.000
 351  355     -1.961     -0.157      0.000
 354  352     -1.959      0.344      0.000
 353  356     -1.946      5.239      0.000
 350  358     -1.931      3.688      0.000
 356   -2     -1.868     -2.061      0.000
 357  361     -1.868     -2.445      0.000
 358  360     -1.862      1.383      0.000
 359  362     -1.836      2.868      0.000
 360  364     -1.739      5.390      0.000
 363  366     -1.704     -8.224      0.000
 362  367     -1.703      5.026      0.000
 361  369     -1.693      1.868      0.000
  -1   -2     -1.661     -0.499      0.000
 367  370     -1.636     -7.215      0.000
 365  371     -1.624     -5.394      0.000
  -1   -2     -1.614      4.699      0.000
 369  373     -1.592      4.908      0.000
 368  374     -1.566     -4.628      0.000
  -1   -2     -1.539      4.031      0.000
 370  375     -1.466     -4.594      0.000
 371  376     -1.452      1.182      0.000
 372  378     -1.417     -1.610      0.000
 373  379     -1.383     -3.553      0.000
 374   -2     -1.373     -2.240      0.000
 376  377     -1.356      1.377      0.000
  -1   -2     -1.336     -1.512      0.000
 377  383     -1.279     -4.278      0.000
 379  382     -1.246     -7.223      0.000
 380  384     -1.112     -3.115      0.000
 381  385     -1.081     -3.534      0.000
 383  387     -1.012      0.645      0.000
 382  389     -1.004     -1.810      0.000
 384  386     -1.002      4.221      0.000
 385  388     -0.976     -6.421      0.000
 386  390     -0.927     -3.648      0.000
  -1   -2     -0.727     -2.300      0.000
 387  391     -0.716      0.890      0.000
 388  392     -0.697     -3.650      0.000
 389  395     -0.650      4.654      0.000
 390  394     -0.601     -7.476      0.000
  -1   -2     -0.574     -1.038      0.000
 391  397     -0.529     -3.685      0.000
 392  399     -0.451      0.014      0.000
 393  400     -0.408      2.741      0.000
 394   -2     -0.261     -3.812      0.000
 395  401     -0.258      4.019      0.000
 397  402     -0.144     -2.604      0.000
 398  403     -0.119     -0.207      0.000
 396  406     -0.095     -1.607      0.000
 399  405     -0.092     -4.809      0.000
 400  404     -0.090     -6.848      0.000
 401  407     -0.024     -2.892      0.000
 402  408     -0.010      1.637      0.000
 403   -2      0.086      5.548      0.000
  -1   -2      0.101      8.052      0.000
 405   -2      0.164     -7.313      0.000
 406  413      0.368     -8.196      0.000
 407  414      0.436     -2.477      0.000
 408  415      0.439     -1.403      0.000
 409  417      0.567      3.485      0.000
 410  418      0.605      3.895      0.000
 411  420      0.665     -7.018      0.000
  -1   -2      0.680      6.568      0.000
  -1   -2      0.714      7.897      0.000
 414   -2      0.760      3.302      0.000
 415  422      0.794      6.716      0.000
 416  421      0.796     -4.410      0.000
 417  423      0.884      3.892      0.000
 418  425      0.928      4.141      0.000
 422  426      0.984     -6.685      0.000
  -1   -2      0.998     -6.652      0.000
 421  429      0.999      7.339      0.000
 419   -2      1.001      1.250      0.000
 424  428      1.026      6.445      0.000
  -1   -2      1.115     -4.261      0.000
  -1  432      1.145     -2.692      0.000
 426  433      1.187      3.184      0.000
 425  439      1.229     -3.326      0.000
  -1   -2      1.245      4.721      0.000
 428  437      1.271      6.832      0.000
 429  438      1.279      1.172      0.000
 430  440      1.305      4.940      0.000
  -1   -2      1.314      6.511      0.000
  -1   -2      1.349     -3.164      0.000
  -1   -2      1.349     -0.580      0.000
 433  444      1.376      3.412      0.000
 434  448      1.402     -4.090      0.000
 436  449      1.405      1.979      0.000
 438  445      1.414     -1.338      0.000
 437  447      1.415     -6.034      0.000
 435  451      1.417     -2.907      0.000
 440  446      1.421     -8.006      0.000
 441  450      1.445      2.472      0.000
 442  452      1.503      1.717      0.000
 443  453      1.555     -7.982      0.000
 444  455      1.564     -7.118      0.000
 446  454      1.573      2.408      0.000
 447  457      1.625     -6.047      0.000
 449  456      1.630     -8.199      0.000
 448  458      1.635     -0.314      0.000
 450  459      1.644      2.089      0.000
 451  462      1.691     -0.815      0.000
 453  461      1.707      2.044      0.000
 452   -2      1.709     -6.597      0.000
 454  463      1.720     -1.154      0.000
 457  464      1.746     -7.766      0.000
 458  465      1.756     -7.242      0.000
 459   -2      1.760      6.711      0.000
 460  467      1.792     -5.577      0.000
 464  466      1.795     -6.256      0.000
 462  470      1.814      7.943      0.000
  -1  469      1.821     -2.129      0.000
 463  472      1.831     -2.457      0.000
  -1  471      1.835      1.543      0.000
 466  473      1.906     -5.147      0.000
 469  474      1.925      0.312      0.000
 467  476      1.928      3.428      0.000
 468  477      1.938     -0.881      0.000
 470  480      1.985     -4.212      0.000
 471  479      1.987     -6.244      0.000
 473  481      2.007     -7.614      0.000
 472  483      2.018      1.490      0.000
 476  486      2.073      7.036      0.000
 477  488      2.101      3.139      0.000
 478  489      2.104     -1.577      0.000
 479  487      2.108     -7.269      0.000
 480  490      2.140     -3.583      0.000
 481  491      2.181      5.925      0.000
 483  492      2.197      4.922      0.000
 482  494      2.205     -0.602      0.000
 486  498      2.256     -7.602      0.000
 485  493      2.265      1.856      0.000
 488  497      2.266      7.645      0.000
 489  500      2.273     -0.208      0.000
 490  501      2.280      8.207      0.000
 491  499      2.289      5.359      0.000
 492  502      2.305     -5.749      0.000
  -1  507      2.318      4.697      0.000
 493  506      2.373     -0.120      0.000
 494  508      2.381     -6.169      0.000
 495   -2      2.382     -7.626      0.000
 497   -2      2.384      2.787      0.000
 496   -2      2.389      4.749      0.000
 498  505      2.391      2.129      0.000
 499   -2      2.420      5.368      0.000
 500  512      2.470     -4.354      0.000
  -1   -2      2.476     -7.562      0.000
 501  511      2.480      0.347      0.000
 503  510      2.512     -7.437      0.000
 502  513      2.536     -4.453      0.000
 504  514      2.573     -4.006      0.000
 506  515      2.582      3.377      0.000
 505   -2      2.590     -4.582      0.000
 507  518      2.615     -0.200      0.000
 508  516      2.620     -3.898      0.000
 509  517      2.646     -6.058      0.000
  -1  519      2.652      0.280      0.000
 510  520      2.666     -6.628      0.000
 513  521      2.715      2.110      0.000
 515  523      2.760      4.696      0.000
 514  524      2.779     -4.620      0.000
 516  525      2.783     -5.200      0.000
 518   -2      2.809      1.914      0.000
 521  526      2.849     -1.890      0.000
 524  527      2.899     -1.088      0.000
 522  529      2.900      3.922      0.000
 525  528      2.905      1.954      0.000
 528  530      2.923     -3.337      0.000
 527  531      2.926      5.797      0.000
 530  534      3.020     -2.947      0.000
 529  535      3.031     -1.621      0.000
 531  536      3.071      2.758      0.000
 532  538      3.081     -4.556      0.000
 533   -2      3.082     -8.034      0.000
  -1  537      3.089      1.928      0.000
 536  539      3.128     -0.814      0.000
 534  541      3.129      6.071      0.000
  -1  540      3.131      6.007      0.000
 535  543      3.138     -5.308      0.000
 537   -2      3.146     -8.077      0.000
 539  542      3.152      3.016      0.000
 538  545      3.169      0.885      0.000
 541  546      3.181      8.278      0.000
 540  548      3.186     -4.721      0.000
 543  544      3.190     -1.040      0.000
 542  547      3.202      0.773      0.000
 546  549      3.265     -5.980      0.000
 548  550      3.277     -6.663      0.000
 544  552      3.279     -4.696      0.000
 545  553      3.281     -2.891      0.000
 547  551      3.282     -2.458      0.000
 550  554      3.320     -7.572      0.000
 551  556      3.350     -5.292      0.000
 552  557      3.371      6.649      0.000
 553  576      3.389     -4.064      0.000
  -1  559      3.397      1.276      0.000
 554  558      3.401      5.229      0.000
 555  560      3.419      2.643      0.000
 557  561      3.433     -5.796      0.000
 556  562      3.439      5.819      0.000
  -1   -2      3.440     -7.928      0.000
 559  563      3.462     -0.533      0.000
 560  564      3.465     -6.554      0.000
 561  566      3.534      5.019      0.000
 565  565      3.545     -0.853      0.000
 562  567      3.546     -2.027      0.000
 564  569      3.556     -0.045      0.000
 563  571      3.557      1.018      0.000
 568  568      3.558     -1.151      0.000
 566  570      3.568     -2.625      0.000
 569  572      3.578      4.054      0.000
 567  574      3.591     -3.645      0.000
 571  573      3.593      3.196      0.000
 572   -2      3.615     -7.642      0.000
 573  577      3.645      7.902      0.000
 577  578      3.682     -5.773      0.000
 575  580      3.685     -0.617      0.000
 576  579      3.689     -2.921      0.000
 574  581      3.694      0.896      0.000
 578  583      3.711     -3.068      0.000
 580  582      3.711     -1.393      0.000
 582  584      3.727      7.703      0.000
 581  587      3.747     -4.234      0.000
  -1   -2      3.750      3.715      0.000
 583  585      3.756      4.934      0.000
 585  586      3.762     -7.669      0.000
 586  588      3.771      5.242      0.000
 587  589      3.790      1.743      0.000
 588  590      3.815     -1.930      0.000
 589  591      3.842      3.010      0.000
 591  594      3.879     -0.180      0.000
 592  595      3.899      3.141      0.000
 594  596      3.906     -7.887      0.000
 595  599      3.948     -0.801      0.000
 596  600      3.958     -1.171      0.000
 597  601      3.977      4.917      0.000
 598  602      3.986      8.108      0.000
 599  603      4.051     -1.149      0.000
  -1  604      4.072      0.146      0.000
 600  605      4.073     -7.272      0.000
 601  607      4.092      0.564      0.000
 602  606      4.108     -6.051      0.000
 604  608      4.132     -4.622      0.000
 606  609      4.144     -5.991      0.000
 607  611      4.161     -4.282      0.000
 609  612      4.174      2.175      0.000
 610  613      4.183     -6.771      0.000
  -1  614      4.187      4.730      0.000
 611  615      4.192     -2.035      0.000
 612  616      4.212     -7.915      0.000
 614  617      4.236     -1.824      0.000
 613  619      4.252     -4.364      0.000
 615  618      4.261     -4.108      0.000
 616  620      4.291      8.344      0.000
 618  621      4.315     -1.624      0.000
 617  622      4.321     -4.496      0.000
 619  623      4.347      2.198      0.000
 620  624      4.370      4.657      0.000
  -1   -2      4.393     -7.004      0.000
 621  625      4.399      7.806      0.000
 624  628      4.432      4.825      0.000
 623  629      4.434     -1.022      0.000
 622  630      4.436      3.031      0.000
 625   -2      4.437      4.437      0.000
 626  631      4.448      8.024      0.000
 628  633      4.468      0.061      0.000
 629  632      4.470      6.365      0.000
 631  634      4.483     -7.125      0.000
 632  636      4.503     -4.685      0.000
 634  637      4.532     -2.735      0.000
 635  639      4.541      1.868      0.000
 638  641      4.550      3.345      0.000
 636  642      4.560     -1.462      0.000
 637  643      4.570      2.680      0.000
 640  644      4.585      0.076      0.000
 639  646      4.594      0.631      0.000
 641  645      4.614      2.876      0.000
 642  647      4.628      2.632      0.000
 643  648      4.658     -5.201      0.000
 644  649      4.675     -3.373      0.000
 645  650      4.703      0.541      0.000
 646  651      4.721      3.078      0.000
 647  652      4.747      8.333      0.000
  -1  635      4.751     -4.205      0.000
  -1   -2      4.769     -8.018      0.000
 648  654      4.802     -3.641      0.000
 649  655      4.830     -7.670      0.000
 650  657      4.877      5.121      0.000
 651  656      4.877     -5.227      0.000
 654  658      4.890      1.082      0.000
 653  659      4.897      5.251      0.000
 652  661      4.898      3.624      0.000
 655  660      4.901      1.538      0.000
  -1   -2      4.915      0.329      0.000
 657  662      4.928     -6.528      0.000
 658  664      4.964     -4.928      0.000
 656   -2      5.003     -2.899      0.000
 659   -2      5.008     -3.457      0.000
 660   -2      5.018      8.096      0.000
 661  668      5.030     -5.773      0.000
  -1   -2      5.031     -8.227      0.000
  -1  667      5.038      7.960      0.000
  -1   -2      5.051     -3.985      0.000
 662  670      5.058      2.026      0.000
 663  671      5.062      7.210      0.000
 664  672      5.068      6.930      0.000
 665  673      5.161     -5.810      0.000
 666  675      5.175      6.438      0.000
 667  676      5.179      6.844      0.000
 668  677      5.190     -3.015      0.000
 669  678      5.216      1.600      0.000
 670  679      5.251      7.078      0.000
 671  681      5.278      2.423      0.000
 673  680      5.288     -6.963      0.000
 672   -2      5.293      2.600      0.000
  -1   -2      5.301     -4.464      0.000
 674  682      5.304     -7.655      0.000
  -1  684      5.329     -7.757      0.000
 675  685      5.340      5.821      0.000
 676  686      5.346     -2.875      0.000
 677   -2      5.375     -0.085      0.000
 678  688      5.422      2.011      0.000
 679  687      5.424     -6.627      0.000
 680  689      5.440      6.057      0.000
 681  690      5.444      1.405      0.000
  -1   -2      5.459     -5.127      0.000
 682  692      5.462     -7.891      0.000
 683  693      5.510      2.070      0.000
 684  694      5.521      4.502      0.000
 685  695      5.586     -8.237      0.000
 686  696      5.601      6.984      0.000
 687  697      5.617      3.948      0.000
 689  698      5.629     -5.815      0.000
 688  699      5.633     -0.635      0.000
 690  700      5.656     -3.146      0.000
 691  701      5.666     -5.461      0.000
 692  702      5.710      4.615      0.000
 693  703      5.740     -2.433      0.000
 694  704      5.781     -0.980      0.000
 695  705      5.792      1.782      0.000
 697  706      5.840     -6.346      0.000
 698  707      5.840     -6.452      0.000
 696  708      5.842     -7.973      0.000
 699  710      5.855      2.006      0.000
 700  711      5.857      5.079      0.000
 701  709      5.857     -7.315      0.000
 702  712      5.862     -8.394      0.000
 703  713      5.867     -0.742      0.000
  -1  714      5.932     -4.128      0.000
 704  715      5.940     -5.282      0.000
 705  716      5.949      2.751      0.000
 706  717      5.961     -6.137      0.000
 707  718      5.982     -4.319      0.000
  -1  720      5.997     -1.709      0.000
 710  721      6.005      4.659      0.000
  -1   -2      6.006     -5.426      0.000
 709  722      6.008     -3.028      0.000
 711  723      6.030     -0.462      0.000
 712  724      6.116      1.724      0.000
 714  726      6.130     -6.603      0.000
 715  727      6.156      3.882      0.000
 716  728      6.164     -4.206      0.000
 717  729      6.177      3.215      0.000
 718  730      6.182      0.310      0.000
 719  731      6.203     -6.461      0.000
 720  732      6.249      7.281      0.000
 721  733      6.253     -2.118      0.000
 722  735      6.264     -2.911      0.000
 723  734      6.264     -6.506      0.000
  -1  736      6.321      1.982      0.000
 724  737      6.340      2.388      0.000
 726   -2      6.359     -2.901      0.000
 725  738      6.361     -4.253      0.000
 727  739      6.376      7.029      0.000
 728  740      6.417     -4.868      0.000
 729  741      6.449     -5.937      0.000
 730  742      6.469     -5.309      0.000
  -1   -2      6.471      4.126      0.000
 731  743      6.488      5.516      0.000
 732  746      6.519     -1.295      0.000
 733  745      6.520      4.686      0.000
 734  747      6.542     -6.033      0.000
 736  748      6.558      2.151      0.000
 737  749      6.596      2.894      0.000
 738  750      6.596     -5.116      0.000
 739  751      6.612     -5.307      0.000
 740  752      6.628     -6.190      0.000
 741  753      6.649      5.660      0.000
 742  754      6.652     -5.482      0.000
 743  755      6.693      6.599      0.000
 744   -2      6.695      0.455      0.000
 745  756      6.705      3.207      0.000
 746  757      6.709     -1.867      0.000
 747  759      6.724     -6.024      0.000
 748  760      6.733      3.324      0.000
 749  761      6.733      2.079      0.000
 750   -2      6.762     -3.784      0.000
  -1  762      6.764     -0.551      0.000
 752  763      6.781     -0.752      0.000
 753  765      6.815     -4.748      0.000
 754  764      6.827     -7.935      0.000
 755  766      6.864      3.642      0.000
 757  767      6.885     -0.892      0.000
 759  768      6.897     -0.064      0.000
 758  770      6.912      6.195      0.000
 760  769      6.914     -0.666      0.000
 762  771      6.945      0.455      0.000
 764  772      6.965     -6.566      0.000
 765  773      6.977     -5.768      0.000
 766  774      6.979     -8.414      0.000
 767  775      6.987      3.440      0.000
  -1  776      6.994      2.271      0.000
 769  778      7.016      2.069      0.000
 770  777      7.020     -5.968      0.000
 771  779      7.025     -4.011      0.000
 772  780      7.043     -8.326      0.000
 773  782      7.108     -6.133      0.000
 774  783      7.122      7.559      0.000
 776  784      7.142      6.536      0.000
 777  785      7.176      0.216      0.000
 778  786      7.176     -3.948      0.000
 779  787      7.227     -4.377      0.000
 781  790      7.233      4.392      0.000
 783  792      7.258      6.757      0.000
 784  794      7.285      5.644      0.000
 785  795      7.296     -0.129      0.000
 786  796      7.341      3.565      0.000
  -1   -2      7.343     -6.364      0.000
 788  797      7.348      1.436      0.000
 789   -2      7.354     -0.664      0.000
 790  798      7.393      2.087      0.000
 791  799      7.412     -5.719      0.000
 792  800      7.463      4.798      0.000
 793  802      7.473      5.291      0.000
 794  803      7.480      4.442      0.000
 795  804      7.502     -2.881      0.000
 796  805      7.522     -8.303      0.000
 797  806      7.526     -1.526      0.000
 798  807      7.548      1.278      0.000
 799  808      7.580      4.771      0.000
 800  809      7.591      1.769      0.000
 801  810      7.608      2.298      0.000
 803  811      7.681      7.752      0.000
 804  812      7.689     -7.856      0.000
 802  813      7.693     -8.115      0.000
 805  814      7.745      8.268      0.000
  -1  817      7.774      1.649      0.000
 807  818      7.803     -0.837      0.000
 808  819      7.817      6.744      0.000
 809  821      7.867     -4.981      0.000
 810  822      7.877     -2.979      0.000
 811  823      7.892     -2.090      0.000
  -1  824      7.964     -6.753      0.000
 813  825      7.967     -6.833      0.000
 814  827      7.973     -0.417      0.000
 815  826      7.972      7.164      0.000
 817  828      7.986     -1.175      0.000
 816  829      7.986     -5.610      0.000
 818  830      8.003      1.042      0.000
 819  831      8.006     -7.566      0.000
 821  833      8.053      4.400      0.000
 822  834      8.067      3.179      0.000
 823   -2      8.081      3.145      0.000
 824  835      8.086     -4.749      0.000
 825  836      8.106     -0.219      0.000
 826  837      8.110     -4.509      0.000
 827  838      8.156      2.520      0.000
 829   -2      8.158      3.249      0.000
 828  839      8.159      4.628      0.000
 831  840      8.180     -6.286      0.000
 833  841      8.194      4.812      0.000
 835  843      8.226     -6.008      0.000
 836  844      8.231     -3.378      0.000
 837  845      8.235      7.276      0.000
 838  846      8.269     -1.876      0.000
 839  847      8.270     -7.311      0.000
  -1  848      8.299      5.280      0.000
 840  849      8.305     -4.372      0.000
 841  851      8.319      7.046      0.000
 842  850      8.321      1.355      0.000
 843  852      8.340      7.597      0.000
 844  853      8.345      8.202      0.000
 845  854      8.365     -8.189      0.000
 846  855      8.371     -0.145      0.000
 847  856      8.374      0.687      0.000
 848  857      8.385     -4.614      0.000
 849  858      8.402      1.109      0.000
  -1   -2      8.409     -2.458      0.000
