846
   0    0     -8.397     -0.894      0.000
   1    1     -8.394      7.543      0.000
   2    2     -8.379     -6.879      0.000
   3    3     -8.355     -3.300      0.000
   4    4     -8.352     -8.147      0.000
   5    5     -8.324     -4.621      0.000
   6    6     -8.284      1.213      0.000
   7    7     -8.272      0.548      0.000
   8    8     -8.268     -1.575      0.000
   9    9     -8.265      6.854      0.000
  10   10     -8.244     -8.246      0.000
  11   11     -8.212      4.237      0.000
  12   12     -8.210     -7.925      0.000
  13   13     -8.183      1.551      0.000
  14   15     -8.164      4.427      0.000
  15   16     -8.158     -3.033      0.000
  16   17     -8.122      6.499      0.000
  17   18     -8.101      2.626      0.000
  19   20     -8.060      1.356      0.000
  20   21     -8.037     -7.392      0.000
  -1   -2     -8.037     -0.836      0.000
  21   22     -8.023      2.244      0.000
  22   23     -8.002     -6.243      0.000
  23   24     -7.989      6.575      0.000
  24   25     -7.960     -3.811      0.000
  25   26     -7.925      5.666      0.000
  26   27     -7.898     -0.953      0.000
  27   28     -7.874      0.825      0.000
  28   29     -7.869      2.331      0.000
  29   30     -7.863     -0.173      0.000
  30   32     -7.845      4.093      0.000
  31   33     -7.817      7.184      0.000
  32   34     -7.813      3.874      0.000
  34   35     -7.796     -6.153      0.000
  33   36     -7.796     -4.831      0.000
  35   37     -7.786      4.999      0.000
  36   38     -7.785      2.493      0.000
  38   39     -7.758     -6.243      0.000
  37   40     -7.758     -2.745      0.000
  39   41     -7.749     -5.128      0.000
  40   42     -7.745     -6.719      0.000
  41   43     -7.739      1.981      0.000
  42   44     -7.737      7.147      0.000
  44   45     -7.737      5.244      0.000
  43   46     -7.735     -4.621      0.000
  45   47     -7.697     -0.679      0.000
  46   48     -7.676      7.125      0.000
  47   49     -7.663      6.654      0.000
  -1   50     -7.604      4.954      0.000
  48   51     -7.582     -6.883      0.000
  49   52     -7.530      8.232      0.000
  50   53     -7.519      0.005      0.000
  51   54     -7.514     -0.689      0.000
  52   55     -7.504     -5.427      0.000
  53   56     -7.481     -1.098      0.000
  54   57     -7.468      7.996      0.000
  55   58     -7.466      3.626      0.000
  58   59     -7.387      3.688      0.000
  59   60     -7.384      3.983      0.000
  57   61     -7.383     -1.429      0.000
  60   62     -7.362      1.733      0.000
  61   63     -7.353     -6.188      0.000
  62   64     -7.341      2.319      0.000
  63   65     -7.311     -5.077      0.000
  64   66     -7.307     -5.392      0.000
  65   67     -7.299      3.862      0.000
  66   68     -7.294      5.399      0.000
  67   69     -7.264     -8.373      0.000
  68   -2     -7.264      0.105      0.000
  69   70     -7.235      3.248      0.000
  70   72     -7.229      6.148      0.000
  71   73     -7.197     -7.528      0.000
  72   75     -7.162      7.652      0.000
  73   76     -7.146     -7.736      0.000
  74   77     -7.146      6.090      0.000
  75   79     -7.140      4.745      0.000
  76   78     -7.139      4.049      0.000
  77   80     -7.120      7.297      0.000
  78   81     -7.109     -2.409      0.000
  79   82     -7.107      7.466      0.000
  80   83     -7.079      4.993      0.000
  81   84     -7.032     -5.412      0.000
  82   86     -6.998      0.027      0.000
  84   85     -6.997     -6.769      0.000
  83   87     -6.997      1.963      0.000
  85   88     -6.985     -6.580      0.000
  87   89     -6.969      4.335      0.000
  86   90     -6.968     -6.623      0.000
  88   91     -6.957     -2.399      0.000
  89   92     -6.943      5.118      0.000
  90   93     -6.936     -0.385      0.000
  91   94     -6.911     -2.690      0.000
  92   95     -6.904      5.419      0.000
  93   98     -6.881      2.900      0.000
  -1   -2     -6.878     -1.743      0.000
  94  100     -6.876     -0.827      0.000
  95  101     -6.872     -6.449      0.000
  96  102     -6.842     -1.210      0.000
  97  103     -6.831      7.552      0.000
  98  104     -6.825     -7.494      0.000
  99  105     -6.780      1.306      0.000
 100  106     -6.778     -5.429      0.000
 101  107     -6.749      2.414      0.000
 102  108     -6.726      7.621      0.000
 103  109     -6.715      3.570      0.000
 104  110     -6.701      4.299      0.000
 105  112     -6.666      1.671      0.000
 106  113     -6.664      1.353      0.000
 107  114     -6.625      2.378      0.000
 108  115     -6.622      3.545      0.000
 109  116     -6.587      5.777      0.000
 110  117     -6.572      6.977      0.000
 111  118     -6.561     -4.348      0.000
 112  119     -6.547     -6.350      0.000
 113  120     -6.510     -6.234      0.000
 114  121     -6.498      7.618      0.000
 115  122     -6.496      3.060      0.000
 116  123     -6.465     -4.768      0.000
 117  124     -6.403      0.142      0.000
 119  125     -6.369     -7.847      0.000
 118   -2     -6.367     -6.606      0.000
 120  126     -6.361      4.881      0.000
 121  128     -6.322      8.135      0.000
 122  129     -6.313     -0.495      0.000
 123  130     -6.303      6.412      0.000
 124  131     -6.281     -5.825      0.000
 125  132     -6.262      0.098      0.000
 126  133     -6.245      0.330      0.000
 127  135     -6.219     -1.654      0.000
 128  136     -6.212      0.984      0.000
 129  138     -6.193      2.499      0.000
 131  139     -6.158      4.882      0.000
 132  140     -6.155      3.373      0.000
 133  142     -6.148     -5.248      0.000
 135  143     -6.145     -7.629      0.000
 134  144     -6.145      2.736      0.000
  -1   -2     -6.123     -7.501      0.000
 136  146     -6.090      1.237      0.000
 137  145     -6.089      7.354      0.000
 138  147     -6.085     -7.125      0.000
 140  149     -6.060      6.283      0.000
 141  150     -6.045     -1.078      0.000
 142  151     -6.041      3.710      0.000
 143  152     -6.007      7.849      0.000
 144  154     -6.001     -7.685      0.000
 146  155     -5.966      2.483      0.000
  -1  156     -5.956     -4.632      0.000
 147  157     -5.950      3.084      0.000
 148  158     -5.941      6.811      0.000
 149  159     -5.927     -0.467      0.000
 151  160     -5.899      4.865      0.000
 150  161     -5.897     -7.342      0.000
  -1   -2     -5.876     -6.121      0.000
 152  162     -5.875     -5.864      0.000
 153  163     -5.849     -0.034      0.000
 154  164     -5.821      4.704      0.000
 155  166     -5.809     -1.650      0.000
 156  165     -5.804      0.608      0.000
 157  167     -5.788     -1.888      0.000
 158  168     -5.759     -5.826      0.000
  -1  169     -5.757     -4.579      0.000
 160  170     -5.682      7.409      0.000
 159  171     -5.682     -4.129      0.000
 161  172     -5.669      1.909      0.000
 162  173     -5.649      5.751      0.000
 163  174     -5.631      0.738      0.000
 165  175     -5.582      7.238      0.000
 166  176     -5.575     -0.890      0.000
 167  177     -5.565     -1.773      0.000
 168  178     -5.554     -2.509      0.000
 170  179     -5.547      0.274      0.000
 169   -2     -5.546      6.041      0.000
 171  180     -5.523      2.667      0.000
 173  181     -5.505     -7.722      0.000
 172  182     -5.497     -3.117      0.000
 174  183     -5.490     -4.930      0.000
 175  184     -5.456      4.804      0.000
 176  185     -5.451     -0.688      0.000
 177  186     -5.431     -6.512      0.000
 178  187     -5.431     -1.311      0.000
 179  189     -5.426      5.233      0.000
 180  188     -5.420     -6.300      0.000
 181  190     -5.411     -8.293      0.000
 182  191     -5.329      3.823      0.000
  -1  193     -5.324     -4.516      0.000
 184  192     -5.323     -3.045      0.000
 183  194     -5.318     -0.612      0.000
 185   -2     -5.313     -2.421      0.000
 186  195     -5.262      2.064      0.000
 187  196     -5.247     -3.816      0.000
 189  199     -5.142     -4.684      0.000
 194  197     -5.120     -8.350      0.000
 190  200     -5.111     -6.675      0.000
 192  203     -5.096     -3.902      0.000
 191  201     -5.094      0.131      0.000
 193  202     -5.087     -1.733      0.000
 196  204     -5.078     -7.958      0.000
 195   -2     -5.063     -5.096      0.000
  -1   -2     -5.059     -8.403      0.000
 198  206     -5.059     -0.093      0.000
 197  207     -5.057     -4.832      0.000
  -1   -2     -5.048      7.292      0.000
 200  208     -5.025     -0.022      0.000
 201  209     -5.023      1.563      0.000
 202  210     -5.011      0.525      0.000
 204  211     -4.964      3.946      0.000
 203  212     -4.958      5.120      0.000
 206  213     -4.942      3.749      0.000
 205  214     -4.941     -0.339      0.000
  -1  215     -4.916     -4.210      0.000
 207  216     -4.911     -3.380      0.000
 208  218     -4.893      8.380      0.000
  -1  220     -4.884      0.825      0.000
 209  221     -4.878      8.225      0.000
 211  222     -4.867     -1.350      0.000
 212  224     -4.853      0.667      0.000
 214  223     -4.844      3.846      0.000
 213  225     -4.837     -3.269      0.000
 215  226     -4.824     -4.367      0.000
 216  227     -4.792      0.064      0.000
 217  228     -4.777     -3.495      0.000
 218  229     -4.757      0.395      0.000
 219  231     -4.727     -4.332      0.000
 220  230     -4.704      4.540      0.000
  -1  235     -4.687      2.701      0.000
 221   -2     -4.685     -4.357      0.000
 223  233     -4.678      3.566      0.000
 224   -2     -4.654      2.644      0.000
 228  232     -4.653     -8.197      0.000
 222  239     -4.648     -5.116      0.000
 229  234     -4.643     -6.724      0.000
 225  236     -4.638      5.787      0.000
 226  238     -4.635      2.171      0.000
 227  237     -4.633      3.402      0.000
 230  240     -4.581     -7.026      0.000
 231  241     -4.565      2.524      0.000
 233  242     -4.552     -4.958      0.000
 232  244     -4.547     -5.289      0.000
 235  243     -4.510     -3.013      0.000
 234  246     -4.502      2.164      0.000
 236  247     -4.477      0.603      0.000
 237  248     -4.460     -6.335      0.000
 238  249     -4.452     -6.191      0.000
 239  250     -4.364      3.511      0.000
 240  251     -4.318      1.064      0.000
  -1   -2     -4.315     -0.743      0.000
 241  252     -4.279      1.041      0.000
 243  253     -4.232      0.584      0.000
 244  254     -4.198     -4.524      0.000
  -1   -2     -4.181     -4.597      0.000
 245  255     -4.176     -4.300      0.000
 246  256     -4.138      3.319      0.000
 249  257     -4.127     -6.701      0.000
 248  260     -4.107     -1.385      0.000
 247  261     -4.107     -4.566      0.000
 250  259     -4.100      2.605      0.000
 252  258     -4.074     -6.577      0.000
 251  263     -4.043      5.728      0.000
 254  264     -4.030      1.579      0.000
 253   -2     -4.029      3.231      0.000
 255  265     -4.013      2.051      0.000
 257  268     -3.996     -1.575      0.000
 258  266     -3.989     -8.248      0.000
 260  269     -3.963      4.070      0.000
 259  271     -3.953     -4.212      0.000
 262  270     -3.944     -7.523      0.000
 264  273     -3.910      5.330      0.000
 266  275     -3.822      2.164      0.000
 267  277     -3.793     -7.774      0.000
 268  278     -3.756      8.270      0.000
  -1  281     -3.725     -7.800      0.000
 269  280     -3.722     -2.259      0.000
 270  282     -3.699      0.399      0.000
 271  283     -3.641      7.808      0.000
 272  284     -3.634     -1.430      0.000
 273  285     -3.613     -0.232      0.000
 275  286     -3.605     -3.816      0.000
 276  290     -3.510     -4.708      0.000
 279  288     -3.508      8.162      0.000
 278  289     -3.503      0.676      0.000
 277  293     -3.499     -4.466      0.000
 280  291     -3.498     -3.235      0.000
 281  296     -3.463      6.377      0.000
 282  295     -3.461     -1.597      0.000
 283  297     -3.445     -7.648      0.000
 286  299     -3.388      0.603      0.000
 284  300     -3.387      7.823      0.000
 288  298     -3.384     -6.434      0.000
 289  301     -3.343      0.031      0.000
 292  302     -3.316      2.480      0.000
 290  303     -3.315      5.444      0.000
 293  304     -3.304      4.373      0.000
 291   -2     -3.304     -2.201      0.000
 294  307     -3.274     -0.174      0.000
 295  306     -3.269      6.211      0.000
 296  305     -3.249     -8.172      0.000
  -1   -2     -3.214     -3.589      0.000
 297  309     -3.198      2.299      0.000
 298  311     -3.158     -2.918      0.000
 299  310     -3.153     -6.382      0.000
 300  312     -3.146      1.744      0.000
 301  313     -3.107      3.829      0.000
 302  315     -3.064      2.179      0.000
 304  314     -3.060      7.941      0.000
 303  316     -3.050     -5.087      0.000
 305  317     -3.043     -2.859      0.000
 306  318     -3.036      3.060      0.000
 307  321     -3.023     -1.071      0.000
 308  319     -3.014     -0.770      0.000
 310  320     -3.000     -2.008      0.000
 309  322     -2.987     -1.142      0.000
 311  325     -2.940     -4.699      0.000
 313  326     -2.902     -0.550      0.000
 314  328     -2.887     -6.797      0.000
 315  329     -2.847     -1.252      0.000
 317   -2     -2.840     -0.563      0.000
 318  331     -2.798     -3.109      0.000
 320  333     -2.779     -3.447      0.000
 319  334     -2.778     -2.973      0.000
 321  332     -2.770     -0.257      0.000
 322   -2     -2.760      8.162      0.000
  -1   -2     -2.741      2.662      0.000
 323  338     -2.738      7.132      0.000
 324  336     -2.722      6.706      0.000
 325  335     -2.721      5.785      0.000
 326  340     -2.704     -6.643      0.000
 328  342     -2.671      3.367      0.000
 329  341     -2.662      8.206      0.000
 332  343     -2.622      7.928      0.000
 330  345     -2.613      6.525      0.000
 331  344     -2.613     -5.292      0.000
 336  349     -2.548     -1.058      0.000
 337  348     -2.548     -8.100      0.000
 334  350     -2.545     -3.152      0.000
 338  354     -2.511      0.052      0.000
 339  352     -2.511     -5.027      0.000
 340  351     -2.500      0.760      0.000
 341  353     -2.486      1.519      0.000
 342  355     -2.462     -4.045      0.000
 343  356     -2.437      2.455      0.000
 344  357     -2.380     -0.309      0.000
 345  358     -2.322      0.411      0.000
 346  359     -2.303     -3.010      0.000
 347  362     -2.233     -5.147      0.000
 351  361     -2.219      6.024      0.000
 350  363     -2.217      5.335      0.000
 348  364     -2.216      0.538      0.000
 349  365     -2.203     -3.729      0.000
 353  367     -2.172     -5.754      0.000
 354  368     -2.150     -2.822      0.000
  -1  366     -2.136      0.416      0.000
 355  371     -2.112      4.531      0.000
 359  370     -2.084     -5.836      0.000
 358  372     -2.077      5.757      0.000
 357   -2     -2.048     -2.828      0.000
 360  374     -2.048     -1.637      0.000
 362  373     -2.040     -0.118      0.000
  -1  376     -2.032     -2.142      0.000
 363   -2     -2.003     -7.559      0.000
  -1  375     -2.002      8.111      0.000
 365  377     -1.959      1.049      0.000
 364  378     -1.956      5.726      0.000
  -1   -2     -1.885     -5.707      0.000
 366  380     -1.873      6.183      0.000
 368  382     -1.809     -0.795      0.000
 371  384     -1.745      5.784      0.000
  -1   -2     -1.741      2.352      0.000
 370  385     -1.728      2.584      0.000
 373  383     -1.726      0.806      0.000
 369  387     -1.712      6.001      0.000
  -1   -2     -1.710      3.326      0.000
 375  388     -1.657      1.399      0.000
  -1   -2     -1.612      1.033      0.000
 376   -2     -1.602     -8.099      0.000
 380   -2     -1.571      2.488      0.000
 378  390     -1.554     -0.851      0.000
 382  392     -1.497     -2.610      0.000
 381  393     -1.494     -3.483      0.000
 384  394     -1.451      2.060      0.000
 385  396     -1.367     -5.910      0.000
 386  395     -1.366     -6.810      0.000
 387  397     -1.335     -7.639      0.000
  -1   -2     -1.318     -0.631      0.000
 389  399     -1.291      2.168      0.000
  -1  400     -1.281     -0.817      0.000
 390   -2     -1.249     -2.513      0.000
 391  401     -1.171     -2.986      0.000
 392  403     -1.058      2.696      0.000
 393  404     -0.900     -1.991      0.000
 394  405     -0.898      5.581      0.000
 395   -2     -0.875     -8.422      0.000
 397  407     -0.820     -5.388      0.000
 396  408     -0.805      6.687      0.000
 398  411     -0.744     -7.330      0.000
 399  410     -0.734     -5.391      0.000
 402  409     -0.720     -6.304      0.000
 401  412     -0.694      6.105      0.000
 400  413     -0.694     -3.645      0.000
  -1   -2     -0.658     -2.289      0.000
 405   -2     -0.657     -5.405      0.000
 404  415     -0.633     -1.344      0.000
 406  416     -0.504     -7.071      0.000
 409  417     -0.476     -8.034      0.000
 407  419     -0.471     -4.388      0.000
 408  420     -0.448     -2.301      0.000
 411  421     -0.258      1.438      0.000
 412  423     -0.188     -3.505      0.000
  -1   -2     -0.185      2.499      0.000
 410   -2     -0.109     -8.360      0.000
  -1   -2     -0.080     -8.134      0.000
 417  424     -0.067      3.044      0.000
 418  426     -0.046     -5.980      0.000
  -1   -2     -0.040      1.268      0.000
 419  427     -0.026     -1.416      0.000
 420  428      0.287     -5.475      0.000
 421  429      0.464     -6.810      0.000
 422  430      0.487     -6.290      0.000
 425  432      0.625      4.823      0.000
  -1  431      0.630     -1.323      0.000
 424  433      0.630      8.104      0.000
 423  435      0.650     -4.986      0.000
 426  434      0.670     -6.321      0.000
  -1  436      0.678     -3.332      0.000
 427  437      0.723     -1.620      0.000
 429  438      0.755      2.657      0.000
 430  439      0.894      1.708      0.000
 432  440      0.937     -6.869      0.000
 431  441      0.952      7.199      0.000
 433  444      1.031      5.137      0.000
 434  443      1.031     -5.154      0.000
  -1   -2      1.034     -5.490      0.000
 435   -2      1.128      5.159      0.000
 436  447      1.163     -7.440      0.000
 442  448      1.229     -6.180      0.000
 440  450      1.229     -7.171      0.000
 441  452      1.234      5.893      0.000
 439  453      1.239     -3.469      0.000
 445  451      1.261      7.044      0.000
 438  455      1.276     -2.405      0.000
 443  445      1.278     -4.516      0.000
 446  454      1.290     -0.088      0.000
  -1   -2      1.328     -0.355      0.000
 450  456      1.357      4.093      0.000
 449  458      1.379     -4.184      0.000
 453  457      1.418      3.569      0.000
 452  459      1.431     -1.066      0.000
 454  462      1.456      2.594      0.000
 455  460      1.468      5.993      0.000
 456  463      1.476      7.461      0.000
 458  461      1.481      1.983      0.000
 457   -2      1.514      1.439      0.000
 459  464      1.535     -5.406      0.000
 462  465      1.561     -3.647      0.000
 460  468      1.577      3.776      0.000
 463  466      1.584     -6.440      0.000
  -1  469      1.589     -4.634      0.000
 464  467      1.593     -0.698      0.000
 465  470      1.683     -7.521      0.000
 468  473      1.715      4.866      0.000
 467   -2      1.715     -0.391      0.000
 466  478      1.737     -2.983      0.000
 470  475      1.748      0.275      0.000
 471  480      1.792     -4.940      0.000
 473  481      1.813     -5.438      0.000
 474  479      1.814      2.823      0.000
 475  482      1.823      5.568      0.000
 472  483      1.853     -0.463      0.000
 477  485      1.919     -7.078      0.000
 476  487      1.923     -3.609      0.000
 478  486      1.932     -0.280      0.000
 479  488      1.940     -5.087      0.000
  -1   -2      1.958      0.925      0.000
 480  494      1.993      3.390      0.000
 482  489      1.998     -5.605      0.000
 481  493      2.004      1.981      0.000
 483  490      2.007     -7.965      0.000
 484  492      2.016      3.788      0.000
 485   -2      2.024      0.139      0.000
 487  496      2.055      6.007      0.000
 488  497      2.058     -2.025      0.000
  -1  499      2.083      6.060      0.000
 486  504      2.090     -1.663      0.000
 492  498      2.092     -7.349      0.000
 490  500      2.094     -1.028      0.000
 491  501      2.095      7.261      0.000
 494  503      2.112      5.689      0.000
 489   -2      2.116      3.829      0.000
 493  505      2.123      0.477      0.000
 496  510      2.249     -4.851      0.000
 497  512      2.260      4.134      0.000
  -1  509      2.262     -8.358      0.000
  -1  507      2.264      8.384      0.000
 500  511      2.268      5.034      0.000
 501  513      2.288      5.762      0.000
 499  514      2.290     -8.224      0.000
  -1   -2      2.297      6.253      0.000
 502  515      2.310     -5.758      0.000
 503  517      2.336     -3.773      0.000
 506  516      2.353      5.501      0.000
 505   -2      2.382     -2.304      0.000
 512  518      2.399     -5.297      0.000
 507  520      2.405      5.498      0.000
 509  523      2.455      0.461      0.000
 510  524      2.488     -4.118      0.000
 514  525      2.520      2.788      0.000
 511  526      2.523     -3.666      0.000
 513  527      2.549      3.760      0.000
 518  529      2.569      6.738      0.000
 517  528      2.570      3.664      0.000
 515  530      2.575     -2.271      0.000
 516  531      2.581     -3.584      0.000
  -1  533      2.661      1.285      0.000
  -1  534      2.673      2.424      0.000
  -1   -2      2.696     -2.481      0.000
 521  535      2.697      7.359      0.000
  -1   -2      2.734      4.295      0.000
 523  538      2.763     -5.822      0.000
 525  539      2.801     -6.344      0.000
 524  540      2.801     -0.096      0.000
 526  542      2.812      2.094      0.000
 527  543      2.835      4.926      0.000
 528  545      2.877     -6.993      0.000
 529  544      2.878     -1.758      0.000
 530  546      2.895      4.334      0.000
  -1  547      2.914     -1.490      0.000
 532  548      2.964     -0.953      0.000
 533  549      2.973      2.037      0.000
 534  550      2.985      5.542      0.000
 535  551      3.043      2.874      0.000
 544  552      3.095     -5.187      0.000
 536  554      3.110      6.112      0.000
 531  553      3.121     -2.751      0.000
 537   -2      3.136     -7.561      0.000
 538  556      3.143     -7.647      0.000
  -1  555      3.144      5.577      0.000
 539  557      3.150      6.035      0.000
  -1   -2      3.164     -4.636      0.000
 540   -2      3.189     -0.749      0.000
 541  560      3.196      8.258      0.000
  -1  561      3.215      0.874      0.000
 542   -2      3.237     -5.648      0.000
 543  562      3.256      2.997      0.000
 546  563      3.308      2.881      0.000
 545  566      3.320     -4.004      0.000
 548  565      3.339     -2.286      0.000
 547  567      3.345     -4.189      0.000
 549  564      3.349     -0.967      0.000
 550  568      3.387      6.644      0.000
 551  570      3.405     -6.405      0.000
 552  571      3.408     -5.764      0.000
  -1   -2      3.418     -8.167      0.000
  -1  572      3.427      4.367      0.000
 553  573      3.460      5.846      0.000
 554  574      3.481      5.273      0.000
 556  575      3.502     -0.502      0.000
 555  576      3.503     -3.357      0.000
  -1   -2      3.539     -2.982      0.000
 557  579      3.557     -6.294      0.000
 558  578      3.560      2.592      0.000
 560  580      3.578     -5.583      0.000
 559  581      3.583     -0.051      0.000
 561  582      3.587      5.026      0.000
 563  583      3.615     -3.314      0.000
 564   -2      3.631      0.178      0.000
 565  584      3.633     -2.577      0.000
 566  587      3.647      4.053      0.000
 568  586      3.647     -1.929      0.000
 569  588      3.662      7.904      0.000
 570  589      3.667     -2.821      0.000
  -1  590      3.689     -1.098      0.000
 571  592      3.728     -0.594      0.000
 572  591      3.731     -0.756      0.000
 573  593      3.746      7.705      0.000
 574  595      3.789     -7.628      0.000
 578  594      3.803     -2.710      0.000
 576  598      3.804      4.937      0.000
 577  597      3.811     -1.336      0.000
 579  600      3.820      5.253      0.000
 580  599      3.831     -7.521      0.000
 581  601      3.861     -5.650      0.000
 582  602      3.898     -1.849      0.000
 583  603      3.927      2.975      0.000
 584  604      3.941      4.121      0.000
 585  605      3.969      3.109      0.000
 586  607      3.988      0.625      0.000
 588  606      4.001     -7.751      0.000
 587  608      4.002      8.105      0.000
 589  609      4.005     -0.395      0.000
 591  610      4.023      4.917      0.000
  -1   -2      4.027     -7.819      0.000
 590  611      4.034     -7.319      0.000
 593  614      4.077     -8.297      0.000
 594  615      4.123     -1.066      0.000
  -1   -2      4.135     -3.409      0.000
 595  616      4.150     -4.294      0.000
 596  612      4.160     -7.986      0.000
  -1   -2      4.198     -6.643      0.000
 599  618      4.216      2.201      0.000
 598   -2      4.228     -7.864      0.000
 600  620      4.229      4.725      0.000
 601  619      4.234     -5.959      0.000
  -1   -2      4.252     -7.991      0.000
 603  621      4.257     -2.202      0.000
 602  622      4.258     -2.014      0.000
 604  623      4.278     -4.056      0.000
 605  624      4.306      8.340      0.000
 606  625      4.318     -1.769      0.000
  -1  626      4.334     -6.404      0.000
 607  627      4.356      2.187      0.000
 608  628      4.383     -1.571      0.000
 609  629      4.409      4.648      0.000
 610  630      4.414      7.803      0.000
 611  631      4.452      3.010      0.000
 613  632      4.457     -0.944      0.000
 612  634      4.461     -7.000      0.000
 614  633      4.466      8.021      0.000
 616  635      4.476      4.819      0.000
 615  637      4.485      0.715      0.000
  -1   -2      4.490      0.059      0.000
 617  636      4.492      6.365      0.000
 618  640      4.510     -4.522      0.000
 619  639      4.517     -4.978      0.000
  -1   -2      4.545      8.012      0.000
 621   -2      4.572      6.429      0.000
 622  641      4.597      1.887      0.000
 625   -2      4.603     -1.448      0.000
 626  644      4.607     -7.276      0.000
 627  645      4.635      2.606      0.000
 628  646      4.640      2.839      0.000
 629  648      4.665     -3.137      0.000
 631  649      4.684     -5.184      0.000
 630   -2      4.687      0.548      0.000
 632  650      4.707     -2.649      0.000
 633  652      4.752     -3.692      0.000
 634  651      4.754      3.053      0.000
 635  653      4.762      8.331      0.000
  -1   -2      4.791      4.137      0.000
 636  654      4.804     -7.440      0.000
  -1   -2      4.858      0.359      0.000
 637  656      4.898      1.095      0.000
 638  655      4.909      5.114      0.000
 639  657      4.917      3.604      0.000
 640   -2      4.918      5.239      0.000
  -1   -2      4.952      0.337      0.000
 642  659      4.957      1.522      0.000
 643  662      4.976     -3.440      0.000
 645   -2      4.980     -4.512      0.000
  -1  661      4.982     -4.881      0.000
 644  663      4.993     -8.244      0.000
 646  665      5.034      8.075      0.000
 647   -2      5.036      8.117      0.000
 648  664      5.038     -6.501      0.000
 649  666      5.051     -5.749      0.000
 651  667      5.063     -5.905      0.000
 650   -2      5.065     -3.975      0.000
 652  669      5.079      2.015      0.000
 653  670      5.079      7.205      0.000
 655  671      5.086      6.927      0.000
 656  672      5.157     -5.791      0.000
 657  674      5.194      6.433      0.000
 658  673      5.197      6.841      0.000
 659  675      5.239      1.585      0.000
 660  676      5.255     -3.042      0.000
 662  678      5.295      2.405      0.000
 664  679      5.361      5.820      0.000
 665  680      5.392     -2.895      0.000
 666  681      5.400     -7.628      0.000
 667  682      5.413     -7.804      0.000
 668  684      5.435      1.999      0.000
 669  685      5.458      1.388      0.000
 670  686      5.459      6.054      0.000
 671  687      5.488     -7.909      0.000
 672  688      5.511      1.388      0.000
 673  689      5.513     -5.095      0.000
 674  691      5.527      2.055      0.000
 676  690      5.534     -6.630      0.000
 675  692      5.541      4.490      0.000
 677  694      5.586     -8.186      0.000
 678  695      5.617      6.977      0.000
 679  696      5.637      3.937      0.000
 680  697      5.650     -0.639      0.000
 681  698      5.677     -3.164      0.000
 682  699      5.691     -5.800      0.000
 683  700      5.706     -5.459      0.000
 684  701      5.732      4.608      0.000
 686  702      5.779     -2.441      0.000
 687  703      5.808      1.773      0.000
 689  705      5.822     -8.028      0.000
 690  706      5.867     -3.442      0.000
 691  707      5.871      1.992      0.000
 692  711      5.875      5.069      0.000
 696  708      5.875     -8.005      0.000
 693  709      5.875     -8.363      0.000
 694  710      5.877     -0.747      0.000
  -1   -2      5.877     -7.964      0.000
 697  712      5.901     -6.352      0.000
 699  714      5.908     -6.453      0.000
 700   -2      5.955     -4.138      0.000
 701  715      5.966      2.738      0.000
 702  716      5.976     -5.284      0.000
  -1  717      5.991      3.575      0.000
 704  718      6.004     -4.325      0.000
 685   -2      6.006      0.227      0.000
 705  720      6.011     -6.135      0.000
 707  721      6.028      4.649      0.000
 708  722      6.034     -3.042      0.000
 709  724      6.036     -0.466      0.000
  -1  723      6.039     -5.426      0.000
 710  725      6.133      1.711      0.000
 711  726      6.145     -4.326      0.000
 713  727      6.176      3.870      0.000
 714  729      6.184     -4.212      0.000
 716  730      6.189      0.295      0.000
 717  731      6.193      3.202      0.000
 720  732      6.249     -6.471      0.000
 718  733      6.259      7.278      0.000
 719  734      6.276     -2.121      0.000
 721  735      6.286     -2.923      0.000
  -1  736      6.317     -6.519      0.000
 722  737      6.331      1.969      0.000
 723  738      6.354      2.377      0.000
 724  739      6.380     -4.259      0.000
 725  740      6.385     -2.912      0.000
 726  741      6.389      7.022      0.000
  -1   -2      6.420     -3.833      0.000
 727  743      6.445     -4.871      0.000
 728  744      6.486     -5.943      0.000
 729  746      6.497      5.506      0.000
 730  745      6.499     -5.310      0.000
 731  748      6.514      6.911      0.000
 732  749      6.536      4.678      0.000
 733  750      6.537     -1.302      0.000
 734  752      6.571      0.209      0.000
 735  751      6.572      2.140      0.000
  -1  753      6.573     -1.274      0.000
 736  754      6.579     -6.039      0.000
 737  755      6.609      2.884      0.000
 738  756      6.624     -5.124      0.000
 739  757      6.643     -5.312      0.000
 740  758      6.660      5.652      0.000
 741  759      6.668     -6.199      0.000
 742  760      6.683     -5.492      0.000
 743   -2      6.703      6.594      0.000
 744   -2      6.704      0.447      0.000
 746  761      6.719      3.198      0.000
 747  762      6.730     -1.875      0.000
 748  763      6.745      3.313      0.000
 749  764      6.746      2.068      0.000
 750  765      6.760     -6.035      0.000
 751   -2      6.766     -7.649      0.000
  -1  766      6.770      0.698      0.000
 752  767      6.776     -0.558      0.000
 753  768      6.795     -0.762      0.000
 754  769      6.837      5.236      0.000
 756  770      6.855     -7.963      0.000
 757  771      6.877      3.633      0.000
 758  772      6.888     -4.914      0.000
 759  773      6.900     -0.901      0.000
 760  774      6.900     -2.634      0.000
  -1   -2      6.901      6.166      0.000
 761  775      6.917     -0.068      0.000
 762  776      6.932      6.196      0.000
 763  777      6.937     -0.676      0.000
 764  778      6.959      0.447      0.000
  -1   -2      6.966      2.098      0.000
 766  779      6.998     -6.580      0.000
 765  780      6.999      3.428      0.000
 767  781      7.005     -5.773      0.000
 768  783      7.008      6.635      0.000
 769  782      7.008     -8.424      0.000
 770  784      7.029      2.059      0.000
 771   -2      7.045     -4.021      0.000
 772  785      7.050     -5.977      0.000
 774   -2      7.071     -0.180      0.000
 773  786      7.072     -8.305      0.000
 776  787      7.131      7.553      0.000
 777  788      7.139     -6.147      0.000
 778  789      7.151      6.533      0.000
 779  790      7.191      0.208      0.000
 780  791      7.197     -3.958      0.000
 781  792      7.244      4.998      0.000
 782  794      7.247      4.380      0.000
 783  793      7.247     -4.385      0.000
 784  795      7.268      6.752      0.000
 786  796      7.280     -7.198      0.000
 787  797      7.288      4.321      0.000
 788  798      7.297      5.637      0.000
 785  799      7.301     -0.140      0.000
 790  800      7.351      3.557      0.000
 792   -2      7.366     -6.381      0.000
 791  801      7.371      1.424      0.000
 793   -2      7.374     -0.671      0.000
 794  802      7.406      2.077      0.000
 795   -2      7.443     -5.731      0.000
 796  804      7.474      5.278      0.000
 797  805      7.478      4.792      0.000
  -1  808      7.489     -8.435      0.000
 798  807      7.491      4.438      0.000
 799  809      7.519     -2.891      0.000
 800  810      7.542     -1.534      0.000
 801  811      7.559      1.267      0.000
 802  812      7.589      4.765      0.000
 803  813      7.601      1.760      0.000
 804  814      7.621      2.288      0.000
 806  815      7.688      7.748      0.000
 807  816      7.709     -7.882      0.000
 808  817      7.742     -2.976      0.000
 809  818      7.752      8.264      0.000
 810  819      7.786      1.637      0.000
 811  821      7.822     -0.846      0.000
 812  822      7.822      6.738      0.000
 813  823      7.887     -4.994      0.000
  -1  824      7.982     -0.719      0.000
 815  825      7.986     -0.426      0.000
 817  827      7.991     -6.856      0.000
 818  828      7.999     -1.184      0.000
 819  829      8.002     -5.625      0.000
 820  830      8.010      1.033      0.000
 822  832      8.073      4.405      0.000
 823  834      8.079      3.167      0.000
 824  835      8.107     -4.754      0.000
 825  836      8.129     -4.523      0.000
  -1  837      8.140      2.506      0.000
 827  838      8.169      4.622      0.000
 828  839      8.171      3.245      0.000
 826  840      8.176      2.520      0.000
 829  841      8.192     -7.247      0.000
 830   -2      8.195      6.214      0.000
 831  842      8.200     -6.303      0.000
 832  843      8.205      4.804      0.000
 834  844      8.244      7.270      0.000
 836  845      8.248     -6.023      0.000
 835  846      8.249     -3.390      0.000
 837  847      8.284     -1.885      0.000
 838  848      8.291     -7.332      0.000
 839  849      8.295      5.275      0.000
 840  850      8.321     -4.384      0.000
 841  851      8.328      7.046      0.000
 842  852      8.330      1.349      0.000
 843  853      8.349      8.197      0.000
 844  854      8.357      7.589      0.000
 845  855      8.382     -8.222      0.000
 846  856      8.385      0.679      0.000
  -1  857      8.386     -0.155      0.000
 847  858      8.419      1.105      0.000
 848   -2      8.425     -2.470      0.000
