867
   0    0     -8.396      7.539      0.000
   1    1     -8.380     -6.896      0.000
   2    2     -8.366     -3.313      0.000
   3    3     -8.351     -8.160      0.000
   4    4     -8.339     -4.636      0.000
   5   -2     -8.298      1.209      0.000
   6    5     -8.286      0.541      0.000
   7    6     -8.284     -1.581      0.000
   8    7     -8.271      6.850      0.000
   9    8     -8.243     -8.256      0.000
  10    9     -8.227      4.229      0.000
  11   10     -8.209     -7.938      0.000
  12   11     -8.197      1.552      0.000
  13   12     -8.172     -3.045      0.000
  14   13     -8.170      4.421      0.000
  15   14     -8.138      6.494      0.000
  16   16     -8.113      2.619      0.000
  17   15     -8.112     -2.509      0.000
  18   17     -8.069      1.350      0.000
  20   -2     -8.052     -0.844      0.000
  21   18     -8.037     -7.412      0.000
  22   19     -8.034      2.239      0.000
  23   20     -8.006     -6.258      0.000
  24   21     -7.993      6.569      0.000
  25   22     -7.974     -3.825      0.000
  26   23     -7.949      5.664      0.000
  27   24     -7.912     -0.958      0.000
  29   25     -7.889      0.820      0.000
  30   26     -7.881      2.322      0.000
  31   27     -7.880     -0.180      0.000
  32   -2     -7.855     -5.337      0.000
  33   29     -7.845      4.091      0.000
  34   30     -7.826      3.867      0.000
  -1   31     -7.816     -6.159      0.000
  35   32     -7.806     -4.849      0.000
  37   33     -7.797      4.992      0.000
  38   34     -7.793      2.490      0.000
  39   35     -7.773     -2.757      0.000
  41   36     -7.763     -6.261      0.000
  40   37     -7.763     -5.132      0.000
  42   39     -7.750      1.974      0.000
  45   38     -7.749     -6.738      0.000
  43   42     -7.747      5.235      0.000
  44   40     -7.747     -4.636      0.000
  -1   41     -7.744      7.144      0.000
  46   43     -7.714     -0.687      0.000
  47   44     -7.694      7.120      0.000
  48   45     -7.681      6.650      0.000
  49   -2     -7.608      4.949      0.000
  50   46     -7.585     -6.903      0.000
  51   48     -7.537     -0.003      0.000
  52   49     -7.533      8.231      0.000
  53   50     -7.531     -0.695      0.000
  54   52     -7.499     -1.106      0.000
  55   53     -7.473      7.994      0.000
  56   54     -7.473      3.621      0.000
  57   55     -7.432      3.848      0.000
  59   56     -7.404      3.981      0.000
  58   57     -7.403     -1.439      0.000
  60   58     -7.379      3.679      0.000
  61   59     -7.360     -6.209      0.000
  63   61     -7.320     -5.102      0.000
  64   62     -7.317     -5.411      0.000
  65   63     -7.308      3.854      0.000
  66   64     -7.301      5.396      0.000
  67   65     -7.276      0.096      0.000
  68   66     -7.253     -8.390      0.000
  70   67     -7.245      6.139      0.000
  69   68     -7.245      3.241      0.000
  71   69     -7.217     -7.974      0.000
  73   70     -7.173      7.650      0.000
  74   73     -7.156      6.085      0.000
  -1   71     -7.154     -8.134      0.000
  76   74     -7.146      4.738      0.000
  77   75     -7.142      4.040      0.000
  78   76     -7.138     -7.756      0.000
  80   77     -7.129      7.293      0.000
  79   78     -7.126     -2.422      0.000
  81   79     -7.108      7.452      0.000
  82   80     -7.092      4.987      0.000
  83   81     -7.042     -5.435      0.000
  84   83     -7.014      0.022      0.000
  85   82     -7.013      1.959      0.000
  86   84     -6.997     -6.793      0.000
  87   85     -6.988      4.430      0.000
  88   86     -6.979     -6.623      0.000
  89   87     -6.974     -2.413      0.000
  90   88     -6.972      4.335      0.000
  91   89     -6.957     -0.390      0.000
  92   90     -6.950      5.111      0.000
  93   91     -6.927     -2.704      0.000
  94   92     -6.914      5.412      0.000
  95   93     -6.910      3.371      0.000
  96   94     -6.896     -0.836      0.000
  97   95     -6.895      2.893      0.000
  -1   -2     -6.877     -7.040      0.000
  98   96     -6.873     -6.475      0.000
  99   97     -6.865     -1.217      0.000
 100   98     -6.842      7.549      0.000
 101   99     -6.819     -7.524      0.000
 102  100     -6.794      1.302      0.000
 103  101     -6.786     -5.455      0.000
 104  102     -6.759      2.409      0.000
 105  103     -6.740      7.624      0.000
 106  104     -6.724     -0.886      0.000
 107  105     -6.718      3.561      0.000
 108  108     -6.681      1.667      0.000
 109  109     -6.679      1.349      0.000
 110  110     -6.634      3.541      0.000
 111  111     -6.631      2.371      0.000
 112  112     -6.601      5.771      0.000
 113  113     -6.583      6.973      0.000
 114  114     -6.582     -4.367      0.000
 115  115     -6.550     -6.376      0.000
  -1   -2     -6.535     -1.409      0.000
 117  117     -6.509     -6.258      0.000
 116  118     -6.506      7.613      0.000
 118  119     -6.499      3.056      0.000
 119  120     -6.482     -4.789      0.000
 120  121     -6.425      0.138      0.000
 121  124     -6.360      4.873      0.000
 122  126     -6.341     -0.498      0.000
 123  125     -6.340     -7.895      0.000
  -1  127     -6.337      8.135      0.000
 125  128     -6.286     -5.857      0.000
 124  129     -6.286      0.095      0.000
 126  130     -6.261      0.329      0.000
 127  132     -6.251     -1.669      0.000
  -1  131     -6.240     -7.904      0.000
  -1  133     -6.231      0.983      0.000
 128  134     -6.199      2.494      0.000
  -1  135     -6.188     -4.603      0.000
 129  136     -6.170      4.874      0.000
 130  137     -6.165     -5.277      0.000
 131  138     -6.163      3.364      0.000
 132  139     -6.152      2.732      0.000
 133  140     -6.139     -7.670      0.000
 134  142     -6.104      7.350      0.000
 135  143     -6.103      1.236      0.000
 137  146     -6.073      6.277      0.000
 138  147     -6.043      3.698      0.000
 139  148     -6.020      7.843      0.000
 140  149     -6.008     -7.770      0.000
 141  150     -5.999     -7.346      0.000
 143  152     -5.961      3.076      0.000
 142  154     -5.955     -0.468      0.000
 144  153     -5.953      6.804      0.000
 145  155     -5.938     -6.366      0.000
  -1  156     -5.923     -7.375      0.000
 146  157     -5.912      4.852      0.000
  -1  151     -5.909     -4.758      0.000
 147  158     -5.885     -5.902      0.000
 148  159     -5.874     -0.035      0.000
  -1   -2     -5.867     -6.149      0.000
 150  160     -5.853     -7.378      0.000
 149  161     -5.847     -1.669      0.000
 151  162     -5.834      4.697      0.000
 152  163     -5.826      0.609      0.000
 153  164     -5.823     -1.918      0.000
 154   -2     -5.787     -4.593      0.000
  -1  165     -5.765     -7.915      0.000
 155  166     -5.759     -5.876      0.000
 156  167     -5.719     -4.132      0.000
 157  168     -5.695      7.403      0.000
 158  169     -5.681      1.908      0.000
 159  170     -5.666      5.744      0.000
 160  171     -5.644      0.738      0.000
 161  172     -5.615     -0.892      0.000
 162  173     -5.612     -1.786      0.000
 163  174     -5.595      7.233      0.000
 164  175     -5.581     -2.466      0.000
 165  176     -5.570      0.281      0.000
 166  177     -5.562      6.028      0.000
 167  178     -5.531      2.667      0.000
 168  180     -5.528     -4.972      0.000
 169  179     -5.528     -3.116      0.000
 170  181     -5.489     -0.685      0.000
 171  182     -5.467      4.796      0.000
 172  183     -5.458     -7.585      0.000
 173  184     -5.445      5.223      0.000
  -1   -2     -5.419      5.266      0.000
 174  185     -5.409     -1.383      0.000
 175  186     -5.380     -8.147      0.000
 177  187     -5.354     -0.605      0.000
 179  189     -5.327      3.809      0.000
 180  190     -5.314     -3.059      0.000
 181  188     -5.310     -6.000      0.000
 182  191     -5.274      2.064      0.000
 183  192     -5.259      0.700      0.000
 184  194     -5.244     -3.778      0.000
 185  193     -5.240     -2.456      0.000
 186  196     -5.203     -4.687      0.000
 187  195     -5.194     -1.601      0.000
 188  197     -5.148     -6.681      0.000
 189  198     -5.128     -4.797      0.000
 190  199     -5.112     -3.902      0.000
 191  200     -5.098     -5.192      0.000
 192  201     -5.094     -0.079      0.000
  -1  202     -5.061      7.282      0.000
 193  203     -5.044     -0.012      0.000
 194  204     -5.040      1.559      0.000
 195  205     -5.025      0.532      0.000
 196  209     -4.994     -3.420      0.000
 197  208     -4.989      5.111      0.000
 198  207     -4.985     -7.873      0.000
 199  211     -4.966     -0.325      0.000
 200  212     -4.959      3.927      0.000
  -1  210     -4.959     -4.353      0.000
 201  213     -4.945      3.734      0.000
 202  216     -4.924     -4.340      0.000
 204  217     -4.913     -1.332      0.000
 205  215     -4.908      8.378      0.000
 208  218     -4.896      8.224      0.000
 209  220     -4.881     -1.400      0.000
 210  219     -4.880     -2.823      0.000
 212  221     -4.876      0.678      0.000
 213  222     -4.848     -4.298      0.000
 214  223     -4.832      1.637      0.000
 216  224     -4.822      3.816      0.000
 218  225     -4.820     -5.824      0.000
 217  226     -4.811      0.074      0.000
 215  228     -4.806     -5.032      0.000
 220  227     -4.790      0.410      0.000
 219  229     -4.787     -4.315      0.000
 221  230     -4.708      4.489      0.000
 222  234     -4.665     -5.134      0.000
 223  232     -4.661      5.786      0.000
 224  233     -4.658      2.655      0.000
 225  237     -4.646     -6.889      0.000
 226  235     -4.643      2.192      0.000
 229  236     -4.636      3.575      0.000
 228  238     -4.629      3.389      0.000
 227  239     -4.627     -4.812      0.000
 230  240     -4.581      2.517      0.000
  -1   -2     -4.564     -0.367      0.000
 231  242     -4.499      2.171      0.000
 232  243     -4.493      0.620      0.000
 233  241     -4.484     -6.567      0.000
 235  244     -4.464     -8.229      0.000
 234  245     -4.452     -6.140      0.000
 236  247     -4.432     -6.772      0.000
  -1  248     -4.400      0.857      0.000
 237  251     -4.366     -4.375      0.000
 238  249     -4.364      3.488      0.000
  -1   -2     -4.341      0.653      0.000
 243  250     -4.335     -2.778      0.000
 240  252     -4.328      1.021      0.000
 242   -2     -4.327      7.407      0.000
 239  253     -4.323     -4.477      0.000
 244  254     -4.302      2.408      0.000
 245  255     -4.296      1.159      0.000
 246  256     -4.280      0.627      0.000
 248   -2     -4.252     -6.427      0.000
 247  258     -4.240     -4.512      0.000
 249   -2     -4.217     -2.069      0.000
 250  259     -4.164     -1.246      0.000
 251  260     -4.126     -2.541      0.000
 252  261     -4.113      3.356      0.000
 255  264     -4.083      2.600      0.000
 254  263     -4.082      5.744      0.000
 256  266     -4.057      2.068      0.000
 257  267     -4.046      1.626      0.000
 258  268     -4.037      5.651      0.000
 261  265     -4.035     -6.540      0.000
 259   -2     -4.012     -4.769      0.000
 262  269     -4.010      3.259      0.000
 263  270     -4.007     -1.499      0.000
 265  271     -3.973     -6.209      0.000
 264  273     -3.963      5.364      0.000
 266  272     -3.955     -7.955      0.000
  -1  275     -3.952      5.204      0.000
 267  276     -3.926     -7.367      0.000
 268  277     -3.872      2.867      0.000
 271  278     -3.836     -8.155      0.000
 270  280     -3.802      2.183      0.000
 272   -2     -3.798     -7.318      0.000
  -1  279     -3.794     -8.194      0.000
 273  281     -3.781      8.281      0.000
 274  282     -3.755     -7.501      0.000
 275  284     -3.722     -0.186      0.000
  -1  286     -3.711      7.869      0.000
 276  283     -3.708     -2.135      0.000
 277  285     -3.699     -1.311      0.000
 278  288     -3.684     -3.699      0.000
 280  287     -3.674     -7.257      0.000
  -1   -2     -3.658      7.818      0.000
 281  289     -3.646     -4.628      0.000
 282  290     -3.632     -4.386      0.000
 283  291     -3.597      0.809      0.000
 287  293     -3.520      8.195      0.000
 288  294     -3.508      6.380      0.000
  -1  295     -3.484      2.961      0.000
  -1   -2     -3.437     -8.419      0.000
 289   -2     -3.424      0.087      0.000
 291   -2     -3.404      7.889      0.000
 292  296     -3.393     -2.599      0.000
 294  298     -3.362      0.022      0.000
 293  299     -3.359      0.238      0.000
  -1  301     -3.343     -2.646      0.000
 297  300     -3.324      0.882      0.000
 295  302     -3.323      3.928      0.000
 296  304     -3.316      5.452      0.000
 299  305     -3.303      2.655      0.000
 300  307     -3.260      4.619      0.000
 301  308     -3.227     -2.764      0.000
 303  309     -3.195      2.541      0.000
 306  310     -3.165     -6.067      0.000
 305  311     -3.135      0.341      0.000
 308  313     -3.110      2.484      0.000
 309  318     -3.096     -4.579      0.000
 312  315     -3.091      2.002      0.000
 313  314     -3.091      6.150      0.000
 311  316     -3.088      3.884      0.000
 310  319     -3.085      3.013      0.000
 318  317     -3.058     -7.646      0.000
 315  320     -3.058      7.998      0.000
 314  322     -3.048     -3.376      0.000
 317  321     -3.045     -5.949      0.000
 316  323     -3.037     -0.433      0.000
  -1   -2     -2.925     -5.746      0.000
 319  324     -2.917     -0.248      0.000
 320  327     -2.903     -2.796      0.000
 321  325     -2.897      4.559      0.000
 322  326     -2.893     -6.405      0.000
 323  328     -2.845     -3.272      0.000
 324  330     -2.831      7.188      0.000
 325  331     -2.818      7.978      0.000
 326  329     -2.805      2.651      0.000
 327  332     -2.789     -0.491      0.000
 328  334     -2.762     -7.995      0.000
 329  336     -2.716      5.718      0.000
 331  335     -2.708      6.424      0.000
 330  337     -2.694      3.491      0.000
 332  338     -2.676     -6.181      0.000
 333  339     -2.670      6.723      0.000
 334  340     -2.652     -4.870      0.000
 336  341     -2.628     -8.054      0.000
 335  343     -2.615     -4.562      0.000
 338  344     -2.569      0.220      0.000
 339  345     -2.554      8.208      0.000
 340  346     -2.544     -7.593      0.000
 341  348     -2.476      7.919      0.000
  -1   -2     -2.470      8.181      0.000
 342  349     -2.450     -3.636      0.000
  -1  350     -2.432      1.869      0.000
 343   -2     -2.428     -3.720      0.000
 345   -2     -2.416     -1.135      0.000
 344  351     -2.408      0.675      0.000
 346  353     -2.393     -5.217      0.000
 348  347     -2.385     -6.274      0.000
 347  352     -2.380     -6.645      0.000
 349  355     -2.317      1.040      0.000
 351  359     -2.264     -3.345      0.000
 354  357     -2.261      2.817      0.000
 350  360     -2.256     -7.415      0.000
 353  362     -2.233      5.724      0.000
 356  361     -2.213      1.347      0.000
 355  363     -2.199     -4.609      0.000
  -1  365     -2.160     -2.423      0.000
 357  364     -2.157      5.013      0.000
  -1   -2     -2.122     -2.286      0.000
 359  366     -2.109     -2.080      0.000
 361  367     -2.086      6.622      0.000
 362  368     -2.063     -7.039      0.000
  -1  369     -2.001      6.308      0.000
 363  371     -1.956      1.556      0.000
 366   -2     -1.889     -0.060      0.000
 368  372     -1.853     -6.743      0.000
 369  374     -1.801      6.426      0.000
 372  373     -1.783      0.729      0.000
 370  375     -1.780     -4.975      0.000
  -1   -2     -1.756      6.340      0.000
 373  376     -1.742     -6.526      0.000
 371  378     -1.741      3.265      0.000
  -1   -2     -1.734      4.160      0.000
 374  379     -1.709      1.876      0.000
  -1  382     -1.640     -3.069      0.000
 376  381     -1.640     -6.114      0.000
 375  383     -1.611     -3.226      0.000
  -1   -2     -1.608     -7.218      0.000
 378  384     -1.584     -3.894      0.000
 379  386     -1.568      3.235      0.000
 380  388     -1.512     -0.450      0.000
 382  389     -1.439      2.300      0.000
 383  391     -1.267     -2.234      0.000
 385  392     -1.239     -8.167      0.000
 384  395     -1.228      4.197      0.000
  -1  393     -1.215      2.672      0.000
 387  394     -1.170     -5.182      0.000
 388  396     -1.113     -4.853      0.000
 389  397     -1.110     -6.734      0.000
  -1   -2     -1.072      3.331      0.000
 392  399     -0.990      3.762      0.000
  -1  402     -0.797     -0.522      0.000
 393  401     -0.788     -5.156      0.000
  -1  403     -0.749     -7.840      0.000
 394  404     -0.711      7.265      0.000
 395  405     -0.690     -4.191      0.000
 396  407     -0.650     -3.747      0.000
 397  406     -0.642     -6.643      0.000
  -1   -2     -0.528     -4.338      0.000
  -1   -2     -0.514     -3.762      0.000
 400  409     -0.483     -5.789      0.000
 402  410     -0.402     -3.223      0.000
 401  411     -0.382     -7.604      0.000
 403  414     -0.269     -2.349      0.000
 405  412     -0.238     -7.108      0.000
 406  413     -0.229     -6.572      0.000
 407  416     -0.141      4.172      0.000
 408  415     -0.137     -7.567      0.000
 409  417     -0.055     -0.247      0.000
 410  419      0.063     -6.074      0.000
  -1  422      0.195     -7.437      0.000
 411  421      0.197      4.609      0.000
 412  420      0.198      1.843      0.000
 413  423      0.259     -4.852      0.000
 416  426      0.541     -4.734      0.000
 418  425      0.547      3.816      0.000
 420  424      0.556     -6.291      0.000
 419  427      0.582     -1.488      0.000
 421  428      0.611      5.986      0.000
 422  429      0.671     -5.887      0.000
 423  430      0.725     -0.702      0.000
 424  431      0.740     -4.092      0.000
 426   -2      0.750     -4.771      0.000
 425  433      0.768     -2.257      0.000
 427  436      0.816      0.395      0.000
 430  434      0.943     -7.892      0.000
 429  435      0.965     -2.540      0.000
 431  438      1.042      6.113      0.000
  -1  439      1.045     -1.365      0.000
  -1   -2      1.047     -0.207      0.000
 432  441      1.071     -6.963      0.000
 435  440      1.096     -5.074      0.000
 434  442      1.097      2.965      0.000
 433   -2      1.108     -2.472      0.000
  -1   -2      1.130     -7.142      0.000
  -1   -2      1.131      2.316      0.000
  -1  444      1.152      5.857      0.000
 437  445      1.176      2.792      0.000
 436  446      1.189     -3.765      0.000
 441  448      1.263     -6.807      0.000
 439  451      1.269     -0.443      0.000
  -1  450      1.269     -4.384      0.000
 442  452      1.294     -2.547      0.000
  -1  455      1.309     -0.219      0.000
 444  453      1.310      0.471      0.000
 445  456      1.335      3.947      0.000
 446  457      1.360     -7.997      0.000
  -1  460      1.405      4.011      0.000
 448  458      1.413     -8.334      0.000
 447  459      1.424      7.390      0.000
  -1  462      1.449     -0.459      0.000
 449   -2      1.456     -5.812      0.000
 451  461      1.470      3.089      0.000
 450   -2      1.488     -4.138      0.000
 452  464      1.537     -3.155      0.000
  -1  465      1.539      7.922      0.000
 453  466      1.604     -4.864      0.000
 455  467      1.644      0.562      0.000
 454  470      1.649     -1.686      0.000
 458  468      1.668      2.599      0.000
 459  469      1.680     -5.018      0.000
 460  481      1.699     -6.774      0.000
 457   -2      1.700     -3.919      0.000
 461  472      1.719     -0.015      0.000
  -1   -2      1.723     -4.945      0.000
 463  471      1.725     -5.990      0.000
 462  474      1.736      1.496      0.000
 464  473      1.753      7.375      0.000
 465  475      1.772     -7.170      0.000
 466  476      1.774      0.364      0.000
 467  477      1.785      5.009      0.000
 468  478      1.814     -4.467      0.000
 470  479      1.838      0.705      0.000
 469  483      1.853      0.484      0.000
 471  482      1.865     -3.146      0.000
  -1   -2      1.874     -6.937      0.000
 474  484      1.897      5.724      0.000
 476  486      1.921     -5.236      0.000
 475   -2      1.963      6.297      0.000
 477  489      1.986      2.883      0.000
 478   -2      1.990     -4.446      0.000
  -1  490      1.995      0.367      0.000
 480  492      2.009      4.038      0.000
 481  491      2.031      6.327      0.000
 482  493      2.040      4.426      0.000
 483  494      2.064     -5.090      0.000
  -1  495      2.070     -7.524      0.000
 484  498      2.113      0.955      0.000
 485  497      2.113      7.253      0.000
 486  501      2.122     -1.370      0.000
 488  500      2.135      6.081      0.000
 487  503      2.143     -4.041      0.000
 489  502      2.146     -0.668      0.000
 491  504      2.175     -0.482      0.000
 490  507      2.180     -7.875      0.000
 493  505      2.193     -7.021      0.000
  -1  509      2.194      4.326      0.000
 492  506      2.195      5.775      0.000
 495  508      2.216      6.399      0.000
 494  510      2.246     -1.879      0.000
 496  511      2.289     -7.850      0.000
 497  512      2.302     -3.309      0.000
 498  513      2.328      5.129      0.000
 499  514      2.329     -5.429      0.000
 500  515      2.348      5.869      0.000
  -1   -2      2.349      6.029      0.000
 501   -2      2.377     -3.394      0.000
 504  518      2.409      0.642      0.000
 507  517      2.409      5.612      0.000
 502  516      2.410     -1.289      0.000
 505  522      2.417     -1.865      0.000
 506  520      2.427      4.064      0.000
 508  521      2.439     -3.825      0.000
 510  519      2.497     -3.408      0.000
 509  524      2.518     -3.310      0.000
 511  523      2.519      3.678      0.000
 512  525      2.551      4.035      0.000
 513  526      2.572     -5.255      0.000
 514  527      2.598      6.798      0.000
 516  528      2.625      2.796      0.000
 515  529      2.632      2.169      0.000
  -1  530      2.644      4.883      0.000
  -1   -2      2.684      8.058      0.000
 518  532      2.687      7.446      0.000
 519  534      2.743      5.643      0.000
  -1   -2      2.764     -8.072      0.000
 524  535      2.834     -0.059      0.000
 523  536      2.847     -6.496      0.000
 522  542      2.855     -1.509      0.000
 525  537      2.876      6.348      0.000
 527  538      2.896     -1.664      0.000
 528  540      2.898      4.671      0.000
 526   -2      2.900      0.065      0.000
 530  539      2.910     -5.238      0.000
 529   -2      2.911      5.048      0.000
 531  541      2.912     -6.131      0.000
 532  544      2.949      7.130      0.000
 533  545      2.997     -2.624      0.000
 535  547      3.042      5.573      0.000
  -1   -2      3.045     -1.188      0.000
 536  548      3.056     -7.323      0.000
 537   -2      3.095     -2.030      0.000
 538  550      3.112      2.851      0.000
 539  551      3.113      6.140      0.000
 540  552      3.138     -7.191      0.000
 541  556      3.159     -3.908      0.000
  -1   -2      3.161      4.214      0.000
 542  554      3.175      6.059      0.000
  -1  555      3.177      5.607      0.000
 543  558      3.209      8.244      0.000
 546  557      3.218     -7.374      0.000
 545  559      3.229     -8.397      0.000
 544   -2      3.245     -4.140      0.000
 547  546      3.250     -1.312      0.000
  -1   -2      3.271      2.609      0.000
 548  560      3.333      2.979      0.000
 549  561      3.349     -5.502      0.000
 550  562      3.386      2.854      0.000
 551  563      3.400      6.641      0.000
 552  564      3.404     -2.168      0.000
  -1  565      3.448      1.327      0.000
 554  566      3.473     -0.927      0.000
 553  567      3.480      5.861      0.000
 555  568      3.509     -6.196      0.000
 556  569      3.525     -5.602      0.000
 557  570      3.541     -0.481      0.000
  -1   -2      3.545     -4.623      0.000
 558  571      3.551      5.296      0.000
 559  574      3.577     -3.548      0.000
 560  572      3.584     -3.058      0.000
 562  573      3.610     -0.048      0.000
 564  575      3.630      5.030      0.000
 565  576      3.641     -6.093      0.000
 567  577      3.654      2.587      0.000
 569  578      3.668     -7.033      0.000
 568  581      3.675      7.904      0.000
 570  580      3.680     -5.423      0.000
  -1   -2      3.690     -6.422      0.000
 571  582      3.695      4.047      0.000
 572  583      3.705     -2.177      0.000
 574  585      3.739     -1.862      0.000
 573  586      3.741     -2.622      0.000
 575  589      3.760      7.709      0.000
 576  588      3.767     -0.577      0.000
 577  587      3.769     -1.058      0.000
 580  590      3.781     -2.245      0.000
 579  591      3.789     -7.660      0.000
 581   -2      3.816     -6.040      0.000
  -1   -2      3.816      6.732      0.000
 582  592      3.841      4.933      0.000
 584  593      3.854     -0.712      0.000
 583  594      3.854      5.254      0.000
 585  596      3.874      0.088      0.000
 586  595      3.878     -1.293      0.000
 588  597      3.921     -2.580      0.000
 587  598      3.930     -7.488      0.000
 590  603      3.961     -7.355      0.000
  -1   -2      3.969      4.113      0.000
 591  604      3.978      2.926      0.000
 595  602      3.985     -5.554      0.000
 593  606      4.004     -8.157      0.000
 599  605      4.017      0.670      0.000
 598  607      4.018      3.071      0.000
 597  608      4.018      8.103      0.000
 596  610      4.020     -7.697      0.000
 600  609      4.031     -0.023      0.000
 602  611      4.058      4.917      0.000
 601  612      4.060     -4.215      0.000
 603  614      4.081     -8.045      0.000
 604  613      4.089     -7.085      0.000
 605  616      4.175     -1.014      0.000
 606  617      4.188     -8.399      0.000
 608  618      4.251      2.227      0.000
 609  619      4.257      4.708      0.000
 610  620      4.290     -5.726      0.000
 611  621      4.310     -2.003      0.000
 612  623      4.318      8.337      0.000
  -1  622      4.323     -5.880      0.000
 615  625      4.382     -1.734      0.000
 616  627      4.424      7.794      0.000
 617  629      4.430      4.649      0.000
 619  630      4.462      2.992      0.000
 618  631      4.464      0.756      0.000
 620  632      4.481      8.018      0.000
 621  633      4.485     -0.897      0.000
 622  634      4.507      4.814      0.000
 624  635      4.511      0.052      0.000
 623  636      4.511      6.366      0.000
 626   -2      4.529     -8.399      0.000
 627  638      4.548     -4.914      0.000
 628  639      4.556      8.006      0.000
 629   -2      4.566      0.545      0.000
 630  640      4.590      6.429      0.000
 631  646      4.599      2.648      0.000
 632  641      4.607     -3.003      0.000
 634  642      4.621      3.312      0.000
 638  644      4.632      1.886      0.000
 637  645      4.636     -1.442      0.000
 640  647      4.656      2.824      0.000
 642  648      4.661     -7.115      0.000
 641  650      4.664      0.577      0.000
 639  651      4.669     -3.729      0.000
 643  652      4.708     -5.172      0.000
 644  653      4.725      0.766      0.000
 647  654      4.764     -6.861      0.000
 646  656      4.777      8.329      0.000
 648  655      4.778      3.035      0.000
 645   -2      4.783     -7.283      0.000
  -1   -2      4.817      4.130      0.000
 649  658      4.823      1.127      0.000
 650  657      4.837     -2.652      0.000
 651  659      4.875     -3.385      0.000
 652  660      4.900     -8.261      0.000
 653  661      4.930      5.109      0.000
 654  662      4.932      3.589      0.000
 655  663      4.942      5.231      0.000
  -1   -2      4.981      0.329      0.000
 657  664      4.984     -5.199      0.000
 656  665      4.985     -4.479      0.000
 658  666      4.992      1.501      0.000
 659  667      4.994      3.311      0.000
 660  668      5.008     -2.848      0.000
 661  669      5.010     -4.860      0.000
 662   -2      5.029     -8.436      0.000
 663  672      5.043      8.113      0.000
 664  671      5.048      8.073      0.000
 666  673      5.076     -3.965      0.000
 665  674      5.076     -5.742      0.000
 667  675      5.093      7.203      0.000
 668  676      5.096      2.004      0.000
 669  677      5.098      6.922      0.000
 670   -2      5.105     -2.659      0.000
 671  678      5.127     -6.481      0.000
 672  679      5.156     -5.794      0.000
 673  680      5.210      6.429      0.000
 674  681      5.212      6.840      0.000
  -1  682      5.238     -2.497      0.000
 675  683      5.255      1.573      0.000
 676  685      5.285     -3.070      0.000
  -1  684      5.291      7.086      0.000
 677  686      5.311      2.392      0.000
 678  687      5.379      5.815      0.000
 681  688      5.420     -2.919      0.000
 680  689      5.422     -7.843      0.000
 682  690      5.429     -7.608      0.000
 683  691      5.447      1.989      0.000
  -1   -2      5.452     -5.765      0.000
 684  692      5.473      6.046      0.000
 685  693      5.473      1.375      0.000
 687  694      5.541      2.043      0.000
 688  695      5.559      4.483      0.000
 690  697      5.592     -8.145      0.000
 691  698      5.616     -6.649      0.000
 692  699      5.629      6.972      0.000
 693  700      5.654      3.928      0.000
 694  701      5.667     -0.643      0.000
 695  702      5.693     -3.177      0.000
 697  703      5.736     -5.794      0.000
 696  704      5.738     -5.456      0.000
 698  705      5.746      4.599      0.000
 699  707      5.798     -8.055      0.000
 700  706      5.805     -2.448      0.000
 701  708      5.819      1.760      0.000
 702  709      5.832     -0.992      0.000
 704  710      5.872     -3.457      0.000
 705  712      5.884     -8.325      0.000
 706  713      5.885     -0.750      0.000
 709  711      5.885     -7.990      0.000
 707  714      5.888      1.981      0.000
 708  715      5.891      5.063      0.000
  -1  716      5.945     -6.365      0.000
 710  717      5.959     -6.466      0.000
 711  718      5.979      2.728      0.000
 712  719      6.005     -5.288      0.000
  -1  720      6.015      0.224      0.000
 714  721      6.023     -4.332      0.000
 715  722      6.041     -1.720      0.000
 716  723      6.044      4.644      0.000
 717  724      6.045     -0.473      0.000
 718  726      6.050     -3.055      0.000
 719  725      6.051     -6.138      0.000
  -1   -2      6.064     -5.430      0.000
 720  727      6.145      1.702      0.000
 721  728      6.154      6.540      0.000
 722  729      6.169     -4.335      0.000
 723  730      6.189      3.862      0.000
  -1   -2      6.192      4.647      0.000
 724  731      6.199     -4.217      0.000
 725  733      6.205      0.284      0.000
 726  732      6.206      3.194      0.000
 727  738      6.235     -6.635      0.000
 728  734      6.269      7.273      0.000
 730   -2      6.294     -6.484      0.000
 729  735      6.295     -2.133      0.000
 731  736      6.302     -2.933      0.000
 733  739      6.369      2.364      0.000
 735  741      6.395      7.019      0.000
 734  740      6.396     -4.265      0.000
 736   -2      6.462     -1.371      0.000
 737  742      6.466     -4.878      0.000
 739  743      6.514     -5.952      0.000
 740  744      6.516      5.507      0.000
  -1   -2      6.525     -5.313      0.000
 741  745      6.533      6.912      0.000
 742  746      6.548      4.671      0.000
 743   -2      6.554     -1.309      0.000
 732   -2      6.579      2.131      0.000
 745  747      6.589     -1.280      0.000
 746  750      6.615     -0.580      0.000
 748  751      6.621      2.876      0.000
 749  752      6.646     -5.129      0.000
 750  753      6.665     -5.319      0.000
 751  754      6.672      5.645      0.000
 752  755      6.697     -6.212      0.000
 753  756      6.706     -5.493      0.000
 754  757      6.713      6.587      0.000
 755  758      6.716      0.438      0.000
 756  759      6.734      3.189      0.000
 757  760      6.748     -1.881      0.000
 758  761      6.753      3.306      0.000
 759  762      6.757      2.059      0.000
 760  763      6.782     -0.566      0.000
 761  764      6.793     -6.046      0.000
  -1   -2      6.800     -3.803      0.000
 762  765      6.800     -7.662      0.000
 763  766      6.808     -0.770      0.000
 764  767      6.850      5.227      0.000
 765  769      6.878     -7.985      0.000
 766  770      6.885      3.625      0.000
 767  771      6.910     -4.923      0.000
 768  772      6.912     -0.909      0.000
 769   -2      6.915     -2.640      0.000
 770  773      6.925     -0.081      0.000
 771  774      6.932      6.182      0.000
 772  775      6.952     -0.682      0.000
 773  776      6.967      0.440      0.000
 774  777      6.983      2.093      0.000
 775  778      7.014      3.422      0.000
 778  779      7.024     -6.599      0.000
 779  780      7.029     -5.787      0.000
 780  782      7.039      2.049      0.000
  -1  781      7.039     -8.436      0.000
 781  783      7.063     -4.029      0.000
 782  784      7.073     -5.990      0.000
 783  786      7.097     -8.298      0.000
 784  787      7.138      7.546      0.000
 785  788      7.157      6.529      0.000
 786  789      7.162     -6.161      0.000
 788  790      7.201      0.200      0.000
 789  791      7.212     -3.967      0.000
 790  792      7.246      4.993      0.000
 791  793      7.258      4.376      0.000
  -1   -2      7.261     -6.741      0.000
 793  794      7.264     -4.396      0.000
 794  795      7.283      6.748      0.000
 795  796      7.297      4.317      0.000
  -1   -2      7.306     -7.217      0.000
 796  798      7.307      5.632      0.000
 797  799      7.312     -0.146      0.000
 798   -2      7.345      5.545      0.000
 799  800      7.361      3.551      0.000
 800   -2      7.381     -8.055      0.000
 792   -2      7.384      1.416      0.000
 801  802      7.385     -0.680      0.000
 802  803      7.387     -6.398      0.000
 803  804      7.412      2.071      0.000
  -1  805      7.460     -5.743      0.000
  -1  806      7.467      4.771      0.000
 804  807      7.482      5.268      0.000
  -1   -2      7.488     -0.192      0.000
 805  808      7.497      4.792      0.000
  -1   -2      7.519      4.583      0.000
 807  810      7.533     -2.901      0.000
 808  811      7.559     -1.542      0.000
 809  812      7.573      1.252      0.000
 810  813      7.598      4.759      0.000
 811  814      7.609      1.753      0.000
 812  815      7.625     -8.305      0.000
 813  816      7.632      2.281      0.000
 814  817      7.682      7.732      0.000
 815   -2      7.713      7.755      0.000
 816  818      7.728     -7.911      0.000
 817  819      7.757      8.259      0.000
 819  821      7.789      1.632      0.000
 818  820      7.789      0.134      0.000
 820   -2      7.811     -7.082      0.000
 821  823      7.830      6.734      0.000
 822  822      7.831     -0.853      0.000
 824  824      7.903     -5.006      0.000
 827   -2      7.990     -0.721      0.000
 828  827      7.998     -0.431      0.000
 830  829      8.008     -6.873      0.000
 831  830      8.010     -1.192      0.000
 832  831      8.020     -5.638      0.000
 833  832      8.022      1.026      0.000
 834  833      8.040     -7.612      0.000
 835  835      8.066      4.390      0.000
 836  834      8.068     -0.627      0.000
 837  836      8.086      3.160      0.000
  -1  837      8.116     -4.767      0.000
 838  838      8.127     -0.232      0.000
 839  839      8.143     -4.534      0.000
 840  840      8.161      1.713      0.000
 841  841      8.171      2.504      0.000
 842  842      8.171      3.235      0.000
 843  843      8.175      4.614      0.000
 844  844      8.205     -7.264      0.000
 845  845      8.210      4.800      0.000
 846  846      8.217     -6.319      0.000
 848  847      8.247      7.263      0.000
 849  848      8.260     -3.399      0.000
 850  849      8.262     -6.037      0.000
 851  850      8.298     -1.894      0.000
 852  851      8.307     -7.355      0.000
 853  852      8.312      5.270      0.000
 855  853      8.333     -4.396      0.000
 854  854      8.333      7.042      0.000
 856  855      8.339      1.341      0.000
 857  856      8.353      8.192      0.000
 858  857      8.360      7.578      0.000
 859  858      8.387     -8.250      0.000
 861  859      8.393     -0.160      0.000
 860  860      8.395      0.672      0.000
  -1  861      8.423      1.097      0.000
  -1  862      8.441     -2.480      0.000
