859
   0   -2     -8.432     -3.446      0.000
  -1    0     -8.419     -2.152      0.000
   1    1     -8.385     -0.891      0.000
   2    2     -8.383      7.549      0.000
   3    3     -8.376     -6.864      0.000
   4    4     -8.354     -8.136      0.000
   5    5     -8.342     -3.297      0.000
   6    6     -8.312     -4.609      0.000
   7   -2     -8.278      1.213      0.000
   8    7     -8.265      0.554      0.000
   9    8     -8.259      6.856      0.000
  10    9     -8.252     -1.782      0.000
  11   10     -8.246     -8.235      0.000
  12   11     -8.210     -7.916      0.000
  13   -2     -8.209      4.242      0.000
  14   12     -8.185      1.576      0.000
  15   13     -8.163      4.433      0.000
  16   14     -8.156      1.527      0.000
  17   15     -8.146     -3.027      0.000
  18   16     -8.123      6.499      0.000
  19   17     -8.097      2.630      0.000
  20   18     -8.084     -2.495      0.000
  21   19     -8.050      1.358      0.000
  22   20     -8.037     -7.386      0.000
  -1   21     -8.023     -0.830      0.000
  23   22     -8.018      2.246      0.000
  24   23     -7.997     -6.228      0.000
  25   24     -7.986      6.579      0.000
  26   25     -7.949     -3.802      0.000
  27   26     -7.930      5.672      0.000
  28   27     -7.910     -6.955      0.000
  29   28     -7.887     -0.944      0.000
  30   29     -7.865      0.830      0.000
  31   30     -7.854     -0.171      0.000
  33   31     -7.836      4.099      0.000
  34   32     -7.812      3.876      0.000
  35   33     -7.810      7.188      0.000
  36   34     -7.791     -6.138      0.000
  37   35     -7.785     -4.819      0.000
  38   36     -7.783      5.001      0.000
  39   37     -7.774      2.498      0.000
  40   38     -7.752     -6.230      0.000
  41   39     -7.747     -2.738      0.000
  42   40     -7.741     -6.706      0.000
  43   41     -7.742     -5.103      0.000
  44   42     -7.735      5.249      0.000
  45   43     -7.732      1.985      0.000
  46   44     -7.724     -4.609      0.000
  47   45     -7.684     -0.676      0.000
  48   -2     -7.676      7.124      0.000
  49   46     -7.661      6.656      0.000
  50   47     -7.591      4.960      0.000
  51   48     -7.580     -6.869      0.000
  52   49     -7.540      0.431      0.000
  53   50     -7.519      8.238      0.000
  54   51     -7.511      0.008      0.000
  55   52     -7.500     -0.685      0.000
  56   54     -7.466     -1.092      0.000
  58   55     -7.465      3.628      0.000
  57   56     -7.461      7.998      0.000
  59   57     -7.388      3.987      0.000
  60   58     -7.371     -1.425      0.000
  61   59     -7.367      3.689      0.000
  -1   61     -7.351     -5.370      0.000
  62   -2     -7.350      3.905      0.000
  63   60     -7.347     -6.173      0.000
  64   62     -7.330      2.319      0.000
  65   64     -7.297     -5.380      0.000
  66   63     -7.296     -5.062      0.000
  67   65     -7.294      3.867      0.000
  68   66     -7.286      5.405      0.000
  69   67     -7.276     -8.361      0.000
  -1   68     -7.248      0.110      0.000
  70   69     -7.234     -7.939      0.000
  71   70     -7.231      3.254      0.000
  72   71     -7.226      6.149      0.000
  73   72     -7.177     -8.101      0.000
  74   73     -7.155      7.661      0.000
  75   74     -7.146     -7.718      0.000
  77   75     -7.140      6.093      0.000
  78   76     -7.132      4.053      0.000
  79   77     -7.130      4.749      0.000
  80   78     -7.113      7.299      0.000
  81   79     -7.102     -2.395      0.000
  82   80     -7.089      7.465      0.000
  83   81     -7.076      4.998      0.000
  84   82     -7.021     -5.395      0.000
  85   84     -6.998      1.968      0.000
  86   83     -6.996     -6.753      0.000
  87   86     -6.985      0.031      0.000
  88   85     -6.983     -6.564      0.000
  90   88     -6.965     -6.605      0.000
  89   89     -6.957      4.346      0.000
  91   90     -6.945     -2.389      0.000
  92   91     -6.934      5.121      0.000
  93   -2     -6.925      5.473      0.000
  -1   92     -6.921     -0.382      0.000
  94   94     -6.900     -2.682      0.000
  95   95     -6.895      5.421      0.000
  96   -2     -6.882     -6.995      0.000
  97   96     -6.877      2.906      0.000
  99   97     -6.868     -6.430      0.000
 100   98     -6.860     -0.822      0.000
 102   99     -6.827     -7.474      0.000
 101  100     -6.827     -1.203      0.000
 103  101     -6.823      7.554      0.000
 104  102     -6.768     -5.412      0.000
 105  103     -6.766      1.309      0.000
 106  104     -6.744      2.414      0.000
  -1   -2     -6.730      2.445      0.000
 107  105     -6.716      7.616      0.000
 108   -2     -6.696      4.302      0.000
  -1   -2     -6.682     -0.236      0.000
 109  107     -6.677     -3.025      0.000
 110  108     -6.657      1.670      0.000
 111  109     -6.655      1.356      0.000
 112  110     -6.619      3.550      0.000
 113  111     -6.615      2.384      0.000
 114  112     -6.579      5.782      0.000
 115  113     -6.564      6.979      0.000
 116  114     -6.545     -4.339      0.000
 117  115     -6.544     -6.332      0.000
 118  116     -6.506     -6.213      0.000
 119  117     -6.487      7.619      0.000
 120  118     -6.482      3.065      0.000
 121  119     -6.450     -4.754      0.000
 124  121     -6.390      0.142      0.000
 125  120     -6.384     -7.805      0.000
 127   -2     -6.363     -3.560      0.000
 128  122     -6.351      3.524      0.000
 129  123     -6.345      4.887      0.000
 130  124     -6.309      8.138      0.000
 132  126     -6.277     -5.800      0.000
 133  127     -6.246      0.098      0.000
 134  128     -6.233      0.332      0.000
 135   -2     -6.216     -8.236      0.000
 136  129     -6.200     -1.645      0.000
 137  130     -6.199      0.985      0.000
 138  131     -6.183      2.503      0.000
 139  132     -6.151      4.887      0.000
 140  133     -6.150      3.380      0.000
 142  134     -6.140     -7.601      0.000
 143  135     -6.137      2.737      0.000
 144  136     -6.134     -5.227      0.000
 145  137     -6.081      1.241      0.000
 146  138     -6.080      7.356      0.000
 147  139     -6.075     -7.103      0.000
 148  140     -6.053      6.285      0.000
 149  141     -6.043     -4.651      0.000
 150  142     -6.033      3.717      0.000
 151  143     -6.029     -1.078      0.000
  -1   -2     -6.006     -7.310      0.000
  -1  144     -5.991      7.847      0.000
 152  145     -5.969     -7.635      0.000
 154  146     -5.946      3.087      0.000
 155  148     -5.931      6.814      0.000
 156  150     -5.904     -0.467      0.000
 157  151     -5.888      4.871      0.000
  -1  152     -5.877     -7.326      0.000
 158  153     -5.861     -5.842      0.000
 159  147     -5.860     -4.723      0.000
 160  154     -5.833     -0.035      0.000
 161  155     -5.810      4.711      0.000
 162  156     -5.779     -1.641      0.000
 163  157     -5.757     -1.871      0.000
 164  158     -5.752     -5.786      0.000
 165  159     -5.673      7.408      0.000
 166  160     -5.660      1.910      0.000
 167  161     -5.653     -4.131      0.000
 168  162     -5.636      5.754      0.000
 169  163     -5.619      0.737      0.000
 170  165     -5.575      7.243      0.000
 171  164     -5.573     -7.809      0.000
 172  167     -5.549     -0.892      0.000
 173  166     -5.548     -2.554      0.000
 176  168     -5.541      6.040      0.000
 175  170     -5.536      0.276      0.000
 174  169     -5.534     -1.771      0.000
 177  171     -5.523      2.668      0.000
 179  172     -5.475     -3.109      0.000
 180  173     -5.455     -4.904      0.000
 181  174     -5.443      4.815      0.000
 182  175     -5.429     -6.377      0.000
 183  176     -5.424     -0.692      0.000
 184  177     -5.418     -1.270      0.000
 185  178     -5.412      5.239      0.000
 186   -2     -5.363     -3.043      0.000
 187  179     -5.325     -2.380      0.000
 188  180     -5.321      3.843      0.000
 189   -2     -5.314     -3.051      0.000
  -1   -2     -5.314     -4.600      0.000
 190  181     -5.301     -0.616      0.000
  -1   -2     -5.292     -4.519      0.000
 191  182     -5.256      2.066      0.000
 192  183     -5.247     -3.845      0.000
  -1   -2     -5.220     -8.043      0.000
 194  184     -5.165     -8.043      0.000
 195   -2     -5.117     -1.779      0.000
 196  186     -5.097     -4.691      0.000
 197  187     -5.086     -6.657      0.000
 198  188     -5.081     -3.889      0.000
 199   -2     -5.035     -0.103      0.000
 201  189     -5.017     -0.025      0.000
 200  190     -5.017     -4.914      0.000
 202  191     -5.013      1.558      0.000
 203  192     -4.995      0.519      0.000
 204  193     -4.960      3.967      0.000
 205  195     -4.941      5.126      0.000
 206  196     -4.935      3.764      0.000
 207  197     -4.926     -0.349      0.000
 208  198     -4.905     -4.254      0.000
 209  200     -4.879      1.596      0.000
 210  199     -4.877      8.373      0.000
  -1  202     -4.870      0.816      0.000
 211  201     -4.865      8.229      0.000
 213  203     -4.851      3.871      0.000
 215  205     -4.836      0.658      0.000
 214  206     -4.828     -1.369      0.000
 220  204     -4.814     -8.166      0.000
 216  207     -4.813      1.621      0.000
 217  208     -4.804     -3.588      0.000
 218  210     -4.785     -3.326      0.000
 219  209     -4.780      0.052      0.000
 221  213     -4.743     -4.396      0.000
 223  211     -4.741     -6.813      0.000
 222  212     -4.739      0.384      0.000
 224  214     -4.706      3.563      0.000
 225  215     -4.688      4.573      0.000
 226  216     -4.653      2.640      0.000
 228  217     -4.631      3.416      0.000
 229  218     -4.619      5.785      0.000
 227  219     -4.616     -4.377      0.000
  -1   -2     -4.614      2.157      0.000
  -1   -2     -4.569     -4.634      0.000
 231  221     -4.543     -7.122      0.000
 230  222     -4.543     -5.219      0.000
 232  220     -4.541      2.544      0.000
 233  223     -4.523     -2.486      0.000
  -1  224     -4.506      2.161      0.000
 234  225     -4.499     -5.082      0.000
 236  226     -4.474      0.585      0.000
 237   -2     -4.468     -1.292      0.000
 239  227     -4.451     -6.435      0.000
 238  229     -4.450     -5.407      0.000
 240  228     -4.436     -6.324      0.000
 241  230     -4.416     -6.865      0.000
  -1  231     -4.365     -1.427      0.000
 242  232     -4.356      3.532      0.000
 243  233     -4.342     -4.739      0.000
 244   -2     -4.299      1.060      0.000
 245  234     -4.266      1.028      0.000
 247   -2     -4.210     -6.777      0.000
 246  236     -4.199      0.552      0.000
 248   -2     -4.190     -4.683      0.000
 250  237     -4.151      3.298      0.000
  -1  238     -4.122     -0.564      0.000
 253  239     -4.112     -1.741      0.000
 252   -2     -4.108      2.614      0.000
 251  240     -4.101     -4.563      0.000
 255  241     -4.082     -1.479      0.000
 254  242     -4.075     -4.343      0.000
 256   -2     -4.046      2.567      0.000
 257  243     -4.021      1.541      0.000
 259  244     -4.014      5.707      0.000
 258  246     -4.013     -8.248      0.000
 261   -2     -3.975      2.021      0.000
 262  247     -3.969     -7.668      0.000
 263  248     -3.962      3.963      0.000
  -1  249     -3.908      5.207      0.000
 264   -2     -3.882     -4.261      0.000
 265  251     -3.873      5.312      0.000
 266  250     -3.869      2.898      0.000
 267   -2     -3.841      2.157      0.000
 268   -2     -3.819     -7.962      0.000
 269  252     -3.785     -0.524      0.000
  -1   -2     -3.753     -0.266      0.000
 270  253     -3.749     -5.441      0.000
  -1  254     -3.743      7.485      0.000
 271  255     -3.737      8.253      0.000
  -1  257     -3.684      8.373      0.000
  -1   -2     -3.657     -3.507      0.000
 272   -2     -3.645      0.365      0.000
 273  258     -3.639     -7.975      0.000
 274  259     -3.626      7.793      0.000
 275  261     -3.583     -1.518      0.000
 276  262     -3.550     -0.296      0.000
 278  264     -3.465      0.617      0.000
  -1  265     -3.460      2.982      0.000
 280  263     -3.453     -6.689      0.000
 279  267     -3.435     -3.346      0.000
 282  269     -3.428     -1.640      0.000
 281  268     -3.427      6.366      0.000
 285  266     -3.423      0.361      0.000
 283   -2     -3.421      8.386      0.000
  -1  270     -3.421     -1.144      0.000
 284  272     -3.398     -4.776      0.000
 288  271     -3.397      7.814      0.000
 286  274     -3.381     -4.519      0.000
 287  273     -3.379     -7.739      0.000
 289  275     -3.333      4.190      0.000
 290  276     -3.315      2.346      0.000
  -1  277     -3.301      5.365      0.000
 291  278     -3.294      5.441      0.000
  -1  279     -3.291     -0.004      0.000
 292  280     -3.250      6.173      0.000
 296  283     -3.199      2.133      0.000
 295  286     -3.198     -0.346      0.000
 297  284     -3.184     -6.590      0.000
  -1   -2     -3.092      3.811      0.000
 299  287     -3.060      7.909      0.000
 300   -2     -3.042     -2.277      0.000
 301  289     -3.006      1.963      0.000
 303  290     -2.996     -1.002      0.000
 302  291     -2.996      3.067      0.000
 305  292     -2.983     -1.297      0.000
 307  288     -2.972      0.683      0.000
 306  293     -2.972     -3.027      0.000
 304  294     -2.971     -5.225      0.000
 308  296     -2.906     -1.262      0.000
  -1   -2     -2.903     -2.873      0.000
 309  295     -2.897     -0.774      0.000
 310  297     -2.887     -7.082      0.000
  -1   -2     -2.881     -0.549      0.000
 311  298     -2.869      1.322      0.000
  -1  301     -2.867      3.017      0.000
 313  299     -2.852     -7.789      0.000
 312  303     -2.813      4.261      0.000
 317  302     -2.793      1.394      0.000
 315  306     -2.782     -4.833      0.000
 316  304     -2.781     -3.329      0.000
 318  305     -2.766      7.980      0.000
 319  307     -2.744      5.630      0.000
 320   -2     -2.734     -3.601      0.000
 323  308     -2.720      8.096      0.000
 321  311     -2.707      6.654      0.000
 324  310     -2.695     -6.987      0.000
 322  312     -2.693      6.239      0.000
 325  314     -2.659      7.042      0.000
 326   -2     -2.653      7.766      0.000
 328  313     -2.651     -5.587      0.000
 329   -2     -2.648     -8.339      0.000
 327  315     -2.645      3.271      0.000
  -1   -2     -2.636     -7.077      0.000
 330  316     -2.612      6.322      0.000
 332  317     -2.584      1.270      0.000
 331  318     -2.573     -1.349      0.000
 333   -2     -2.552     -6.803      0.000
 334   -2     -2.522     -3.012      0.000
 338  319     -2.497      2.200      0.000
 336  320     -2.487     -3.422      0.000
 337  321     -2.482      4.239      0.000
 340  322     -2.389     -6.417      0.000
 339   -2     -2.388     -3.390      0.000
 342   -2     -2.266     -4.215      0.000
  -1  323     -2.216     -1.670      0.000
 344  324     -2.184     -0.383      0.000
 345  325     -2.170     -6.273      0.000
 346  326     -2.156     -1.491      0.000
 348   -2     -2.130      5.355      0.000
 349  327     -2.106      7.738      0.000
 351  328     -2.056      4.227      0.000
 350  331     -2.043     -4.084      0.000
 352  329     -2.028      5.754      0.000
 353  334     -1.992      0.643      0.000
 356  332     -1.985     -6.192      0.000
 354  335     -1.962     -1.885      0.000
 355  336     -1.946     -2.307      0.000
 358  337     -1.899      5.618      0.000
 360  339     -1.889     -5.821      0.000
 357   -2     -1.877     -4.490      0.000
 361  338     -1.875      0.270      0.000
 363  340     -1.827      0.806      0.000
 364  341     -1.730      2.175      0.000
 365  342     -1.717      5.351      0.000
 367  344     -1.689     -1.096      0.000
 366  345     -1.684     -4.055      0.000
 368  346     -1.672     -4.809      0.000
 369  347     -1.656      5.733      0.000
 371  349     -1.573      3.689      0.000
 372  348     -1.558     -7.593      0.000
 370  353     -1.544      5.633      0.000
 373  350     -1.532     -6.633      0.000
 375  352     -1.497     -0.051      0.000
 374  354     -1.481     -1.269      0.000
 376  357     -1.452     -3.100      0.000
 377  355     -1.445      1.563      0.000
  -1  356     -1.424     -4.028      0.000
 379  358     -1.354     -1.959      0.000
 378   -2     -1.354     -3.918      0.000
  -1   -2     -1.345      1.225      0.000
 380  359     -1.336      1.687      0.000
 381  360     -1.187      1.160      0.000
 382  361     -1.128     -1.356      0.000
 383  363     -1.005     -2.585      0.000
 386  362     -0.993     -6.792      0.000
 384  364     -0.987     -2.975      0.000
  -1   -2     -0.962      8.324      0.000
 385  366     -0.955      4.828      0.000
  -1   -2     -0.904     -3.166      0.000
 387   -2     -0.878     -1.537      0.000
  -1  367     -0.874     -5.831      0.000
 389  368     -0.867     -5.965      0.000
 391  369     -0.747      5.934      0.000
 394  371     -0.676     -3.058      0.000
 393  372     -0.672      5.300      0.000
 395  370     -0.670      1.446      0.000
 396  373     -0.585     -5.173      0.000
 397  374     -0.494     -3.070      0.000
 398  375     -0.471      6.004      0.000
 401  376     -0.396     -7.171      0.000
 399  377     -0.381      0.663      0.000
 403  380     -0.243     -3.235      0.000
 402  382     -0.214     -0.993      0.000
  -1   -2     -0.211     -8.437      0.000
 404   -2     -0.197      1.690      0.000
 406  381     -0.182      4.733      0.000
 407  383     -0.133     -4.234      0.000
 408  384     -0.084      0.450      0.000
 409  385     -0.067     -6.466      0.000
 412  386     -0.037     -1.938      0.000
 410  388     -0.026      2.251      0.000
 411  389     -0.014     -2.251      0.000
 413  392      0.308     -7.083      0.000
 414   -2      0.351     -6.530      0.000
 415  393      0.433     -7.937      0.000
 416  394      0.508     -1.911      0.000
 417  395      0.611      4.099      0.000
 421  396      0.659     -5.801      0.000
 419  398      0.662     -6.670      0.000
 420  399      0.711      7.319      0.000
  -1   -2      0.718      3.930      0.000
 422  403      0.825     -1.713      0.000
 424  405      0.890      1.624      0.000
 425  404      0.893      6.566      0.000
 423  409      0.918     -3.663      0.000
 426  406      0.939      7.915      0.000
 430  407      0.983      4.471      0.000
 429  414      1.034     -2.930      0.000
 432  410      1.057      4.607      0.000
 433  413      1.091     -6.432      0.000
 435  415      1.114      6.761      0.000
 434  417      1.143     -5.636      0.000
 436  416      1.148      3.774      0.000
 438   -2      1.201     -7.450      0.000
 437   -2      1.219     -7.772      0.000
  -1  418      1.237      1.114      0.000
 440  419      1.253     -0.523      0.000
 439  421      1.268      5.371      0.000
 441  420      1.284     -7.300      0.000
 442  422      1.295      3.388      0.000
  -1  423      1.303      7.122      0.000
 444  424      1.344      1.548      0.000
 443  425      1.352     -3.795      0.000
 446   -2      1.357      7.146      0.000
 445   -2      1.406      7.436      0.000
  -1   -2      1.408      0.447      0.000
 447  431      1.437      2.294      0.000
  -1  430      1.442      2.144      0.000
 449  432      1.466     -5.747      0.000
 448  436      1.468     -4.621      0.000
 450  433      1.491     -6.755      0.000
  -1  437      1.495      1.915      0.000
 451  434      1.501     -1.056      0.000
 452  435      1.513     -7.808      0.000
  -1   -2      1.516     -4.719      0.000
 453   -2      1.570     -1.469      0.000
 455  439      1.614      5.820      0.000
 456  438      1.616     -6.848      0.000
 457  440      1.621     -7.769      0.000
 459  441      1.658      4.756      0.000
 460  442      1.665     -5.869      0.000
 461  444      1.690     -0.052      0.000
 462  443      1.695      2.585      0.000
 464  445      1.728     -6.327      0.000
 466  446      1.732      2.315      0.000
 465  449      1.752      8.197      0.000
 467  448      1.766     -5.626      0.000
 468  450      1.782      5.419      0.000
  -1   -2      1.821     -7.012      0.000
 470  453      1.841     -6.064      0.000
  -1  452      1.851      6.969      0.000
 471  454      1.852     -7.246      0.000
 474  455      1.889     -6.957      0.000
 473  458      1.909     -0.721      0.000
 475  457      1.919     -0.381      0.000
 477  459      1.954      3.584      0.000
 476  460      1.956     -3.946      0.000
 479  462      1.970      1.770      0.000
  -1  461      1.976      0.601      0.000
 480  463      1.986     -5.955      0.000
  -1   -2      2.012      1.924      0.000
 481   -2      2.015     -3.034      0.000
 483  464      2.043     -7.520      0.000
 484  465      2.051      5.608      0.000
 486  466      2.071      7.170      0.000
 485  469      2.083      3.232      0.000
 487  468      2.085     -1.323      0.000
 472  470      2.086     -3.417      0.000
 489  467      2.096      0.151      0.000
 488  471      2.101     -0.479      0.000
 482  472      2.122      5.972      0.000
 491   -2      2.146     -3.184      0.000
 492  473      2.155     -7.071      0.000
  -1  474      2.169      2.041      0.000
 506   -2      2.205      7.704      0.000
  -1   -2      2.206      1.071      0.000
 494  475      2.227      4.980      0.000
 495   -2      2.250      8.270      0.000
 496  478      2.254      4.137      0.000
 497  479      2.261     -0.092      0.000
 499  481      2.282     -5.102      0.000
  -1  482      2.309     -7.661      0.000
 500  483      2.313      5.426      0.000
 504  484      2.336     -5.526      0.000
 501  485      2.337     -5.976      0.000
 505  486      2.354      0.030      0.000
 502  487      2.355      3.993      0.000
 508  490      2.410      5.417      0.000
  -1  488      2.416     -7.393      0.000
 507  492      2.419     -4.128      0.000
 509  489      2.420      4.880      0.000
 511  491      2.442      2.787      0.000
 510  493      2.454      0.409      0.000
 512  494      2.519     -4.311      0.000
  -1  496      2.520     -0.169      0.000
 514  495      2.536      6.637      0.000
 515  498      2.566     -4.511      0.000
 516  497      2.568     -3.853      0.000
 517  499      2.588      3.545      0.000
 518  500      2.600     -2.506      0.000
 519  501      2.617     -3.783      0.000
 521  502      2.698     -5.953      0.000
 524  504      2.727     -6.500      0.000
  -1  506      2.740      7.913      0.000
  -1   -2      2.745     -1.205      0.000
 523  507      2.758      2.123      0.000
 528  508      2.789      4.807      0.000
 527  509      2.792     -0.131      0.000
 526   -2      2.801      2.268      0.000
 529  510      2.801      7.680      0.000
 530  511      2.864     -1.831      0.000
 532  512      2.900      4.103      0.000
 533  514      2.915      5.835      0.000
 534  515      2.925     -1.025      0.000
 535  516      2.931      1.985      0.000
 536  517      2.964     -1.586      0.000
 537   -2      2.994      2.890      0.000
  -1  518      3.035     -4.506      0.000
 538  519      3.062     -2.854      0.000
 539  522      3.113     -5.258      0.000
 540  521      3.120      6.080      0.000
 541  520      3.120     -7.848      0.000
 544  523      3.151     -0.783      0.000
  -1   -2      3.160     -1.323      0.000
 545  525      3.193      8.270      0.000
 547  524      3.200      3.009      0.000
 546  526      3.209      0.820      0.000
 550  528      3.278     -2.857      0.000
 552  530      3.303     -2.382      0.000
 553  529      3.310     -8.334      0.000
 554  531      3.327     -5.883      0.000
 555  532      3.335     -6.548      0.000
 556  533      3.345     -7.386      0.000
 557  534      3.376      6.640      0.000
 558  535      3.390     -4.037      0.000
 559  536      3.434      5.250      0.000
 561  537      3.445      5.833      0.000
 560  538      3.446      4.364      0.000
 562  540      3.479     -0.518      0.000
 564  539      3.483      2.613      0.000
 566  542      3.500     -5.700      0.000
 565  543      3.505     -6.439      0.000
 567  545      3.547     -3.511      0.000
 568  544      3.558      5.022      0.000
 569  546      3.568     -0.048      0.000
 570  547      3.584     -1.984      0.000
 571  548      3.596     -2.598      0.000
 572  549      3.607      4.050      0.000
 573  550      3.616     -1.129      0.000
  -1  552      3.628      3.195      0.000
 575  551      3.628     -0.808      0.000
 576  554      3.654      1.052      0.000
 577  553      3.655      7.904      0.000
 574   -2      3.657     -3.482      0.000
 578  556      3.680     -2.971      0.000
 580  559      3.704     -0.607      0.000
 581  557      3.716     -7.577      0.000
  -1   -2      3.722      0.858      0.000
 583  560      3.734     -2.821      0.000
 582  561      3.742      7.707      0.000
 584  563      3.754     -1.368      0.000
 587  562      3.763     -5.721      0.000
 585  565      3.774     -7.630      0.000
 588  564      3.775      4.937      0.000
 590  566      3.790      5.244      0.000
  -1  567      3.851     -1.895      0.000
 591  568      3.882      2.996      0.000
 592  569      3.901     -0.036      0.000
 593  570      3.908      4.126      0.000
 594  571      3.931      3.126      0.000
 595  572      3.954     -7.818      0.000
  -1   -2      3.972     -5.645      0.000
 596  573      3.987     -0.627      0.000
 597  575      3.995      8.107      0.000
 598  576      3.998      4.918      0.000
 599  574      4.005     -1.144      0.000
 600  577      4.041      0.604      0.000
 601  578      4.059     -7.288      0.000
 602  579      4.083     -1.109      0.000
 604  581      4.122     -8.036      0.000
 606  582      4.167     -6.010      0.000
 605  586      4.171     -8.392      0.000
  -1  583      4.175     -4.571      0.000
 609  585      4.193     -5.932      0.000
 607   -2      4.194      2.192      0.000
 608  590      4.210     -4.338      0.000
  -1  588      4.210     -7.913      0.000
 611  589      4.222     -2.023      0.000
 612  591      4.241     -6.601      0.000
 613  592      4.265     -4.070      0.000
 614  593      4.272     -1.799      0.000
  -1  596      4.290     -8.066      0.000
  -1  595      4.296     -4.425      0.000
 616  594      4.297      8.343      0.000
 615  597      4.314     -6.851      0.000
 618  598      4.345     -1.601      0.000
 617  599      4.351      2.192      0.000
 619  600      4.385      4.655      0.000
 620  601      4.402      7.803      0.000
  -1  611      4.422     -4.921      0.000
 621  602      4.443      3.019      0.000
 622  603      4.447     -0.988      0.000
 623  604      4.450      4.827      0.000
 624  606      4.455      8.023      0.000
 626  609      4.478      6.365      0.000
 625  610      4.481     -7.071      0.000
  -1  612      4.513     -4.618      0.000
 629  613      4.535      8.012      0.000
 630  614      4.536      0.550      0.000
 628  617      4.538      0.668      0.000
 631  616      4.556      6.422      0.000
 632  618      4.564      1.878      0.000
 633  620      4.570      3.336      0.000
 635  619      4.577     -1.457      0.000
 634   -2      4.579      2.670      0.000
 636  622      4.590      0.075      0.000
 637  621      4.606     -2.686      0.000
 639  624      4.625      2.860      0.000
 638  623      4.627      2.618      0.000
 640  626      4.670     -5.191      0.000
 641  627      4.695      0.540      0.000
 642  628      4.712     -3.191      0.000
 643  629      4.734      3.065      0.000
 644  630      4.756      8.333      0.000
  -1  633      4.785     -3.661      0.000
 647  634      4.813     -7.564      0.000
 649  635      4.891      5.117      0.000
 652  636      4.903     -5.220      0.000
 651  637      4.903      5.243      0.000
 650  638      4.904      3.613      0.000
 653  639      4.923      1.074      0.000
 654  640      4.928      1.532      0.000
 655  641      4.951     -2.802      0.000
 657  642      4.975     -6.514      0.000
 656  643      4.976     -4.909      0.000
 658  644      5.005     -3.454      0.000
 659   -2      5.019     -8.219      0.000
 660   -2      5.024      8.122      0.000
 661  645      5.026      8.079      0.000
 663  646      5.036     -2.912      0.000
 662  647      5.039     -5.760      0.000
 664  648      5.053     -3.979      0.000
 665  649      5.068      2.023      0.000
 666  650      5.070      7.208      0.000
 667  651      5.077      6.929      0.000
 668  652      5.158     -5.797      0.000
 670  653      5.182      6.435      0.000
 671  654      5.186      6.843      0.000
 672  657      5.224      1.599      0.000
 673  658      5.257      7.072      0.000
 674  659      5.286      2.416      0.000
 675  660      5.348      5.821      0.000
 676  661      5.359     -7.649      0.000
 677  662      5.370     -2.885      0.000
 678   -2      5.378     -7.776      0.000
 679  664      5.393      2.810      0.000
 680  665      5.428      2.005      0.000
 681  666      5.447      6.056      0.000
 682  667      5.450      1.397      0.000
 683  668      5.473     -6.622      0.000
  -1  669      5.479     -7.901      0.000
 684  670      5.482     -5.113      0.000
 685  671      5.518      2.062      0.000
 686  672      5.529      4.498      0.000
 688  673      5.584     -8.213      0.000
 689  674      5.607      6.980      0.000
 690  675      5.627      3.943      0.000
 691  676      5.642     -0.635      0.000
 693  677      5.656     -5.807      0.000
 692   -2      5.660     -3.152      0.000
 694  678      5.684     -5.459      0.000
 695  679      5.719      4.611      0.000
  -1   -2      5.754      7.841      0.000
 696  680      5.760     -2.437      0.000
  -1   -2      5.763     -5.164      0.000
 697  681      5.792     -0.982      0.000
 698  682      5.798      1.775      0.000
 699  683      5.842     -8.001      0.000
 700  684      5.860      1.996      0.000
 704  685      5.868     -6.347      0.000
 702  687      5.868      5.080      0.000
 701  688      5.869     -8.383      0.000
 703  689      5.870     -0.747      0.000
 705  686      5.871     -6.453      0.000
 707  691      5.956      2.744      0.000
 708  690      5.957     -5.282      0.000
 709  692      5.982     -6.135      0.000
 711  693      5.991     -4.321      0.000
 710  694      5.992      0.235      0.000
 713  695      6.015      4.654      0.000
 712  696      6.019     -3.034      0.000
 714   -2      6.022     -5.425      0.000
 715  697      6.034     -0.464      0.000
 716  698      6.128      1.720      0.000
 717  700      6.153     -6.608      0.000
 719  701      6.170     -4.208      0.000
 718  702      6.171      3.880      0.000
 720  703      6.186      3.209      0.000
 721  704      6.189      0.304      0.000
 722  705      6.225     -6.467      0.000
 723  706      6.253      7.276      0.000
 724  707      6.264     -2.122      0.000
 725  708      6.273     -2.917      0.000
 726  709      6.285     -6.517      0.000
 727  710      6.351      2.379      0.000
 728  711      6.366     -4.255      0.000
 729  712      6.381      7.029      0.000
 730  713      6.431     -4.869      0.000
 731  714      6.467     -5.940      0.000
 732   -2      6.471      4.121      0.000
 733  715      6.482     -5.311      0.000
 734  717      6.490      5.504      0.000
 736  718      6.512      6.913      0.000
 737  719      6.528      4.683      0.000
 740  720      6.540     -1.288      0.000
 742   -2      6.561      0.216      0.000
 741  721      6.561     -6.038      0.000
 739  723      6.566      2.138      0.000
 743  724      6.598     -0.569      0.000
 744  725      6.602      2.891      0.000
 745  726      6.608     -5.119      0.000
 746  727      6.632     -5.316      0.000
 747  728      6.646     -6.196      0.000
 748  729      6.653      5.654      0.000
 749  730      6.668     -5.490      0.000
 750   -2      6.698      6.599      0.000
 751  731      6.701      0.452      0.000
 752  732      6.716      3.203      0.000
 753  733      6.718     -1.869      0.000
 755  734      6.737      3.319      0.000
 754  735      6.738      2.074      0.000
 756  736      6.742     -6.029      0.000
 758  737      6.766     -0.554      0.000
 759  738      6.788     -0.757      0.000
 760  740      6.833      5.238      0.000
 761  741      6.839     -7.947      0.000
 762  742      6.869      3.639      0.000
 763  743      6.877     -4.911      0.000
 765  744      6.890     -2.627      0.000
 764  745      6.891     -0.896      0.000
 766  746      6.904     -0.066      0.000
 767  747      6.915      6.190      0.000
 768  748      6.927     -0.671      0.000
 769  749      6.949      0.450      0.000
 770  750      6.966      2.108      0.000
 771   -2      6.975     -6.569      0.000
 773  751      6.990     -5.771      0.000
 772  752      6.991     -8.418      0.000
 774  753      6.996      3.437      0.000
  -1   -2      7.000      2.270      0.000
 775   -2      7.000      6.640      0.000
 776   -2      7.002      2.050      0.000
 777  754      7.029      2.069      0.000
 779  755      7.030     -5.971      0.000
 778  756      7.031     -4.016      0.000
 780  757      7.054     -8.313      0.000
 783  758      7.124     -6.139      0.000
 784  759      7.127      7.558      0.000
  -1  760      7.132     -3.158      0.000
 785  767      7.159      6.553      0.000
 787  761      7.184      0.213      0.000
 788  762      7.187     -3.951      0.000
 789  763      7.234      5.000      0.000
 790  764      7.236     -4.380      0.000
 791  765      7.239      4.386      0.000
 793  766      7.263     -7.187      0.000
 792   -2      7.264      6.755      0.000
 794  768      7.278      4.323      0.000
 795  769      7.293      5.642      0.000
 796  770      7.296     -0.133      0.000
 797  771      7.345      3.561      0.000
  -1  772      7.363      5.574      0.000
 798  774      7.397      2.083      0.000
 799  775      7.425     -5.724      0.000
 803  776      7.468      4.795      0.000
 801  777      7.471      5.278      0.000
 802  778      7.481      4.438      0.000
 805  779      7.505     -2.887      0.000
 806  780      7.508     -8.360      0.000
 807  781      7.533     -1.530      0.000
 808  782      7.558      1.264      0.000
 809  783      7.584      4.769      0.000
 810  784      7.593      1.765      0.000
 811  785      7.615      2.295      0.000
 813  787      7.689      7.756      0.000
 814  786      7.691     -7.862      0.000
 815  788      7.730     -2.970      0.000
 816  789      7.748      8.267      0.000
 818  791      7.811     -0.842      0.000
 819  792      7.820      6.742      0.000
 820  793      7.880     -4.985      0.000
 821  794      7.974     -0.714      0.000
 822  795      7.974     -6.764      0.000
  -1  796      7.974      7.163      0.000
 823  797      7.977     -0.421      0.000
 824  798      7.978     -6.842      0.000
 825  800      7.992     -1.179      0.000
 826  799      7.992     -5.614      0.000
 827  801      8.005      1.037      0.000
 828  802      8.050     -0.616      0.000
 829  803      8.057      4.398      0.000
 830  804      8.072      3.177      0.000
 831  805      8.084      3.144      0.000
 832  806      8.103     -4.752      0.000
 833  807      8.110     -0.222      0.000
 834  808      8.119     -4.515      0.000
 835  809      8.156      2.517      0.000
 836  810      8.162      4.626      0.000
 837  811      8.167      3.248      0.000
  -1  812      8.181     -7.233      0.000
 838  813      8.187     -6.293      0.000
  -1  814      8.195      6.218      0.000
 839   -2      8.202      4.807      0.000
 841  817      8.235     -3.384      0.000
 842  816      8.235     -6.017      0.000
 843  818      8.240      7.274      0.000
 844  819      8.276     -1.879      0.000
 845  820      8.279     -7.319      0.000
 846  821      8.310     -4.377      0.000
 847  822      8.322      7.044      0.000
 848  823      8.325      1.353      0.000
 849  824      8.348      8.199      0.000
 850  825      8.353      7.598      0.000
 851  826      8.372     -8.202      0.000
 852  827      8.376     -0.151      0.000
 853  828      8.379      0.684      0.000
 854  829      8.394     -4.621      0.000
 855  830      8.411      1.109      0.000
 856  831      8.417     -2.464      0.000
