854
   0    0     -8.398      7.537      0.000
   1    1     -8.381     -6.901      0.000
   2    2     -8.373     -3.318      0.000
   3    3     -8.352     -8.167      0.000
   4    4     -8.343     -4.644      0.000
   5    5     -8.301      1.206      0.000
   6    6     -8.295      0.538      0.000
   7    8     -8.285     -1.805      0.000
   8    9     -8.274      6.850      0.000
   9   10     -8.242     -8.264      0.000
  10   11     -8.228      4.227      0.000
  12   12     -8.208     -7.943      0.000
  13   13     -8.198      1.541      0.000
  14   15     -8.178     -3.051      0.000
  15   14     -8.176      4.420      0.000
  16   16     -8.139      6.492      0.000
  17   17     -8.120      2.615      0.000
  18   18     -8.117     -2.518      0.000
  19   20     -8.075      1.347      0.000
  20   23     -8.038      2.237      0.000
  21   22     -8.037     -7.419      0.000
  22   24     -8.009     -6.266      0.000
  23   25     -7.997      6.569      0.000
  24   26     -7.980     -3.832      0.000
  25   27     -7.940      5.654      0.000
  26   28     -7.921     -0.964      0.000
  27   29     -7.914     -6.990      0.000
  28   30     -7.896      0.818      0.000
  29   32     -7.890     -0.186      0.000
  30   31     -7.885      2.322      0.000
  32   36     -7.852     -6.136      0.000
  31   33     -7.851      4.089      0.000
  34   35     -7.830      3.879      0.000
  33   34     -7.829      3.842      0.000
  36   37     -7.813     -4.857      0.000
  37   -2     -7.807     -6.179      0.000
  38   39     -7.800      2.485      0.000
  39   38     -7.798      4.989      0.000
  40   40     -7.779     -2.763      0.000
  41   41     -7.767     -5.144      0.000
  42   42     -7.764     -6.268      0.000
  43   44     -7.754     -4.644      0.000
  44   43     -7.754      1.971      0.000
  45   45     -7.751      5.234      0.000
  46   -2     -7.750      7.139      0.000
  47   46     -7.750     -6.745      0.000
  48   47     -7.722     -0.691      0.000
  49   48     -7.694      7.117      0.000
  50   49     -7.681      6.650      0.000
  51   50     -7.609      4.948      0.000
  52   51     -7.585     -6.912      0.000
  53   -2     -7.573      0.418      0.000
  54   53     -7.549     -0.005      0.000
  56   54     -7.536      8.229      0.000
  55   55     -7.537     -0.698      0.000
  57   56     -7.521     -5.451      0.000
  58   57     -7.509     -1.109      0.000
  60   58     -7.476      7.991      0.000
  59   59     -7.475      3.619      0.000
  -1   60     -7.434      3.853      0.000
  61   61     -7.410     -1.443      0.000
  -1   62     -7.402      3.975      0.000
  62   63     -7.385      3.678      0.000
  64   65     -7.362     -6.217      0.000
  65   66     -7.356      2.311      0.000
  66   67     -7.329     -5.108      0.000
  67   68     -7.322     -5.419      0.000
  68   69     -7.311      3.852      0.000
  69   70     -7.307      5.393      0.000
  71   72     -7.248      3.239      0.000
  73   71     -7.247     -8.395      0.000
  72   73     -7.245      6.136      0.000
  80   -2     -7.212     -7.986      0.000
  74   75     -7.186     -7.563      0.000
  75   76     -7.175      7.646      0.000
  76   77     -7.161      6.080      0.000
  77   78     -7.159      5.093      0.000
  -1   -2     -7.156     -6.771      0.000
  78   79     -7.150      4.736      0.000
  79   80     -7.149      4.039      0.000
  81   81     -7.140     -2.428      0.000
  82   83     -7.133      7.292      0.000
  83   82     -7.131     -7.768      0.000
  84   84     -7.118      7.452      0.000
  86   85     -7.094      4.984      0.000
  87   86     -7.048     -5.445      0.000
  88   87     -7.026      0.019      0.000
  89   88     -7.014      1.960      0.000
  90   89     -6.997     -6.804      0.000
  91   90     -6.992      4.430      0.000
  92   91     -6.986     -2.416      0.000
  93   93     -6.979      4.333      0.000
  94   92     -6.979     -6.633      0.000
  95   94     -6.965     -0.390      0.000
  96   95     -6.956      5.109      0.000
  -1   96     -6.934     -2.713      0.000
  97   97     -6.919      5.409      0.000
  98   98     -6.912      3.370      0.000
  99   99     -6.907     -0.839      0.000
 100  100     -6.897      2.894      0.000
 101  102     -6.873     -1.222      0.000
 102  101     -6.872     -6.484      0.000
 103  103     -6.847      7.547      0.000
 104  104     -6.814     -7.528      0.000
 105  105     -6.798      1.301      0.000
 106  106     -6.790     -5.467      0.000
 107  107     -6.762      2.407      0.000
  -1  108     -6.737      7.611      0.000
 108  109     -6.735     -0.891      0.000
 109   -2     -6.726     -0.246      0.000
 110   -2     -6.714      4.286      0.000
  -1   -2     -6.708     -3.055      0.000
 111  111     -6.686      1.347      0.000
 112  110     -6.686      1.665      0.000
 113  113     -6.641      2.367      0.000
 114  112     -6.638      3.535      0.000
 115  114     -6.606      5.769      0.000
 116  115     -6.592     -4.375      0.000
 117  116     -6.588      6.971      0.000
 118  117     -6.550     -6.389      0.000
 119  118     -6.516      7.613      0.000
 120  119     -6.508     -6.269      0.000
 121  120     -6.503      3.054      0.000
 122  121     -6.488     -4.796      0.000
  -1   -2     -6.449     -2.032      0.000
 123  123     -6.435      0.136      0.000
 124  124     -6.369      4.869      0.000
 125  125     -6.348     -0.500      0.000
 127  126     -6.328     -7.914      0.000
 128   -2     -6.319     -0.101      0.000
 129  127     -6.297      0.094      0.000
 130  128     -6.285     -5.871      0.000
  -1  129     -6.282     -5.030      0.000
  -1  130     -6.279      0.326      0.000
 131  131     -6.263     -1.674      0.000
 132   -2     -6.239      0.984      0.000
  -1  132     -6.236     -7.917      0.000
 133  133     -6.202      2.493      0.000
 134  134     -6.174      4.871      0.000
 135  135     -6.170     -5.291      0.000
 136  136     -6.163      3.361      0.000
 137  137     -6.155      2.731      0.000
 138  138     -6.136     -7.687      0.000
 139  139     -6.111      1.236      0.000
 140  140     -6.110      7.348      0.000
 141   -2     -6.101     -4.703      0.000
 143   -2     -6.101     -1.092      0.000
  -1   -2     -6.099     -6.682      0.000
 144  141     -6.077      6.275      0.000
 145  142     -6.044      3.696      0.000
 146  143     -6.021      7.842      0.000
 147  144     -6.002     -7.807      0.000
 152  145     -5.984     -7.353      0.000
 148  146     -5.969     -0.469      0.000
 149  147     -5.960      3.073      0.000
 150  148     -5.956      6.801      0.000
 151   -2     -5.933     -6.379      0.000
 153  149     -5.917      4.850      0.000
 154  150     -5.894     -5.924      0.000
 155  151     -5.883     -0.035      0.000
 156  152     -5.864     -1.677      0.000
 157  153     -5.845     -7.388      0.000
 158  156     -5.838     -1.934      0.000
 160  154     -5.837      4.692      0.000
 159  155     -5.836      0.609      0.000
 161   -2     -5.800     -4.601      0.000
 162  157     -5.756     -5.897      0.000
 163  159     -5.734     -4.135      0.000
 164  160     -5.705      7.407      0.000
 166  161     -5.685      1.908      0.000
 167  162     -5.673      5.741      0.000
 168  163     -5.651      0.739      0.000
 169  164     -5.631     -0.893      0.000
 170  165     -5.627     -1.793      0.000
 171  166     -5.607      7.235      0.000
  -1  168     -5.589     -2.467      0.000
 172  169     -5.581      0.282      0.000
 173  170     -5.573      6.028      0.000
  -1   -2     -5.566     -8.217      0.000
 174  171     -5.542     -4.993      0.000
 176   -2     -5.538      2.665      0.000
 175  172     -5.537     -3.114      0.000
 177  173     -5.507     -0.686      0.000
 178  174     -5.474      4.789      0.000
 179  175     -5.458     -7.526      0.000
 180  176     -5.451      5.219      0.000
 182  178     -5.382     -8.115      0.000
 183  179     -5.369     -0.602      0.000
 184  177     -5.368     -1.407      0.000
  -1  180     -5.344      6.104      0.000
 185  181     -5.327      3.807      0.000
 186  182     -5.305     -3.075      0.000
 187  183     -5.278      2.066      0.000
 188  184     -5.272      0.703      0.000
 189  185     -5.244     -3.764      0.000
 190  186     -5.231     -4.697      0.000
  -1   -2     -5.226     -5.990      0.000
 191  187     -5.195     -2.454      0.000
 194  188     -5.175     -1.564      0.000
 192  189     -5.169     -6.680      0.000
 193  190     -5.163     -4.813      0.000
 195  191     -5.116     -3.898      0.000
 196  192     -5.110     -0.075      0.000
 197  193     -5.097     -5.235      0.000
 198  195     -5.054     -0.008      0.000
 199  194     -5.054      1.559      0.000
  -1   -2     -5.038     -3.252      0.000
 200  196     -5.032      0.529      0.000
 201  197     -5.021     -3.435      0.000
 202  198     -5.001      5.102      0.000
 203  199     -4.977     -0.320      0.000
 204  202     -4.965     -4.332      0.000
 205  200     -4.959     -7.820      0.000
 207  201     -4.949      3.911      0.000
 206  205     -4.946     -1.333      0.000
 208  203     -4.946      3.728      0.000
  -1  204     -4.931     -4.136      0.000
 209  206     -4.923      8.386      0.000
 211  208     -4.904      8.222      0.000
 212  210     -4.899     -1.401      0.000
 215  211     -4.890      0.684      0.000
 216  213     -4.877     -2.801      0.000
 214  215     -4.874     -5.027      0.000
 213  216     -4.862     -4.293      0.000
 220  212     -4.851     -8.073      0.000
 219  217     -4.820      0.079      0.000
 222  218     -4.808      3.809      0.000
 221  219     -4.808     -5.844      0.000
 223  222     -4.716     -5.078      0.000
 224  221     -4.703      4.468      0.000
 226  225     -4.675     -6.830      0.000
 227  224     -4.673      5.785      0.000
 229  226     -4.661      2.659      0.000
 228  227     -4.658     -4.760      0.000
 230  228     -4.628      3.384      0.000
 231  229     -4.614      3.585      0.000
 232  230     -4.599      2.510      0.000
  -1   -2     -4.537     -3.760      0.000
 233  232     -4.536      2.572      0.000
 234  234     -4.505      0.624      0.000
 235  235     -4.499      2.176      0.000
 236  236     -4.441     -6.047      0.000
 237  240     -4.416     -4.367      0.000
 238   -2     -4.414      0.863      0.000
  -1  256     -4.414     -0.676      0.000
 239  238     -4.411     -6.692      0.000
 241  237     -4.402     -6.486      0.000
  -1  239     -4.391     -8.236      0.000
 240  242     -4.373     -4.464      0.000
  -1  244     -4.364      0.679      0.000
 243  241     -4.361      3.480      0.000
 242  243     -4.355      1.010      0.000
 244  245     -4.333      7.397      0.000
 245   -2     -4.328      4.800      0.000
 246  246     -4.303      1.168      0.000
 248  248     -4.299      0.644      0.000
 249  247     -4.298      2.412      0.000
 247  250     -4.290     -4.496      0.000
 250  251     -4.233     -2.008      0.000
 251  252     -4.195     -1.189      0.000
  -1   -2     -4.174      7.670      0.000
  -1   -2     -4.156     -4.622      0.000
 252  255     -4.144     -2.495      0.000
 253  258     -4.121     -0.461      0.000
 256  259     -4.100      3.377      0.000
 254  260     -4.098      5.749      0.000
 257  262     -4.083      2.089      0.000
 261  261     -4.077      2.607      0.000
 258  264     -4.064     -4.759      0.000
 260  263     -4.057      1.656      0.000
  -1  265     -4.044      5.644      0.000
 262  266     -4.021     -4.871      0.000
 264  269     -4.001     -1.443      0.000
 265  268     -3.997      3.275      0.000
 263  270     -3.992      5.364      0.000
 266  271     -3.954     -6.148      0.000
 267  273     -3.942     -7.288      0.000
  -1  274     -3.867      2.864      0.000
 268  267     -3.845     -6.303      0.000
 270  275     -3.794      2.192      0.000
 269  276     -3.791      8.293      0.000
 271  280     -3.764     -0.177      0.000
 272  279     -3.750     -7.381      0.000
  -1  277     -3.747     -7.150      0.000
 277  278     -3.734     -8.097      0.000
  -1  282     -3.721     -1.261      0.000
 274  283     -3.713     -3.655      0.000
 273  287     -3.702      7.854      0.000
 275  285     -3.696     -4.601      0.000
 278  288     -3.679     -4.355      0.000
 276  286     -3.677     -7.151      0.000
 280  289     -3.628      0.875      0.000
  -1  290     -3.610      6.064      0.000
 282  295     -3.542      7.921      0.000
 283  293     -3.524      6.382      0.000
 284  292     -3.523      8.211      0.000
  -1   -2     -3.493     -8.429      0.000
 285   -2     -3.476      2.961      0.000
  -1  294     -3.456      0.113      0.000
 287  297     -3.428      0.326      0.000
 288  298     -3.406     -2.509      0.000
 290  296     -3.397      3.623      0.000
 289  300     -3.384      0.085      0.000
 291  301     -3.322      5.455      0.000
 292  302     -3.315      3.897      0.000
 293  304     -3.293      2.727      0.000
 294  303     -3.292      0.997      0.000
  -1   -2     -3.288     -5.918      0.000
  -1  305     -3.256     -2.704      0.000
 295  306     -3.239      4.719      0.000
 296  309     -3.202      0.470      0.000
 297  307     -3.196      2.658      0.000
  -1   -2     -3.173      4.860      0.000
 299  308     -3.163     -1.760      0.000
 298  312     -3.142     -4.503      0.000
 302  310     -3.122     -5.900      0.000
 300  313     -3.120      2.616      0.000
 304  311     -3.113      3.519      0.000
 301  314     -3.102      2.982      0.000
 303  316     -3.081     -3.297      0.000
 306  315     -3.070      3.911      0.000
 307  318     -3.059      8.015      0.000
 305  319     -3.057     -0.290      0.000
  -1  317     -3.044      6.245      0.000
 308  320     -3.032     -5.773      0.000
 310  323     -2.906      4.583      0.000
 311  324     -2.903     -6.245      0.000
 312  325     -2.879     -8.052      0.000
 313  327     -2.850      7.212      0.000
 314  328     -2.843      8.061      0.000
 315  330     -2.769     -7.810      0.000
 318  331     -2.737      2.780      0.000
 317  332     -2.715      5.800      0.000
 319  333     -2.695      3.535      0.000
 320  334     -2.687      6.765      0.000
 321  335     -2.679     -5.995      0.000
 322  338     -2.653     -4.388      0.000
 323  337     -2.639     -4.667      0.000
 325  336     -2.633      6.619      0.000
 326  339     -2.600     -2.476      0.000
 327  341     -2.567      8.302      0.000
  -1  343     -2.538     -6.252      0.000
 328  342     -2.533     -7.362      0.000
 329  346     -2.489      0.800      0.000
 332  345     -2.479      8.285      0.000
 330  347     -2.476     -3.570      0.000
 333  348     -2.443     -1.059      0.000
 335  349     -2.420     -6.289      0.000
 336  351     -2.390     -2.645      0.000
  -1   -2     -2.347     -5.470      0.000
 337  352     -2.343     -5.898      0.000
 339  353     -2.301     -7.184      0.000
 340   -2     -2.296     -0.755      0.000
 341  354     -2.260      1.147      0.000
 342  356     -2.229      5.888      0.000
 346  358     -2.192     -4.362      0.000
 347  359     -2.166      5.234      0.000
 348  357     -2.164      3.019      0.000
 349  360     -2.100     -1.758      0.000
  -1  361     -2.092     -6.800      0.000
 350  363     -2.058      6.842      0.000
  -1   -2     -2.050     -1.910      0.000
 352  364     -1.993      1.742      0.000
  -1  366     -1.968      0.072      0.000
 353  365     -1.944     -4.697      0.000
 354  367     -1.911      1.606      0.000
  -1   -2     -1.806      3.371      0.000
 355  371     -1.797      3.524      0.000
 357  368     -1.791      3.791      0.000
 356  370     -1.784      6.630      0.000
 358  369     -1.769     -6.298      0.000
 359  372     -1.745     -4.652      0.000
 360  374     -1.711      4.417      0.000
 365  373     -1.690      1.113      0.000
 364  375     -1.669      2.100      0.000
 366  377     -1.645     -2.843      0.000
 367  379     -1.620      3.795      0.000
 369  376     -1.612     -6.086      0.000
 368  378     -1.599     -5.726      0.000
 371  386     -1.355     -1.911      0.000
 372  384     -1.350      5.259      0.000
 375  383     -1.346      2.719      0.000
 370  385     -1.342      7.156      0.000
 373  387     -1.326      4.574      0.000
 374   -2     -1.308      7.401      0.000
  -1  388     -1.236     -7.775      0.000
 376   -2     -1.211     -2.202      0.000
 377  389     -1.173      3.072      0.000
 378  390     -1.122      0.587      0.000
  -1   -2     -1.060      3.756      0.000
 379   -2     -1.045     -8.395      0.000
  -1   -2     -1.032     -4.826      0.000
  -1   -2     -1.028      4.796      0.000
 383  395     -1.018     -1.994      0.000
 385  393     -1.011     -4.394      0.000
 387  394     -0.992     -6.363      0.000
 386  396     -0.977      4.227      0.000
 388   -2     -0.901     -7.971      0.000
 389  397     -0.813     -6.878      0.000
 390   -2     -0.774     -4.090      0.000
 391  398     -0.746     -4.771      0.000
 392  400     -0.653     -3.679      0.000
 393  401     -0.616     -1.917      0.000
 396   -2     -0.594     -3.189      0.000
 395  403     -0.553     -6.285      0.000
  -1  402     -0.502     -3.370      0.000
 398  406     -0.454     -7.210      0.000
 399  405     -0.448     -5.572      0.000
 401  407     -0.379     -2.748      0.000
 402  408     -0.317     -1.843      0.000
 403  409     -0.176      4.673      0.000
 406  411     -0.096     -6.913      0.000
 405  413     -0.050      0.255      0.000
 407  412     -0.035     -7.365      0.000
  -1   -2      0.184     -7.264      0.000
 408   -2      0.231     -4.838      0.000
 409  417      0.237     -4.610      0.000
 410  416      0.238      5.093      0.000
 413  418      0.305      2.161      0.000
 414  419      0.318      6.480      0.000
 415  420      0.394     -2.332      0.000
 417   -2      0.475      5.237      0.000
 419  423      0.517     -4.470      0.000
 418  422      0.522      2.855      0.000
 420  424      0.599      4.167      0.000
 421  425      0.625      6.523      0.000
 423  427      0.670     -5.697      0.000
 422  429      0.688     -0.317      0.000
 424  431      0.729     -4.439      0.000
  -1   -2      0.840      0.743      0.000
 427  433      0.862     -5.635      0.000
 428  434      0.881     -1.617      0.000
 426  437      0.897     -3.443      0.000
 430  436      0.973     -1.118      0.000
 431   -2      0.994     -3.506      0.000
 432  438      1.019      6.508      0.000
 433  439      1.026     -6.764      0.000
 434  441      1.046     -2.253      0.000
 435  440      1.062      0.156      0.000
 436  443      1.096     -6.974      0.000
 437  442      1.107     -4.269      0.000
  -1  444      1.129      3.216      0.000
 440  445      1.186     -4.910      0.000
 438  446      1.204     -0.101      0.000
 441  447      1.238     -1.559      0.000
 442  450      1.268     -2.361      0.000
 444  448      1.275     -7.162      0.000
  -1  449      1.275     -6.663      0.000
 443  451      1.276     -3.324      0.000
  -1   -2      1.296      0.084      0.000
 445  453      1.341      0.689      0.000
 447  454      1.362     -3.930      0.000
 448  456      1.409     -7.767      0.000
 450  457      1.460      5.162      0.000
  -1  459      1.476      7.522      0.000
 452  460      1.493     -5.693      0.000
 453  461      1.509      3.251      0.000
  -1  463      1.526     -2.919      0.000
 454  462      1.544     -8.095      0.000
 455  465      1.631     -3.326      0.000
 457  466      1.654     -3.769      0.000
 456  468      1.656      1.791      0.000
 458  469      1.692      0.172      0.000
 459  467      1.698      0.781      0.000
 460  470      1.727      2.868      0.000
 461  471      1.733     -6.643      0.000
 463  472      1.755     -4.872      0.000
  -1  476      1.782      0.689      0.000
 462  477      1.792     -4.278      0.000
 464  473      1.796      7.482      0.000
 465  475      1.809      0.521      0.000
 468  474      1.809     -7.023      0.000
 467  478      1.809      5.070      0.000
 466  479      1.830     -2.947      0.000
 470  480      1.882      0.879      0.000
  -1  482      1.899      6.513      0.000
 473  483      1.931      5.775      0.000
 471  487      1.937     -4.238      0.000
  -1  488      1.974      4.117      0.000
  -1   -2      1.996     -3.905      0.000
 478  489      2.079      6.368      0.000
 481  491      2.093     -4.863      0.000
 482  485      2.097     -6.658      0.000
  -1  490      2.098      4.471      0.000
 479  492      2.105     -1.295      0.000
 483  493      2.117      1.122      0.000
 484  494      2.120      7.241      0.000
 480  497      2.121     -7.736      0.000
 477  501      2.130     -1.700      0.000
 485  496      2.133     -3.892      0.000
 487  498      2.164      6.114      0.000
 486  500      2.172     -0.344      0.000
  -1   -2      2.172     -1.792      0.000
 488  499      2.180     -0.537      0.000
 489  502      2.227      5.803      0.000
 490  503      2.233     -6.879      0.000
 491  504      2.255      6.443      0.000
 493  505      2.305     -7.645      0.000
 495  506      2.317     -3.143      0.000
 494  508      2.325     -3.270      0.000
 492  511      2.326     -1.665      0.000
 497  507      2.339      5.203      0.000
 499   -2      2.347      5.117      0.000
 496  513      2.351     -1.131      0.000
 498  514      2.362      4.190      0.000
 502  510      2.371      5.900      0.000
 500  515      2.378      0.703      0.000
 504  516      2.395     -3.806      0.000
  -1   -2      2.405     -5.932      0.000
  -1  517      2.418      5.659      0.000
  -1   -2      2.418     -3.700      0.000
 505  518      2.488     -3.243      0.000
 506   -2      2.503      5.278      0.000
 508  520      2.538      3.808      0.000
 509  521      2.563     -3.307      0.000
 510  523      2.599     -5.171      0.000
 511  524      2.638      2.258      0.000
 516  525      2.666      2.806      0.000
 515  526      2.679     -6.656      0.000
 513  527      2.681      7.492      0.000
 512  530      2.699     -1.404      0.000
  -1  529      2.756      5.661      0.000
 519  531      2.781     -6.696      0.000
 518   -2      2.782      2.533      0.000
 520  533      2.799     -2.515      0.000
 521  534      2.819     -6.282      0.000
 522  536      2.844      0.049      0.000
 523  535      2.848     -0.023      0.000
 524  537      2.874      6.365      0.000
 525  538      2.903      4.810      0.000
 526  539      2.909     -1.628      0.000
  -1  540      2.946      5.101      0.000
 527  542      2.949      7.132      0.000
 528  541      2.962     -5.200      0.000
 529  543      2.966     -6.041      0.000
 533  545      3.038      2.700      0.000
 531  544      3.042     -2.568      0.000
  -1   -2      3.048     -4.479      0.000
 532  546      3.054      5.579      0.000
 536   -2      3.082     -1.179      0.000
 534  550      3.092      0.578      0.000
 538  548      3.115     -7.225      0.000
 537  551      3.116      6.154      0.000
 540  549      3.120     -1.968      0.000
 539  552      3.125      2.837      0.000
 541  553      3.139     -7.049      0.000
 542  554      3.181      6.072      0.000
 544  555      3.193      5.619      0.000
 543  557      3.209     -8.342      0.000
 545  556      3.211      8.239      0.000
 546  558      3.259     -7.276      0.000
  -1   -2      3.276     -0.699      0.000
 547   -2      3.277     -1.310      0.000
 548   -2      3.303     -3.227      0.000
 550  559      3.332     -5.737      0.000
 551  560      3.366      2.970      0.000
 553  562      3.394     -5.440      0.000
 552  564      3.408      6.643      0.000
 554  563      3.412      2.842      0.000
 555  565      3.437     -2.118      0.000
 556  566      3.465      1.332      0.000
 557  567      3.494      5.867      0.000
  -1   -2      3.513     -7.014      0.000
 560  568      3.520     -0.909      0.000
 558  569      3.529     -4.569      0.000
 563  570      3.554     -6.109      0.000
 561  571      3.561     -0.473      0.000
 562  574      3.572     -3.407      0.000
 564  575      3.576     -2.947      0.000
 566  572      3.579     -5.534      0.000
 565  573      3.579      5.300      0.000
 567  577      3.623     -0.047      0.000
 568  578      3.648      5.032      0.000
 571  579      3.661      2.073      0.000
 569  581      3.663     -6.268      0.000
 572  582      3.676      7.901      0.000
 573  580      3.678     -6.011      0.000
 574  583      3.690      2.594      0.000
 575  584      3.714      4.048      0.000
 577  585      3.724     -5.356      0.000
 579   -2      3.731     -7.002      0.000
 578  586      3.735     -2.557      0.000
 580  587      3.757     -2.143      0.000
  -1  588      3.771      7.707      0.000
 583  589      3.782     -1.840      0.000
 581  590      3.783     -0.573      0.000
 582  591      3.791     -7.679      0.000
 585  592      3.805     -1.035      0.000
 586  593      3.809     -2.237      0.000
 587  594      3.828     -5.903      0.000
 588  595      3.854      4.928      0.000
 590  596      3.868      5.254      0.000
 589  597      3.871      0.241      0.000
 592  598      3.893     -0.690      0.000
 593  599      3.905     -1.270      0.000
 591  600      3.912     -7.372      0.000
 596  602      3.970     -2.538      0.000
 597  604      3.979     -7.475      0.000
 595  608      3.991     -8.071      0.000
 600  606      3.997      2.907      0.000
 598  610      4.001     -7.683      0.000
 602  607      4.003     -1.770      0.000
  -1  609      4.010     -4.942      0.000
 601  613      4.018     -4.177      0.000
 603  611      4.021      8.103      0.000
 604  615      4.038      0.151      0.000
 606  614      4.038      3.062      0.000
 607  612      4.042     -5.508      0.000
 605  617      4.054     -8.053      0.000
 608  616      4.060      0.688      0.000
 609  618      4.073      4.914      0.000
  -1  620      4.156     -5.412      0.000
 610  621      4.202     -0.990      0.000
 611  622      4.217     -8.371      0.000
 613  624      4.267     -4.365      0.000
 614  625      4.269      4.706      0.000
 612  623      4.270      2.237      0.000
 615  627      4.323      8.335      0.000
 616  628      4.335     -2.001      0.000
 617  626      4.339     -5.708      0.000
 618  629      4.370      2.173      0.000
 619  630      4.373     -2.131      0.000
 620  631      4.407     -1.720      0.000
 621  632      4.430      7.799      0.000
 622  633      4.443      4.644      0.000
 624  635      4.464      0.767      0.000
 623  634      4.466      2.983      0.000
 625  636      4.484      8.015      0.000
 626  637      4.503     -0.875      0.000
 630  639      4.518      6.366      0.000
 629  638      4.521      0.050      0.000
 628  640      4.522      4.815      0.000
 632  641      4.556     -8.354      0.000
 631  642      4.557     -4.890      0.000
  -1  643      4.565      8.005      0.000
 633  644      4.591      6.425      0.000
  -1  649      4.626     -3.724      0.000
 634  647      4.631      3.306      0.000
 636  646      4.634     -6.420      0.000
 635  648      4.634      0.064      0.000
 638  651      4.646      1.886      0.000
 637  652      4.651     -1.439      0.000
 639  654      4.666      0.595      0.000
  -1  653      4.668      2.807      0.000
 641  655      4.696     -7.058      0.000
 642  657      4.718      0.758      0.000
 643  656      4.721     -5.168      0.000
 644  658      4.768     -7.210      0.000
 648  659      4.781      8.326      0.000
 646  660      4.782      3.026      0.000
 645  661      4.784      1.141      0.000
 647  662      4.808     -3.339      0.000
 650  664      4.863     -8.257      0.000
 651  663      4.882     -2.676      0.000
 652  665      4.934      3.583      0.000
 653  666      4.937      5.106      0.000
 654  667      4.949      5.228      0.000
 656  668      4.990      0.322      0.000
 655  669      4.995     -4.468      0.000
 658  670      5.003     -5.194      0.000
 657  671      5.004      1.491      0.000
 660  673      5.015     -4.847      0.000
 659  672      5.018     -2.860      0.000
 661  674      5.044     -8.396      0.000
 663  675      5.051      8.114      0.000
 662  676      5.051      8.071      0.000
 664   -2      5.061     -4.283      0.000
 667  677      5.085     -5.742      0.000
 668  678      5.097      7.200      0.000
 669  680      5.106      6.920      0.000
 670  679      5.107      2.001      0.000
  -1  681      5.118     -2.669      0.000
 671  683      5.159     -5.801      0.000
 672  682      5.169     -6.470      0.000
 673  685      5.217      6.838      0.000
 674  684      5.217      6.428      0.000
 675  686      5.261      1.565      0.000
 677  687      5.297     -3.083      0.000
 676  688      5.298      7.086      0.000
 678  689      5.315      2.384      0.000
 679  690      5.385      5.812      0.000
  -1  691      5.389     -0.125      0.000
 680  692      5.418     -7.849      0.000
 682  693      5.430     -2.928      0.000
 683  694      5.439     -7.599      0.000
 684  696      5.454      1.986      0.000
 686  697      5.478      1.369      0.000
 685  698      5.478      6.041      0.000
 688  699      5.547      2.039      0.000
 689  700      5.562      4.476      0.000
 690  701      5.577     -5.060      0.000
 691  702      5.598     -8.128      0.000
 692  704      5.635      6.970      0.000
 693  703      5.644     -6.662      0.000
 694  705      5.664      3.923      0.000
 695  706      5.675     -0.644      0.000
 696  707      5.701     -3.183      0.000
 697  709      5.753      4.596      0.000
 698  708      5.754     -5.461      0.000
 699  710      5.756     -5.795      0.000
 700  711      5.788     -8.064      0.000
 701  712      5.814     -2.454      0.000
 702  713      5.825      1.759      0.000
 703  714      5.827     -0.987      0.000
 704  716      5.882     -3.462      0.000
 705  719      5.887      1.975      0.000
 707  717      5.887     -0.751      0.000
 706  718      5.887     -8.315      0.000
 708  720      5.896      5.061      0.000
 709  715      5.906     -7.984      0.000
 710  721      5.965     -6.372      0.000
  -1   -2      5.978     -4.144      0.000
 711  722      5.981     -6.473      0.000
 712  723      5.985      2.722      0.000
 713  724      6.016     -5.291      0.000
 714  726      6.031     -4.333      0.000
 716  727      6.047      4.640      0.000
 715  728      6.049     -0.476      0.000
 717  729      6.055     -1.724      0.000
 718  730      6.055     -3.060      0.000
 719  731      6.070     -6.141      0.000
 721  732      6.149      1.696      0.000
 722  733      6.159      6.543      0.000
 723  734      6.173     -4.338      0.000
 724  735      6.200      3.862      0.000
 725  736      6.200     -4.219      0.000
 727   -2      6.211     -1.560      0.000
 726  737      6.211      3.190      0.000
  -1  738      6.253     -6.643      0.000
 728  740      6.301     -2.137      0.000
 729  742      6.312     -2.941      0.000
 730  741      6.312     -6.492      0.000
 731  743      6.347      1.953      0.000
 732  744      6.371     -6.537      0.000
 733  745      6.372      2.363      0.000
 735  747      6.401     -4.268      0.000
 734  746      6.402      7.017      0.000
 737  748      6.470     -1.376      0.000
 738  749      6.476     -4.881      0.000
 739  752      6.527     -5.957      0.000
 740  753      6.528      6.902      0.000
 742  754      6.535     -5.318      0.000
 743  755      6.554      4.669      0.000
 744  758      6.574     -1.302      0.000
 745  757      6.592      2.129      0.000
 746  759      6.615     -0.579      0.000
 747  761      6.625      2.871      0.000
 748  760      6.628     -6.054      0.000
 749  762      6.656     -5.133      0.000
 750  764      6.677      5.644      0.000
 751  763      6.679     -5.327      0.000
 752  765      6.710     -6.217      0.000
 753  766      6.715      6.583      0.000
 754  767      6.718      0.435      0.000
 755  768      6.719     -5.503      0.000
 756  769      6.741      3.185      0.000
 757  770      6.752     -1.884      0.000
 758  771      6.758      3.301      0.000
 759  772      6.762      2.056      0.000
 760  773      6.791     -0.570      0.000
 761  774      6.805     -6.051      0.000
 763  775      6.811     -7.660      0.000
 762  776      6.813     -0.772      0.000
 764  777      6.853      5.224      0.000
 765  778      6.886     -7.996      0.000
 766  779      6.889      3.623      0.000
 768  780      6.917     -0.913      0.000
 769  781      6.917     -4.927      0.000
 770  782      6.926     -2.644      0.000
 767  783      6.934     -0.077      0.000
 772  784      6.934      6.177      0.000
 773  785      6.953     -0.685      0.000
 774  786      6.975      0.437      0.000
  -1   -2      7.017      2.247      0.000
 777  788      7.035     -6.601      0.000
 778  789      7.039     -5.788      0.000
 779  790      7.043      2.046      0.000
 780  791      7.068     -4.033      0.000
 781  792      7.087     -5.996      0.000
 782  794      7.110     -8.299      0.000
 783  795      7.141      7.545      0.000
 784  797      7.172     -6.165      0.000
 785  798      7.175      6.539      0.000
 786  799      7.207      0.197      0.000
 787  800      7.220     -3.971      0.000
 788  801      7.249      4.992      0.000
 789  802      7.262      4.373      0.000
 791  804      7.270     -4.399      0.000
 793  805      7.289      6.746      0.000
 794  806      7.297      4.315      0.000
 795  807      7.311      5.629      0.000
 797  808      7.314     -0.150      0.000
 799  809      7.345      5.546      0.000
 798  810      7.365      3.548      0.000
 800  812      7.390     -0.683      0.000
  -1  811      7.392     -8.066      0.000
 801  813      7.396     -6.403      0.000
 802  814      7.417      2.069      0.000
 803  815      7.485      5.269      0.000
 804  816      7.490      4.782      0.000
 805  817      7.498      4.426      0.000
 806   -2      7.524      4.583      0.000
 807  818      7.538     -2.905      0.000
 808  819      7.562     -1.545      0.000
 809  820      7.577      1.264      0.000
 811  821      7.600      4.756      0.000
 810  823      7.607     -8.344      0.000
 812  822      7.611      1.750      0.000
 813  824      7.634      2.277      0.000
 814  825      7.685      7.728      0.000
 815  826      7.715      7.752      0.000
 816  827      7.731     -7.920      0.000
 818   -2      7.760     -2.988      0.000
 817  828      7.760      8.256      0.000
 819  830      7.790      0.129      0.000
 820  829      7.791      1.628      0.000
  -1  831      7.825     -7.098      0.000
 821  832      7.834      6.733      0.000
 822  833      7.843     -0.860      0.000
  -1   -2      7.884     -5.146      0.000
 823  834      7.917     -5.013      0.000
 824  835      7.987      7.153      0.000
 825  837      8.003     -0.434      0.000
 826  838      8.008     -6.799      0.000
 827  839      8.014     -1.195      0.000
 828  840      8.017     -6.880      0.000
 829  841      8.023      1.022      0.000
 830  842      8.029     -5.643      0.000
 831  843      8.046     -7.619      0.000
 832  844      8.066     -0.630      0.000
 833  845      8.069      4.387      0.000
 834  846      8.090      3.157      0.000
 835  847      8.134     -4.773      0.000
 836  848      8.151     -4.539      0.000
 837  849      8.172      2.501      0.000
 839  850      8.177      3.235      0.000
 838  851      8.178      4.611      0.000
 840  852      8.211     -7.273      0.000
 841  853      8.215      4.798      0.000
 842  854      8.221     -6.324      0.000
 843  855      8.251      7.262      0.000
 844  856      8.265     -3.404      0.000
 845  857      8.271     -6.045      0.000
 846  858      8.300     -1.898      0.000
 847  859      8.314     -7.364      0.000
 848  860      8.318      5.266      0.000
 849  861      8.334      7.040      0.000
 850  862      8.341     -4.401      0.000
 851  863      8.343      1.338      0.000
 852  864      8.356      8.190      0.000
 853  865      8.362      7.576      0.000
 854  866      8.389     -8.256      0.000
 855  867      8.398      0.669      0.000
 856  868      8.400     -0.163      0.000
