865
   0    0     -8.399      7.536      0.000
   1    1     -8.381     -6.907      0.000
   2    2     -8.373     -3.324      0.000
   3    3     -8.354     -8.172      0.000
   4    4     -8.342     -4.648      0.000
  -1    5     -8.305      1.203      0.000
   5    6     -8.300      0.535      0.000
   7    8     -8.277      6.850      0.000
   8    9     -8.243     -8.267      0.000
   9   10     -8.227      4.227      0.000
  10   11     -8.215      1.563      0.000
  11   12     -8.209     -7.947      0.000
  12   13     -8.186      1.512      0.000
  13   14     -8.180     -3.056      0.000
  14   15     -8.179      4.417      0.000
  15   16     -8.139      6.491      0.000
  16   18     -8.121     -2.522      0.000
  17   17     -8.119      2.614      0.000
  -1   19     -8.078      1.347      0.000
  19   20     -8.041      2.234      0.000
  20   21     -8.037     -7.421      0.000
  21   22     -8.011     -6.271      0.000
  22   23     -8.000      6.567      0.000
  23   24     -7.984     -3.837      0.000
  -1   25     -7.938      5.653      0.000
  24   26     -7.925     -0.965      0.000
  -1   27     -7.914     -6.994      0.000
  25   28     -7.901      0.816      0.000
  26   29     -7.895     -0.187      0.000
  27   30     -7.886      2.322      0.000
  28   31     -7.856      4.085      0.000
  29   32     -7.851     -6.132      0.000
  30   33     -7.830      3.841      0.000
  31   34     -7.830      3.877      0.000
  32   35     -7.824      7.176      0.000
  33   36     -7.815     -4.863      0.000
  34   37     -7.807     -6.184      0.000
  35   38     -7.802      2.484      0.000
  36   39     -7.799      4.987      0.000
  37   40     -7.785     -2.767      0.000
  39   41     -7.768     -5.162      0.000
  40   42     -7.765     -6.274      0.000
  41   44     -7.758      1.971      0.000
  42   43     -7.756     -4.649      0.000
  43   46     -7.753      7.141      0.000
  44   45     -7.752      5.235      0.000
  45   47     -7.751     -6.750      0.000
  46   48     -7.729     -0.692      0.000
  47   49     -7.693      7.113      0.000
  48   50     -7.682      6.647      0.000
  -1   51     -7.610      4.948      0.000
  49   52     -7.585     -6.916      0.000
  50   53     -7.574      0.415      0.000
  51   54     -7.552     -0.008      0.000
  52   55     -7.542     -0.699      0.000
  53   56     -7.538      8.226      0.000
  54   57     -7.523     -5.460      0.000
  55   58     -7.513     -1.112      0.000
  57   59     -7.483      3.615      0.000
  56   60     -7.479      7.990      0.000
  58   61     -7.415     -1.445      0.000
  59   62     -7.398      3.681      0.000
  60   63     -7.375     -5.418      0.000
  61   64     -7.363     -6.224      0.000
  62   65     -7.356      2.310      0.000
  63   66     -7.330     -5.112      0.000
  64   67     -7.324     -5.426      0.000
  65   68     -7.313      3.850      0.000
  66   69     -7.310      5.391      0.000
  67   70     -7.295      0.093      0.000
  68   71     -7.250      3.238      0.000
  69   72     -7.246      6.134      0.000
  70   73     -7.242     -8.391      0.000
  71   -2     -7.206     -7.985      0.000
  72   74     -7.182     -7.565      0.000
  73   75     -7.177      7.646      0.000
  74   76     -7.163      6.080      0.000
  -1   77     -7.161      5.092      0.000
  75   78     -7.155      4.734      0.000
  76   79     -7.153      4.038      0.000
  77   80     -7.148     -8.143      0.000
  79   81     -7.139     -2.432      0.000
  78   82     -7.137      7.290      0.000
  80   83     -7.127     -7.767      0.000
  81   86     -7.095      4.983      0.000
  82   87     -7.050     -5.452      0.000
  83   88     -7.030      0.017      0.000
  84   89     -7.017      1.958      0.000
  85   90     -6.997     -6.809      0.000
  87   93     -6.987      4.329      0.000
  86   92     -6.986     -2.422      0.000
  88   94     -6.978     -6.641      0.000
  89   95     -6.973     -0.395      0.000
  90   96     -6.959      5.108      0.000
  91   -2     -6.939     -2.716      0.000
  92   97     -6.922      5.408      0.000
  -1   98     -6.914      3.371      0.000
  93   99     -6.913     -0.841      0.000
  94  100     -6.898      2.894      0.000
  95  101     -6.879     -1.227      0.000
  96  102     -6.873     -6.491      0.000
  -1   -2     -6.870     -7.058      0.000
  97  103     -6.848      7.545      0.000
  -1  104     -6.811     -7.536      0.000
  98  105     -6.804      1.302      0.000
  99  106     -6.792     -5.473      0.000
 100  107     -6.765      2.406      0.000
 101  108     -6.741     -0.892      0.000
  -1  109     -6.736     -0.248      0.000
 103  110     -6.715      4.284      0.000
 104   -2     -6.712     -3.060      0.000
 105  112     -6.692      1.663      0.000
 106  111     -6.691      1.347      0.000
 107  113     -6.642      2.367      0.000
 108  114     -6.639      3.533      0.000
 109  115     -6.611      5.765      0.000
 110  116     -6.596     -4.381      0.000
 111  117     -6.591      6.970      0.000
 112  118     -6.550     -6.395      0.000
 113  119     -6.518      7.609      0.000
 114  121     -6.507      3.050      0.000
 115  120     -6.505     -6.280      0.000
 116  122     -6.493     -4.805      0.000
 117  123     -6.441      0.130      0.000
 118   -2     -6.395     -3.582      0.000
 119  124     -6.377      4.864      0.000
 120  125     -6.357     -0.503      0.000
  -1   -2     -6.337      8.127      0.000
 121  127     -6.318     -7.922      0.000
 122  129     -6.303      0.092      0.000
 124  130     -6.283     -5.880      0.000
 125  131     -6.268     -1.681      0.000
 126  132     -6.246      0.983      0.000
 127  133     -6.206      2.492      0.000
  -1   -2     -6.202     -4.620      0.000
 128  134     -6.180      4.867      0.000
 129  135     -6.174     -5.300      0.000
 130  136     -6.164      3.360      0.000
 131  137     -6.158      2.729      0.000
 132  138     -6.130     -7.697      0.000
 133  140     -6.114      7.346      0.000
 134  139     -6.114      1.236      0.000
  -1  141     -6.105     -4.714      0.000
  -1  143     -6.094     -1.094      0.000
 135  144     -6.080      6.272      0.000
 136  145     -6.046      3.695      0.000
 138   -2     -6.021     -6.497      0.000
 137  146     -6.021      7.840      0.000
 139  147     -5.995     -7.830      0.000
 140   -2     -5.987     -7.364      0.000
 141  148     -5.980     -0.470      0.000
 142  150     -5.962      6.800      0.000
 143  149     -5.961      3.071      0.000
 144  152     -5.934     -7.402      0.000
 145  151     -5.930     -6.386      0.000
 146  153     -5.918      4.848      0.000
 147  154     -5.895     -5.937      0.000
 148  155     -5.892     -0.035      0.000
 149  156     -5.876     -1.682      0.000
 150  158     -5.847     -1.942      0.000
 152  157     -5.844     -7.393      0.000
 151  159     -5.844      0.609      0.000
 153  160     -5.839      4.688      0.000
  -1  161     -5.807     -4.606      0.000
 154  162     -5.754     -5.909      0.000
 155  163     -5.747     -4.139      0.000
 156  164     -5.716      7.406      0.000
 157  166     -5.689      1.908      0.000
 158  167     -5.676      5.740      0.000
 160  165     -5.675     -7.953      0.000
 159  168     -5.657      0.739      0.000
 161  169     -5.642     -0.894      0.000
 162  170     -5.637     -1.796      0.000
 163  171     -5.608      7.232      0.000
 164  172     -5.587      0.285      0.000
 165  173     -5.575      6.025      0.000
 166  174     -5.548     -5.007      0.000
 167  176     -5.540      2.664      0.000
 168  177     -5.520     -0.686      0.000
 169  178     -5.476      4.784      0.000
 170  179     -5.467     -7.492      0.000
 171  180     -5.455      5.216      0.000
 173  182     -5.386     -8.102      0.000
 174  183     -5.375     -0.599      0.000
 176  184     -5.334     -1.413      0.000
 175  185     -5.330      3.806      0.000
 177  186     -5.297     -3.093      0.000
 178  187     -5.282      2.065      0.000
 179  190     -5.246     -4.700      0.000
 180  189     -5.243     -3.756      0.000
 181  193     -5.185     -4.835      0.000
 182  192     -5.181     -6.673      0.000
 183  194     -5.169     -1.537      0.000
 184   -2     -5.169     -5.974      0.000
 185  191     -5.162     -2.448      0.000
 186  196     -5.121     -0.072      0.000
 187  195     -5.117     -3.896      0.000
 188  197     -5.087     -5.265      0.000
 189   -2     -5.075      7.273      0.000
 190  198     -5.061     -0.006      0.000
 191  199     -5.056      1.560      0.000
 192  201     -5.041     -3.445      0.000
 193  200     -5.038      0.534      0.000
 194  202     -5.007      5.097      0.000
 195  204     -4.990     -4.331      0.000
 196  203     -4.985     -0.315      0.000
 198  205     -4.957     -7.773      0.000
 199  208     -4.946      3.725      0.000
 200  207     -4.945      3.911      0.000
 202  209     -4.925      8.380      0.000
 201  214     -4.914     -5.032      0.000
  -1  213     -4.913     -4.280      0.000
 204  211     -4.911      8.222      0.000
 197  212     -4.909     -1.404      0.000
 206  215     -4.900      0.687      0.000
 208  210     -4.889     -7.626      0.000
  -1  216     -4.879     -2.791      0.000
 209   -2     -4.867     -5.766      0.000
 207  217     -4.852     -4.299      0.000
 210  218     -4.842      1.644      0.000
 211  219     -4.827      0.080      0.000
  -1   -2     -4.813      0.418      0.000
 212  221     -4.806     -5.857      0.000
 213  222     -4.801      3.800      0.000
 215  220     -4.787     -8.007      0.000
 214  223     -4.751     -5.048      0.000
 217  224     -4.696      4.455      0.000
 216  226     -4.693     -6.791      0.000
 219  227     -4.685      5.786      0.000
 218  228     -4.680     -4.726      0.000
 221  229     -4.662      2.661      0.000
 222  230     -4.626      3.381      0.000
 224  232     -4.604      2.513      0.000
 225  231     -4.601      3.581      0.000
 226  233     -4.534      2.579      0.000
 227  234     -4.509      0.627      0.000
 228  235     -4.499      2.179      0.000
 229   -2     -4.465     -4.158      0.000
 231  237     -4.451     -4.357      0.000
 232  236     -4.435     -5.987      0.000
 234  240     -4.401     -4.455      0.000
 235  242     -4.375      1.009      0.000
 237  243     -4.360      3.477      0.000
 240  241     -4.358     -6.432      0.000
 238  244     -4.337      7.393      0.000
  -1  245     -4.336      4.799      0.000
 239  247     -4.324     -4.485      0.000
 242  246     -4.315      1.176      0.000
 236  248     -4.315      0.656      0.000
 244  249     -4.297      2.414      0.000
  -1   -2     -4.284     -6.961      0.000
 245  250     -4.242     -1.966      0.000
 246  251     -4.217     -1.152      0.000
 247   -2     -4.174      7.670      0.000
  -1   -2     -4.170     -4.569      0.000
 248  252     -4.155     -2.466      0.000
 250  254     -4.110      5.752      0.000
 251  258     -4.098     -4.757      0.000
 255  255     -4.090     -7.502      0.000
 254  256     -4.090      3.393      0.000
 257  259     -4.076      2.605      0.000
 256  260     -4.070      1.665      0.000
  -1  261     -4.046      2.619      0.000
 259  262     -4.017     -4.786      0.000
 260  263     -4.008      5.368      0.000
 261  265     -3.993      3.286      0.000
  -1  264     -3.989     -1.406      0.000
 262   -2     -3.988     -2.028      0.000
  -1   -2     -3.959     -6.410      0.000
 264  267     -3.952     -7.232      0.000
 265  266     -3.942     -6.110      0.000
  -1   -2     -3.939      4.322      0.000
  -1   -2     -3.867      4.299      0.000
 266  269     -3.799      8.303      0.000
 268  270     -3.791      2.202      0.000
 269  268     -3.787     -6.200      0.000
 267  271     -3.786     -0.171      0.000
  -1  273     -3.748      7.887      0.000
 270  272     -3.745     -7.305      0.000
 273  274     -3.736     -3.631      0.000
 271   -2     -3.734     -1.229      0.000
 272  275     -3.729     -4.581      0.000
 274  278     -3.707     -4.331      0.000
 276  276     -3.699     -7.059      0.000
 275  279     -3.688      7.838      0.000
  -1  277     -3.673     -8.000      0.000
 277  280     -3.640      0.915      0.000
 278   -2     -3.622      6.066      0.000
  -1   -2     -3.573      8.379      0.000
 280  282     -3.558      7.936      0.000
 281  283     -3.538      6.378      0.000
 282  284     -3.521      8.223      0.000
 284   -2     -3.498      1.168      0.000
 283  287     -3.481      0.381      0.000
  -1  285     -3.469      2.961      0.000
  -1   -2     -3.438     -8.306      0.000
 287  288     -3.414     -2.447      0.000
 288  289     -3.398      0.129      0.000
 289  290     -3.373      3.664      0.000
 290  291     -3.323      5.456      0.000
 291  292     -3.312      3.883      0.000
  -1  293     -3.287      2.775      0.000
  -1   -2     -3.279     -5.812      0.000
  -1   -2     -3.276     -2.665      0.000
 293  294     -3.263      1.090      0.000
 292  296     -3.252      0.551      0.000
 295  295     -3.222      4.782      0.000
  -1   -2     -3.203      4.871      0.000
 294  297     -3.197      2.740      0.000
 296  298     -3.170     -4.452      0.000
 299  299     -3.130     -1.679      0.000
 297  300     -3.121      2.704      0.000
 300  301     -3.106      2.964      0.000
 298  303     -3.105     -3.247      0.000
 303  302     -3.081     -5.793      0.000
 301  305     -3.075     -0.199      0.000
 306  304     -3.067      3.584      0.000
 304  307     -3.059      8.027      0.000
 305  306     -3.056      3.933      0.000
 307  308     -3.018     -5.654      0.000
  -1   -2     -3.005      6.320      0.000
 309  310     -2.912      4.596      0.000
 308  311     -2.911     -6.141      0.000
  -1   -2     -2.909      1.656      0.000
 311  314     -2.860      8.113      0.000
 312  313     -2.859      7.231      0.000
 313  315     -2.774     -7.679      0.000
 314  317     -2.713      5.855      0.000
 315  319     -2.694      3.563      0.000
 316  320     -2.690      6.785      0.000
 320  318     -2.689      2.870      0.000
 318  321     -2.681     -5.882      0.000
 317  322     -2.678     -4.271      0.000
 319   -2     -2.677     -5.598      0.000
 322   -2     -2.637     -1.257      0.000
 321  323     -2.624     -4.537      0.000
 323  327     -2.590      8.350      0.000
 326  325     -2.578      6.763      0.000
 324  326     -2.577     -2.362      0.000
 325  329     -2.536      0.894      0.000
 327  328     -2.521     -7.193      0.000
  -1   -2     -2.501      8.044      0.000
 328  330     -2.500     -3.458      0.000
 329  332     -2.485      8.357      0.000
 331  331     -2.466      0.459      0.000
 330  333     -2.457     -1.006      0.000
  -1   -2     -2.445     -0.150      0.000
 332  335     -2.435     -6.070      0.000
 333   -2     -2.430     -0.430      0.000
 334  336     -2.404     -2.581      0.000
 335  339     -2.335     -7.037      0.000
 338  337     -2.332     -5.762      0.000
 336  340     -2.327     -0.684      0.000
 337  338     -2.322      4.818      0.000
 339   -2     -2.305     -5.623      0.000
 340  343     -2.237     -2.171      0.000
 341  341     -2.234      1.216      0.000
 342  342     -2.223      5.994      0.000
 343  346     -2.184     -4.211      0.000
  -1   -2     -2.181     -2.990      0.000
 344  347     -2.173      5.383      0.000
 345   -2     -2.106     -3.959      0.000
 346  349     -2.095     -1.541      0.000
 348  350     -2.037      7.001      0.000
 347  352     -2.030      1.859      0.000
  -1   -2     -2.017     -1.653      0.000
 349  353     -1.931     -4.515      0.000
 350  354     -1.867      1.841      0.000
 351  355     -1.823      3.649      0.000
 352  356     -1.793      6.825      0.000
  -1   -2     -1.734      6.780      0.000
 356  359     -1.720     -4.436      0.000
 357  358     -1.712     -6.003      0.000
 354  363     -1.700     -2.747      0.000
 359  361     -1.688      5.600      0.000
 358  360     -1.687      4.576      0.000
 361  362     -1.668      7.714      0.000
 360  367     -1.668      3.991      0.000
  -1  364     -1.653      2.241      0.000
 362  366     -1.642     -2.564      0.000
 364  365     -1.623      1.358      0.000
 363  370     -1.601      7.234      0.000
 365  368     -1.569     -5.464      0.000
 366  369     -1.531     -5.814      0.000
 368  371     -1.398     -1.687      0.000
 367  373     -1.384      4.789      0.000
  -1  372     -1.384      5.504      0.000
 369   -2     -1.376     -8.332      0.000
  -1   -2     -1.301     -8.312      0.000
 372  375     -1.286      3.006      0.000
 371  376     -1.260     -2.026      0.000
  -1   -2     -1.176      4.104      0.000
 375  378     -1.105      0.834      0.000
 374  381     -1.071     -2.312      0.000
 376  379     -1.065     -8.206      0.000
  -1   -2     -1.045      4.043      0.000
 377  383     -1.022     -1.774      0.000
 379  386     -0.963      4.543      0.000
  -1   -2     -0.945     -4.088      0.000
  -1   -2     -0.943     -4.608      0.000
 382  387     -0.903     -6.127      0.000
 381  388     -0.884     -7.787      0.000
 384  389     -0.756     -6.686      0.000
 383  390     -0.751     -3.852      0.000
 385  391     -0.716     -4.507      0.000
 386   -2     -0.673     -1.377      0.000
 387  392     -0.628     -3.295      0.000
  -1  393     -0.591     -1.618      0.000
  -1   -2     -0.568     -2.861      0.000
 391  395     -0.508     -6.047      0.000
 392  397     -0.470     -3.454      0.000
 393  399     -0.447     -5.415      0.000
  -1   -2     -0.440     -5.732      0.000
 396  401     -0.345     -2.441      0.000
 395  402     -0.332     -1.510      0.000
  -1  403     -0.196      4.964      0.000
  -1   -2     -0.120      2.349      0.000
 397  405     -0.036      0.582      0.000
 399  406      0.011     -6.807      0.000
 398  408      0.037     -4.836      0.000
 400  407      0.055     -7.208      0.000
 401  409      0.219     -4.453      0.000
 402  410      0.246      5.423      0.000
 403  415      0.329     -2.000      0.000
  -1   -2      0.329      2.709      0.000
 404  416      0.360     -0.202      0.000
 406  414      0.361      6.818      0.000
 408  413      0.369      2.350      0.000
 410  418      0.497      3.165      0.000
 411  419      0.519     -4.168      0.000
 412  420      0.626      4.420      0.000
 413  422      0.653     -0.058      0.000
 416  421      0.666      6.855      0.000
 414   -2      0.671     -3.468      0.000
 415  423      0.682     -5.568      0.000
 417  426      0.824     -3.314      0.000
 420  425      0.854      4.166      0.000
 419  430      0.910     -0.878      0.000
  -1  427      0.910     -5.535      0.000
 422  428      0.923     -1.406      0.000
  -1   -2      0.933      3.063      0.000
 421  431      0.953     -3.390      0.000
 423  432      0.985      6.811      0.000
 424  433      0.999     -6.635      0.000
 425  434      1.016     -2.124      0.000
 427  435      1.047      0.399      0.000
 428  436      1.078     -6.856      0.000
 431  437      1.136     -4.093      0.000
 429  438      1.171      0.150      0.000
  -1  442      1.252     -2.252      0.000
 434  441      1.261     -1.353      0.000
 433  443      1.261     -3.166      0.000
 436  440      1.263     -4.820      0.000
 435  444      1.277     -7.035      0.000
 437  445      1.368      0.830      0.000
  -1   -2      1.371      6.854      0.000
 438  447      1.378     -3.795      0.000
 439   -2      1.396     -2.792      0.000
 441  448      1.428     -7.624      0.000
 440  449      1.439     -3.725      0.000
 442  450      1.487      5.237      0.000
  -1   -2      1.489      8.134      0.000
 443  453      1.526      3.377      0.000
 444  452      1.526     -5.611      0.000
 448  454      1.595     -7.953      0.000
 445  455      1.597     -3.172      0.000
 447  456      1.610      2.009      0.000
 450  458      1.678      0.288      0.000
 451  459      1.743      0.918      0.000
 464  460      1.754      3.038      0.000
 452  461      1.757     -6.559      0.000
 453  462      1.779     -4.146      0.000
 454  466      1.807     -2.813      0.000
 457  463      1.815     -4.772      0.000
 455  464      1.819      7.545      0.000
  -1  465      1.824      0.617      0.000
 456  467      1.830      5.116      0.000
 458  468      1.835     -6.927      0.000
  -1   -2      1.849     -8.024      0.000
 460   -2      1.858     -0.838      0.000
  -1   -2      1.867      0.366      0.000
 462  471      1.904     -4.099      0.000
 465  470      1.915      0.998      0.000
 463   -2      1.931     -3.755      0.000
 467  473      1.955      5.808      0.000
 468  474      1.990      0.012      0.000
 469  477      2.044     -1.598      0.000
  -1  480      2.081     -7.653      0.000
 470  479      2.097     -1.236      0.000
 476  478      2.110      6.399      0.000
 471   -2      2.112      4.084      0.000
 472  481      2.113     -4.717      0.000
 473  483      2.121      1.223      0.000
 474  485      2.126     -3.787      0.000
 475  484      2.127      7.243      0.000
 480  482      2.146     -6.590      0.000
 479   -2      2.159      4.483      0.000
 478  486      2.168     -0.247      0.000
 481  487      2.186      6.152      0.000
 484  488      2.205     -0.462      0.000
 485  489      2.243      5.817      0.000
  -1   -2      2.256     -7.302      0.000
 483  492      2.256     -1.532      0.000
 486  490      2.259     -6.789      0.000
 488  491      2.285      6.480      0.000
 487  494      2.303     -3.176      0.000
 491  493      2.318     -7.513      0.000
 490  496      2.319     -1.030      0.000
 489  498      2.323      4.268      0.000
 492  495      2.326     -3.044      0.000
 493  497      2.342      5.239      0.000
 494  500      2.362      0.733      0.000
 496  499      2.363      5.129      0.000
 495   -2      2.364      8.317      0.000
 498  502      2.386      5.925      0.000
 501  504      2.398     -3.716      0.000
 500   -2      2.405     -3.614      0.000
 499   -2      2.410      4.307      0.000
 502  505      2.467     -3.214      0.000
 504  507      2.505      4.320      0.000
 506   -2      2.551      0.855      0.000
 507  508      2.551      3.899      0.000
 505  512      2.582     -1.290      0.000
 508  509      2.591     -3.233      0.000
 509  510      2.617     -5.121      0.000
 510  511      2.639      2.326      0.000
 511  513      2.668      7.533      0.000
  -1   -2      2.679      8.139      0.000
 512  515      2.683     -6.522      0.000
  -1   -2      2.684      5.041      0.000
 514  518      2.772      2.536      0.000
 515  521      2.802     -6.146      0.000
 516  519      2.809     -6.639      0.000
 517  514      2.821      7.955      0.000
 518  523      2.861      0.005      0.000
 519  524      2.878      6.378      0.000
 520   -2      2.893      0.679      0.000
 521  525      2.916      4.905      0.000
 522  526      2.917     -1.605      0.000
 523  527      2.954      7.141      0.000
 524  529      2.998     -5.984      0.000
 525  528      3.001     -5.173      0.000
 531  530      3.059      2.686      0.000
 527  534      3.068      0.610      0.000
 529  531      3.072     -2.531      0.000
 528  532      3.074      5.581      0.000
 530  535      3.084     -3.462      0.000
  -1  536      3.099     -1.173      0.000
 532  537      3.125      6.160      0.000
 534  539      3.140      2.827      0.000
 533  541      3.142     -6.958      0.000
 535  540      3.145     -1.926      0.000
 537  538      3.151     -7.162      0.000
 536  543      3.179     -8.308      0.000
 538  542      3.187      6.083      0.000
  -1   -2      3.198     -3.545      0.000
 539  544      3.200      5.622      0.000
 540  545      3.212      8.237      0.000
 542  546      3.286     -7.213      0.000
 541  547      3.292     -1.305      0.000
  -1  548      3.309     -3.165      0.000
  -1  549      3.313     -8.253      0.000
 543  550      3.330     -5.646      0.000
 544  551      3.382      2.966      0.000
 545  552      3.412      6.642      0.000
 546  553      3.427     -5.399      0.000
 547  554      3.438      2.831      0.000
 548  555      3.461     -2.084      0.000
 549  556      3.478      1.335      0.000
 550  557      3.501      5.875      0.000
 551  558      3.520     -4.529      0.000
 553  560      3.554     -0.898      0.000
 552  562      3.567     -3.315      0.000
 556  561      3.572     -0.466      0.000
 555  564      3.576     -2.873      0.000
 557  563      3.586     -6.050      0.000
 558  565      3.600      5.301      0.000
 559  566      3.613     -5.490      0.000
 560  567      3.634     -0.046      0.000
  -1  569      3.649     -6.174      0.000
 562  568      3.659      5.033      0.000
 563  571      3.667      2.114      0.000
 564  572      3.678      7.897      0.000
 565  573      3.706     -5.949      0.000
 566  574      3.716      2.598      0.000
 567  575      3.726      4.045      0.000
 568  576      3.738     -2.554      0.000
  -1  578      3.755     -2.516      0.000
 570  579      3.771     -6.982      0.000
 569   -2      3.776      7.709      0.000
 571  582      3.791     -7.691      0.000
 574  580      3.792     -2.121      0.000
 572  581      3.795     -0.568      0.000
 575  583      3.808     -1.821      0.000
 576  586      3.825     -2.230      0.000
 577  587      3.842     -5.812      0.000
 578  588      3.867      4.929      0.000
 579  589      3.874      0.340      0.000
 580  590      3.877      5.255      0.000
 581  591      3.896     -7.302      0.000
 582   -2      3.917     -6.124      0.000
 583   -2      3.920     -7.391      0.000
 585  592      3.920     -0.660      0.000
 584  593      3.922     -1.258      0.000
  -1   -2      3.974      2.424      0.000
 586  598      3.978     -7.682      0.000
 587  601      3.988     -4.151      0.000
 589  597      3.999     -7.459      0.000
 592  596      4.005     -2.516      0.000
 590  599      4.006      4.112      0.000
 591  600      4.009      2.897      0.000
  -1   -2      4.020     -4.881      0.000
 594  603      4.027      8.103      0.000
 593  605      4.036     -8.052      0.000
  -1  604      4.043      0.255      0.000
 595  606      4.053      3.054      0.000
 596  607      4.058     -5.471      0.000
 597  609      4.084      4.917      0.000
 598  608      4.087      0.702      0.000
  -1   -2      4.174     -6.904      0.000
 600  610      4.217     -0.975      0.000
 601  611      4.234     -8.347      0.000
 602  614      4.279      4.709      0.000
 603  612      4.280      2.242      0.000
 604  613      4.283     -4.350      0.000
 605  615      4.327      8.334      0.000
 606  616      4.350     -2.000      0.000
 607  617      4.378     -5.706      0.000
 608  619      4.404     -2.111      0.000
 610  620      4.428     -1.711      0.000
 611  621      4.438      7.803      0.000
 612  622      4.450      4.643      0.000
 613  623      4.469      2.980      0.000
  -1  624      4.480      0.776      0.000
 614  625      4.486      8.014      0.000
 615  626      4.511     -0.862      0.000
 616  630      4.525      6.367      0.000
 618  628      4.530      4.818      0.000
 619  632      4.550     -8.318      0.000
 620  631      4.568     -4.875      0.000
 622  633      4.597      6.423      0.000
  -1   -2      4.601     -3.710      0.000
 621   -2      4.603      2.640      0.000
 617  635      4.637      0.062      0.000
 624  634      4.639      3.302      0.000
 627  636      4.658     -6.421      0.000
 625  638      4.662      1.884      0.000
 626  637      4.662     -1.436      0.000
 629  639      4.665      0.597      0.000
 628   -2      4.670      2.802      0.000
 633  641      4.724     -7.023      0.000
 632  643      4.730     -5.166      0.000
 635  644      4.754     -7.155      0.000
 631  647      4.758     -3.307      0.000
 634  645      4.758      1.147      0.000
 636  648      4.787      8.325      0.000
 637  646      4.788      3.022      0.000
 638  650      4.829     -8.247      0.000
 640  651      4.903     -2.699      0.000
 641  653      4.942      5.104      0.000
 642  652      4.946      3.578      0.000
 643  654      4.951      5.224      0.000
 645  655      4.995     -4.456      0.000
 644  656      4.997      0.310      0.000
 646  657      5.011      1.482      0.000
 647  658      5.018     -5.192      0.000
 657  659      5.029     -2.868      0.000
  -1  660      5.030     -4.838      0.000
 648  662      5.055      8.087      0.000
 649  661      5.055     -8.366      0.000
 650  664      5.061     -4.272      0.000
  -1   -2      5.080      7.955      0.000
  -1  665      5.081     -8.301      0.000
 652  667      5.093     -5.743      0.000
 654  668      5.100      7.198      0.000
 655  669      5.110      6.919      0.000
 656  670      5.111      1.998      0.000
 658  671      5.162     -5.806      0.000
 659   -2      5.161     -7.603      0.000
 661  674      5.223      6.426      0.000
 660  673      5.223      6.840      0.000
 662  675      5.265      1.561      0.000
 663  676      5.298      7.085      0.000
 664  677      5.303     -3.090      0.000
 665  678      5.323      2.385      0.000
 666  679      5.390      5.810      0.000
 667  680      5.413     -7.848      0.000
 668  681      5.430      2.779      0.000
 669  682      5.435     -2.934      0.000
 670  683      5.445     -7.596      0.000
 671  684      5.458      1.982      0.000
  -1   -2      5.462      3.741      0.000
  -1   -2      5.471     -5.753      0.000
 673  685      5.481      6.039      0.000
 672  686      5.482      1.366      0.000
  -1  687      5.510     -7.941      0.000
 674  688      5.551      2.036      0.000
 675  689      5.566      4.473      0.000
 676  690      5.593     -5.053      0.000
 677  691      5.603     -8.116      0.000
 678  692      5.637      6.969      0.000
 680  693      5.662     -6.673      0.000
 679  694      5.667      3.921      0.000
 681  695      5.681     -0.645      0.000
 682  696      5.708     -3.186      0.000
 683  697      5.757      4.595      0.000
 684  698      5.759     -5.462      0.000
 685  699      5.770     -5.793      0.000
 686  700      5.780     -8.069      0.000
 687  701      5.821     -2.457      0.000
 688  702      5.827      1.756      0.000
 689  703      5.846     -0.998      0.000
 690  704      5.886     -3.464      0.000
 691  705      5.888      1.974      0.000
  -1  706      5.890     -8.303      0.000
 692  707      5.893     -0.752      0.000
 693  708      5.904      5.058      0.000
 694  709      5.914     -7.977      0.000
 695   -2      5.959     -7.369      0.000
 696  710      5.976     -6.378      0.000
 697  712      5.989      2.718      0.000
 698  711      5.992     -6.479      0.000
 699   -2      6.024      0.221      0.000
 700  713      6.024     -5.293      0.000
 701  714      6.037     -4.333      0.000
 702  715      6.052     -0.479      0.000
 703  716      6.056      4.640      0.000
 704  717      6.058     -1.726      0.000
 705  718      6.062     -3.063      0.000
 706  719      6.082     -6.144      0.000
 707  721      6.152      1.694      0.000
 708  722      6.167      6.541      0.000
 709  723      6.180     -4.340      0.000
 710  724      6.203      3.860      0.000
 711  725      6.209     -4.222      0.000
 712  726      6.215      3.188      0.000
 713  727      6.221     -1.562      0.000
 714   -2      6.274      7.270      0.000
 715  728      6.302     -2.137      0.000
 716  729      6.317     -2.945      0.000
 717  730      6.320     -6.502      0.000
 718  731      6.352      1.951      0.000
 720  732      6.374     -6.539      0.000
 719  733      6.380      2.360      0.000
 721  734      6.405      7.015      0.000
 722  735      6.410     -4.270      0.000
 723  736      6.415     -2.927      0.000
 725  738      6.481     -4.881      0.000
 728  739      6.534     -5.961      0.000
 727  741      6.535     -2.068      0.000
 729  742      6.539     -5.323      0.000
 730  743      6.556      4.666      0.000
 731  744      6.569     -1.312      0.000
 732  745      6.595      2.126      0.000
 733  746      6.615     -0.581      0.000
 734  747      6.627      2.870      0.000
 735  748      6.629     -6.054      0.000
 736  749      6.663     -5.136      0.000
 737  750      6.678      5.642      0.000
 738  751      6.680     -5.329      0.000
 739  753      6.716      6.581      0.000
 741  752      6.717     -6.219      0.000
 740  754      6.718      0.432      0.000
 742  755      6.728     -5.506      0.000
 743  756      6.742      3.182      0.000
 744  757      6.757     -1.887      0.000
 745  758      6.761      3.299      0.000
 746  759      6.766      2.053      0.000
 747  760      6.796     -0.571      0.000
 748  761      6.807     -6.053      0.000
 749  762      6.817     -0.773      0.000
 750  763      6.818     -7.663      0.000
 751  764      6.856      5.221      0.000
 752  766      6.893      3.621      0.000
 753  765      6.893     -8.002      0.000
 754  767      6.900     -0.114      0.000
 755  768      6.920     -0.915      0.000
 756  769      6.923     -4.931      0.000
 757  770      6.930     -2.649      0.000
 758  771      6.935     -0.078      0.000
 759  772      6.946      6.180      0.000
 760  773      6.960     -0.689      0.000
 762  774      6.979      0.435      0.000
 761   -2      6.980      2.084      0.000
 763  775      7.020      3.418      0.000
 764  776      7.021      6.631      0.000
 765  777      7.038     -6.606      0.000
 767  778      7.044     -5.790      0.000
 766  779      7.045      2.043      0.000
 768  780      7.076     -4.036      0.000
 769  781      7.091     -6.001      0.000
 771  782      7.120     -8.300      0.000
 772  783      7.142      7.544      0.000
 773  785      7.170      6.528      0.000
 774  784      7.178     -6.169      0.000
 775  786      7.210      0.194      0.000
 776  787      7.224     -3.975      0.000
 777  788      7.257      4.988      0.000
 778  789      7.265      4.370      0.000
 779  791      7.275     -4.401      0.000
 781  792      7.278      1.619      0.000
 782  793      7.290      6.744      0.000
 783  794      7.301      4.313      0.000
 784  795      7.314      5.627      0.000
 786  797      7.322     -0.154      0.000
 787  798      7.366      3.545      0.000
  -1  800      7.390     -0.685      0.000
  -1   -2      7.396     -8.075      0.000
 788  801      7.400     -6.409      0.000
 789  802      7.421      2.067      0.000
 790  803      7.489      5.266      0.000
 791  804      7.493      4.780      0.000
 792  805      7.499      4.423      0.000
 793  806      7.526      4.577      0.000
 794  807      7.540     -2.906      0.000
 795  808      7.566     -1.547      0.000
 796  809      7.575      1.256      0.000
 797  810      7.589     -8.371      0.000
 798  811      7.601      4.755      0.000
 799  812      7.616      1.747      0.000
 800  813      7.637      2.275      0.000
  -1  814      7.681      7.727      0.000
 802  815      7.715      7.747      0.000
 803  816      7.739     -7.928      0.000
 804  817      7.761      8.254      0.000
 805  818      7.767     -2.991      0.000
 807  820      7.796      1.625      0.000
 808  821      7.837      6.731      0.000
 809  822      7.840     -0.861      0.000
 810   -2      7.889     -5.150      0.000
 811  823      7.917     -5.015      0.000
 812  824      7.990      7.152      0.000
 813  825      8.005     -0.436      0.000
 814  826      8.014     -6.803      0.000
 815  827      8.018     -1.199      0.000
 816  828      8.020     -6.885      0.000
 817  829      8.025      1.020      0.000
 818  830      8.034     -5.647      0.000
  -1  831      8.052     -7.627      0.000
  -1  832      8.065     -0.632      0.000
 819  833      8.070      4.384      0.000
 820  834      8.092      3.156      0.000
 821  835      8.135     -4.780      0.000
 823  836      8.154     -4.542      0.000
  -1  837      8.175      2.500      0.000
 824  838      8.180      4.609      0.000
 825  839      8.183      3.234      0.000
 826  840      8.217     -7.279      0.000
 827  841      8.219      4.794      0.000
 828  842      8.227     -6.329      0.000
 829   -2      8.241     -7.836      0.000
 830  843      8.252      7.259      0.000
 831  844      8.267     -3.407      0.000
 832  845      8.273     -6.049      0.000
 833  846      8.301     -1.900      0.000
 834  847      8.317     -7.369      0.000
 835  848      8.320      5.266      0.000
 836  849      8.335      7.037      0.000
 837  850      8.344     -4.404      0.000
 838  851      8.345      1.337      0.000
 839  852      8.357      8.189      0.000
 840  853      8.367      7.574      0.000
 841  854      8.389     -8.267      0.000
 842  855      8.400      0.668      0.000
 843  856      8.402     -0.166      0.000
