841
   0    0     -8.403      7.536      0.000
   1    1     -8.381     -6.912      0.000
   2    2     -8.375     -3.326      0.000
   3    3     -8.353     -8.175      0.000
   4    4     -8.344     -4.652      0.000
   5   18     -8.312      1.198      0.000
   6    5     -8.302      0.534      0.000
   7    6     -8.301     -1.590      0.000
   8    7     -8.280      6.849      0.000
   9    8     -8.242     -8.268      0.000
  10    9     -8.227      4.226      0.000
  11   10     -8.217      1.561      0.000
  12   11     -8.208     -7.953      0.000
  13   12     -8.189      1.510      0.000
  14   13     -8.184     -3.059      0.000
  15   14     -8.181      4.415      0.000
  16   15     -8.138      6.489      0.000
  -1   16     -8.126     -2.522      0.000
  17   17     -8.118      2.614      0.000
  18   -2     -8.080      1.347      0.000
  19   19     -8.044      2.233      0.000
  20   20     -8.038     -7.423      0.000
  21   21     -8.012     -6.276      0.000
  22   22     -8.003      6.565      0.000
  23   23     -7.987     -3.842      0.000
  25   24     -7.927     -0.969      0.000
  27   25     -7.904      0.815      0.000
  28   26     -7.895     -0.185      0.000
  -1   27     -7.890      2.323      0.000
  29   28     -7.859      4.081      0.000
  31   31     -7.835      3.861      0.000
  32   32     -7.826      7.174      0.000
  34   34     -7.817     -6.178      0.000
  33   33     -7.816     -4.868      0.000
  35   35     -7.803      2.484      0.000
  36   36     -7.799      4.985      0.000
  37   37     -7.788     -2.770      0.000
  38   39     -7.773     -5.154      0.000
  39   40     -7.766     -6.280      0.000
  40   41     -7.761      1.970      0.000
  41   42     -7.758     -4.653      0.000
  -1   43     -7.756      7.144      0.000
  42   44     -7.753      5.234      0.000
  43   45     -7.751     -6.755      0.000
  44   46     -7.732     -0.694      0.000
  45   47     -7.693      7.111      0.000
  46   48     -7.681      6.653      0.000
  48   49     -7.585     -6.922      0.000
  49   51     -7.556     -0.011      0.000
  50   52     -7.547     -0.702      0.000
  51   53     -7.542      8.223      0.000
  -1   54     -7.524     -5.463      0.000
  52   55     -7.516     -1.117      0.000
  53   56     -7.483      7.990      0.000
  54   57     -7.480      3.615      0.000
  55   58     -7.422     -1.449      0.000
  56   59     -7.402      3.674      0.000
  57   61     -7.363     -6.229      0.000
  58   62     -7.357      2.309      0.000
  59   63     -7.330     -5.119      0.000
  60   64     -7.329     -5.431      0.000
  61   65     -7.314      3.849      0.000
  62   66     -7.311      5.389      0.000
  64   68     -7.252      3.236      0.000
  65   69     -7.249      6.133      0.000
  66   70     -7.239     -8.394      0.000
  67   71     -7.201     -7.988      0.000
  68   73     -7.180      7.645      0.000
  69   72     -7.179     -7.570      0.000
  70   74     -7.164      6.079      0.000
  71   75     -7.158      4.731      0.000
  72   76     -7.154      4.037      0.000
  73   79     -7.144     -2.435      0.000
  -1   77     -7.143     -8.145      0.000
  74   78     -7.140      7.288      0.000
  75   80     -7.128     -7.773      0.000
  77   81     -7.097      4.981      0.000
  78   82     -7.051     -5.460      0.000
  79   83     -7.033      0.018      0.000
  80   84     -7.025      1.957      0.000
  81   85     -6.996     -6.815      0.000
  82   86     -6.990     -2.428      0.000
  83   87     -6.987      4.326      0.000
  85   88     -6.978     -6.647      0.000
  84   89     -6.977     -0.398      0.000
  86   90     -6.962      5.106      0.000
  87   91     -6.944     -2.720      0.000
  88   92     -6.925      5.406      0.000
  89   93     -6.919     -0.845      0.000
  91   94     -6.900      2.893      0.000
  92   95     -6.887     -1.228      0.000
  93   96     -6.871     -6.497      0.000
  94   97     -6.849      7.544      0.000
  95   98     -6.810      1.300      0.000
  96   -2     -6.807     -7.542      0.000
  97   99     -6.794     -5.481      0.000
  98  100     -6.769      2.404      0.000
  99  101     -6.747     -0.895      0.000
 101   -2     -6.733      3.558      0.000
  -1  104     -6.716     -3.065      0.000
 102  103     -6.716      4.283      0.000
 103  105     -6.695      1.663      0.000
 104  106     -6.694      1.346      0.000
 105  107     -6.642      2.366      0.000
 106  108     -6.640      3.531      0.000
 107  109     -6.613      5.763      0.000
 108  110     -6.601     -4.387      0.000
 109  111     -6.595      6.969      0.000
 111  112     -6.550     -6.404      0.000
 112  113     -6.518      7.606      0.000
 113  114     -6.512      3.047      0.000
 114  115     -6.506     -6.286      0.000
 115  116     -6.498     -4.810      0.000
 116  117     -6.444      0.127      0.000
  -1  118     -6.405     -3.590      0.000
 117  119     -6.377      4.862      0.000
 118  120     -6.361     -0.504      0.000
 119  122     -6.311      0.091      0.000
 120  121     -6.306     -7.935      0.000
 122  124     -6.282     -5.889      0.000
 121  125     -6.277     -1.687      0.000
 123  127     -6.211      2.492      0.000
 124  128     -6.184      4.865      0.000
 125  129     -6.177     -5.309      0.000
 126  130     -6.165      3.359      0.000
 127  131     -6.162      2.728      0.000
 128  132     -6.124     -7.709      0.000
 130  133     -6.118      7.343      0.000
 129  134     -6.119      1.235      0.000
 132   -2     -6.112     -1.099      0.000
 133   -2     -6.098     -6.694      0.000
 134  135     -6.087      6.270      0.000
 135  136     -6.049      3.694      0.000
 136  137     -6.028      7.834      0.000
 137  138     -6.019     -6.498      0.000
 131   -2     -5.990     -4.678      0.000
  -1   -2     -5.989      2.486      0.000
 138  141     -5.987     -0.473      0.000
 140  139     -5.985     -7.851      0.000
 141  142     -5.967      6.799      0.000
 142  143     -5.962      3.070      0.000
 143  144     -5.940     -7.415      0.000
 144  145     -5.921     -6.388      0.000
 145  146     -5.920      4.844      0.000
 146  148     -5.898     -0.034      0.000
 147  147     -5.893     -5.946      0.000
 148  149     -5.888     -1.688      0.000
 149  150     -5.855     -1.950      0.000
 150  151     -5.851      0.609      0.000
 151  152     -5.845     -7.399      0.000
 152  153     -5.841      4.685      0.000
 154  155     -5.757     -4.142      0.000
 155  154     -5.751     -5.921      0.000
 156  156     -5.712      7.402      0.000
 157  157     -5.694      1.908      0.000
 158  158     -5.681      5.736      0.000
 159  159     -5.665      0.739      0.000
 160  161     -5.657     -0.894      0.000
 161  162     -5.648     -1.802      0.000
 162  163     -5.610      7.227      0.000
 164  164     -5.597      0.288      0.000
 165  165     -5.576      6.023      0.000
 167   -2     -5.561     -2.856      0.000
 166  166     -5.557     -5.019      0.000
 168  167     -5.540      2.663      0.000
 169  168     -5.531     -0.686      0.000
 171  169     -5.480      4.784      0.000
 170  170     -5.479     -7.475      0.000
 172  171     -5.459      5.213      0.000
  -1   -2     -5.427     -4.614      0.000
  -1  172     -5.410     -4.533      0.000
 173  173     -5.393     -8.102      0.000
  -1  174     -5.386     -0.599      0.000
 174  175     -5.327      3.803      0.000
 175   -2     -5.321      2.039      0.000
 178  176     -5.306     -1.419      0.000
 179  177     -5.289     -3.093      0.000
 176   -2     -5.288      0.710      0.000
 181  178     -5.279      2.073      0.000
 180  179     -5.261     -4.704      0.000
 182  180     -5.243     -3.747      0.000
 183  181     -5.207     -4.867      0.000
 184  182     -5.196     -6.668      0.000
 185  183     -5.168     -1.511      0.000
 186  186     -5.133     -0.070      0.000
  -1  185     -5.127     -2.435      0.000
 187  187     -5.122     -3.890      0.000
 188  184     -5.118     -5.968      0.000
 189  189     -5.080      7.266      0.000
 190  190     -5.069     -0.002      0.000
 193  188     -5.068     -5.291      0.000
 191  191     -5.064      1.561      0.000
 192  192     -5.056     -3.460      0.000
 194  193     -5.043      0.534      0.000
 195  195     -5.013     -4.324      0.000
 196  194     -5.009      5.091      0.000
 197  196     -4.993     -0.312      0.000
 198  197     -4.976     -1.327      0.000
 202  198     -4.953     -7.705      0.000
 199  201     -4.953     -5.047      0.000
 203  199     -4.947      3.721      0.000
 204  200     -4.946      3.911      0.000
 205  202     -4.937      8.380      0.000
 206   -2     -4.937     -4.112      0.000
 201  207     -4.936     -4.278      0.000
 208  205     -4.921     -1.408      0.000
 209  204     -4.916      8.219      0.000
 210  206     -4.907      0.691      0.000
 211   -2     -4.879     -4.292      0.000
 212  209     -4.862     -5.721      0.000
 214  211     -4.833      0.083      0.000
 217  208     -4.832     -7.549      0.000
 215   -2     -4.823      0.423      0.000
 216  212     -4.807     -5.869      0.000
 219  213     -4.790      3.798      0.000
 218  214     -4.786     -5.024      0.000
 222  215     -4.724     -7.939      0.000
 220  216     -4.712     -6.750      0.000
 221  218     -4.700     -4.695      0.000
 223  217     -4.694      4.441      0.000
 224  219     -4.686      5.786      0.000
 226  220     -4.672     -2.160      0.000
 227  221     -4.663      2.665      0.000
 229  222     -4.625      3.380      0.000
 231  224     -4.610      2.516      0.000
 232  225     -4.592      3.587      0.000
 233  226     -4.538      2.583      0.000
 235  227     -4.515      0.629      0.000
 234  229     -4.501     -4.146      0.000
 236  228     -4.498      2.185      0.000
 237  231     -4.478     -4.348      0.000
 240  230     -4.453     -6.058      0.000
 238  223     -4.438     -0.340      0.000
  -1  233     -4.434      0.877      0.000
 241  232     -4.430     -5.929      0.000
  -1   -2     -4.402     -3.382      0.000
 239   -2     -4.396     -4.447      0.000
 242  235     -4.392      1.008      0.000
 244  237     -4.357      3.475      0.000
 243  239     -4.353     -4.477      0.000
 245   -2     -4.346      4.792      0.000
 246  238     -4.344      7.387      0.000
 247  243     -4.328      0.664      0.000
 248  242     -4.320      1.182      0.000
 250  241     -4.307     -8.234      0.000
 251  240     -4.305     -6.376      0.000
 249  244     -4.296      2.416      0.000
  -1   -2     -4.265     -6.900      0.000
 252  245     -4.257     -1.926      0.000
 253  246     -4.246     -1.116      0.000
  -1   -2     -4.186     -0.528      0.000
 255  247     -4.173      7.669      0.000
 256  249     -4.163     -0.435      0.000
 257  251     -4.133     -4.750      0.000
 258  250     -4.123      5.754      0.000
 259  252     -4.104      2.097      0.000
 260  256     -4.083      1.681      0.000
 261  254     -4.081      3.407      0.000
 262  257     -4.073      2.612      0.000
 263  255     -4.072     -7.432      0.000
 265  253     -4.047     -8.108      0.000
 264  260     -4.022      5.379      0.000
 268   -2     -4.021     -1.405      0.000
 267  261     -3.992      3.305      0.000
 266  262     -3.990     -1.993      0.000
 269  264     -3.962     -7.174      0.000
 270  263     -3.956     -2.760      0.000
 271  265     -3.930     -6.075      0.000
  -1   -2     -3.860      2.863      0.000
 272  267     -3.811     -0.167      0.000
 273  266     -3.807      8.306      0.000
 275  268     -3.788      2.212      0.000
 276  272     -3.761     -4.564      0.000
 278  274     -3.748     -4.306      0.000
  -1  273     -3.748     -3.606      0.000
 279  271     -3.747     -1.201      0.000
 277  275     -3.732      7.872      0.000
 283  269     -3.729     -6.103      0.000
 281  276     -3.702     -6.997      0.000
  -1   -2     -3.669     -6.914      0.000
 284   -2     -3.664     -1.415      0.000
 285  277     -3.652      0.953      0.000
 286  278     -3.627      6.063      0.000
 290   -2     -3.599     -7.904      0.000
 288  280     -3.564      7.953      0.000
 291  281     -3.543      6.379      0.000
 289  283     -3.540      0.438      0.000
 292  282     -3.527      8.234      0.000
 293  284     -3.507      1.217      0.000
  -1  285     -3.502      0.147      0.000
 294   -2     -3.460      2.965      0.000
  -1  287     -3.421     -2.381      0.000
 295  288     -3.414      0.164      0.000
 296  289     -3.346      3.706      0.000
 297  290     -3.325      5.460      0.000
 298  292     -3.298      0.628      0.000
 303  294     -3.235      2.826      0.000
  -1  293     -3.234      1.173      0.000
 300   -2     -3.222     -6.845      0.000
 301  295     -3.214      4.851      0.000
 302  296     -3.191     -4.402      0.000
 304  298     -3.128     -3.199      0.000
  -1  297     -3.120      2.796      0.000
  -1  299     -3.111     -1.605      0.000
 305  300     -3.109      2.952      0.000
 306  301     -3.096     -0.107      0.000
 309  304     -3.060      8.034      0.000
 310  303     -3.046     -5.700      0.000
  -1  305     -3.043      3.951      0.000
 311  306     -3.022      3.641      0.000
 312  307     -3.000     -5.529      0.000
 315  308     -2.922     -6.041      0.000
 316  309     -2.918      4.607      0.000
 318  310     -2.880     -7.838      0.000
 317  311     -2.877      8.165      0.000
 319  312     -2.862      7.252      0.000
 320  313     -2.778     -7.542      0.000
 322  314     -2.705      5.907      0.000
 321  317     -2.697     -4.161      0.000
 325  315     -2.688      3.590      0.000
 323  316     -2.687      6.814      0.000
 324  318     -2.674     -5.785      0.000
  -1  319     -2.657     -5.479      0.000
 326  320     -2.633      2.968      0.000
  -1  323     -2.617      8.390      0.000
 328  322     -2.595     -1.151      0.000
 327  324     -2.570     -2.274      0.000
 329  325     -2.564      0.995      0.000
 335   -2     -2.548     -6.026      0.000
 332  326     -2.517      6.906      0.000
 330  328     -2.517     -3.366      0.000
 331  327     -2.511     -7.036      0.000
  -1  330     -2.470     -0.949      0.000
  -1   -2     -2.441     -0.089      0.000
 334  332     -2.430     -5.855      0.000
 333  333     -2.427     -0.381      0.000
 337  331     -2.420      0.554      0.000
 336  334     -2.408     -2.514      0.000
 338  335     -2.365     -6.895      0.000
 339  336     -2.359     -0.623      0.000
 340  337     -2.325      4.882      0.000
 341  338     -2.309     -5.588      0.000
 343   -2     -2.292     -6.505      0.000
  -1   -2     -2.284     -1.604      0.000
 342  340     -2.273     -2.090      0.000
 344   -2     -2.248      0.581      0.000
  -1  341     -2.214      1.284      0.000
 346  342     -2.212      6.092      0.000
 345  344     -2.194      5.527      0.000
 348  345     -2.108     -3.792      0.000
 349  346     -2.106     -1.319      0.000
 350  347     -2.070      1.966      0.000
 352   -2     -2.021     -3.223      0.000
 351   -2     -2.019      0.034      0.000
 353  348     -2.015      7.172      0.000
 355  349     -1.930     -4.337      0.000
 357  351     -1.842      3.817      0.000
 359  350     -1.820      2.070      0.000
  -1   -2     -1.805      6.962      0.000
  -1   -2     -1.801     -4.490      0.000
 358   -2     -1.770      7.148      0.000
 361  356     -1.696     -4.202      0.000
 364  361     -1.659      7.924      0.000
 366  357     -1.654     -5.707      0.000
 362  363     -1.653      7.384      0.000
 365  362     -1.650     -2.303      0.000
 363  360     -1.645      4.184      0.000
 367  359     -1.639      5.815      0.000
 371  364     -1.554      1.601      0.000
 370  365     -1.539     -5.189      0.000
 374  366     -1.452     -5.546      0.000
 372  367     -1.439      4.978      0.000
  -1   -2     -1.433     -0.614      0.000
 373   -2     -1.417      3.333      0.000
 375  369     -1.351     -8.101      0.000
 376  371     -1.307     -1.870      0.000
 378   -2     -1.284      3.935      0.000
  -1  372     -1.227      3.298      0.000
 382  373     -1.120      3.601      0.000
 381  374     -1.111     -2.159      0.000
 384  376     -1.089     -8.016      0.000
 385  377     -1.066     -1.531      0.000
  -1   -2     -1.027      4.330      0.000
 387  379     -0.946      4.854      0.000
  -1   -2     -0.881     -3.779      0.000
  -1  381     -0.864     -7.580      0.000
 389  382     -0.827     -5.893      0.000
 390  383     -0.725     -3.592      0.000
 392  384     -0.700     -6.508      0.000
 393  385     -0.684     -4.260      0.000
 391  386     -0.682     -1.122      0.000
 394  388     -0.616      4.123      0.000
 395  387     -0.599     -2.926      0.000
 397  390     -0.519     -2.844      0.000
 401  391     -0.457     -5.825      0.000
 398  393     -0.448     -5.255      0.000
 399  392     -0.445     -3.093      0.000
  -1   -2     -0.431     -5.543      0.000
 403  394     -0.390     -0.634      0.000
  -1  395     -0.337     -1.179      0.000
 405  396     -0.333     -2.135      0.000
 406  397     -0.008      0.919      0.000
 407  399      0.111     -6.720      0.000
 408  400      0.133     -7.078      0.000
 409  401      0.205     -4.288      0.000
 410  402      0.218      5.730      0.000
 411  403      0.283     -1.648      0.000
 412  404      0.314      0.090      0.000
 413  405      0.395     -4.326      0.000
 414  408      0.439      2.530      0.000
 415  410      0.480      3.476      0.000
 416  409      0.482      0.430      0.000
 419  413      0.619      0.200      0.000
 420  412      0.641      4.610      0.000
 421  415      0.710     -5.456      0.000
  -1  416      0.736      7.123      0.000
 422  417      0.758     -3.171      0.000
 423  418      0.804     -0.027      0.000
 424  419      0.853     -0.662      0.000
  -1   -2      0.913      3.270      0.000
 425  421      0.919     -3.274      0.000
 428  420      0.927      4.383      0.000
 429  422      0.955     -1.195      0.000
 426  423      0.956      7.117      0.000
 427  424      0.971     -6.493      0.000
  -1  425      1.011     -1.988      0.000
 430  427      1.045      0.640      0.000
 431  428      1.054     -6.732      0.000
 433   -2      1.114      6.108      0.000
 434  429      1.140      0.399      0.000
 437  431      1.185     -3.921      0.000
 438  433      1.250     -3.003      0.000
  -1   -2      1.257      2.382      0.000
 439  435      1.278     -6.903      0.000
 440  434      1.284     -1.149      0.000
 441   -2      1.327      2.085      0.000
 444  436      1.339     -4.743      0.000
 443   -2      1.359      0.938      0.000
 445  439      1.389     -2.579      0.000
 447  437      1.409      0.986      0.000
 446  438      1.414     -3.607      0.000
 448  441      1.442     -7.502      0.000
  -1   -2      1.484      8.259      0.000
 452  448      1.528     -7.799      0.000
 450  443      1.540      3.508      0.000
 453  442      1.541      5.287      0.000
 451  445      1.560     -3.011      0.000
 454   -2      1.582     -6.561      0.000
  -1  447      1.585      2.228      0.000
 456  446      1.607      6.437      0.000
 455  449      1.611     -3.534      0.000
 457  450      1.669      0.399      0.000
 459  453      1.765     -4.013      0.000
 458  454      1.770     -2.684      0.000
 460  452      1.782     -6.472      0.000
 461  451      1.788      1.041      0.000
 462  455      1.837      7.598      0.000
 463  456      1.845      5.159      0.000
 464   -2      1.846     -7.928      0.000
 468  458      1.863     -6.832      0.000
 469  457      1.868     -4.682      0.000
 467  460      1.870     -0.722      0.000
  -1  463      1.871     -3.607      0.000
  -1  462      1.873     -3.964      0.000
  -1  461      1.876     -6.621      0.000
  -1  464      1.913      3.205      0.000
  -1   -2      1.926     -7.047      0.000
 470  466      1.932     -2.160      0.000
 473  465      1.950      1.114      0.000
 471  469      1.954     -1.472      0.000
 472  468      1.968      0.095      0.000
 474  467      1.982      5.842      0.000
 475   -2      2.015      1.098      0.000
 476  471      2.111      4.144      0.000
 480  472      2.127     -4.570      0.000
 479  474      2.128     -3.681      0.000
 481  473      2.130      1.319      0.000
 482  475      2.133      7.246      0.000
 477  477      2.135     -8.043      0.000
 483  476      2.150      6.436      0.000
  -1   -2      2.167     -1.886      0.000
 478  483      2.171     -1.399      0.000
 484  478      2.173     -0.149      0.000
 486  479      2.188      4.503      0.000
 485  482      2.191      0.462      0.000
 487  480      2.199     -6.516      0.000
  -1  484      2.238     -0.391      0.000
 489  485      2.260      5.835      0.000
 488  487      2.271     -3.077      0.000
 492  486      2.285     -6.702      0.000
 493   -2      2.286     -7.183      0.000
 490  489      2.289      4.343      0.000
 491  490      2.294     -0.925      0.000
 494  488      2.308      6.518      0.000
 495  491      2.332     -7.388      0.000
 497  492      2.335     -2.950      0.000
 496  494      2.348      0.750      0.000
 498  493      2.348      5.280      0.000
 499  495      2.354      8.354      0.000
 500   -2      2.370     -5.742      0.000
 501  496      2.379      5.145      0.000
 502  500      2.389     -3.523      0.000
 503  498      2.393      5.940      0.000
  -1   -2      2.395      6.066      0.000
 504  501      2.409     -3.617      0.000
 505  502      2.466     -3.164      0.000
  -1  505      2.488     -1.161      0.000
 506  506      2.512      0.862      0.000
 507  507      2.555      3.996      0.000
 508  508      2.600     -3.161      0.000
 510  509      2.634     -5.074      0.000
 509  510      2.637      2.396      0.000
 511  511      2.654      7.578      0.000
 513  512      2.684     -6.385      0.000
 514  513      2.697      5.715      0.000
  -1   -2      2.697      5.101      0.000
  -1   -2      2.739      0.116      0.000
 515  514      2.763      2.539      0.000
  -1   -2      2.780     -7.983      0.000
 516  515      2.785     -6.011      0.000
 518  517      2.822      7.953      0.000
 519  516      2.829     -6.583      0.000
 520  520      2.856      0.725      0.000
 521  519      2.875      6.374      0.000
 522  518      2.877      0.035      0.000
 523  521      2.927      4.992      0.000
 524  522      2.930     -1.584      0.000
 525  523      2.964      7.146      0.000
  -1   -2      2.999      5.187      0.000
 529  524      3.032     -5.928      0.000
 527  526      3.038      2.723      0.000
 526  527      3.045      0.640      0.000
 530  525      3.048     -5.151      0.000
  -1  528      3.090      5.592      0.000
 532  529      3.103     -2.494      0.000
 531   -2      3.114     -1.163      0.000
 534  531      3.117      2.654      0.000
 533  532      3.124      6.169      0.000
 535  533      3.147     -6.864      0.000
 536  534      3.159      2.821      0.000
 537  535      3.172     -1.895      0.000
 539  537      3.186     -7.106      0.000
 538  538      3.198      6.092      0.000
 540  540      3.211      8.235      0.000
  -1  539      3.213      5.623      0.000
 541  536      3.284     -8.122      0.000
 542  541      3.304     -1.302      0.000
 544  542      3.315     -7.156      0.000
  -1  543      3.320     -5.557      0.000
 546  544      3.405      2.961      0.000
 545  545      3.414      6.649      0.000
 548  546      3.459     -5.357      0.000
 547  547      3.462      2.825      0.000
 550  548      3.484     -2.054      0.000
 549  549      3.491      1.337      0.000
 551  551      3.506     -4.491      0.000
 552  550      3.511      5.883      0.000
 553  552      3.564     -3.234      0.000
 554  555      3.579     -2.797      0.000
 556  553      3.583     -0.887      0.000
 555  556      3.585     -0.462      0.000
 557  554      3.590     -6.957      0.000
 559  557      3.618     -5.994      0.000
 558  558      3.620      5.304      0.000
 561  560      3.642     -0.043      0.000
 563  559      3.645     -5.449      0.000
 560   -2      3.646     -6.082      0.000
 562  561      3.662     -7.005      0.000
 564  562      3.670      5.034      0.000
 565  563      3.676      2.148      0.000
 566  564      3.682      7.898      0.000
 568  565      3.732     -5.899      0.000
 567  567      3.736      4.044      0.000
 569  566      3.742      2.600      0.000
  -1  569      3.777      7.709      0.000
  -1  571      3.792     -7.705      0.000
 570  572      3.806     -0.563      0.000
 572  570      3.810     -6.978      0.000
 571  573      3.810      0.844      0.000
 573  574      3.824     -2.101      0.000
 574  575      3.833     -1.807      0.000
 576  576      3.844     -2.224      0.000
  -1  577      3.857     -5.725      0.000
 579  579      3.877      0.436      0.000
 580  578      3.878      4.927      0.000
 577  582      3.880     -6.030      0.000
 578  581      3.883     -7.222      0.000
 582  580      3.886      5.255      0.000
 581  583      3.904     -7.412      0.000
 585  584      3.938     -1.246      0.000
 586  585      3.946     -0.621      0.000
 583  586      3.948     -7.679      0.000
 584  587      3.954     -4.123      0.000
  -1  588      3.963     -7.913      0.000
 587   -2      3.979      2.436      0.000
  -1  589      4.008     -7.428      0.000
 589  593      4.018     -8.048      0.000
  -1  590      4.020      4.113      0.000
 590  591      4.021      2.887      0.000
  -1  592      4.027     -2.494      0.000
 592  594      4.030      8.100      0.000
 591   -2      4.037     -7.777      0.000
 595  595      4.067      3.046      0.000
 597  596      4.090     -5.453      0.000
 596  597      4.091      4.911      0.000
 599  598      4.120      0.710      0.000
 601  600      4.234     -0.966      0.000
 602  601      4.252     -8.329      0.000
 603  602      4.284      4.706      0.000
 604  603      4.293      2.243      0.000
 605  604      4.298     -4.333      0.000
  -1   -2      4.328      5.780      0.000
 606  605      4.330      8.333      0.000
 607  606      4.362     -1.998      0.000
 609   -2      4.387      2.171      0.000
 612  607      4.423     -5.706      0.000
 610  608      4.426     -2.103      0.000
  -1  609      4.426      4.654      0.000
 613  610      4.445     -1.703      0.000
 614  612      4.469      4.632      0.000
 615  613      4.469      2.978      0.000
 616  630      4.486      0.779      0.000
 617  614      4.491      8.012      0.000
 618  615      4.520     -0.849      0.000
 620  616      4.534      6.374      0.000
 621  617      4.536      0.045      0.000
 619  618      4.537      4.814      0.000
 623  619      4.560     -8.292      0.000
  -1   -2      4.562      3.480      0.000
 624  620      4.580     -4.858      0.000
 626  621      4.606      2.638      0.000
 625  622      4.608      6.427      0.000
 627  624      4.647      3.299      0.000
  -1  626      4.669     -1.435      0.000
 628  625      4.671      1.880      0.000
 630  628      4.678      2.802      0.000
 632  627      4.681     -6.424      0.000
 631  629      4.684      0.608      0.000
 629  631      4.705     -3.279      0.000
 633  634      4.732      1.153      0.000
 634  632      4.739     -5.163      0.000
 635  635      4.752     -7.106      0.000
  -1  633      4.755     -6.993      0.000
 636  638      4.789     -8.230      0.000
 637  636      4.790      8.325      0.000
 638  637      4.795      3.017      0.000
 639   -2      4.836     -4.090      0.000
 641  640      4.923     -2.722      0.000
 640  639      4.926      0.334      0.000
 643  641      4.947      5.102      0.000
 642  642      4.948      3.575      0.000
 644  643      4.964      5.223      0.000
 645  646      5.014      1.477      0.000
 647  647      5.032     -5.191      0.000
 648   -2      5.032     -2.874      0.000
 649   -2      5.056      8.114      0.000
 651  648      5.058      8.071      0.000
 650  650      5.064     -4.270      0.000
 653  653      5.097     -3.955      0.000
 654  652      5.097     -5.743      0.000
 655  654      5.105      7.198      0.000
 656  655      5.112      6.917      0.000
 657  656      5.114      1.995      0.000
 658  658      5.166     -5.813      0.000
 659  659      5.177     -7.594      0.000
 661  660      5.225      6.837      0.000
 662  661      5.226      6.425      0.000
  -1   -2      5.256      6.890      0.000
 663  662      5.270      1.555      0.000
  -1  663      5.307      7.079      0.000
 664  664      5.309     -3.100      0.000
 665  665      5.326      2.380      0.000
 666  666      5.396      5.810      0.000
 667  667      5.412     -7.849      0.000
 668  668      5.431      2.777      0.000
 669  669      5.441     -2.939      0.000
 671  671      5.460      1.979      0.000
 674  672      5.485      1.363      0.000
 675  673      5.487      6.039      0.000
 676  674      5.555      2.034      0.000
 677  675      5.573      4.471      0.000
 679  676      5.604     -5.047      0.000
 678  677      5.607     -8.106      0.000
 680  678      5.640      6.967      0.000
 681  679      5.671      3.919      0.000
 682  680      5.677     -6.683      0.000
 683  681      5.685     -0.645      0.000
 684  682      5.709     -3.190      0.000
 685  683      5.762      4.592      0.000
 686  686      5.774     -8.070      0.000
 687  684      5.775     -5.464      0.000
 688  685      5.782     -5.793      0.000
 689  687      5.826     -2.461      0.000
 690  688      5.828      1.754      0.000
  -1   -2      5.838     -5.150      0.000
 691  689      5.841     -0.991      0.000
 692  690      5.889     -3.467      0.000
  -1   -2      5.893     -8.291      0.000
 693  691      5.895      1.972      0.000
 694  692      5.901     -0.755      0.000
 695  693      5.906      5.055      0.000
 696  694      5.919     -7.972      0.000
 697  695      5.966     -7.368      0.000
 698  696      5.988     -6.382      0.000
 699  697      5.993      2.716      0.000
 700  698      6.004     -6.486      0.000
 702  699      6.024      0.218      0.000
 703  700      6.033     -5.295      0.000
 704  701      6.042     -4.335      0.000
 705  702      6.054     -0.481      0.000
 706  703      6.058      4.638      0.000
 707  704      6.062     -1.727      0.000
 708  705      6.067     -3.067      0.000
 710  706      6.092     -6.145      0.000
 711  707      6.157      1.692      0.000
 712  708      6.168      6.539      0.000
 713  710      6.202      3.855      0.000
 714   -2      6.211      0.282      0.000
 715  711      6.215     -4.223      0.000
 716  712      6.217      3.185      0.000
 717  713      6.224     -1.563      0.000
 719  714      6.281      7.265      0.000
 720  715      6.314     -2.136      0.000
 721  716      6.316     -2.948      0.000
 722  717      6.333     -6.503      0.000
 723  718      6.352      1.951      0.000
 724  719      6.384      2.358      0.000
 725  721      6.409      7.015      0.000
 726  722      6.413     -4.272      0.000
 727  723      6.419     -2.931      0.000
  -1  724      6.479     -1.378      0.000
 728  725      6.487     -4.882      0.000
 729  726      6.533      6.896      0.000
 730  728      6.544     -5.962      0.000
 731  730      6.560      4.664      0.000
 732  731      6.572     -1.314      0.000
 733  732      6.597      2.123      0.000
 734   -2      6.605     -1.287      0.000
 735  733      6.623     -0.584      0.000
 736  734      6.631      2.868      0.000
 737  735      6.641     -6.057      0.000
 738  736      6.669     -5.140      0.000
 739  737      6.679      5.639      0.000
 740  738      6.690     -5.332      0.000
 741  739      6.719      6.580      0.000
 742  740      6.723      0.428      0.000
 743  741      6.725     -6.223      0.000
 744  742      6.734     -5.510      0.000
 745  743      6.743      3.179      0.000
 746  744      6.762     -1.888      0.000
 747  745      6.764      3.296      0.000
 748  746      6.769      2.050      0.000
 749  747      6.798     -0.574      0.000
 751  748      6.815     -6.054      0.000
 752  749      6.822     -0.776      0.000
 753  750      6.833     -7.673      0.000
 755  751      6.859      5.220      0.000
 756  752      6.896      3.619      0.000
 757  753      6.898     -8.009      0.000
 759  755      6.923     -0.917      0.000
 760  756      6.929     -4.932      0.000
 761  757      6.932     -2.651      0.000
 763  758      6.939     -0.080      0.000
 762  759      6.948      6.179      0.000
 764  760      6.966     -0.690      0.000
 765  761      6.980      2.081      0.000
 766  762      6.981      0.432      0.000
 767  763      7.022      3.416      0.000
 768  764      7.024      6.631      0.000
 770  766      7.048      2.041      0.000
 771  765      7.050     -6.615      0.000
 772  767      7.052     -5.794      0.000
 773  768      7.078     -4.038      0.000
 774  769      7.096     -6.004      0.000
  -1   -2      7.098     -0.193      0.000
 775  771      7.127     -8.301      0.000
 776  772      7.144      7.541      0.000
 778  773      7.170      6.525      0.000
 779  774      7.185     -6.174      0.000
 780  775      7.212      0.192      0.000
 781  776      7.228     -3.978      0.000
 782  777      7.263      4.986      0.000
 783  778      7.267      4.368      0.000
  -1  781      7.280      1.617      0.000
 784  779      7.281     -4.404      0.000
 785  782      7.290      6.741      0.000
 786  783      7.307      4.310      0.000
 787  784      7.314      5.625      0.000
 788  786      7.330     -0.156      0.000
 789  787      7.369      3.543      0.000
  -1   -2      7.400     -8.081      0.000
 790  788      7.406     -6.413      0.000
 791  789      7.426      2.063      0.000
 792  790      7.490      5.265      0.000
 793  791      7.496      4.778      0.000
 794  792      7.504      4.421      0.000
 795  794      7.544     -2.909      0.000
 796  797      7.573     -8.404      0.000
 798  796      7.579      1.254      0.000
 799  798      7.603      4.755      0.000
 800  799      7.620      1.744      0.000
 801  800      7.640      2.273      0.000
 802  802      7.705      7.738      0.000
 803  803      7.745     -7.937      0.000
 804  804      7.763      8.252      0.000
 805  805      7.772     -2.994      0.000
 806  807      7.803      1.623      0.000
 807  808      7.839      6.730      0.000
 808  809      7.840     -0.862      0.000
 810  811      7.919     -5.016      0.000
 811  812      7.991      7.150      0.000
 812  813      8.006     -0.439      0.000
 814  815      8.022     -1.201      0.000
 815  816      8.024     -6.889      0.000
 816  817      8.030      1.019      0.000
 817  818      8.035     -5.650      0.000
 818  819      8.073      4.382      0.000
 819  820      8.095      3.154      0.000
 821  821      8.132     -4.783      0.000
 822  823      8.158     -4.545      0.000
 823  822      8.176      2.498      0.000
 825  824      8.183      4.607      0.000
 824  825      8.183      3.232      0.000
  -1  826      8.220     -7.284      0.000
  -1  827      8.222      4.790      0.000
 826  828      8.233     -6.335      0.000
 827  829      8.246     -7.844      0.000
 828  830      8.254      7.257      0.000
 829  831      8.271     -3.409      0.000
 830  832      8.278     -6.053      0.000
 831  833      8.305     -1.902      0.000
 832  834      8.319     -7.376      0.000
 833  835      8.322      5.264      0.000
 834  836      8.335      7.035      0.000
 835  838      8.346      1.335      0.000
 836  837      8.347     -4.408      0.000
 837  839      8.359      8.188      0.000
 838  840      8.369      7.574      0.000
 839  841      8.390     -8.274      0.000
 840  843      8.403     -0.168      0.000
 841  842      8.403      0.666      0.000
