869
   0    0     -8.397      7.537      0.000
   1    1     -8.381     -6.900      0.000
   2    2     -8.372     -3.317      0.000
   3    3     -8.352     -8.166      0.000
   4    4     -8.342     -4.641      0.000
   5    5     -8.300      1.207      0.000
   6    6     -8.292      0.539      0.000
  -1    7     -8.286     -1.589      0.000
   7   -2     -8.283     -1.804      0.000
   8    8     -8.273      6.849      0.000
   9    9     -8.242     -8.262      0.000
  10   10     -8.227      4.227      0.000
  11   11     -8.209     -7.941      0.000
  12   12     -8.198      1.545      0.000
  14   14     -8.174      4.420      0.000
  13   13     -8.173     -3.049      0.000
  15   15     -8.139      6.493      0.000
  16   16     -8.118      2.617      0.000
  17   17     -8.115     -2.517      0.000
  -1   18     -8.082      1.213      0.000
  18   19     -8.073      1.348      0.000
  -1   20     -8.055     -0.846      0.000
  20   21     -8.037     -7.418      0.000
  19   22     -8.037      2.239      0.000
  21   23     -8.008     -6.264      0.000
  22   24     -7.994      6.570      0.000
  23   25     -7.978     -3.831      0.000
  24   26     -7.941      5.654      0.000
  25   27     -7.918     -0.963      0.000
  26   28     -7.913     -6.986      0.000
  27   29     -7.893      0.818      0.000
  29   30     -7.884      2.322      0.000
  28   31     -7.883     -0.182      0.000
  31   33     -7.849      4.090      0.000
  33   34     -7.829      3.843      0.000
  32   -2     -7.828      3.879      0.000
  30   36     -7.818     -6.163      0.000
  34   35     -7.810     -4.854      0.000
  37   37     -7.798      4.989      0.000
  36   38     -7.797      2.486      0.000
  38   39     -7.777     -2.760      0.000
  39   40     -7.765     -5.140      0.000
  40   41     -7.764     -6.266      0.000
  42   42     -7.752      1.972      0.000
  41   44     -7.752     -4.642      0.000
  43   43     -7.750      5.232      0.000
  45   45     -7.749     -6.743      0.000
  46   46     -7.719     -0.690      0.000
  47   47     -7.694      7.118      0.000
  48   48     -7.680      6.650      0.000
  49   49     -7.609      4.949      0.000
  50   50     -7.585     -6.909      0.000
  -1   -2     -7.558     -4.810      0.000
  52   51     -7.545     -0.005      0.000
  53   52     -7.534      8.231      0.000
  54   53     -7.534     -0.698      0.000
  55   -2     -7.519     -5.445      0.000
  56   54     -7.505     -1.108      0.000
  57   55     -7.475      7.991      0.000
  58   56     -7.474      3.619      0.000
  59   57     -7.426      3.854      0.000
  60   58     -7.408     -1.441      0.000
  61   59     -7.402      3.981      0.000
  62   60     -7.382      3.678      0.000
  -1   -2     -7.377      1.729      0.000
  63   61     -7.361     -6.214      0.000
  64   62     -7.355      2.312      0.000
  65   63     -7.327     -5.106      0.000
  66   64     -7.321     -5.417      0.000
  67   65     -7.310      3.853      0.000
  68   66     -7.305      5.394      0.000
  70   68     -7.248     -8.393      0.000
  69   69     -7.248      3.240      0.000
  71   70     -7.245      6.137      0.000
  -1   71     -7.212     -7.986      0.000
  73   72     -7.189     -7.559      0.000
  74   73     -7.174      7.647      0.000
  75   74     -7.159      6.082      0.000
  76   75     -7.158      5.094      0.000
  78   76     -7.148      4.737      0.000
  79   77     -7.146      4.039      0.000
  80   79     -7.137     -2.424      0.000
  82   78     -7.134     -7.765      0.000
  81   80     -7.131      7.292      0.000
  83   81     -7.115      7.452      0.000
  84   82     -7.094      4.985      0.000
  85   83     -7.046     -5.441      0.000
  86   84     -7.021      0.020      0.000
  87   85     -7.013      1.960      0.000
  88   86     -6.996     -6.800      0.000
  89   87     -6.990      4.430      0.000
  90   89     -6.982     -2.415      0.000
  92   88     -6.979     -6.629      0.000
  91   90     -6.977      4.332      0.000
  93   91     -6.960     -0.389      0.000
  94   92     -6.953      5.110      0.000
  95   93     -6.933     -2.710      0.000
  96   94     -6.917      5.410      0.000
  97   95     -6.912      3.370      0.000
  98   96     -6.903     -0.838      0.000
  99   97     -6.896      2.893      0.000
 101   98     -6.872     -6.481      0.000
 100   99     -6.872     -1.220      0.000
 102  100     -6.846      7.548      0.000
 103  101     -6.816     -7.526      0.000
 104  102     -6.797      1.301      0.000
 105  103     -6.789     -5.463      0.000
 106  104     -6.761      2.408      0.000
 107  105     -6.736      7.611      0.000
 108  106     -6.731     -0.890      0.000
 113  108     -6.684      1.667      0.000
 112  109     -6.683      1.347      0.000
 115  110     -6.637      3.536      0.000
 114  111     -6.637      2.368      0.000
 116  112     -6.604      5.770      0.000
 117  114     -6.588     -4.373      0.000
 118  113     -6.587      6.971      0.000
 119  115     -6.550     -6.386      0.000
 120  116     -6.514      7.615      0.000
 121  117     -6.509     -6.269      0.000
 122  118     -6.500      3.055      0.000
 123  119     -6.485     -4.793      0.000
  -1   -2     -6.451     -2.033      0.000
 125  120     -6.431      0.136      0.000
 126  121     -6.364      4.869      0.000
 127  122     -6.342     -0.499      0.000
 128  123     -6.333     -7.908      0.000
 130  124     -6.293      0.094      0.000
 131  125     -6.285     -5.866      0.000
 132   -2     -6.278     -5.025      0.000
 133  126     -6.274      0.327      0.000
 134  127     -6.257     -1.673      0.000
 136   -2     -6.236     -7.911      0.000
 137  128     -6.201      2.493      0.000
 138  129     -6.172      4.872      0.000
 139  130     -6.169     -5.285      0.000
 140  131     -6.163      3.362      0.000
 141  132     -6.154      2.731      0.000
 142  133     -6.136     -7.681      0.000
 143  135     -6.108      1.237      0.000
 144  134     -6.107      7.350      0.000
 148  137     -6.075      6.275      0.000
 149  138     -6.044      3.697      0.000
 150  139     -6.021      7.841      0.000
 151  140     -6.005     -7.794      0.000
 152  141     -5.985     -7.346      0.000
 153  142     -5.966     -0.468      0.000
 154  143     -5.961      3.074      0.000
 155  144     -5.955      6.802      0.000
 157  146     -5.916      4.850      0.000
 158  147     -5.889     -5.918      0.000
 159  148     -5.880     -0.035      0.000
 160  149     -5.861     -1.672      0.000
 161  150     -5.848     -7.385      0.000
 163  151     -5.836      4.693      0.000
 164  152     -5.834      0.609      0.000
 162  153     -5.834     -1.927      0.000
 166  155     -5.757     -5.891      0.000
  -1   -2     -5.733     -7.933      0.000
 167  156     -5.730     -4.132      0.000
 168  157     -5.693      7.412      0.000
 169  158     -5.684      1.908      0.000
 170  159     -5.672      5.742      0.000
 171  160     -5.649      0.739      0.000
 172  161     -5.625     -0.894      0.000
 173  162     -5.620     -1.789      0.000
 174  163     -5.606      7.234      0.000
  -1   -2     -5.605     -8.236      0.000
 175  164     -5.589     -2.464      0.000
 176  165     -5.580      0.280      0.000
 177  166     -5.572      6.029      0.000
 179  168     -5.536     -4.986      0.000
 181  169     -5.533     -3.112      0.000
 182  170     -5.503     -0.685      0.000
 183  171     -5.473      4.791      0.000
 184  172     -5.455     -7.544      0.000
 185  173     -5.449      5.221      0.000
 188  174     -5.383     -1.399      0.000
 186  175     -5.381     -8.122      0.000
 187  177     -5.365     -0.602      0.000
 189  178     -5.342      6.103      0.000
 190  179     -5.326      3.806      0.000
 191  180     -5.306     -3.070      0.000
 192  182     -5.276      2.065      0.000
 193  183     -5.268      0.702      0.000
 194  184     -5.244     -3.769      0.000
 195  186     -5.221     -4.694      0.000
 197  185     -5.211     -2.456      0.000
 198  187     -5.183     -1.578      0.000
 199  188     -5.164     -6.681      0.000
 200  189     -5.150     -4.805      0.000
 201  190     -5.116     -3.900      0.000
 202  192     -5.103     -0.076      0.000
 203  191     -5.098     -5.222      0.000
 205  194     -5.052      1.560      0.000
 204  193     -5.052     -0.009      0.000
 207  195     -5.027      0.528      0.000
 208  196     -5.012     -3.431      0.000
 209  197     -4.995      5.106      0.000
 210  199     -4.973     -0.321      0.000
 212  198     -4.964     -7.840      0.000
 213  200     -4.953      3.918      0.000
 211  202     -4.953     -4.334      0.000
 215  201     -4.945      3.730      0.000
 216  203     -4.929     -4.142      0.000
 214  204     -4.927     -1.334      0.000
 217  205     -4.919      8.385      0.000
  -1  206     -4.913      0.841      0.000
 218  208     -4.901      8.223      0.000
  -1  207     -4.901      1.615      0.000
 219  209     -4.892     -1.400      0.000
 220  212     -4.889      0.682      0.000
 224  211     -4.882     -8.108      0.000
 221  210     -4.882     -2.806      0.000
  -1   -2     -4.859     -8.305      0.000
 222  215     -4.852     -5.026      0.000
 223  213     -4.850     -4.296      0.000
 225  217     -4.817      0.077      0.000
 226  216     -4.814      3.811      0.000
 227  218     -4.811     -5.837      0.000
  -1  220     -4.800      0.412      0.000
 229  221     -4.703      4.474      0.000
 228  222     -4.700     -5.094      0.000
  -1  224     -4.695      2.701      0.000
 231  223     -4.671      5.784      0.000
 230  225     -4.665     -6.850      0.000
 232   -2     -4.658      2.655      0.000
 233  227     -4.648     -4.777      0.000
 234  228     -4.628      3.386      0.000
 235  229     -4.621      3.574      0.000
 236   -2     -4.597      2.506      0.000
  -1   -2     -4.582     -0.359      0.000
 238  230     -4.537      2.569      0.000
  -1   -2     -4.524     -3.765      0.000
 239  232     -4.500      0.623      0.000
 240  231     -4.499      2.174      0.000
 241  234     -4.446     -6.076      0.000
 246  233     -4.430     -6.511      0.000
 245  236     -4.419     -6.721      0.000
 247  235     -4.414     -8.236      0.000
 242  237     -4.400     -4.370      0.000
 250  238     -4.362      3.482      0.000
 248  239     -4.357     -4.467      0.000
 251  240     -4.347      1.014      0.000
 249  241     -4.343      0.645      0.000
 252  242     -4.332      7.400      0.000
 254  245     -4.300      1.164      0.000
 256  244     -4.299      2.411      0.000
 255  246     -4.291      0.639      0.000
  -1   -2     -4.287     -7.059      0.000
 257  247     -4.274     -4.505      0.000
 258  249     -4.226     -2.030      0.000
 259  250     -4.183     -1.208      0.000
  -1   -2     -4.174      7.671      0.000
  -1   -2     -4.146     -4.648      0.000
 262  251     -4.138     -2.510      0.000
 244   -2     -4.132     -0.566      0.000
  -1   -2     -4.116     -7.614      0.000
 263  253     -4.111     -0.468      0.000
 264  252     -4.105      3.371      0.000
 265  254     -4.092      5.749      0.000
 267  255     -4.080      2.604      0.000
 266  256     -4.070      2.081      0.000
 269  257     -4.058      1.641      0.000
 268  259     -4.043     -4.765      0.000
 270  258     -4.042      5.646      0.000
 271  260     -4.024     -4.919      0.000
 278  261     -4.007     -6.493      0.000
 273  262     -4.003      3.270      0.000
 272  263     -4.000     -1.458      0.000
 274  264     -3.981      5.354      0.000
 275  265     -3.959     -6.169      0.000
  -1   -2     -3.955      4.262      0.000
 276  267     -3.934     -7.314      0.000
 277  268     -3.868      2.865      0.000
 279  270     -3.797      2.189      0.000
 280  273     -3.785      8.288      0.000
 283  272     -3.767     -7.209      0.000
 284  271     -3.764     -8.128      0.000
 282  274     -3.752     -7.417      0.000
 281  275     -3.749     -0.181      0.000
  -1   -2     -3.728      7.878      0.000
 285  277     -3.714     -1.278      0.000
 286  278     -3.707     -3.668      0.000
  -1  276     -3.704     -2.107      0.000
 288  281     -3.679     -4.608      0.000
 290  280     -3.676     -7.187      0.000
 287   -2     -3.671      7.828      0.000
 289  282     -3.662     -4.363      0.000
 291  283     -3.619      0.852      0.000
 292  284     -3.604      6.070      0.000
  -1   -2     -3.557     -0.946      0.000
 295  287     -3.523      8.209      0.000
 294  288     -3.522      6.378      0.000
 298  289     -3.443      0.105      0.000
 293  291     -3.415      7.883      0.000
 301   -2     -3.414      3.602      0.000
 299  293     -3.407      0.297      0.000
 300  292     -3.401     -2.539      0.000
  -1   -2     -3.386     -8.295      0.000
 302  294     -3.379      0.065      0.000
 303  296     -3.320      5.453      0.000
 304  295     -3.318      3.908      0.000
 306  297     -3.301      0.959      0.000
 305  299     -3.297      2.704      0.000
 308  301     -3.247     -2.725      0.000
 309  300     -3.245      4.687      0.000
 311  303     -3.197      2.617      0.000
 313  302     -3.181     -1.804      0.000
 310  305     -3.177      0.428      0.000
 315  306     -3.139     -5.956      0.000
 317  307     -3.133      3.490      0.000
 314  309     -3.127     -4.529      0.000
 316  308     -3.118      2.571      0.000
 318  310     -3.095      2.989      0.000
 320  311     -3.077      3.903      0.000
 319  314     -3.070     -3.322      0.000
 323  313     -3.061      6.209      0.000
 321  315     -3.058      8.011      0.000
 322  316     -3.048     -0.339      0.000
 324  317     -3.038     -5.832      0.000
  -1   -2     -2.939     -5.666      0.000
  -1  320     -2.938     -2.747      0.000
 325  321     -2.903      4.575      0.000
 326  322     -2.899     -6.299      0.000
 327   -2     -2.880     -8.103      0.000
  -1  323     -2.862     -3.226      0.000
 328  324     -2.845      7.203      0.000
 329  325     -2.836      8.035      0.000
  -1  327     -2.771     -0.457      0.000
 330  328     -2.766     -7.874      0.000
 331  326     -2.761      2.736      0.000
 332  329     -2.717      5.772      0.000
 333  330     -2.696      3.521      0.000
 334  333     -2.684      6.754      0.000
 335  332     -2.676     -6.054      0.000
 338  331     -2.660      6.546      0.000
 337  334     -2.647     -4.744      0.000
 336  335     -2.645     -4.444      0.000
 339  337     -2.612     -2.533      0.000
  -1  338     -2.595      0.268      0.000
 340  339     -2.560      8.273      0.000
 342  340     -2.544     -7.445      0.000
 341   -2     -2.538     -6.307      0.000
  -1  341     -2.482      7.981      0.000
 344   -2     -2.475      8.251      0.000
 343  344     -2.464      0.762      0.000
 345  343     -2.461     -3.623      0.000
 346  345     -2.436     -1.087      0.000
 347  347     -2.405     -6.399      0.000
  -1  346     -2.399     -5.080      0.000
 348   -2     -2.378     -2.677      0.000
 350  348     -2.353     -6.019      0.000
 351  350     -2.285     -7.258      0.000
 353  349     -2.278      1.112      0.000
  -1  351     -2.241     -3.223      0.000
 354  353     -2.232      5.834      0.000
 357  354     -2.198      2.949      0.000
 355  355     -2.196     -4.442      0.000
 356  357     -2.162      5.161      0.000
 358  359     -2.104     -1.864      0.000
 359  362     -2.074     -6.879      0.000
  -1   -2     -2.070     -2.038      0.000
 360  361     -2.066      6.765      0.000
 362  363     -1.980      1.687      0.000
 364  364     -1.959     -4.803      0.000
 363  366     -1.940      0.029      0.000
 365  365     -1.930      1.490      0.000
 368  367     -1.833      3.684      0.000
 370  368     -1.798     -6.449      0.000
 369  369     -1.788      6.546      0.000
 367  371     -1.777      3.441      0.000
 371  370     -1.755     -4.760      0.000
 373  372     -1.722      0.988      0.000
 372   -2     -1.717      4.332      0.000
 374  374     -1.685      2.027      0.000
 377  373     -1.656     -6.233      0.000
 375  375     -1.637     -2.939      0.000
 378  376     -1.612     -5.853      0.000
 376  377     -1.603      3.704      0.000
  -1   -2     -1.572      4.293      0.000
  -1   -2     -1.515      7.029      0.000
  -1   -2     -1.509      3.511      0.000
 381  382     -1.376      2.580      0.000
 380   -2     -1.334      5.140      0.000
 382  381     -1.331      7.081      0.000
 379  383     -1.327     -2.023      0.000
 383  384     -1.298      4.468      0.000
 385  385     -1.238     -7.900      0.000
 387   -2     -1.185      2.940      0.000
 388  386     -1.133      0.463      0.000
  -1  387     -1.082     -4.946      0.000
  -1   -2     -1.067      3.610      0.000
 394  388     -1.045     -4.547      0.000
 395  389     -1.034     -6.478      0.000
 393  391     -1.032     -2.099      0.000
 396  392     -0.980      4.071      0.000
 398   -2     -0.847     -6.994      0.000
 400  393     -0.758     -4.891      0.000
  -1  394     -0.717      7.595      0.000
 401  395     -0.665     -3.842      0.000
 402   -2     -0.630     -2.066      0.000
 405  396     -0.615     -3.370      0.000
 404  397     -0.580     -6.408      0.000
  -1   -2     -0.497     -3.995      0.000
 407  400     -0.454     -5.642      0.000
 406  401     -0.431     -7.341      0.000
 408  402     -0.393     -2.909      0.000
 409  403     -0.305     -2.009      0.000
 410  407     -0.161      4.503      0.000
  -1  406     -0.160     -6.425      0.000
 411  405     -0.149     -6.976      0.000
 413  408     -0.067     -7.434      0.000
 412  409     -0.057      0.085      0.000
  -1   -2      0.187     -7.323      0.000
  -1   -2      0.198     -4.966      0.000
 417  411      0.226      4.923      0.000
 416  413      0.247     -4.692      0.000
 418  412      0.270      2.062      0.000
 419  414      0.300      6.342      0.000
 420  415      0.431     -2.487      0.000
  -1   -2      0.523     -4.541      0.000
 423  417      0.534      2.717      0.000
 422  416      0.539     -4.581      0.000
 424  418      0.579      4.054      0.000
 425  421      0.621      6.349      0.000
  -1  420      0.641     -6.136      0.000
 426  422      0.671     -5.764      0.000
  -1  425      0.691     -2.043      0.000
 427  423      0.703     -0.444      0.000
  -1  424      0.718     -3.860      0.000
 428  426      0.732     -4.547      0.000
  -1   -2      0.815      3.730      0.000
 430  428      0.847     -5.675      0.000
 431   -2      0.859     -1.729      0.000
  -1  429      0.923     -2.400      0.000
 433   -2      1.005     -1.235      0.000
 432  436      1.011     -3.564      0.000
 435  431      1.029      6.380      0.000
 436  432      1.042     -6.831      0.000
 438   -2      1.061      0.036      0.000
 437  433      1.067     -2.326      0.000
 440  440      1.103     -4.348      0.000
 439   -2      1.108     -7.025      0.000
 441  434      1.113      3.131      0.000
 442  435      1.155     -4.956      0.000
 443  439      1.222     -0.221      0.000
 444  438      1.230     -1.664      0.000
 446   -2      1.270     -7.222      0.000
 447  441      1.270     -6.710      0.000
 445  442      1.277     -2.424      0.000
 448  443      1.280     -3.410      0.000
  -1   -2      1.296     -0.032      0.000
 450  444      1.339      0.635      0.000
 451   -2      1.361     -3.985      0.000
  -1  445      1.386      4.056      0.000
 452  446      1.394     -7.847      0.000
 453   -2      1.458      5.114      0.000
  -1  450      1.459     -3.974      0.000
 454  447      1.463      7.477      0.000
 455  449      1.475     -5.739      0.000
 456  451      1.496      3.192      0.000
 458  448      1.503     -8.174      0.000
 457  452      1.527     -2.995      0.000
  -1  453      1.606     -4.680      0.000
 459  456      1.653     -3.405      0.000
 460  457      1.669     -3.821      0.000
 463  455      1.682      0.715      0.000
 461  462      1.683      1.687      0.000
 462  461      1.700      0.111      0.000
 464  458      1.709      2.777      0.000
 465  460      1.720     -6.689      0.000
 466  459      1.729     -4.922      0.000
 469  464      1.780      7.447      0.000
 471  465      1.798     -7.069      0.000
 470  466      1.798      0.470      0.000
 467  469      1.799      0.615      0.000
 468  468      1.801     -4.346      0.000
 472  467      1.802      5.049      0.000
 473  471      1.842     -3.015      0.000
 474  470      1.868      0.823      0.000
  -1   -2      1.871     -8.178      0.000
 475  475      1.910      6.440      0.000
 476  474      1.920      5.759      0.000
  -1   -2      1.925     -4.291      0.000
 482   -2      1.933     -6.870      0.000
  -1  477      1.958      2.972      0.000
 477  478      1.960     -4.310      0.000
 478  480      1.987      4.090      0.000
 480  481      2.060      6.354      0.000
 483  482      2.078      4.459      0.000
 481  483      2.084     -4.937      0.000
 484  486      2.109     -1.321      0.000
 485  484      2.114      1.070      0.000
 486  485      2.117      7.245      0.000
  -1   -2      2.117     -1.719      0.000
 489  487      2.138     -3.945      0.000
 487  490      2.142     -7.785      0.000
 490  488      2.157      6.102      0.000
 493  489      2.168     -0.579      0.000
 491  491      2.173     -0.391      0.000
 488  494      2.177     -1.764      0.000
 494  492      2.216      5.791      0.000
 495  493      2.221     -6.926      0.000
 496  495      2.241      6.426      0.000
 497  496      2.302     -7.712      0.000
 498  497      2.312     -3.197      0.000
 501  498      2.337      5.159      0.000
 499  501      2.340     -3.314      0.000
  -1  499      2.347     -5.328      0.000
 505  500      2.363      5.892      0.000
 500  505      2.363     -1.735      0.000
  -1   -2      2.368      6.039      0.000
 503  502      2.369     -1.180      0.000
 504  506      2.384      4.149      0.000
 506  504      2.387      0.685      0.000
 507  503      2.398     -3.851      0.000
 509  507      2.416      5.654      0.000
 511  509      2.500     -3.262      0.000
  -1  512      2.534      4.147      0.000
 513  511      2.535      3.764      0.000
 514  510      2.544     -3.342      0.000
  -1  514      2.586      6.809      0.000
 515  513      2.589     -5.198      0.000
 516  515      2.636      2.227      0.000
 517  516      2.653      2.804      0.000
 518  517      2.675     -6.726      0.000
 519  518      2.683      7.474      0.000
  -1   -2      2.683      8.088      0.000
 521  519      2.752      5.656      0.000
 520  522      2.760     -1.450      0.000
 522  520      2.768     -6.709      0.000
  -1   -2      2.774     -7.958      0.000
 524  521      2.783     -2.540      0.000
 525  523      2.832     -6.356      0.000
 527  524      2.842     -0.036      0.000
 526  526      2.865      0.048      0.000
 528  525      2.873      6.358      0.000
 529  528      2.901      4.767      0.000
 530  527      2.904     -1.640      0.000
 531  529      2.934      5.078      0.000
 533  530      2.941     -5.215      0.000
 532  532      2.948      7.132      0.000
 534  531      2.948     -6.073      0.000
 536  533      3.026     -2.586      0.000
 535  534      3.036      2.696      0.000
 538  535      3.049      5.570      0.000
  -1   -2      3.076     -3.492      0.000
 541  536      3.097     -7.255      0.000
 543  537      3.109     -1.986      0.000
 540   -2      3.110      0.561      0.000
 542  539      3.114      6.150      0.000
 544  538      3.118      2.845      0.000
 545  540      3.138     -7.096      0.000
 546  542      3.180      6.072      0.000
 547   -2      3.186      5.617      0.000
 549  543      3.211      8.240      0.000
 548  545      3.219     -8.359      0.000
 550  546      3.243     -7.307      0.000
 554   -2      3.332     -5.781      0.000
 555  548      3.355      2.973      0.000
  -1   -2      3.357     -8.415      0.000
 556  549      3.378     -5.463      0.000
 558  550      3.403      2.844      0.000
 557  551      3.405      6.642      0.000
 559  552      3.428     -2.133      0.000
 560   -2      3.461      1.331      0.000
 561  553      3.491      5.864      0.000
 563  554      3.505     -0.913      0.000
 564   -2      3.535     -4.583      0.000
 565  555      3.540     -6.136      0.000
 566  557      3.554     -0.476      0.000
 569  556      3.562     -5.556      0.000
 570  558      3.570      5.298      0.000
 567  559      3.572     -3.453      0.000
 568  560      3.579     -2.984      0.000
  -1  563      3.619      5.004      0.000
 571  562      3.620     -0.048      0.000
 572  564      3.648      5.037      0.000
 573  566      3.660      2.060      0.000
 576  565      3.665     -6.034      0.000
 574   -2      3.668     -6.313      0.000
 575  568      3.676      7.902      0.000
 577  567      3.679      2.589      0.000
 578  571      3.705      4.048      0.000
 579  570      3.709     -5.380      0.000
 581  573      3.734     -2.568      0.000
 582  572      3.739     -2.153      0.000
 583  575      3.764      7.707      0.000
 584  574      3.768     -1.846      0.000
 585  576      3.777     -0.576      0.000
 586  579      3.789     -7.671      0.000
 587  577      3.792     -1.045      0.000
 588  580      3.801     -2.239      0.000
 589  581      3.826     -5.947      0.000
 590  582      3.851      4.931      0.000
 591  583      3.862      5.253      0.000
 592  585      3.872      0.191      0.000
 593  584      3.883     -0.699      0.000
 594  586      3.897     -1.278      0.000
 595  587      3.910     -7.407      0.000
  -1  590      3.944     -7.367      0.000
 596  588      3.954     -2.550      0.000
  -1   -2      3.955      2.398      0.000
 597   -2      3.969     -7.477      0.000
  -1   -2      3.984      4.111      0.000
 599  591      3.989      2.911      0.000
 601  592      3.991     -1.777      0.000
 598  593      3.993     -8.101      0.000
 602  594      4.008     -4.975      0.000
 600  596      4.011     -7.687      0.000
 604  597      4.020      8.103      0.000
 607  595      4.027     -5.527      0.000
 603  601      4.033     -4.189      0.000
 606  598      4.033      3.063      0.000
 605  600      4.036      0.091      0.000
 609  599      4.043      0.683      0.000
 608  603      4.063     -8.051      0.000
 610  602      4.067      4.915      0.000
  -1  604      4.089     -7.006      0.000
 611   -2      4.144     -5.431      0.000
 612  605      4.190     -0.999      0.000
 613  606      4.207     -8.379      0.000
 616  608      4.255      2.232      0.000
 614  607      4.259     -4.374      0.000
 615  609      4.266      4.710      0.000
 619  610      4.321     -5.712      0.000
 617  612      4.321      8.335      0.000
 618  611      4.324     -2.002      0.000
 620  614      4.365      2.174      0.000
 621  613      4.368     -2.137      0.000
 622  615      4.398     -1.725      0.000
 623  616      4.429      7.799      0.000
 624  617      4.443      4.644      0.000
 626  619      4.464      2.985      0.000
 625  618      4.468      0.770      0.000
 627  620      4.483      8.016      0.000
 628  621      4.500     -0.885      0.000
 630  624      4.519      0.051      0.000
 629  623      4.519      6.373      0.000
 631  622      4.521      4.816      0.000
 632  626      4.547     -8.370      0.000
 633  627      4.551     -4.898      0.000
 634  628      4.562      8.007      0.000
 635  630      4.591      6.426      0.000
  -1  631      4.602      2.646      0.000
 638   -2      4.623     -6.426      0.000
 637  634      4.629      3.308      0.000
 639  633      4.630      0.066      0.000
 636  639      4.638     -3.727      0.000
  -1   -2      4.643     -4.333      0.000
 640  638      4.644      1.887      0.000
 641  637      4.648     -1.440      0.000
 643  640      4.663      2.820      0.000
 642  641      4.666      0.591      0.000
 644  642      4.684     -7.076      0.000
 646  643      4.717     -5.169      0.000
 645  644      4.719      0.763      0.000
 647  645      4.769     -7.233      0.000
 648  646      4.779      8.327      0.000
 649  648      4.786      3.031      0.000
 650  649      4.797      1.136      0.000
 651  651      4.830     -3.354      0.000
 653  650      4.866     -2.666      0.000
 652  652      4.877     -8.260      0.000
 654  654      4.932      3.586      0.000
 655  653      4.934      5.107      0.000
 656  655      4.948      5.230      0.000
 657   -2      4.985      0.322      0.000
 658  656      4.991     -4.471      0.000
 659  657      4.998     -5.195      0.000
 660  658      5.001      1.494      0.000
 662  660      5.013     -2.856      0.000
 661  661      5.016     -4.851      0.000
 663  662      5.042     -8.407      0.000
 664  663      5.049      8.113      0.000
 665  664      5.050      8.072      0.000
 667  665      5.079     -5.744      0.000
 668  667      5.096      7.201      0.000
 670  668      5.102      2.001      0.000
 669  669      5.103      6.920      0.000
 671  670      5.114     -2.667      0.000
 673  671      5.154     -6.471      0.000
 672  672      5.157     -5.799      0.000
 675  673      5.215      6.428      0.000
 674  674      5.215      6.838      0.000
 676  675      5.259      1.567      0.000
 677  676      5.294     -3.076      0.000
 678   -2      5.298      7.086      0.000
 679  677      5.312      2.386      0.000
 680  678      5.383      5.813      0.000
 681  679      5.387     -0.123      0.000
 682  680      5.419     -7.847      0.000
 683  681      5.428     -2.925      0.000
 684  682      5.434     -7.603      0.000
  -1   -2      5.446      3.627      0.000
 685  683      5.451      1.987      0.000
 686  685      5.477      1.371      0.000
 687  684      5.477      6.043      0.000
 688  687      5.545      2.041      0.000
 689  688      5.561      4.479      0.000
 690  689      5.576     -5.063      0.000
 691  690      5.595     -8.134      0.000
 693  691      5.634     -6.655      0.000
 692  692      5.633      6.970      0.000
 694  693      5.661      3.924      0.000
 695  694      5.673     -0.644      0.000
 696  695      5.697     -3.181      0.000
 698  696      5.748     -5.460      0.000
 697  698      5.751      4.597      0.000
 699  697      5.751     -5.794      0.000
 700  699      5.791     -8.061      0.000
 701  700      5.809     -2.451      0.000
 702  701      5.824      1.760      0.000
 703  702      5.826     -0.987      0.000
 709  703      5.875     -7.984      0.000
 704  704      5.879     -3.459      0.000
 706  706      5.886     -0.751      0.000
 707  705      5.886     -8.319      0.000
 705  707      5.888      1.977      0.000
 708  708      5.894      5.062      0.000
 710   -2      5.958     -6.368      0.000
 712  710      5.972     -6.470      0.000
 713  711      5.983      2.724      0.000
 714  712      6.012     -5.291      0.000
  -1  713      6.023     -2.137      0.000
 715  714      6.028     -4.332      0.000
 716  716      6.045      4.640      0.000
 717  717      6.047     -0.475      0.000
 718  715      6.048     -1.723      0.000
 719  718      6.053     -3.057      0.000
 720  719      6.064     -6.141      0.000
 721  720      6.147      1.697      0.000
 722  721      6.156      6.541      0.000
 723  722      6.172     -4.337      0.000
 724  723      6.198      3.862      0.000
 725  724      6.199     -4.218      0.000
 727  726      6.209      3.191      0.000
 728  727      6.244     -6.636      0.000
  -1  728      6.272      7.277      0.000
 729  729      6.302     -2.138      0.000
 731  730      6.306     -6.488      0.000
 730  731      6.309     -2.938      0.000
 732  732      6.346      1.955      0.000
 733   -2      6.364     -6.535      0.000
 734  733      6.370      2.364      0.000
 736  735      6.397      7.017      0.000
 735  734      6.398     -4.267      0.000
 737  736      6.468     -1.374      0.000
 738  737      6.472     -4.880      0.000
  -1   -2      6.502      4.108      0.000
  -1  740      6.520      5.504      0.000
 739  739      6.522     -5.957      0.000
 740  741      6.526      6.904      0.000
 741   -2      6.533     -5.315      0.000
 742  742      6.552      4.670      0.000
  -1  743      6.559     -1.312      0.000
 744  744      6.588      2.131      0.000
 743  745      6.590     -1.283      0.000
 745  746      6.615     -0.580      0.000
 747  747      6.619     -6.052      0.000
 746  748      6.624      2.873      0.000
 748  749      6.652     -5.131      0.000
 750  750      6.674     -5.325      0.000
 749  751      6.675      5.644      0.000
 751  752      6.709     -6.216      0.000
 752  754      6.715      6.585      0.000
 753  755      6.717      0.436      0.000
 754  753      6.717     -5.501      0.000
 755  756      6.735      3.186      0.000
 756  757      6.751     -1.883      0.000
 757  758      6.756      3.302      0.000
 758  759      6.760      2.057      0.000
 759  760      6.788     -0.568      0.000
 760  761      6.800     -6.047      0.000
 761  762      6.801     -7.658      0.000
 762  763      6.812     -0.772      0.000
 763  764      6.852      5.224      0.000
 764  765      6.883     -7.993      0.000
 765  766      6.887      3.624      0.000
 766  768      6.915     -0.912      0.000
 767  767      6.915     -4.925      0.000
 768  769      6.920     -2.643      0.000
 769  770      6.933     -0.077      0.000
 770  771      6.933      6.179      0.000
 771  772      6.952     -0.684      0.000
 772  773      6.973      0.437      0.000
  -1  774      6.985      2.091      0.000
 774  778      7.029     -6.598      0.000
 775  779      7.034     -5.787      0.000
 776  780      7.042      2.047      0.000
 777  781      7.065     -4.032      0.000
 778  782      7.080     -5.994      0.000
  -1   -2      7.087     -0.189      0.000
 779  783      7.107     -8.299      0.000
 780  784      7.140      7.545      0.000
  -1   -2      7.167     -3.177      0.000
 781  786      7.169     -6.163      0.000
 782  785      7.176      6.539      0.000
 783  788      7.205      0.199      0.000
 784  789      7.218     -3.970      0.000
 785  790      7.248      4.992      0.000
 786  791      7.261      4.374      0.000
  -1  792      7.267      1.623      0.000
 787  793      7.269     -4.397      0.000
 788  794      7.288      6.747      0.000
 789  795      7.297      4.316      0.000
 790  796      7.310      5.630      0.000
 791  797      7.311     -0.148      0.000
 792  798      7.344      5.546      0.000
 793  799      7.364      3.549      0.000
 795  800      7.387     -8.063      0.000
 794  801      7.389     -0.682      0.000
 796  802      7.392     -6.401      0.000
 797  803      7.415      2.070      0.000
 798  804      7.486      5.270      0.000
 799  805      7.489      4.782      0.000
 800  806      7.498      4.428      0.000
 802  807      7.538     -2.904      0.000
 803  808      7.560     -1.545      0.000
 804   -2      7.574      1.248      0.000
 805  810      7.600      4.757      0.000
 807  811      7.610      1.751      0.000
 806  812      7.611     -8.334      0.000
 808  813      7.634      2.278      0.000
 809  814      7.684      7.732      0.000
 810  815      7.715      7.752      0.000
 811  816      7.732     -7.918      0.000
 813  817      7.759      8.257      0.000
 815  819      7.789      1.630      0.000
 814  818      7.790      0.131      0.000
 816  820      7.822     -7.094      0.000
 817  821      7.832      6.734      0.000
 818  822      7.842     -0.860      0.000
 820  824      7.914     -5.011      0.000
 821  826      7.988      7.155      0.000
  -1  827      7.992     -0.724      0.000
 822  828      8.002     -0.433      0.000
 823  829      8.007     -6.797      0.000
 824  831      8.013     -1.194      0.000
 825  830      8.013     -6.877      0.000
 826  833      8.022      1.023      0.000
 827  832      8.026     -5.641      0.000
 828  834      8.043     -7.617      0.000
 829  836      8.068     -0.629      0.000
 830  835      8.068      4.388      0.000
 831  837      8.088      3.158      0.000
 832   -2      8.128     -4.770      0.000
 833  839      8.149     -4.538      0.000
 834  841      8.172      2.502      0.000
 835  842      8.174      3.235      0.000
 836  843      8.176      4.612      0.000
 837  844      8.208     -7.270      0.000
 838  845      8.214      4.798      0.000
 839  846      8.220     -6.322      0.000
 840  848      8.249      7.262      0.000
 841  849      8.264     -3.403      0.000
 842  850      8.268     -6.042      0.000
 843  851      8.300     -1.896      0.000
 844  852      8.312     -7.362      0.000
 845  853      8.316      5.268      0.000
 846  854      8.334      7.040      0.000
 847  855      8.338     -4.399      0.000
 848  856      8.341      1.339      0.000
 849  857      8.355      8.191      0.000
 850  858      8.361      7.578      0.000
 851  859      8.387     -8.254      0.000
 852  860      8.396      0.670      0.000
 853  861      8.397     -0.162      0.000
