849
  -1    0     -8.398     -0.895      0.000
   0    1     -8.395      7.542      0.000
   1    2     -8.379     -6.881      0.000
   2    3     -8.357     -3.303      0.000
   3    4     -8.352     -8.149      0.000
   4    5     -8.325     -4.624      0.000
   5    6     -8.286      1.212      0.000
   6    7     -8.275      0.547      0.000
  -1    8     -8.270     -1.576      0.000
   7    9     -8.266      6.853      0.000
   8   10     -8.245     -8.249      0.000
   9   11     -8.218      4.236      0.000
  10   12     -8.210     -7.928      0.000
  11   13     -8.184      1.550      0.000
  12   14     -8.164      4.427      0.000
  13   15     -8.159     -3.035      0.000
  14   16     -8.124      6.501      0.000
  15   17     -8.100      2.625      0.000
  16   -2     -8.098     -2.501      0.000
  18   18     -8.061      1.354      0.000
  19   19     -8.037     -7.397      0.000
  20   21     -8.025      2.242      0.000
  21   22     -8.002     -6.246      0.000
  22   23     -7.988      6.574      0.000
  23   24     -7.962     -3.814      0.000
  24   25     -7.928      5.665      0.000
  25   26     -7.900     -0.954      0.000
  26   27     -7.877      0.825      0.000
  27   28     -7.870      2.330      0.000
  28   29     -7.865     -0.174      0.000
  29   30     -7.844      4.093      0.000
  30   31     -7.819      7.184      0.000
  31   32     -7.814      3.874      0.000
  33   34     -7.799     -4.834      0.000
  32   33     -7.798     -6.156      0.000
  34   35     -7.787      4.998      0.000
  35   36     -7.786      2.493      0.000
  36   38     -7.760     -2.747      0.000
  37   37     -7.759     -6.246      0.000
  38   39     -7.753     -5.118      0.000
  39   40     -7.746     -6.722      0.000
  40   41     -7.741      1.981      0.000
  42   42     -7.738      7.147      0.000
  41   44     -7.737     -4.622      0.000
  43   43     -7.737      5.243      0.000
  44   45     -7.699     -0.681      0.000
  -1   46     -7.680      7.124      0.000
  45   47     -7.664      6.654      0.000
  46   49     -7.582     -6.886      0.000
  48   50     -7.531      8.232      0.000
  49   51     -7.524      0.004      0.000
  50   52     -7.515     -0.690      0.000
  51   53     -7.506     -5.428      0.000
  52   54     -7.482     -1.099      0.000
  53   55     -7.469      7.996      0.000
  54   56     -7.467      3.624      0.000
  55   -2     -7.408      3.859      0.000
  56   59     -7.387     -1.431      0.000
  57   57     -7.387      3.685      0.000
  -1   58     -7.383      3.982      0.000
  58   60     -7.362      1.732      0.000
  59   61     -7.354     -6.191      0.000
  60   62     -7.342      2.318      0.000
  61   63     -7.312     -5.078      0.000
  62   64     -7.309     -5.396      0.000
  63   65     -7.301      3.862      0.000
  64   66     -7.295      5.399      0.000
  66   67     -7.263     -8.375      0.000
  65   68     -7.261      0.105      0.000
  67   69     -7.236      3.248      0.000
  68   70     -7.231      6.147      0.000
  70   71     -7.198     -7.531      0.000
  71   72     -7.163      7.652      0.000
  73   73     -7.146     -7.740      0.000
  72   74     -7.146      6.089      0.000
  74   75     -7.141      4.744      0.000
  75   76     -7.139      4.048      0.000
  76   77     -7.122      7.297      0.000
  77   78     -7.114     -2.411      0.000
  78   79     -7.108      7.466      0.000
  79   80     -7.079      4.992      0.000
  80   81     -7.033     -5.415      0.000
  82   82     -6.999      0.025      0.000
  81   84     -6.998      1.964      0.000
  83   83     -6.997     -6.774      0.000
  85   85     -6.986     -6.583      0.000
  -1   87     -6.969     -6.626      0.000
  84   86     -6.968      4.335      0.000
  87   88     -6.959     -2.400      0.000
  88   89     -6.944      5.117      0.000
  89   90     -6.939     -0.387      0.000
  90   91     -6.913     -2.692      0.000
  91   92     -6.906      5.418      0.000
  92   93     -6.881      2.898      0.000
  93   95     -6.878     -0.829      0.000
  95   96     -6.872     -6.458      0.000
  96   97     -6.846     -1.210      0.000
  97   98     -6.832      7.552      0.000
  98   99     -6.824     -7.502      0.000
 100  100     -6.780      1.304      0.000
  99  101     -6.780     -5.434      0.000
 101  102     -6.752      2.417      0.000
 102  103     -6.726      7.620      0.000
 103  104     -6.716      3.569      0.000
  -1  105     -6.702      4.299      0.000
 105  106     -6.667      1.670      0.000
 106  107     -6.666      1.351      0.000
 107  108     -6.626      2.376      0.000
 108  109     -6.624      3.546      0.000
 109  110     -6.589      5.777      0.000
 110  111     -6.574      6.977      0.000
 111  112     -6.563     -4.351      0.000
 112  113     -6.548     -6.354      0.000
 114  114     -6.510     -6.235      0.000
 115  115     -6.500      7.618      0.000
 116  116     -6.496      3.059      0.000
 117  117     -6.467     -4.771      0.000
 119  118     -6.404      0.142      0.000
 120  120     -6.367     -6.614      0.000
 121  119     -6.367     -7.853      0.000
 122  121     -6.362      4.878      0.000
 124  122     -6.322      8.134      0.000
 123  123     -6.318     -0.494      0.000
 125  124     -6.306      6.414      0.000
 126  125     -6.282     -5.830      0.000
 127  126     -6.266      0.098      0.000
 128  127     -6.245      0.328      0.000
 129  128     -6.225     -1.658      0.000
 130  129     -6.215      0.984      0.000
 131  130     -6.195      2.498      0.000
  -1   -2     -6.168     -4.584      0.000
 132  131     -6.161      4.880      0.000
 133  132     -6.155      3.372      0.000
 134  133     -6.150     -5.251      0.000
 135  135     -6.146      2.735      0.000
 136  134     -6.143     -7.634      0.000
 137  137     -6.092      1.237      0.000
 138  138     -6.091      7.353      0.000
 139  139     -6.086     -7.131      0.000
  -1   -2     -6.069     -4.672      0.000
 140  140     -6.061      6.283      0.000
 141  141     -6.050     -1.078      0.000
 142  142     -6.042      3.708      0.000
 143  143     -6.008      7.849      0.000
 144  144     -6.004     -7.698      0.000
  -1   -2     -6.001     -7.321      0.000
 145  145     -5.968      2.484      0.000
 146  147     -5.952      3.083      0.000
 147  148     -5.942      6.811      0.000
 148  149     -5.932     -0.466      0.000
 149  151     -5.903     -7.348      0.000
 150  150     -5.900      4.864      0.000
 151  153     -5.881     -5.870      0.000
 152  154     -5.852     -0.033      0.000
 153  155     -5.822      4.703      0.000
 154  156     -5.811     -1.655      0.000
  -1  157     -5.807      0.608      0.000
 155  158     -5.792     -1.892      0.000
 156  159     -5.761     -5.834      0.000
 157  162     -5.687     -4.130      0.000
 158  161     -5.675      7.410      0.000
 159  163     -5.670      1.909      0.000
 160  164     -5.653      5.750      0.000
 161  165     -5.632      0.738      0.000
 162   -2     -5.629     -3.179      0.000
 163  166     -5.588      7.239      0.000
 164  167     -5.582     -0.890      0.000
 165  168     -5.577     -1.773      0.000
 166  169     -5.560     -2.499      0.000
 167  171     -5.554      6.039      0.000
 168  170     -5.552      0.276      0.000
 169  172     -5.523      2.667      0.000
 170  174     -5.502     -3.113      0.000
 172  173     -5.495     -7.704      0.000
 171  175     -5.494     -4.936      0.000
  -1  176     -5.458      4.802      0.000
 173  177     -5.455     -0.687      0.000
 174  178     -5.436     -6.514      0.000
 177  179     -5.431     -1.321      0.000
 175  180     -5.429      5.232      0.000
 178  181     -5.419     -6.282      0.000
 179  182     -5.399     -8.264      0.000
 183  183     -5.331      3.822      0.000
 182  186     -5.325     -0.610      0.000
 184  185     -5.319     -3.048      0.000
  -1  187     -5.304     -2.430      0.000
 185  188     -5.264      2.064      0.000
 186  189     -5.247     -3.809      0.000
 187   -2     -5.237      0.693      0.000
 188  190     -5.152     -4.682      0.000
 189  192     -5.116     -6.678      0.000
  -1  194     -5.104      0.135      0.000
 190  193     -5.099     -3.900      0.000
 193  195     -5.083     -1.725      0.000
 196  191     -5.074     -8.350      0.000
 191  197     -5.072     -5.107      0.000
 195  196     -5.069     -7.948      0.000
 192  200     -5.067     -4.820      0.000
 194  199     -5.063     -0.091      0.000
  -1   -2     -5.049      7.289      0.000
 197  202     -5.028     -0.021      0.000
 198  203     -5.025      1.560      0.000
 199  204     -5.011      0.526      0.000
 200  206     -4.965      5.120      0.000
 201  205     -4.962      3.942      0.000
 202  208     -4.945     -0.336      0.000
 203  207     -4.943      3.746      0.000
 204  210     -4.928     -3.384      0.000
 205  211     -4.893      8.377      0.000
 206  213     -4.880      8.225      0.000
 208   -2     -4.872     -5.780      0.000
 207  214     -4.872     -1.344      0.000
 209  215     -4.857      0.668      0.000
 211  217     -4.845     -3.253      0.000
 213  216     -4.841      3.841      0.000
 210  218     -4.839     -4.362      0.000
 214  219     -4.795      0.065      0.000
 216  220     -4.768     -3.482      0.000
 215  221     -4.760      0.397      0.000
 217  222     -4.757     -4.322      0.000
 218  223     -4.708      4.530      0.000
  -1  225     -4.697     -4.348      0.000
 219  229     -4.669     -5.099      0.000
 220  226     -4.668      3.570      0.000
 221  227     -4.654      2.647      0.000
 222  231     -4.639      5.787      0.000
 223  232     -4.637      2.176      0.000
 224  233     -4.633      3.400      0.000
 227  228     -4.625     -8.201      0.000
 225  230     -4.622     -6.703      0.000
 226  234     -4.590     -7.006      0.000
 230  235     -4.568      2.521      0.000
 228  237     -4.564     -5.267      0.000
 229  236     -4.564     -4.936      0.000
 232  239     -4.502      2.164      0.000
 234  238     -4.484     -2.983      0.000
 233  240     -4.480      0.605      0.000
 235  241     -4.462     -6.311      0.000
 236  242     -4.450     -6.165      0.000
 238  243     -4.365      3.507      0.000
 242  244     -4.320      1.079      0.000
 241  246     -4.285      1.041      0.000
  -1   -2     -4.263     -4.854      0.000
 244  247     -4.239      0.590      0.000
 245  248     -4.219     -4.518      0.000
 246  250     -4.193     -4.298      0.000
 248  251     -4.138      3.326      0.000
 247  254     -4.129     -4.566      0.000
 249  253     -4.115     -1.364      0.000
 250  252     -4.113     -6.679      0.000
 251  255     -4.098      2.603      0.000
 252  257     -4.049      5.732      0.000
 256  256     -4.042     -6.537      0.000
  -1  259     -4.032      3.238      0.000
 253  258     -4.025      1.587      0.000
 255  260     -4.018      2.061      0.000
 254   -2     -4.018      5.658      0.000
 257  261     -3.996     -1.561      0.000
 259  262     -3.974     -8.241      0.000
  -1  264     -3.972     -4.205      0.000
 258  263     -3.965      4.085      0.000
 263   -2     -3.937     -6.480      0.000
 260  265     -3.936     -7.503      0.000
 261   -2     -3.931      5.209      0.000
 262  266     -3.916      5.334      0.000
 264   -2     -3.857     -8.310      0.000
 266  267     -3.821      2.166      0.000
 267  268     -3.785     -7.741      0.000
 268  269     -3.761      8.275      0.000
 270  271     -3.719     -2.242      0.000
 269  272     -3.709      0.408      0.000
 271  273     -3.665      7.823      0.000
 272  274     -3.644     -1.412      0.000
 274  275     -3.628     -0.223      0.000
 275   -2     -3.627      7.808      0.000
 276  276     -3.615     -3.797      0.000
 278  277     -3.532     -4.696      0.000
 279  280     -3.519     -4.452      0.000
 280  279     -3.515      0.693      0.000
 281  278     -3.512      8.163      0.000
  -1  281     -3.510     -3.211      0.000
 284  282     -3.471      6.378      0.000
 283  283     -3.469     -1.584      0.000
 285  284     -3.447     -7.620      0.000
 287  286     -3.396      7.839      0.000
  -1   -2     -3.383     -8.428      0.000
 289  285     -3.381      0.644      0.000
 288   -2     -3.377     -2.757      0.000
 291  287     -3.373     -6.386      0.000
 290  288     -3.356      0.046      0.000
 293  290     -3.322      5.451      0.000
 292  292     -3.316     -2.180      0.000
 294  289     -3.315      2.504      0.000
 296  291     -3.299      4.408      0.000
 295  293     -3.293     -0.142      0.000
 297  294     -3.276      6.225      0.000
 300  295     -3.224     -8.097      0.000
 299  297     -3.197      2.331      0.000
 301  298     -3.169     -2.893      0.000
 303  299     -3.154     -6.345      0.000
 304  300     -3.139      1.780      0.000
 305  301     -3.105      3.837      0.000
 306  302     -3.073      2.225      0.000
 307  304     -3.064     -5.058      0.000
 309  303     -3.059      7.949      0.000
 308  305     -3.054     -2.828      0.000
 310  306     -3.042      3.057      0.000
 311  307     -3.033     -1.017      0.000
 313  308     -3.018     -0.718      0.000
 312  310     -3.008     -1.122      0.000
 315  309     -2.990     -1.952      0.000
 314  311     -2.973     -4.681      0.000
 316   -2     -2.928      4.449      0.000
 317  312     -2.903     -0.510      0.000
 318  313     -2.887     -6.739      0.000
  -1  314     -2.858     -1.228      0.000
  -1   -2     -2.854     -5.989      0.000
 319  315     -2.837     -0.557      0.000
  -1  316     -2.801     -3.067      0.000
 320  318     -2.796     -2.947      0.000
 322  317     -2.787     -3.419      0.000
 325  319     -2.770     -0.217      0.000
 324  320     -2.765      8.201      0.000
 323  322     -2.757      7.142      0.000
 326  323     -2.721      6.722      0.000
  -1  324     -2.709      5.813      0.000
 328  325     -2.703     -6.576      0.000
 330   -2     -2.681      1.730      0.000
 329  326     -2.675      3.385      0.000
 332  327     -2.652      8.227      0.000
 333  329     -2.618      6.561      0.000
 334  330     -2.612     -5.232      0.000
 335  328     -2.610      7.967      0.000
  -1   -2     -2.580     -6.737      0.000
 336  333     -2.555     -3.097      0.000
 338   -2     -2.553      7.707      0.000
 337  331     -2.546     -1.002      0.000
 339  332     -2.533     -8.034      0.000
 340  334     -2.521      0.078      0.000
 341  335     -2.516     -4.954      0.000
 345  336     -2.477      0.801      0.000
 344  337     -2.469      1.568      0.000
 343  338     -2.462     -3.989      0.000
 346  339     -2.418      2.502      0.000
  -1  340     -2.359     -0.265      0.000
 347  341     -2.320      0.447      0.000
 349  342     -2.281     -2.923      0.000
  -1  343     -2.234     -5.073      0.000
 350  346     -2.234      0.574      0.000
 351  347     -2.223     -3.667      0.000
 353  345     -2.218      5.383      0.000
 355  344     -2.203      6.107      0.000
 354   -2     -2.197     -2.505      0.000
 352  348     -2.194     -5.661      0.000
 356  349     -2.143     -2.722      0.000
 357  351     -2.123      4.594      0.000
  -1   -2     -2.099      0.533      0.000
 358  354     -2.066     -2.770      0.000
 360  353     -2.066      5.841      0.000
  -1  352     -2.066     -5.742      0.000
 359  355     -2.060     -1.583      0.000
 361   -2     -1.999     -7.589      0.000
 363  356     -1.996     -0.030      0.000
 365  358     -1.974     -7.426      0.000
 362  361     -1.960      5.771      0.000
 364  360     -1.951      1.131      0.000
 366  363     -1.869      6.316      0.000
  -1   -2     -1.867     -5.607      0.000
 367  364     -1.814     -0.742      0.000
 368  369     -1.734      6.059      0.000
 369  367     -1.723      2.678      0.000
 371  365     -1.723      5.871      0.000
  -1   -2     -1.718      2.475      0.000
 373  368     -1.690      0.917      0.000
  -1   -2     -1.689      3.418      0.000
 375  371     -1.625      1.523      0.000
 374  373     -1.611     -7.974      0.000
  -1   -2     -1.582      1.142      0.000
  -1  375     -1.571     -0.761      0.000
  -1   -2     -1.565     -4.062      0.000
 380  374     -1.538      2.616      0.000
 377  377     -1.526     -3.415      0.000
 379  376     -1.524     -2.520      0.000
  -1   -2     -1.511      4.204      0.000
 382  378     -1.455      2.163      0.000
 383  379     -1.331     -5.761      0.000
 386  380     -1.321     -6.638      0.000
 387  381     -1.298     -7.500      0.000
  -1   -2     -1.283      1.925      0.000
 384  383     -1.282      2.275      0.000
 388  385     -1.237     -2.432      0.000
 389  386     -1.172     -2.872      0.000
 391  387     -1.042      2.845      0.000
 392  388     -0.892     -1.866      0.000
 393  389     -0.887      5.733      0.000
 396  390     -0.864     -8.349      0.000
 395  392     -0.818      6.838      0.000
 397  391     -0.798     -5.212      0.000
 399  393     -0.739     -7.226      0.000
 403  394     -0.710     -5.277      0.000
 400  397     -0.709     -3.518      0.000
 402  396     -0.698      6.267      0.000
 406  395     -0.676     -6.222      0.000
  -1   -2     -0.650     -2.122      0.000
 404  400     -0.647     -1.213      0.000
  -1  399     -0.644     -5.282      0.000
 409  401     -0.469     -6.997      0.000
 407  403     -0.463     -4.230      0.000
  -1  404     -0.439     -2.154      0.000
 410  402     -0.428     -7.970      0.000
 411  408     -0.234     -8.413      0.000
 412  405     -0.234      1.588      0.000
 413  406     -0.194     -3.351      0.000
  -1   -2     -0.183      2.667      0.000
  -1   -2     -0.132     -6.039      0.000
  -1   -2     -0.125     -8.274      0.000
  -1   -2     -0.110      7.815      0.000
 417  410     -0.076      3.193      0.000
 419  411     -0.040     -5.883      0.000
 420  413     -0.030     -1.253      0.000
 422  414      0.289     -5.367      0.000
 423  415      0.498     -6.756      0.000
 424  416      0.535     -6.234      0.000
  -1  420      0.613     -4.935      0.000
  -1  419      0.617      8.283      0.000
 425  417      0.620      4.972      0.000
 426  421      0.665     -6.258      0.000
 429  423      0.731     -1.484      0.000
  -1   -2      0.753     -7.182      0.000
 430  424      0.777      2.770      0.000
 431  425      0.892      1.821      0.000
 432  427      0.960      7.325      0.000
 433  426      0.968     -6.808      0.000
 435  428      1.031      5.290      0.000
 437  429      1.035     -5.053      0.000
 440  431      1.129      5.241      0.000
 439  432      1.152     -7.373      0.000
  -1   -2      1.214      1.463      0.000
 442  438      1.230     -2.357      0.000
 443  436      1.234     -3.410      0.000
 445  434      1.236     -7.118      0.000
 446  435      1.239      5.989      0.000
 451  433      1.259     -6.132      0.000
 448  439      1.266     -4.418      0.000
 449   -2      1.282     -8.407      0.000
 453  437      1.287      7.091      0.000
 450  440      1.288     -0.012      0.000
  -1   -2      1.338     -5.576      0.000
 454   -2      1.359     -2.966      0.000
 455  443      1.366     -4.095      0.000
  -1  442      1.386      4.147      0.000
 456   -2      1.419     -4.848      0.000
 457  445      1.424     -0.979      0.000
 459  444      1.441      3.595      0.000
 458  446      1.452      2.668      0.000
 461  447      1.480      6.091      0.000
 462  448      1.493      7.512      0.000
 460  450      1.495      1.529      0.000
 464  449      1.516      2.074      0.000
 466  451      1.546     -5.362      0.000
 463  453      1.553      3.803      0.000
  -1   -2      1.558     -5.328      0.000
 465  452      1.562     -3.578      0.000
 468  454      1.603     -6.380      0.000
 467  456      1.607     -0.621      0.000
 469  457      1.699     -7.471      0.000
  -1  460      1.714     -2.887      0.000
 470  459      1.715     -0.328      0.000
 471  458      1.727      4.886      0.000
 472   -2      1.737      8.278      0.000
 473  461      1.759      0.339      0.000
 475  462      1.794     -4.864      0.000
 474  466      1.824     -0.391      0.000
 477  463      1.826     -5.405      0.000
 476  464      1.826      2.879      0.000
 478  465      1.833      5.595      0.000
 479  468      1.914     -3.539      0.000
 482  467      1.935     -7.045      0.000
 480  469      1.935     -0.236      0.000
 483  470      1.940     -5.024      0.000
 484  472      1.976      3.435      0.000
 486  474      2.000      2.011      0.000
 489  473      2.005     -5.534      0.000
 491  475      2.018     -7.893      0.000
 490  476      2.023      3.809      0.000
 488  477      2.024      0.171      0.000
 492  481      2.059     -1.602      0.000
 493  478      2.063      6.019      0.000
 495  479      2.071     -1.984      0.000
 494  486      2.097      3.860      0.000
 497  483      2.100     -0.972      0.000
 496  484      2.100      7.271      0.000
 499  482      2.104     -7.308      0.000
 498  487      2.119      0.551      0.000
 501  485      2.128      5.703      0.000
 502   -2      2.154     -0.738      0.000
 503  488      2.240     -4.805      0.000
 504  489      2.247      4.161      0.000
  -1   -2      2.268     -8.283      0.000
 505  494      2.276     -8.170      0.000
 507  492      2.284      5.036      0.000
 508  493      2.296      5.782      0.000
 509  496      2.309     -5.714      0.000
 510  497      2.322     -3.702      0.000
 511   -2      2.331     -1.145      0.000
 512  499      2.366     -2.242      0.000
 513  498      2.370      5.510      0.000
 514  501      2.407      5.517      0.000
  -1   -2      2.414      7.656      0.000
 516  502      2.454      0.484      0.000
  -1  503      2.486     -4.082      0.000
 518  505      2.507     -3.630      0.000
 520  500      2.534     -5.438      0.000
 519  506      2.535      3.804      0.000
 522  504      2.537      2.789      0.000
 521  509      2.561     -2.217      0.000
 523  510      2.568     -3.527      0.000
 524  508      2.571      3.716      0.000
 525  507      2.580      6.754      0.000
  -1   -2      2.598      4.686      0.000
 526   -2      2.648     -7.277      0.000
 527  514      2.696      7.372      0.000
  -1   -2      2.734     -8.420      0.000
 529  516      2.778     -5.797      0.000
 533  518      2.807     -0.097      0.000
 532  517      2.817     -6.315      0.000
 531  519      2.819      2.095      0.000
 534  520      2.848      4.950      0.000
 535  521      2.871     -6.919      0.000
 536  522      2.880     -1.743      0.000
 537  523      2.893      4.381      0.000
 538  531      2.918     -2.755      0.000
  -1  525      2.946     -1.221      0.000
 541  526      2.981      2.047      0.000
 542  527      3.000      5.547      0.000
 544  528      3.051      2.868      0.000
 545  530      3.107      6.114      0.000
 546  532      3.136     -7.510      0.000
 548  533      3.152     -7.608      0.000
 547  535      3.155      6.037      0.000
 552  537      3.196     -0.742      0.000
 551  538      3.199      8.254      0.000
 554  540      3.252     -5.628      0.000
 557  541      3.267      2.995      0.000
 556  529      3.275     -5.011      0.000
 555  543      3.292     -3.992      0.000
 559  542      3.322      2.877      0.000
 558  545      3.333     -4.181      0.000
 560  544      3.348     -2.267      0.000
 561  546      3.364     -0.959      0.000
 562  547      3.388      6.645      0.000
 563  548      3.418     -6.376      0.000
 564  549      3.426     -5.738      0.000
 565  552      3.456      5.843      0.000
 566  553      3.490      5.277      0.000
  -1  555      3.493     -3.325      0.000
 567  554      3.507     -0.500      0.000
 569  557      3.569     -6.260      0.000
 570  558      3.573      2.590      0.000
 571  560      3.586     -0.050      0.000
 574  559      3.593     -5.559      0.000
 572  561      3.594      5.029      0.000
 575   -2      3.601     -2.252      0.000
 573  562      3.608     -3.277      0.000
  -1  563      3.630      0.181      0.000
 576  564      3.642     -2.571      0.000
 578  565      3.657      4.053      0.000
 577   -2      3.659      1.901      0.000
 580  566      3.661     -1.918      0.000
 579  567      3.664      7.904      0.000
 581  568      3.674     -2.790      0.000
 583  570      3.733     -0.593      0.000
 587  571      3.750     -0.747      0.000
 586  572      3.751      7.705      0.000
 588  573      3.788     -7.628      0.000
 589   -2      3.796     -6.326      0.000
 590  575      3.810      4.935      0.000
 591  576      3.820     -1.328      0.000
 593  574      3.820     -2.689      0.000
 592  577      3.823      5.251      0.000
 594  578      3.851     -7.511      0.000
 595  579      3.878     -5.637      0.000
 596  580      3.911     -1.841      0.000
 597  581      3.937      2.970      0.000
  -1  582      3.941      4.125      0.000
 598  583      3.977      3.103      0.000
 599  584      3.985      0.630      0.000
 600  586      4.003      8.104      0.000
 601  585      4.008     -7.751      0.000
 603  587      4.010     -0.349      0.000
 602  590      4.017     -7.323      0.000
 604  588      4.029      4.918      0.000
  -1   -2      4.050     -5.834      0.000
 605  591      4.062     -8.278      0.000
 609  592      4.131     -1.059      0.000
 607  594      4.138     -4.284      0.000
 608  595      4.146     -7.997      0.000
 611   -2      4.197     -4.448      0.000
 612  598      4.219     -7.829      0.000
 613  597      4.222      2.210      0.000
 614  599      4.236      4.726      0.000
 615  600      4.247     -5.948      0.000
 616  603      4.267     -2.010      0.000
 618  602      4.267     -2.198      0.000
 617  604      4.277     -4.054      0.000
 619  605      4.307      8.340      0.000
 620  606      4.327     -1.764      0.000
 621  608      4.357      2.186      0.000
 624  609      4.390     -1.564      0.000
 626  610      4.414      4.647      0.000
 625  611      4.415      7.805      0.000
 628  612      4.452      3.006      0.000
 627  614      4.454     -6.982      0.000
 629  613      4.460     -0.937      0.000
 630  615      4.467      8.021      0.000
 631  617      4.484      0.726      0.000
 632  616      4.483      4.818      0.000
 633  619      4.496      6.371      0.000
 634  620      4.504     -4.502      0.000
 635  621      4.519     -4.965      0.000
 637   -2      4.549      0.550      0.000
 638  623      4.572      6.426      0.000
 639  624      4.601      1.888      0.000
 640   -2      4.605      3.329      0.000
  -1   -2      4.605      0.073      0.000
 641  625      4.606     -1.447      0.000
 642  626      4.616     -7.251      0.000
 643  627      4.636      2.601      0.000
 645  628      4.644      2.836      0.000
 644  629      4.656     -3.122      0.000
 646  631      4.685      0.552      0.000
 647  630      4.687     -5.181      0.000
 651  632      4.725     -2.646      0.000
 650  633      4.742     -3.697      0.000
 653  634      4.758      3.051      0.000
 654  635      4.763      8.330      0.000
 656  637      4.803     -7.418      0.000
 657  639      4.888      1.099      0.000
 658  640      4.915      5.114      0.000
 659  641      4.917      3.601      0.000
 660  642      4.923      5.237      0.000
 661   -2      4.944     -5.208      0.000
 663  644      4.963      1.521      0.000
 662  645      4.966     -3.437      0.000
 664  648      4.980     -8.251      0.000
 665  646      4.981     -4.504      0.000
 668  649      5.036      8.074      0.000
 669  650      5.039      8.115      0.000
 671  651      5.051     -6.500      0.000
 670  652      5.055     -5.747      0.000
 672  654      5.065     -3.973      0.000
  -1  653      5.070     -5.902      0.000
 673  655      5.079      2.013      0.000
 675  656      5.080      7.204      0.000
 674   -2      5.081     -2.641      0.000
 676  657      5.089      6.927      0.000
 677  658      5.156     -5.790      0.000
 678  659      5.195      6.433      0.000
 679  660      5.198      6.841      0.000
 680  661      5.241      1.582      0.000
 681  662      5.261     -3.044      0.000
 682   -2      5.280      7.088      0.000
 683  663      5.296      2.402      0.000
 686   -2      5.312      2.582      0.000
 684  664      5.364      5.820      0.000
 685  665      5.396     -2.897      0.000
 687  666      5.404     -7.624      0.000
 688  667      5.417     -7.812      0.000
 689  668      5.439      1.997      0.000
 691  669      5.460      1.386      0.000
 690  670      5.460      6.052      0.000
 692  671      5.489     -7.913      0.000
  -1  672      5.506      1.376      0.000
 693  673      5.525     -5.092      0.000
 694  674      5.529      2.054      0.000
 695  676      5.543      4.488      0.000
 696  675      5.549     -6.632      0.000
 697  677      5.586     -8.180      0.000
 698  678      5.618      6.976      0.000
 699  679      5.641      3.936      0.000
 700  680      5.653     -0.639      0.000
 701  681      5.678     -3.165      0.000
 702  682      5.698     -5.799      0.000
 703  683      5.709     -5.458      0.000
 704  684      5.735      4.607      0.000
  -1  702      5.777      0.250      0.000
 705  685      5.784     -2.441      0.000
 706  686      5.809      1.771      0.000
 707   -2      5.809     -0.983      0.000
 708  687      5.822     -8.034      0.000
 710  688      5.868     -3.444      0.000
 709  689      5.872      1.989      0.000
 712  690      5.876      5.068      0.000
 711  692      5.876     -8.356      0.000
 713  693      5.878     -0.747      0.000
  -1   -2      5.877     -7.973      0.000
 714  691      5.879     -8.008      0.000
 715  695      5.907     -6.353      0.000
 716   -2      5.907     -7.346      0.000
 717  696      5.920     -6.458      0.000
 718  697      5.956     -4.138      0.000
 719  698      5.968      2.737      0.000
 720  699      5.980     -5.285      0.000
 721   -2      6.007      0.226      0.000
 722  701      6.007     -4.326      0.000
 723  703      6.016     -6.134      0.000
 724   -2      6.024     -1.713      0.000
 725  704      6.030      4.647      0.000
 726  705      6.034     -3.043      0.000
 727  706      6.037     -0.467      0.000
 728  708      6.134      1.709      0.000
 729  709      6.150     -4.328      0.000
  -1   -2      6.158      6.556      0.000
 730  710      6.178      3.867      0.000
 731  711      6.185     -4.212      0.000
 734   -2      6.190     -6.611      0.000
 732  712      6.193      0.297      0.000
 733  713      6.195      3.201      0.000
 736  715      6.261      7.278      0.000
 737  716      6.279     -2.122      0.000
 739  714      6.285     -6.494      0.000
 738  717      6.289     -2.925      0.000
  -1  719      6.337      1.969      0.000
 740  720      6.358      2.375      0.000
 741  721      6.380     -4.260      0.000
 742  722      6.386     -2.914      0.000
 743  723      6.389      7.020      0.000
 744  725      6.449     -4.872      0.000
 745  726      6.489     -5.943      0.000
 746  727      6.497      5.505      0.000
 747  728      6.502     -5.311      0.000
 749  729      6.517      6.911      0.000
 750  730      6.538      4.677      0.000
 751  731      6.554     -1.293      0.000
  -1  732      6.571      0.209      0.000
 752  733      6.574      2.139      0.000
 753  735      6.581     -6.039      0.000
 754  736      6.610      2.883      0.000
 755  737      6.628     -5.124      0.000
 756  738      6.646     -5.313      0.000
 757  739      6.660      5.651      0.000
 758  740      6.672     -6.201      0.000
 759  741      6.683     -5.491      0.000
 760  742      6.705      6.593      0.000
 761  743      6.706      0.445      0.000
  -1   -2      6.719      2.072      0.000
 762  744      6.721      3.196      0.000
 763  745      6.732     -1.875      0.000
 764  746      6.746      3.312      0.000
 765  747      6.753      2.066      0.000
 767  748      6.767     -6.036      0.000
 766  749      6.770     -7.650      0.000
 768  751      6.779     -0.559      0.000
 769  752      6.796     -0.763      0.000
 770  753      6.841      5.235      0.000
  -1   -2      6.854      1.858      0.000
 771  754      6.860     -7.967      0.000
 772  755      6.878      3.632      0.000
 773  756      6.892     -4.915      0.000
 774  757      6.901     -0.902      0.000
 775  758      6.903     -2.635      0.000
 776  760      6.917     -0.069      0.000
 777  761      6.929      6.189      0.000
 778  762      6.940     -0.677      0.000
 779  763      6.961      0.445      0.000
 780  766      7.002      3.428      0.000
 781  765      7.002     -6.581      0.000
 782  767      7.009     -5.775      0.000
  -1  768      7.010      6.635      0.000
 783  769      7.013     -8.426      0.000
 784  770      7.030      2.057      0.000
 786  771      7.047     -4.022      0.000
 787  772      7.056     -5.981      0.000
 788  774      7.075     -8.304      0.000
 789  773      7.076     -0.182      0.000
  -1   -2      7.096      5.997      0.000
 791  775      7.132      7.552      0.000
 792  776      7.142     -6.149      0.000
 793  777      7.150      6.531      0.000
 794  778      7.192      0.208      0.000
 795  779      7.199     -3.960      0.000
 796  780      7.246      4.998      0.000
 798  781      7.248      4.380      0.000
 799  782      7.250     -4.386      0.000
 800  783      7.270      6.752      0.000
 801  787      7.280     -0.136      0.000
 803  784      7.283     -7.200      0.000
 804  785      7.290      4.321      0.000
 802  786      7.298      5.636      0.000
 806   -2      7.313     -0.143      0.000
 807  788      7.352      3.556      0.000
 809  790      7.370      1.422      0.000
 811  789      7.370     -6.384      0.000
 810  791      7.372     -0.673      0.000
 812  792      7.408      2.076      0.000
 813  793      7.444     -5.733      0.000
 814  794      7.476      5.275      0.000
 815  795      7.479      4.791      0.000
 816  797      7.493      4.438      0.000
 817  798      7.521     -2.892      0.000
 818  799      7.543     -1.535      0.000
 819  800      7.558      1.263      0.000
 820  801      7.590      4.764      0.000
 821  802      7.602      1.759      0.000
 822  803      7.623      2.286      0.000
  -1   -2      7.660     -8.227      0.000
 824  804      7.690      7.747      0.000
 825  805      7.711     -7.885      0.000
 826  806      7.744     -2.978      0.000
 827  807      7.753      8.263      0.000
 828  808      7.788      1.637      0.000
 830  809      7.821     -0.846      0.000
 831  810      7.823      6.738      0.000
 833  811      7.895     -4.997      0.000
 835   -2      7.977      7.162      0.000
 836  813      7.988     -0.427      0.000
 837   -2      7.989     -6.778      0.000
 838  814      7.992     -6.858      0.000
 839  815      8.001     -1.185      0.000
 840  816      8.004     -5.625      0.000
 841  817      8.012      1.033      0.000
 842   -2      8.029     -7.595      0.000
 843  818      8.074      4.404      0.000
 844  819      8.081      3.168      0.000
 845  820      8.115     -4.759      0.000
 846  821      8.131     -4.525      0.000
 847  825      8.161      2.512      0.000
 848  823      8.170      4.621      0.000
 851  824      8.172      3.243      0.000
 852  826      8.194     -7.249      0.000
 853  827      8.196      6.213      0.000
 854  828      8.201     -6.304      0.000
 855  829      8.205      4.803      0.000
  -1   -2      8.229     -6.502      0.000
 857  830      8.244      7.269      0.000
 858  832      8.250     -3.391      0.000
 859  831      8.251     -6.026      0.000
 860  833      8.284     -1.886      0.000
 861  834      8.294     -7.335      0.000
 862  835      8.308      5.276      0.000
 863  836      8.322     -4.386      0.000
 864  837      8.329      7.046      0.000
 865  838      8.332      1.348      0.000
 866  839      8.350      8.196      0.000
 867  840      8.357      7.589      0.000
 868  841      8.383     -8.225      0.000
 870  842      8.387      0.679      0.000
 871  844      8.418      1.104      0.000
 872  845      8.427     -2.471      0.000
