832
   0    0     -8.407      7.535      0.000
   1    2     -8.382     -3.329      0.000
   2    1     -8.381     -6.916      0.000
   3    4     -8.354     -4.655      0.000
   4    3     -8.354     -8.178      0.000
   5    5     -8.314      1.200      0.000
   6    6     -8.306      0.532      0.000
  -1    7     -8.304     -1.592      0.000
   7    8     -8.281      6.847      0.000
   8    9     -8.241     -8.271      0.000
   9   10     -8.231      4.224      0.000
  10   11     -8.219      1.561      0.000
  11   12     -8.208     -7.954      0.000
  12   13     -8.195      1.512      0.000
  13   14     -8.190     -3.061      0.000
  14   15     -8.180      4.414      0.000
  15   -2     -8.128     -2.526      0.000
  16   17     -8.119      2.614      0.000
  17   18     -8.083      1.344      0.000
  18   19     -8.047      2.233      0.000
  19   20     -8.037     -7.430      0.000
  20   21     -8.014     -6.283      0.000
  21   22     -8.004      6.564      0.000
  22   23     -7.991     -3.846      0.000
  23   24     -7.943      5.652      0.000
  24   25     -7.932     -0.973      0.000
  25   26     -7.914     -7.000      0.000
  26   27     -7.907      0.813      0.000
  27   28     -7.899     -0.188      0.000
  30   29     -7.861      4.080      0.000
  31   30     -7.854     -6.139      0.000
  32   32     -7.832      7.173      0.000
  33   31     -7.831      3.859      0.000
  34   33     -7.818     -4.873      0.000
  35   34     -7.809     -6.196      0.000
  36   35     -7.805      2.484      0.000
  37   36     -7.802      4.985      0.000
  38   37     -7.793     -2.773      0.000
  39   38     -7.774     -5.134      0.000
  40   39     -7.767     -6.284      0.000
  41   40     -7.764      1.968      0.000
  42   41     -7.761     -4.658      0.000
  43   42     -7.754      5.233      0.000
  44   43     -7.751     -6.760      0.000
  45   44     -7.737     -0.698      0.000
  -1   45     -7.696      7.110      0.000
  46   46     -7.689      6.642      0.000
  48   47     -7.589      0.413      0.000
  49   48     -7.585     -6.928      0.000
  50   49     -7.565     -0.011      0.000
  51   50     -7.551     -0.705      0.000
  52   51     -7.545      8.225      0.000
  54   52     -7.521     -1.118      0.000
  55   53     -7.485      7.990      0.000
  56   54     -7.483      3.613      0.000
  57   55     -7.426     -1.452      0.000
  58   56     -7.405      3.671      0.000
  59   -2     -7.394      1.724      0.000
  60   57     -7.364     -6.234      0.000
  61   58     -7.360      2.308      0.000
  62   59     -7.333     -5.126      0.000
  53   -2     -7.331     -5.437      0.000
  64   61     -7.317      3.847      0.000
  65   62     -7.312      5.388      0.000
  66   63     -7.302      0.089      0.000
  67   65     -7.255      6.133      0.000
  68   64     -7.254      3.234      0.000
  69   66     -7.241     -8.406      0.000
  70   67     -7.201     -7.995      0.000
  -1   -2     -7.199     -6.141      0.000
  71   68     -7.182      7.644      0.000
  72   69     -7.180     -7.576      0.000
  73   70     -7.167      6.080      0.000
  74   71     -7.160      4.729      0.000
  75   73     -7.157     -2.437      0.000
  76   72     -7.155      4.035      0.000
  77   74     -7.142      7.287      0.000
  78   75     -7.128     -7.780      0.000
  79   76     -7.120      7.450      0.000
  80   77     -7.099      4.979      0.000
  81   78     -7.053     -5.466      0.000
  82   79     -7.041      0.018      0.000
  83   80     -7.030      1.956      0.000
  85   82     -6.999     -2.430      0.000
  86   81     -6.997     -6.823      0.000
  88   83     -6.988      4.324      0.000
  87   84     -6.985     -0.401      0.000
  89   85     -6.979     -6.654      0.000
  90   86     -6.964      5.105      0.000
  91   87     -6.948     -2.724      0.000
  93   88     -6.928      5.404      0.000
  92   89     -6.928     -0.846      0.000
  95   91     -6.903      2.892      0.000
  96   92     -6.891     -1.233      0.000
  97   93     -6.871     -6.510      0.000
  98   94     -6.853      7.542      0.000
  99   95     -6.813      1.299      0.000
 100   96     -6.803     -7.546      0.000
 101   97     -6.795     -5.488      0.000
 102   98     -6.772      2.402      0.000
 103   99     -6.754     -0.899      0.000
  -1  100     -6.749     -0.250      0.000
 104  101     -6.733      3.556      0.000
  -1  102     -6.718      4.283      0.000
 106  104     -6.700      1.346      0.000
 107  103     -6.699      1.663      0.000
 108  105     -6.642      2.365      0.000
 109  106     -6.642      3.530      0.000
 110  107     -6.616      5.762      0.000
 111  108     -6.606     -4.393      0.000
 112  109     -6.598      6.967      0.000
  -1   -2     -6.566     -1.425      0.000
 113  111     -6.550     -6.408      0.000
 114  112     -6.519      7.603      0.000
 115  113     -6.513      3.047      0.000
 116  114     -6.504     -6.292      0.000
 117  115     -6.501     -4.817      0.000
 118  116     -6.460      0.129      0.000
 120  117     -6.376      4.859      0.000
 121  118     -6.376     -0.508      0.000
 122  119     -6.318      0.091      0.000
 123  120     -6.301     -7.941      0.000
 124  121     -6.285     -1.692      0.000
 125  122     -6.281     -5.898      0.000
 126  123     -6.213      2.490      0.000
 127  124     -6.186      4.864      0.000
 128  125     -6.182     -5.316      0.000
 130  126     -6.166      3.357      0.000
 129  127     -6.166      2.726      0.000
 131  129     -6.125      1.234      0.000
 134  128     -6.121     -7.716      0.000
 132  130     -6.121      7.342      0.000
 133  131     -6.119     -4.731      0.000
  -1  132     -6.107     -1.102      0.000
 135  133     -6.100     -6.703      0.000
 136  134     -6.094      6.267      0.000
 137  135     -6.052      3.691      0.000
 138  136     -6.037      7.837      0.000
 139  137     -6.015     -6.496      0.000
 140  138     -5.997     -0.473      0.000
 142  140     -5.974     -7.869      0.000
 141  141     -5.969      6.797      0.000
 143  142     -5.964      3.069      0.000
 145  145     -5.925      4.839      0.000
 146  144     -5.921     -6.396      0.000
 147  146     -5.907     -0.033      0.000
 148  148     -5.895     -1.694      0.000
 149  147     -5.894     -5.960      0.000
 150  149     -5.863     -1.960      0.000
  -1  150     -5.857      0.611      0.000
 151  151     -5.847     -7.408      0.000
 152  152     -5.845      4.683      0.000
  -1   -2     -5.822     -4.618      0.000
 153  154     -5.767     -4.146      0.000
 154  155     -5.748     -5.933      0.000
 155  156     -5.710      7.403      0.000
 156  157     -5.698      1.908      0.000
 157  158     -5.688      5.734      0.000
 159  159     -5.668      0.738      0.000
 158  160     -5.667     -0.897      0.000
 160  161     -5.662     -1.806      0.000
 161  162     -5.620      7.224      0.000
 162  164     -5.600      0.290      0.000
 163  165     -5.582      6.021      0.000
 164  166     -5.563     -5.032      0.000
 167  167     -5.546     -2.852      0.000
 165  169     -5.541     -0.688      0.000
 166  168     -5.539      2.664      0.000
 168  170     -5.490     -7.466      0.000
 169  171     -5.484      4.783      0.000
 170  172     -5.464      5.209      0.000
 171  173     -5.386     -8.100      0.000
 172  175     -5.322      2.040      0.000
 173  174     -5.321      3.800      0.000
  -1  176     -5.296      0.711      0.000
  -1  177     -5.293      2.065      0.000
 176  179     -5.283     -3.106      0.000
 175  180     -5.273     -4.712      0.000
 177  178     -5.272     -1.426      0.000
 174  181     -5.258      2.099      0.000
 178  182     -5.242     -3.741      0.000
 179  183     -5.227     -4.903      0.000
  -1  184     -5.209     -6.665      0.000
 180  185     -5.179     -1.493      0.000
 182  186     -5.144     -0.068      0.000
 183  187     -5.123     -3.887      0.000
 184  192     -5.073     -3.475      0.000
 185  190     -5.073     -0.006      0.000
 186  191     -5.073      1.563      0.000
 189  188     -5.067     -5.955      0.000
 187  194     -5.050      0.535      0.000
 190  193     -5.041     -5.316      0.000
 188  195     -5.037     -4.321      0.000
 191  196     -5.019      5.087      0.000
 192  197     -5.002     -0.308      0.000
 194  198     -4.994     -1.330      0.000
 196  203     -4.947      3.718      0.000
  -1  206     -4.946     -4.104      0.000
 198  205     -4.944      8.386      0.000
 199  204     -4.941      3.907      0.000
 197  207     -4.940      0.853      0.000
 195  211     -4.939     -4.279      0.000
 204  202     -4.932     -7.631      0.000
 200  208     -4.929     -1.414      0.000
 201  209     -4.923      8.218      0.000
 202  210     -4.919      0.694      0.000
 208  212     -4.849     -5.668      0.000
 206  214     -4.838      0.084      0.000
 207  215     -4.838      0.426      0.000
 209  218     -4.818     -5.008      0.000
 210  216     -4.810     -5.879      0.000
 211  219     -4.785      3.795      0.000
 212  217     -4.775     -7.466      0.000
 213  220     -4.730     -6.712      0.000
 214  221     -4.721     -4.666      0.000
 216  224     -4.699      5.789      0.000
 217  223     -4.694      4.431      0.000
 215  226     -4.688     -2.134      0.000
 221  222     -4.667     -7.871      0.000
 218  227     -4.666      2.668      0.000
  -1  228     -4.640     -0.341      0.000
  -1  229     -4.624      3.380      0.000
 222   -2     -4.614     -3.732      0.000
 224  231     -4.610      2.521      0.000
 225  232     -4.573      3.592      0.000
 227  233     -4.543      2.590      0.000
 226  234     -4.536     -4.132      0.000
 228  235     -4.525      0.630      0.000
 229  237     -4.512     -4.343      0.000
 230  236     -4.501      2.189      0.000
 231  239     -4.462     -4.438      0.000
 232  238     -4.452     -0.331      0.000
  -1   -2     -4.442      0.881      0.000
 233  241     -4.424     -5.872      0.000
 235  240     -4.422     -6.023      0.000
 234  242     -4.407      1.011      0.000
 236  243     -4.386     -4.458      0.000
  -1  247     -4.386      0.691      0.000
 237  244     -4.354      3.474      0.000
  -1  245     -4.352      4.786      0.000
 238  246     -4.350      7.384      0.000
 239   -2     -4.335      0.669      0.000
 240  248     -4.329      1.192      0.000
 242  249     -4.295      2.420      0.000
 245  250     -4.274     -8.234      0.000
 243  253     -4.274     -1.082      0.000
 244  252     -4.274     -1.891      0.000
 247  251     -4.254     -6.329      0.000
 248  256     -4.182     -0.424      0.000
 250  255     -4.173      7.669      0.000
 249  257     -4.166     -4.747      0.000
 251  258     -4.135      5.755      0.000
 252  259     -4.127      2.102      0.000
 253  260     -4.094      1.700      0.000
 254  261     -4.076      3.421      0.000
 256  262     -4.071      2.622      0.000
 257  263     -4.054     -7.356      0.000
 258  264     -4.032      5.387      0.000
 259  266     -3.989     -1.960      0.000
 260  267     -3.986      3.319      0.000
 261  269     -3.971     -7.118      0.000
 262  268     -3.968     -1.309      0.000
 265  265     -3.963     -8.088      0.000
 263  270     -3.935     -2.721      0.000
 264  271     -3.923     -6.039      0.000
 266   -2     -3.854      2.867      0.000
 267  272     -3.831     -0.160      0.000
 269  273     -3.814      8.309      0.000
 270  276     -3.794     -4.546      0.000
 271  275     -3.786      2.220      0.000
 274  277     -3.775      7.900      0.000
 275  281     -3.717     -6.923      0.000
  -1  282     -3.708      7.849      0.000
 278  283     -3.673     -6.016      0.000
 276  284     -3.673     -1.393      0.000
 277  285     -3.663      0.985      0.000
 279  286     -3.635      6.059      0.000
  -1  289     -3.596      0.494      0.000
 281  288     -3.587      7.955      0.000
 282  291     -3.555      6.379      0.000
 284  293     -3.526      1.281      0.000
 285  292     -3.524      8.243      0.000
 286  290     -3.517     -7.787      0.000
 287  294     -3.450      2.964      0.000
 288  295     -3.423      0.197      0.000
 290  298     -3.342      0.697      0.000
 291  297     -3.324      5.461      0.000
 292  296     -3.317      3.758      0.000
  -1   -2     -3.309      3.852      0.000
 295  300     -3.231     -6.777      0.000
 297   -2     -3.230      2.900      0.000
 296  302     -3.210     -4.355      0.000
 298  301     -3.209      4.896      0.000
  -1  304     -3.150     -3.158      0.000
 300  306     -3.121     -0.015      0.000
 302  303     -3.113      2.905      0.000
 303  307     -3.086     -1.950      0.000
 304  308     -3.077     -5.812      0.000
 305  309     -3.059      8.043      0.000
 306  310     -3.024     -5.619      0.000
 307  311     -2.991      3.708      0.000
 308  312     -2.979     -5.396      0.000
 309  315     -2.936     -5.940      0.000
 312  313     -2.897     -8.054      0.000
 310  317     -2.893      8.212      0.000
 311  318     -2.878     -7.732      0.000
 313  319     -2.867      7.271      0.000
 315  320     -2.782     -7.410      0.000
 316  321     -2.727     -4.045      0.000
 317  322     -2.696      5.965      0.000
 318  323     -2.676      6.853      0.000
 319  324     -2.654     -5.690      0.000
 322  325     -2.632      3.629      0.000
 321  327     -2.588     -2.200      0.000
 320  330     -2.581     -3.292      0.000
 323  329     -2.578      1.099      0.000
 325  326     -2.571      3.069      0.000
 324   -2     -2.557     -5.925      0.000
 326  328     -2.556     -1.013      0.000
  -1  331     -2.504     -6.873      0.000
  -1   -2     -2.476     -0.892      0.000
 330  332     -2.448      7.051      0.000
 328   -2     -2.441     -0.027      0.000
 329  333     -2.420     -0.336      0.000
  -1  334     -2.412     -5.642      0.000
 333  336     -2.405     -2.434      0.000
 334  335     -2.402     -6.003      0.000
 332  338     -2.394     -6.755      0.000
 331  339     -2.394     -0.566      0.000
 337  337     -2.354      0.685      0.000
 335  340     -2.337      4.946      0.000
 336  342     -2.319     -2.018      0.000
 338  343     -2.290     -6.359      0.000
 339  341     -2.287     -5.438      0.000
  -1  344     -2.252      0.702      0.000
 340  347     -2.221     -3.365      0.000
 341  345     -2.211      5.664      0.000
 342   -2     -2.161     -6.326      0.000
 344  348     -2.122     -3.626      0.000
 343  350     -2.116      2.082      0.000
  -1   -2     -2.057     -8.434      0.000
 346  351     -2.013      0.184      0.000
 347  352     -1.999     -3.046      0.000
 348  353     -1.998      7.328      0.000
 350  355     -1.936     -4.175      0.000
 349  356     -1.922      3.975      0.000
  -1   -2     -1.846     -4.351      0.000
 352  357     -1.803      4.007      0.000
 353  359     -1.766      2.314      0.000
 354  364     -1.687      8.118      0.000
 356  362     -1.683      7.531      0.000
 357  361     -1.671     -3.964      0.000
  -1  363     -1.671      4.334      0.000
  -1  365     -1.651     -2.034      0.000
  -1   -2     -1.637      4.908      0.000
  -1   -2     -1.600     -5.375      0.000
 359  367     -1.580      6.067      0.000
  -1  366     -1.566     -5.510      0.000
  -1  369     -1.528      4.478      0.000
 361  370     -1.519     -4.911      0.000
 364  371     -1.486      1.833      0.000
 362  372     -1.476      5.159      0.000
  -1   -2     -1.476     -0.400      0.000
 365  373     -1.423      3.508      0.000
 369  374     -1.378     -5.299      0.000
 366  375     -1.373     -7.900      0.000
 367  376     -1.353     -1.725      0.000
 368  377     -1.342      4.826      0.000
 370  379     -1.309      5.425      0.000
 371  378     -1.292      4.182      0.000
  -1   -2     -1.174      3.594      0.000
 373  381     -1.133     -2.002      0.000
 374  384     -1.111     -7.841      0.000
 376  385     -1.101     -1.253      0.000
  -1   -2     -1.099      3.867      0.000
  -1   -2     -1.010      4.635      0.000
 379  387     -0.927      5.162      0.000
  -1   -2     -0.871     -1.521      0.000
 381   -2     -0.827     -0.967      0.000
  -1   -2     -0.822     -3.470      0.000
 382  389     -0.794     -5.669      0.000
 386  390     -0.703     -3.330      0.000
 385  391     -0.700     -0.852      0.000
 389  393     -0.650     -4.022      0.000
  -1  392     -0.644     -6.331      0.000
 387  394     -0.637      4.427      0.000
 390  396     -0.571     -6.415      0.000
 392  395     -0.550     -2.569      0.000
 394  398     -0.442     -5.093      0.000
  -1  397     -0.419     -2.699      0.000
  -1   -2     -0.412     -5.353      0.000
 397  403     -0.400     -0.347      0.000
 398  401     -0.395     -5.623      0.000
 399  405     -0.344     -1.849      0.000
  -1   -2     -0.343     -0.847      0.000
 401  406      0.022      1.257      0.000
 402  410      0.175      6.027      0.000
 404  408      0.188     -6.946      0.000
 403  409      0.198     -4.132      0.000
 407  407      0.203     -6.626      0.000
  -1   -2      0.205     -0.227      0.000
 406  412      0.260      0.398      0.000
 408  411      0.273     -1.300      0.000
  -1  413      0.479     -4.099      0.000
 410  416      0.491      0.692      0.000
  -1   -2      0.516      2.701      0.000
  -1   -2      0.584      0.474      0.000
 413  418      0.590      2.835      0.000
 416  421      0.748     -5.359      0.000
  -1  423      0.785      0.205      0.000
 415  424      0.786     -0.453      0.000
  -1   -2      0.824     -8.367      0.000
 420   -2      0.877      3.955      0.000
 421  425      0.890     -3.147      0.000
 425  426      0.941      7.433      0.000
 424  427      0.945     -6.352      0.000
  -1  429      0.980     -0.990      0.000
  -1  428      0.983      4.533      0.000
  -1  431      1.028     -6.607      0.000
  -1   -2      1.031     -1.736      0.000
 428  430      1.035      0.879      0.000
 429  432      1.078     -5.622      0.000
  -1   -2      1.105      0.651      0.000
  -1  433      1.124      6.266      0.000
 431   -2      1.138      4.955      0.000
 432  435      1.146     -3.735      0.000
 434  437      1.234     -3.758      0.000
 433  438      1.245     -2.859      0.000
 436  439      1.277     -6.768      0.000
 439   -2      1.302      2.495      0.000
  -1   -2      1.307      7.248      0.000
 437  442      1.325      4.755      0.000
 440  441      1.329      2.169      0.000
 438  443      1.340      1.084      0.000
  -1  445      1.383     -2.364      0.000
 442  444      1.405     -4.673      0.000
 441  447      1.426      1.122      0.000
 443  446      1.427     -3.452      0.000
 444  448      1.461     -7.389      0.000
  -1   -2      1.495     -5.173      0.000
  -1   -2      1.510      8.382      0.000
 446  449      1.516      4.890      0.000
 445  451      1.528     -2.842      0.000
 447  450      1.550      3.630      0.000
 449  453      1.584      5.329      0.000
 452  452      1.594     -7.647      0.000
 448  455      1.595     -3.419      0.000
 450  454      1.597     -6.419      0.000
 451  456      1.625      6.523      0.000
 454  457      1.672      0.528      0.000
 453  458      1.715     -2.556      0.000
  -1   -2      1.732     -1.617      0.000
  -1  459      1.755     -3.882      0.000
 457  460      1.813     -6.387      0.000
 456   -2      1.816     -3.457      0.000
 460  461      1.828      1.155      0.000
 461  462      1.845      7.639      0.000
 463  463      1.855      5.213      0.000
 459  467      1.855     -0.638      0.000
 462  470      1.879     -2.015      0.000
 467  468      1.893     -6.736      0.000
  -1   -2      1.904     -6.936      0.000
 469  469      1.924     -4.591      0.000
  -1   -2      1.930     -0.424      0.000
 468  465      1.931     -3.682      0.000
 470  472      1.946      0.180      0.000
 472  474      2.011      5.871      0.000
 471  475      2.017      1.226      0.000
 473  478      2.093     -1.270      0.000
 476  476      2.117      4.208      0.000
 475  477      2.123     -7.871      0.000
  -1   -2      2.136     -1.759      0.000
 477  479      2.138     -3.576      0.000
 478  480      2.138     -4.432      0.000
 479  481      2.142      1.409      0.000
 480  482      2.146      7.247      0.000
 481  485      2.171      0.531      0.000
 482  484      2.180     -0.050      0.000
 483  488      2.224     -2.980      0.000
  -1  486      2.229      4.487      0.000
 484  490      2.259      4.415      0.000
  -1  487      2.264     -6.417      0.000
 486  489      2.273      5.851      0.000
 485  491      2.278     -0.812      0.000
  -1   -2      2.306     -7.431      0.000
 489  493      2.311     -7.077      0.000
 491  492      2.315     -6.619      0.000
 487  496      2.324      0.754      0.000
 490  494      2.326      6.556      0.000
 488  500      2.339     -5.651      0.000
  -1  499      2.349      8.385      0.000
 492  498      2.351      5.318      0.000
  -1  495      2.355     -7.265      0.000
 494  502      2.385     -3.440      0.000
 497  501      2.397      5.160      0.000
 498  503      2.411      5.963      0.000
 495   -2      2.414     -0.327      0.000
 500  504      2.426     -3.517      0.000
 499  506      2.459      0.877      0.000
 501  505      2.471     -3.083      0.000
 502   -2      2.487      4.523      0.000
 505  507      2.563      4.096      0.000
  -1  508      2.608     -3.085      0.000
 506  509      2.634      2.465      0.000
  -1  511      2.642      7.629      0.000
 507  510      2.651     -5.032      0.000
 509  513      2.684     -6.255      0.000
 510  514      2.706      5.730      0.000
 512  515      2.759      2.549      0.000
 511  516      2.766     -5.883      0.000
  -1   -2      2.791      5.711      0.000
 513  520      2.820      0.771      0.000
 515  518      2.826      7.959      0.000
 516  519      2.843     -6.524      0.000
 517  521      2.877      6.384      0.000
 518  522      2.897      0.069      0.000
 520  523      2.941      5.075      0.000
 519  524      2.942     -1.560      0.000
 521  525      2.968      7.147      0.000
 522  526      3.026      0.668      0.000
 524   -2      3.030      5.231      0.000
 525  527      3.045      2.720      0.000
 526  529      3.068     -5.873      0.000
 527  528      3.086     -5.114      0.000
 528   -2      3.107      5.587      0.000
 529  531      3.118     -1.149      0.000
 530  533      3.131      6.180      0.000
 531  532      3.134     -2.454      0.000
 532  535      3.151     -6.767      0.000
 533  534      3.157      2.648      0.000
 534  536      3.179      2.821      0.000
 536  537      3.200     -1.860      0.000
 535  540      3.211      8.233      0.000
 538  539      3.215     -7.051      0.000
 539  541      3.269     -8.013      0.000
 540  542      3.317     -1.298      0.000
 542  544      3.345     -7.101      0.000
 543  545      3.416      6.652      0.000
 544  546      3.425      2.957      0.000
 546  547      3.484      2.819      0.000
 545  551      3.487     -4.450      0.000
 547  548      3.493     -5.318      0.000
 548  549      3.500      1.336      0.000
 549  550      3.507     -2.021      0.000
  -1   -2      3.512     -7.445      0.000
 550  552      3.524      5.891      0.000
 551  553      3.563     -3.149      0.000
 552  554      3.580     -2.722      0.000
 553  555      3.598     -0.457      0.000
 554   -2      3.609      3.047      0.000
 556  556      3.612     -0.876      0.000
 558  558      3.639      5.304      0.000
 557  562      3.643     -6.914      0.000
 560  559      3.648     -5.948      0.000
 559  561      3.651     -0.040      0.000
 561  565      3.675      2.192      0.000
 565  563      3.681     -5.407      0.000
 563  564      3.681      5.035      0.000
 564  566      3.687      7.901      0.000
 566  567      3.753      4.043      0.000
  -1   -2      3.757     -6.667      0.000
 567  568      3.758     -5.848      0.000
 568  569      3.763      2.607      0.000
 569   -2      3.776      0.147      0.000
 570   -2      3.782     -2.567      0.000
 571  588      3.801     -5.227      0.000
 572  570      3.818     -0.560      0.000
 573  571      3.824      0.842      0.000
 577  572      3.844     -6.973      0.000
 574  577      3.849     -5.942      0.000
 578  573      3.855     -2.079      0.000
 579  575      3.860     -0.997      0.000
 582  574      3.863     -1.787      0.000
 581  576      3.867     -2.219      0.000
 576  578      3.868     -7.130      0.000
  -1   -2      3.874     -5.640      0.000
 580  581      3.878     -7.432      0.000
  -1  579      3.888      0.528      0.000
 583  580      3.889      4.924      0.000
 585  582      3.896      5.254      0.000
 584  583      3.914     -7.675      0.000
 586  584      3.922     -4.096      0.000
 587  585      3.955     -1.236      0.000
 589  587      3.986      2.455      0.000
 588  589      4.000     -8.040      0.000
 590  591      4.014     -7.788      0.000
 591   -2      4.027      4.109      0.000
 593  590      4.032      2.881      0.000
 592  592      4.035      8.101      0.000
 594  595      4.078      3.040      0.000
 595  596      4.101      4.911      0.000
 596  597      4.121     -5.419      0.000
 597  599      4.150      0.725      0.000
 599  600      4.245     -6.781      0.000
 600  602      4.279     -8.306      0.000
 601  603      4.295      4.705      0.000
 602  604      4.307      2.245      0.000
 603  605      4.313     -4.315      0.000
 604  606      4.334      8.332      0.000
 605  607      4.375     -1.998      0.000
 606  609      4.382      2.169      0.000
 608  611      4.441      7.795      0.000
 609  610      4.447     -2.088      0.000
 610  613      4.463     -1.694      0.000
 613  612      4.465     -5.707      0.000
 612  614      4.469      4.633      0.000
 611  615      4.471      2.975      0.000
 614  616      4.487      0.791      0.000
 615  617      4.497      8.013      0.000
 616  618      4.520     -0.837      0.000
  -1   -2      4.521     -7.749      0.000
 618  619      4.536      4.803      0.000
 619  620      4.536      6.367      0.000
 620  623      4.582     -8.264      0.000
 621  624      4.587     -4.843      0.000
 622  625      4.611      6.429      0.000
 623  629      4.650     -3.255      0.000
 624  621      4.652      0.059      0.000
 625  627      4.652      3.293      0.000
 628  628      4.682      1.881      0.000
  -1   -2      4.683     -1.432      0.000
 627  630      4.685      2.796      0.000
 629  631      4.688      0.615      0.000
 626  633      4.702      1.157      0.000
 631  632      4.702     -6.432      0.000
 630  636      4.742     -8.205      0.000
 632  634      4.749     -5.160      0.000
  -1  635      4.756     -7.061      0.000
 633  637      4.792      8.324      0.000
 634  638      4.799      3.010      0.000
 635  639      4.842     -4.079      0.000
 641  640      4.929      0.329      0.000
  -1  641      4.935     -2.750      0.000
 637  642      4.948      3.572      0.000
 638  643      4.955      5.101      0.000
 639  644      4.966      5.220      0.000
 640  646      5.005     -7.232      0.000
 642  645      5.021      1.467      0.000
 643  648      5.046     -2.882      0.000
 644  647      5.046     -5.189      0.000
 645  650      5.057     -4.259      0.000
 646  649      5.057      8.108      0.000
 647  651      5.063      8.069      0.000
  -1  652      5.077     -8.310      0.000
  -1   -2      5.096     -8.227      0.000
 649  653      5.100     -3.951      0.000
 650  654      5.107     -5.744      0.000
 651  655      5.109      7.198      0.000
 652  656      5.116      6.916      0.000
 653  657      5.125      1.991      0.000
 655  658      5.170     -5.817      0.000
 656  659      5.195     -7.595      0.000
 660  662      5.229      6.424      0.000
 659  661      5.229      6.837      0.000
 661  663      5.278      1.550      0.000
 662  664      5.311     -3.107      0.000
 663  665      5.326      2.374      0.000
 666   -2      5.334      2.558      0.000
 664  666      5.400      5.807      0.000
 665  667      5.412     -7.846      0.000
 667  669      5.445     -2.947      0.000
  -1  670      5.452     -7.594      0.000
 668  671      5.464      1.976      0.000
 669  674      5.490      1.360      0.000
 670  675      5.493      6.039      0.000
 671  676      5.560      2.033      0.000
 672  677      5.576      4.468      0.000
 673  678      5.611     -8.093      0.000
 675  680      5.643      6.966      0.000
 676  681      5.677      3.915      0.000
 677  683      5.690     -0.647      0.000
 678  682      5.692     -6.698      0.000
 679  684      5.715     -3.195      0.000
 681  685      5.767      4.591      0.000
 680  686      5.767     -8.073      0.000
 682  687      5.778     -5.466      0.000
 683  688      5.796     -5.794      0.000
  -1   -2      5.827     -6.432      0.000
 684  690      5.834      1.750      0.000
 685  689      5.834     -2.464      0.000
 687  691      5.843     -0.993      0.000
 686   -2      5.844     -5.152      0.000
  -1  692      5.892     -3.472      0.000
 688  693      5.901      1.966      0.000
 689  694      5.904     -0.756      0.000
 690  695      5.908      5.053      0.000
 691  696      5.926     -7.966      0.000
 692  697      5.973     -7.370      0.000
 693  699      5.996      2.714      0.000
  -1  698      5.999     -6.390      0.000
 694  700      6.016     -6.490      0.000
 695  702      6.032      0.215      0.000
 696  703      6.041     -5.297      0.000
 697  704      6.048     -4.336      0.000
 698  705      6.058     -0.483      0.000
 699  706      6.060      4.631      0.000
 700  708      6.070     -3.070      0.000
 703  710      6.100     -6.149      0.000
 702  709      6.102     -5.436      0.000
 704  711      6.161      1.689      0.000
 705  712      6.170      6.538      0.000
 706   -2      6.189     -4.342      0.000
 707  713      6.207      3.851      0.000
 709  714      6.217      0.277      0.000
 708  715      6.217     -4.225      0.000
 710  716      6.221      3.182      0.000
 711  717      6.225     -1.566      0.000
 712  719      6.284      7.264      0.000
  -1  720      6.319     -2.138      0.000
 713  721      6.323     -2.951      0.000
 714   -2      6.335     -6.502      0.000
 715  723      6.352      1.948      0.000
 716  724      6.383      2.352      0.000
 717  722      6.396     -6.552      0.000
 718  725      6.412      7.016      0.000
 719  726      6.417     -4.273      0.000
 720  727      6.422     -2.933      0.000
 721   -2      6.465     -3.854      0.000
 722  728      6.493     -4.885      0.000
  -1   -2      6.540     -2.065      0.000
 724  729      6.546      6.904      0.000
 726  730      6.552     -5.965      0.000
 727  731      6.564      4.662      0.000
 728  732      6.574     -1.315      0.000
 729  733      6.596      2.121      0.000
 730  735      6.626     -0.585      0.000
 731  736      6.635      2.866      0.000
 732  737      6.646     -6.062      0.000
 733  738      6.675     -5.142      0.000
 734  739      6.684      5.637      0.000
 735  740      6.696     -5.334      0.000
 736  741      6.724      6.580      0.000
 737  742      6.728      0.425      0.000
 738  743      6.731     -6.228      0.000
 739  744      6.740     -5.510      0.000
 740  745      6.747      3.177      0.000
 741  747      6.765      3.294      0.000
 742  746      6.766     -1.891      0.000
 743  748      6.771      2.048      0.000
 744  749      6.799     -0.576      0.000
 745  750      6.801      0.683      0.000
 747  751      6.826     -6.063      0.000
 746  752      6.826     -0.778      0.000
 749  755      6.865      5.217      0.000
 750   -2      6.884     -4.775      0.000
 751  756      6.898      3.617      0.000
 752  757      6.903     -8.015      0.000
 753  759      6.928     -0.919      0.000
 754  760      6.933     -4.935      0.000
 756  763      6.939     -0.090      0.000
 757  761      6.939     -2.652      0.000
 755  762      6.939      6.171      0.000
 758  764      6.971     -0.691      0.000
 759  766      6.983      0.431      0.000
 760  765      6.985      2.080      0.000
 762  768      7.027      6.627      0.000
 763  770      7.051      2.039      0.000
 764  771      7.054     -6.616      0.000
 765  772      7.062     -5.804      0.000
 766  773      7.082     -4.042      0.000
 767   -2      7.100     -0.197      0.000
 768  774      7.106     -6.006      0.000
 770  775      7.139     -8.303      0.000
 771  776      7.145      7.539      0.000
 772  777      7.172      6.522      0.000
 773  779      7.190     -6.178      0.000
 774  780      7.214      0.190      0.000
 775  781      7.233     -3.980      0.000
  -1   -2      7.266      1.792      0.000
 777  783      7.271      4.366      0.000
 778   -2      7.281     -6.762      0.000
 779  784      7.286     -4.408      0.000
 780  785      7.291      6.738      0.000
 781  786      7.309      4.307      0.000
 782  787      7.316      5.623      0.000
 784  788      7.330     -0.157      0.000
 785  789      7.371      3.542      0.000
 787  790      7.410     -6.417      0.000
 788  791      7.426      2.062      0.000
 789   -2      7.487     -5.759      0.000
 790  792      7.493      5.264      0.000
 791  793      7.498      4.776      0.000
 792  794      7.507      4.421      0.000
 793  795      7.550     -2.912      0.000
  -1  796      7.554     -8.435      0.000
 794  797      7.574     -1.551      0.000
 795  798      7.582      1.254      0.000
 796  799      7.605      4.753      0.000
  -1  800      7.623      1.742      0.000
 797  801      7.643      2.271      0.000
  -1   -2      7.677      4.087      0.000
 798  802      7.712      7.739      0.000
 799  803      7.745     -7.941      0.000
 800  804      7.765      8.248      0.000
  -1  805      7.775     -2.999      0.000
 801  806      7.779      1.621      0.000
 802  807      7.840      6.729      0.000
 803  808      7.845     -0.865      0.000
 804  809      7.895     -5.157      0.000
 806  810      7.928     -5.021      0.000
 808  811      7.991      7.149      0.000
 809  812      8.010     -0.441      0.000
 810  813      8.023     -6.815      0.000
 811  814      8.025     -1.203      0.000
 812  815      8.029     -6.894      0.000
 813  816      8.035      1.018      0.000
 814  817      8.040     -5.655      0.000
 816  818      8.069      4.377      0.000
 817  819      8.098      3.152      0.000
 818  820      8.105     -1.125      0.000
 819  821      8.137     -4.783      0.000
 820  822      8.162     -4.548      0.000
 821  823      8.178      2.495      0.000
 823  824      8.184      3.230      0.000
 822  825      8.186      4.606      0.000
 824   -2      8.191      1.710      0.000
 826  826      8.234     -6.338      0.000
 827  828      8.255      7.256      0.000
  -1   -2      8.261     -6.534      0.000
 828  829      8.274     -3.412      0.000
 829  830      8.283     -6.057      0.000
 830  831      8.311     -1.905      0.000
  -1  833      8.323      5.263      0.000
 831  832      8.323     -7.381      0.000
 832  834      8.336      7.032      0.000
 833  835      8.350      1.333      0.000
 834  836      8.350     -4.411      0.000
 835  837      8.360      8.188      0.000
 836  838      8.370      7.573      0.000
 837  839      8.391     -8.283      0.000
 838  840      8.404     -0.170      0.000
 839  841      8.407      0.664      0.000
