840
   1    0     -8.409      7.533      0.000
   2    1     -8.386     -3.331      0.000
   3    2     -8.382     -6.917      0.000
   4    3     -8.356     -4.657      0.000
   5    4     -8.353     -8.180      0.000
   6    5     -8.316      1.200      0.000
   7    6     -8.309      0.531      0.000
   9    8     -8.282      6.846      0.000
  10    9     -8.241     -8.272      0.000
  11   10     -8.233      4.223      0.000
  12   11     -8.221      1.560      0.000
  13   12     -8.208     -7.955      0.000
  14   13     -8.197      1.512      0.000
  15   14     -8.190     -3.062      0.000
  16   15     -8.180      4.413      0.000
  18   16     -8.132     -2.531      0.000
  19   17     -8.120      2.614      0.000
  20   18     -8.085      1.344      0.000
  21   19     -8.049      2.233      0.000
  22   20     -8.037     -7.435      0.000
  23   21     -8.015     -6.285      0.000
  24   22     -8.004      6.563      0.000
  25   23     -7.993     -3.849      0.000
  26   24     -7.944      5.653      0.000
  27   25     -7.936     -0.974      0.000
  28   26     -7.914     -7.003      0.000
  30   27     -7.910      0.812      0.000
  29   28     -7.906     -0.193      0.000
  -1   -2     -7.898      2.317      0.000
  31   -2     -7.867     -5.360      0.000
  32   29     -7.860      4.081      0.000
  33   30     -7.857     -6.143      0.000
  34   31     -7.833      7.174      0.000
  35   32     -7.832      3.859      0.000
  36   33     -7.821     -4.876      0.000
  37   34     -7.810     -6.198      0.000
  38   35     -7.806      2.483      0.000
  39   36     -7.803      4.984      0.000
  40   37     -7.795     -2.775      0.000
  41   38     -7.775     -5.133      0.000
  42   39     -7.767     -6.287      0.000
  44   40     -7.766      1.967      0.000
  43   41     -7.765     -4.660      0.000
  45   42     -7.755      5.232      0.000
  46   43     -7.751     -6.762      0.000
  47   44     -7.740     -0.699      0.000
  49   46     -7.692      6.639      0.000
  50   -2     -7.621      4.940      0.000
  51   47     -7.590      0.411      0.000
  52   48     -7.586     -6.930      0.000
  53   49     -7.568     -0.011      0.000
  54   50     -7.553     -0.706      0.000
  55   51     -7.545      8.226      0.000
  56   61     -7.528     -5.474      0.000
  57   52     -7.525     -1.120      0.000
  58   53     -7.487      7.989      0.000
  59   54     -7.484      3.612      0.000
  60   55     -7.428     -1.454      0.000
  61   56     -7.404      3.670      0.000
  62   57     -7.394      1.723      0.000
  64   58     -7.364     -6.237      0.000
  63   59     -7.362      2.308      0.000
  65   60     -7.335     -5.126      0.000
  66   -2     -7.332     -5.440      0.000
  67   62     -7.318      3.847      0.000
  68   63     -7.313      5.388      0.000
  69   64     -7.306      0.088      0.000
  70   65     -7.257      6.133      0.000
  71   66     -7.255      3.233      0.000
  72   67     -7.238     -8.407      0.000
  73   68     -7.200     -8.001      0.000
  74   70     -7.185      7.642      0.000
  75   71     -7.180     -7.578      0.000
  76   72     -7.168      6.079      0.000
  77   73     -7.161      4.729      0.000
  78   74     -7.157     -2.442      0.000
  79   75     -7.154      4.034      0.000
  80   76     -7.144      7.286      0.000
  81   77     -7.127     -7.781      0.000
  82   78     -7.122      7.449      0.000
  83   79     -7.101      4.978      0.000
  84   80     -7.054     -5.468      0.000
  85   81     -7.048      0.015      0.000
  86   82     -7.029      1.955      0.000
  88   -2     -7.005      4.429      0.000
  87   83     -7.001     -2.431      0.000
  89   84     -6.997     -6.826      0.000
  90   86     -6.988     -0.402      0.000
  91   85     -6.985      4.323      0.000
  92   87     -6.978     -6.658      0.000
  93   88     -6.965      5.104      0.000
  94   89     -6.949     -2.727      0.000
  95   91     -6.930     -0.848      0.000
  96   90     -6.929      5.403      0.000
  97   -2     -6.917      3.362      0.000
  98   92     -6.906      2.890      0.000
  99   93     -6.893     -1.234      0.000
 100   94     -6.871     -6.507      0.000
 101   95     -6.855      7.542      0.000
 102   96     -6.815      1.299      0.000
 103   97     -6.801     -7.549      0.000
 104   98     -6.797     -5.490      0.000
 105   99     -6.774      2.402      0.000
 106  100     -6.757     -0.901      0.000
 107  102     -6.733      3.555      0.000
  -1   -2     -6.721     -3.071      0.000
 108  104     -6.703      1.346      0.000
 109  105     -6.700      1.662      0.000
 110  106     -6.644      2.364      0.000
 111  107     -6.643      3.529      0.000
 112  108     -6.618      5.760      0.000
 113  109     -6.608     -4.395      0.000
 114  110     -6.599      6.966      0.000
 115  112     -6.549     -6.412      0.000
 116  113     -6.521      7.602      0.000
 117  114     -6.514      3.048      0.000
 119  115     -6.504     -6.297      0.000
 118  116     -6.502     -4.821      0.000
 120  117     -6.463      0.128      0.000
  -1   -2     -6.414     -3.591      0.000
 121  118     -6.376      4.858      0.000
 122  119     -6.375     -0.508      0.000
 123  120     -6.321      0.090      0.000
 125  121     -6.293     -7.948      0.000
 124  122     -6.287     -1.695      0.000
 127  123     -6.280     -5.903      0.000
 128  124     -6.213      2.490      0.000
 129  125     -6.187      4.863      0.000
 130  126     -6.184     -5.321      0.000
 132  128     -6.167      2.725      0.000
 131  127     -6.167      3.356      0.000
 134  129     -6.127      1.233      0.000
 135  131     -6.123      7.341      0.000
 143  132     -6.121     -4.734      0.000
 136  130     -6.118     -7.723      0.000
 138  134     -6.099     -6.705      0.000
 137  135     -6.095      6.266      0.000
 139  136     -6.053      3.691      0.000
 140  137     -6.037      7.834      0.000
 141  138     -6.012     -6.496      0.000
 142  139     -6.002     -0.474      0.000
 144  141     -5.971      6.796      0.000
 146  140     -5.968     -7.878      0.000
 145  142     -5.965      3.069      0.000
 147   -2     -5.944     -7.433      0.000
 148  143     -5.926      4.836      0.000
 149  144     -5.920     -6.398      0.000
 150  145     -5.911     -0.033      0.000
 151  146     -5.903     -1.693      0.000
 152  147     -5.893     -5.961      0.000
 153  148     -5.868     -1.964      0.000
 155  150     -5.849     -7.412      0.000
 156  151     -5.847      4.683      0.000
 158  153     -5.771     -4.148      0.000
 160  154     -5.747     -5.939      0.000
 161  155     -5.706      7.403      0.000
 162  156     -5.700      1.908      0.000
 163  157     -5.690      5.733      0.000
 164  159     -5.673     -0.898      0.000
 165  158     -5.669      0.738      0.000
 166  160     -5.664     -1.811      0.000
 167  161     -5.623      7.224      0.000
 168  162     -5.604      0.290      0.000
 169  163     -5.587      6.020      0.000
 170  164     -5.566     -5.040      0.000
 171  166     -5.549     -0.688      0.000
 172  167     -5.540      2.664      0.000
 173  165     -5.537     -2.850      0.000
 174  168     -5.497     -7.463      0.000
 175  169     -5.485      4.781      0.000
 176  170     -5.466      5.207      0.000
 177  171     -5.382     -8.103      0.000
  -1  172     -5.321      2.039      0.000
 178  173     -5.320      3.800      0.000
 180  179     -5.284      2.075      0.000
 181  177     -5.281     -4.716      0.000
 182  176     -5.278     -3.110      0.000
  -1  178     -5.255     -1.431      0.000
 184  180     -5.241     -3.737      0.000
 183  181     -5.235     -4.923      0.000
 185  183     -5.186     -1.486      0.000
  -1   -2     -5.161     -7.934      0.000
 186  184     -5.150     -0.068      0.000
 187  185     -5.127     -3.886      0.000
 189  186     -5.080     -3.481      0.000
 190  187     -5.077     -0.003      0.000
 191  188     -5.073      1.566      0.000
 193  190     -5.052      0.536      0.000
 192  192     -5.049     -4.321      0.000
 196  189     -5.039     -5.951      0.000
 210  191     -5.026     -5.326      0.000
 194  193     -5.023      5.083      0.000
 198  194     -5.007     -0.307      0.000
 195   -2     -5.001     -5.083      0.000
 197  195     -4.998     -1.335      0.000
 199  201     -4.975     -4.271      0.000
 200  196     -4.947      3.717      0.000
  -1  200     -4.945      0.854      0.000
  -1  198     -4.942      8.384      0.000
 202  199     -4.938      3.905      0.000
 201  203     -4.936     -1.416      0.000
 204  204     -4.927      8.217      0.000
 205  205     -4.922      0.697      0.000
  -1   -2     -4.919     -3.066      0.000
 208  202     -4.915     -7.594      0.000
 203   -2     -4.916     -4.288      0.000
 211  207     -4.842      0.084      0.000
 212  208     -4.840      0.429      0.000
 213  206     -4.836     -5.635      0.000
 209  209     -4.834     -5.004      0.000
 214  210     -4.813     -5.884      0.000
 215  211     -4.782      3.793      0.000
 218  212     -4.749     -7.428      0.000
 216  213     -4.738     -6.693      0.000
 217  214     -4.732     -4.651      0.000
 219  217     -4.701     -2.120      0.000
 220  215     -4.695      5.789      0.000
 221  216     -4.686      4.421      0.000
 222  219     -4.667      2.670      0.000
 223   -2     -4.661     -1.951      0.000
  -1   -2     -4.659      2.196      0.000
 225  218     -4.643     -7.836      0.000
 224  222     -4.627     -3.729      0.000
 228   -2     -4.619     -7.706      0.000
 227  223     -4.610      2.524      0.000
 230  224     -4.569      3.591      0.000
 229  226     -4.551     -4.125      0.000
 231  225     -4.545      2.593      0.000
 233  227     -4.526      0.631      0.000
 232  228     -4.524     -4.336      0.000
 234  229     -4.503      2.192      0.000
 237  230     -4.470     -4.436      0.000
 236  231     -4.449     -0.320      0.000
 238  233     -4.424     -5.842      0.000
 239  235     -4.413      1.014      0.000
 241  234     -4.407     -5.994      0.000
 240  236     -4.399     -4.455      0.000
 244  238     -4.353      3.472      0.000
 243  240     -4.349      7.378      0.000
 245  241     -4.344      0.674      0.000
 246  242     -4.331      1.193      0.000
  -1   -2     -4.330     -3.268      0.000
 249  243     -4.295      2.423      0.000
 247  245     -4.289     -1.066      0.000
 248  246     -4.283     -1.874      0.000
 250  244     -4.259     -8.230      0.000
  -1   -2     -4.235     -4.534      0.000
 251  247     -4.233     -6.310      0.000
 252  248     -4.196     -0.417      0.000
 253  250     -4.183     -4.744      0.000
 254  249     -4.173      7.667      0.000
 255  251     -4.141      5.756      0.000
 256  252     -4.128      2.109      0.000
 257  253     -4.092      1.712      0.000
 259  254     -4.072      3.429      0.000
 258   -2     -4.071      2.616      0.000
  -1  255     -4.059      2.648      0.000
 261  256     -4.046     -7.318      0.000
 260  257     -4.042      5.389      0.000
 262  258     -3.990     -1.945      0.000
 263  259     -3.985      3.325      0.000
 264  260     -3.974     -7.090      0.000
 265  261     -3.967     -1.290      0.000
 267  263     -3.927     -2.699      0.000
 266  264     -3.921     -6.020      0.000
 268  262     -3.918     -8.071      0.000
 270  265     -3.852      2.868      0.000
 269  266     -3.842     -0.157      0.000
 273   -2     -3.823     -7.858      0.000
 271  267     -3.818      8.314      0.000
 272  268     -3.807     -4.542      0.000
 274  269     -3.785      2.226      0.000
  -1   -2     -3.783     -4.282      0.000
 275   -2     -3.766     -1.161      0.000
 276  270     -3.756      7.882      0.000
  -1  271     -3.725     -6.892      0.000
 277  274     -3.677     -1.385      0.000
 278  275     -3.668      1.000      0.000
 280  273     -3.651     -5.973      0.000
 279  276     -3.636      6.060      0.000
  -1   -2     -3.616     -0.816      0.000
 282  278     -3.590      7.957      0.000
 283  279     -3.559      6.381      0.000
 284   -2     -3.538      0.166      0.000
 285  280     -3.531      1.304      0.000
 286  281     -3.527      8.247      0.000
 287  282     -3.483     -7.730      0.000
 288  283     -3.443      2.969      0.000
 289  284     -3.428      0.210      0.000
 290   -2     -3.372     -2.072      0.000
 291  285     -3.362      0.728      0.000
 292  286     -3.322      5.460      0.000
 293  287     -3.306      3.804      0.000
 295   -2     -3.287      2.899      0.000
 294   -2     -3.278      4.892      0.000
 296  289     -3.236     -6.747      0.000
 297  291     -3.221     -4.332      0.000
 298  290     -3.199      2.961      0.000
 299  292     -3.192      4.925      0.000
 300   -2     -3.150      0.164      0.000
 301  294     -3.136      0.028      0.000
 302   -2     -3.127     -7.563      0.000
 303  295     -3.109      2.940      0.000
 304  296     -3.094     -1.923      0.000
 305  297     -3.076     -5.753      0.000
 307  298     -3.058      8.047      0.000
 308  299     -3.016     -5.578      0.000
 309  300     -2.968      3.732      0.000
 311  301     -2.966     -5.329      0.000
 310  302     -2.943     -5.890      0.000
 313  304     -2.900      8.235      0.000
 314  305     -2.877     -7.675      0.000
 316  303     -2.871     -7.997      0.000
 315  306     -2.867      7.284      0.000
 317   -2     -2.794     -2.735      0.000
 318  307     -2.786     -7.347      0.000
 319  308     -2.731     -3.996      0.000
 320  309     -2.690      5.996      0.000
 321  310     -2.666      6.877      0.000
 323  311     -2.641     -5.641      0.000
 322  314     -2.615     -3.245      0.000
 324  313     -2.601     -2.158      0.000
 328  312     -2.598      3.656      0.000
 326  315     -2.581      1.152      0.000
 327  317     -2.570     -5.865      0.000
 330  316     -2.538      3.119      0.000
 331  318     -2.537     -0.942      0.000
 329   -2     -2.481     -2.302      0.000
 332  322     -2.443      0.002      0.000
 336  323     -2.418     -0.312      0.000
 339  321     -2.412      7.121      0.000
 334  328     -2.410     -0.542      0.000
 337  327     -2.403     -6.686      0.000
 338  325     -2.402     -2.387      0.000
 340  326     -2.384     -5.924      0.000
 342  330     -2.348      4.980      0.000
 341  331     -2.345     -1.981      0.000
 344  329     -2.318      0.765      0.000
 343  332     -2.291     -6.291      0.000
 346  333     -2.277     -5.361      0.000
 345  335     -2.246     -3.284      0.000
 347  336     -2.219      5.735      0.000
 348  337     -2.163     -6.265      0.000
 349  339     -2.135      2.139      0.000
 350  338     -2.133     -3.545      0.000
  -1   -2     -2.055     -8.369      0.000
 353  341     -2.010      0.258      0.000
 354  342     -1.989     -2.971      0.000
  -1  343     -1.989      7.402      0.000
 355  345     -1.949      4.064      0.000
  -1  344     -1.939     -4.095      0.000
 357   -2     -1.919      1.381      0.000
 358  347     -1.786      4.106      0.000
 361  348     -1.738      2.437      0.000
 359  349     -1.719      8.224      0.000
 360   -2     -1.704      0.671      0.000
 362  350     -1.688      7.611      0.000
 364  351     -1.664     -3.840      0.000
  -1   -2     -1.575     -5.219      0.000
 365  356     -1.570      6.220      0.000
  -1   -2     -1.564     -6.077      0.000
 369  359     -1.515     -4.770      0.000
 370  361     -1.493      5.255      0.000
 363   -2     -1.488      4.595      0.000
  -1  360     -1.461      1.953      0.000
 371  363     -1.427      3.596      0.000
 372  365     -1.388     -7.800      0.000
 373  366     -1.375     -1.656      0.000
 374  367     -1.358      4.903      0.000
 376  364     -1.342     -5.175      0.000
 375  368     -1.337      5.532      0.000
  -1  369     -1.302      4.307      0.000
  -1   -2     -1.145      3.750      0.000
 378  371     -1.135     -1.920      0.000
 379  372     -1.121     -7.741      0.000
 381   -2     -1.115      0.189      0.000
 382  373     -1.100     -1.121      0.000
  -1   -2     -1.085      3.996      0.000
  -1   -2     -1.002      4.786      0.000
 386  376     -0.916      5.314      0.000
  -1   -2     -0.890     -1.389      0.000
 392  378     -0.821     -0.862      0.000
 388  380     -0.798     -5.553      0.000
  -1   -2     -0.793     -3.308      0.000
  -1   -2     -0.731     -4.068      0.000
 390  382     -0.714     -0.723      0.000
 391  381     -0.691     -3.195      0.000
 393  385     -0.648      4.581      0.000
  -1   -2     -0.639      8.046      0.000
 396  383     -0.626     -3.895      0.000
 395  386     -0.595     -6.277      0.000
  -1   -2     -0.543     -2.336      0.000
  -1  387     -0.540     -2.462      0.000
 399   -2     -0.510      4.577      0.000
 401  388     -0.434     -5.011      0.000
  -1   -2     -0.410     -5.270      0.000
  -1   -2     -0.407     -2.523      0.000
 402  391     -0.403     -0.203      0.000
 406  392     -0.361     -5.533      0.000
 404  393     -0.347     -1.705      0.000
  -1   -2     -0.344     -0.679      0.000
 408  395      0.039      1.404      0.000
 409  396      0.128      6.186      0.000
 411  398      0.200     -4.047      0.000
 413  397      0.205     -6.884      0.000
 414   -2      0.234      6.094      0.000
 412  401      0.236      0.548      0.000
  -1  399      0.247     -6.574      0.000
 415  402      0.283     -1.130      0.000
 416   -2      0.362     -6.827      0.000
 417  404      0.503      0.832      0.000
  -1   -2      0.554      2.778      0.000
  -1   -2      0.568      0.615      0.000
 421  407      0.614      2.915      0.000
 422   -2      0.629      3.145      0.000
  -1  410      0.756     -0.362      0.000
 424  408      0.770     -5.315      0.000
  -1   -2      0.777      0.332      0.000
  -1   -2      0.813     -4.220      0.000
  -1   -2      0.847     -8.260      0.000
 427  412      0.867      4.051      0.000
 428  413      0.877     -3.078      0.000
  -1   -2      0.895      3.556      0.000
 430   -2      0.916     -4.833      0.000
 431  415      0.934     -6.278      0.000
 432  414      0.935      7.584      0.000
  -1   -2      0.949     -2.617      0.000
  -1   -2      1.016     -6.542      0.000
 434  420      1.027      1.008      0.000
  -1  421      1.043     -5.524      0.000
  -1   -2      1.087      0.782      0.000
 436  424      1.108      5.025      0.000
 438  425      1.166     -3.652      0.000
 441  427      1.241     -2.781      0.000
 443  426      1.254     -3.676      0.000
  -1   -2      1.256     -6.550      0.000
 444  428      1.279     -6.700      0.000
 446  431      1.314      4.849      0.000
 445  433      1.319      1.154      0.000
 448  429      1.328      2.563      0.000
 447  432      1.330      2.209      0.000
 452  436      1.428      1.194      0.000
 453  435      1.432     -4.640      0.000
 451  437      1.437     -3.370      0.000
  -1  438      1.466     -7.338      0.000
 455  442      1.508     -2.760      0.000
 456  441      1.535      4.942      0.000
 457  443      1.556      3.693      0.000
 458  446      1.594     -3.366      0.000
 460  444      1.598      5.361      0.000
 461  447      1.609     -6.343      0.000
 462  448      1.626      6.564      0.000
 464  445      1.628     -7.573      0.000
 463  450      1.678     -2.482      0.000
 465  449      1.683      0.606      0.000
  -1   -2      1.686     -1.528      0.000
  -1  454      1.790     -3.381      0.000
 468  453      1.829     -6.342      0.000
  -1   -2      1.839      0.579      0.000
 466  458      1.841     -0.597      0.000
 469  455      1.843      1.209      0.000
 470  456      1.851      7.655      0.000
 467  459      1.853     -1.949      0.000
 471  457      1.859      5.238      0.000
 472   -2      1.863     -7.781      0.000
  -1   -2      1.885     -6.465      0.000
  -1   -2      1.892     -6.883      0.000
 473  460      1.907     -6.690      0.000
 475  464      1.933     -3.630      0.000
 477  462      1.937     -4.565      0.000
 474  465      1.939      0.222      0.000
 479  467      2.022      1.291      0.000
 480  466      2.028      5.885      0.000
 478  468      2.048     -1.205      0.000
 481   -2      2.068      2.120      0.000
 482  470      2.112     -7.776      0.000
 483  469      2.120      4.240      0.000
 485  472      2.141     -3.527      0.000
 486  473      2.147     -4.365      0.000
 489  474      2.150      1.452      0.000
 487  475      2.153      7.250      0.000
 484  476      2.161      0.562      0.000
 490  477      2.183     -0.003      0.000
 488  478      2.195     -2.930      0.000
 491  480      2.244      4.456      0.000
 492  483      2.271     -0.754      0.000
 494  482      2.282      5.859      0.000
 493  487      2.305      0.757      0.000
 495  489      2.324     -5.613      0.000
 497  485      2.329     -7.009      0.000
 496  488      2.330      6.575      0.000
 499  486      2.336     -6.578      0.000
 498  491      2.352      5.335      0.000
 500   -2      2.371     -2.819      0.000
 503  493      2.377     -3.394      0.000
 502  496      2.401     -0.275      0.000
  -1   -2      2.402     -3.477      0.000
 504  494      2.405      5.171      0.000
 506  495      2.419      5.971      0.000
 501  498      2.427      0.888      0.000
 507  497      2.436     -3.459      0.000
 508  499      2.465     -3.038      0.000
 509  500      2.501      4.565      0.000
 510   -2      2.502      5.439      0.000
  -1   -2      2.551      6.990      0.000
 511  501      2.566      4.147      0.000
  -1  503      2.631      2.500      0.000
 513  505      2.662     -5.011      0.000
 512   -2      2.664      0.221      0.000
 514  506      2.684     -6.187      0.000
 515  507      2.709      5.740      0.000
 516  509      2.752     -5.811      0.000
 517  508      2.757      2.555      0.000
 518  511      2.801      0.806      0.000
  -1   -2      2.809      1.543      0.000
 519  512      2.828      7.960      0.000
 520  513      2.851     -6.497      0.000
 521  514      2.880      6.388      0.000
 522  515      2.909      0.085      0.000
 523  517      2.947     -1.549      0.000
 524  516      2.949      5.115      0.000
 525  518      2.970      7.147      0.000
 526  519      3.012      0.680      0.000
 527   -2      3.026      2.937      0.000
 528  520      3.045      5.252      0.000
 529  521      3.057      2.724      0.000
 530  522      3.086     -5.846      0.000
 533  523      3.110     -5.099      0.000
 531  524      3.116      5.595      0.000
 532  525      3.120     -1.142      0.000
 534  526      3.135      6.184      0.000
 536  527      3.150     -2.434      0.000
 535  528      3.153     -6.717      0.000
 539  529      3.182      2.646      0.000
 538  530      3.186      2.822      0.000
 540  532      3.211      8.232      0.000
 541  531      3.213     -1.845      0.000
  -1   -2      3.231      2.008      0.000
 542  533      3.233     -7.026      0.000
 543  534      3.263     -7.959      0.000
 545  535      3.328     -1.297      0.000
 546   -2      3.336     -3.020      0.000
 547  536      3.362     -7.075      0.000
 548  537      3.418      6.653      0.000
 550  538      3.437      2.957      0.000
 551  540      3.475     -4.430      0.000
 552  539      3.498      2.821      0.000
 554  541      3.508     -5.296      0.000
 553  542      3.510      1.337      0.000
 556  543      3.519     -2.006      0.000
 555  545      3.525      5.890      0.000
 557  546      3.564     -3.107      0.000
 558  547      3.583     -2.685      0.000
 559  548      3.603     -0.455      0.000
 560  549      3.621      3.041      0.000
 561   -2      3.625     -6.917      0.000
 563  550      3.626     -0.873      0.000
 562  552      3.645     -6.853      0.000
 565  551      3.649      5.303      0.000
 566  554      3.656     -0.039      0.000
 568  553      3.661     -5.913      0.000
 567  555      3.675      2.204      0.000
 569   -2      3.678     -5.137      0.000
 571  557      3.685      5.035      0.000
 570  558      3.688      7.902      0.000
 572  556      3.699     -5.386      0.000
 573  559      3.762      4.046      0.000
 574  561      3.774     -5.817      0.000
 575  562      3.775      2.609      0.000
  -1  563      3.787      0.160      0.000
 578  564      3.794     -2.560      0.000
 580  565      3.808     -5.207      0.000
 582  566      3.824     -0.559      0.000
 583  567      3.826      0.840      0.000
 581  569      3.835     -5.896      0.000
  -1   -2      3.840      6.736      0.000
  -1  574      3.859     -7.082      0.000
 587  568      3.862     -6.974      0.000
 590  570      3.868     -2.068      0.000
 589  571      3.870     -0.990      0.000
 586  576      3.869     -7.445      0.000
 591  573      3.876     -2.217      0.000
 593  572      3.876     -1.781      0.000
 595  578      3.896      4.923      0.000
 588  580      3.896     -7.672      0.000
 596  579      3.901      5.254      0.000
 592  581      3.905     -4.081      0.000
 597  582      3.965     -1.228      0.000
 598  584      3.991     -8.033      0.000
 600  583      3.994      2.461      0.000
 599  585      4.000     -7.793      0.000
 601  586      4.034      4.109      0.000
 602  588      4.036      8.102      0.000
 603  587      4.038      2.878      0.000
 605  589      4.085      3.034      0.000
 606  590      4.105      4.911      0.000
 607  591      4.133     -5.402      0.000
 608  592      4.164      0.734      0.000
 609   -2      4.241     -7.465      0.000
 610  593      4.254     -6.750      0.000
 611  594      4.287     -8.292      0.000
 612  595      4.298      4.704      0.000
 613  596      4.313      2.248      0.000
 614  597      4.319     -4.304      0.000
 615  598      4.335      8.332      0.000
 616  599      4.384     -1.998      0.000
 617  600      4.386      2.167      0.000
 618   -2      4.443      4.646      0.000
 619  601      4.443      7.795      0.000
 620  602      4.465     -2.081      0.000
 622  603      4.470     -1.691      0.000
 621  606      4.474      2.973      0.000
 623  605      4.483      4.629      0.000
 626  604      4.485     -5.707      0.000
 625  607      4.493      0.796      0.000
 624  608      4.498      8.012      0.000
  -1  609      4.522     -0.831      0.000
  -1   -2      4.538      0.044      0.000
 628  611      4.539      4.802      0.000
 627  612      4.539      6.367      0.000
 631  613      4.571     -8.251      0.000
 630  614      4.592     -4.835      0.000
 632  615      4.612      6.428      0.000
 629  616      4.621     -3.244      0.000
  -1  617      4.652      0.060      0.000
 633  618      4.657      3.292      0.000
 634  623      4.685      1.160      0.000
 636  621      4.687      2.796      0.000
 637  619      4.688      1.879      0.000
 638  622      4.696      0.616      0.000
 635  625      4.711     -8.187      0.000
 639  624      4.714     -6.435      0.000
 640  626      4.755     -5.161      0.000
 641  628      4.794      8.323      0.000
 642  629      4.802      3.006      0.000
 643  630      4.847     -4.075      0.000
  -1   -2      4.884     -0.725      0.000
 645  633      4.949      3.571      0.000
 646  634      4.959      5.100      0.000
 647  635      4.966      5.218      0.000
 648  636      4.992     -7.217      0.000
 649  631      5.016      0.287      0.000
 650  637      5.023      1.463      0.000
 644  638      5.049     -2.885      0.000
 652  639      5.052     -5.187      0.000
 651  640      5.054     -4.255      0.000
 653  641      5.060      8.108      0.000
 654  642      5.064      8.068      0.000
 655   -2      5.090      4.664      0.000
 656  645      5.106     -3.950      0.000
 658  646      5.109     -5.744      0.000
 657  647      5.110      7.197      0.000
 659  648      5.119      6.916      0.000
 660  649      5.129      1.989      0.000
 661   -2      5.150     -2.689      0.000
 662  650      5.174     -5.821      0.000
 663  651      5.204     -7.596      0.000
  -1   -2      5.217     -5.896      0.000
 664   -2      5.226     -7.187      0.000
 665  653      5.231      6.836      0.000
 666  652      5.231      6.423      0.000
 667  654      5.278      1.548      0.000
 669  655      5.311     -3.111      0.000
 670  656      5.327      2.372      0.000
 671  658      5.403      5.807      0.000
 672  659      5.411     -7.844      0.000
 673  657      5.442      2.773      0.000
 674  660      5.447     -2.950      0.000
 675  662      5.467      1.975      0.000
 676  663      5.492      1.358      0.000
 677  664      5.494      6.038      0.000
 679  665      5.563      2.031      0.000
 680  666      5.578      4.467      0.000
 681  667      5.616     -8.088      0.000
 682   -2      5.622     -5.034      0.000
 683  668      5.646      6.966      0.000
 684  669      5.680      3.914      0.000
 685  670      5.693     -0.648      0.000
 686  671      5.700     -6.701      0.000
 687  672      5.722     -3.198      0.000
 688  674      5.764     -8.074      0.000
 689  673      5.772      4.591      0.000
 690  675      5.782     -5.467      0.000
 692  676      5.803     -5.794      0.000
 694  678      5.838      1.749      0.000
 693  679      5.839     -2.465      0.000
 695  681      5.844     -5.149      0.000
 696  680      5.845     -0.994      0.000
 698  683      5.904      1.964      0.000
 699  684      5.904     -0.757      0.000
 700  685      5.908      5.051      0.000
 701  686      5.932     -7.961      0.000
 702  687      5.976     -7.374      0.000
 703  688      5.998      2.713      0.000
 706  690      6.020     -6.493      0.000
 707  691      6.037      0.213      0.000
 708  692      6.044     -5.299      0.000
 709  693      6.051     -4.337      0.000
 710  694      6.060     -0.483      0.000
 711  695      6.062      4.630      0.000
 712  696      6.072     -3.072      0.000
  -1   -2      6.075     -8.432      0.000
 714  698      6.105     -5.438      0.000
 715  697      6.108     -6.150      0.000
 716  699      6.162      1.687      0.000
 717  700      6.171      6.536      0.000
 718  701      6.193     -4.342      0.000
 719  702      6.213      3.852      0.000
 721  704      6.218     -4.225      0.000
 720  703      6.218      0.274      0.000
 722  705      6.222      3.181      0.000
 723  706      6.228     -1.569      0.000
 724  707      6.285      7.265      0.000
 725  709      6.328     -2.954      0.000
 726  710      6.345     -6.507      0.000
 727  711      6.355      1.946      0.000
 728  712      6.385      2.351      0.000
 729  713      6.401     -6.552      0.000
 730  714      6.412      7.015      0.000
 731  715      6.420     -4.274      0.000
 732  716      6.427     -2.933      0.000
 733  717      6.468     -3.856      0.000
 734  718      6.496     -4.887      0.000
  -1   -2      6.503      4.098      0.000
 735  720      6.548      6.902      0.000
 736   -2      6.557     -5.325      0.000
 737  721      6.557     -5.967      0.000
 738  722      6.565      4.661      0.000
 742  723      6.591     -1.306      0.000
 740  724      6.597      2.121      0.000
 743  725      6.628     -0.586      0.000
 744  726      6.636      2.864      0.000
 745  727      6.650     -6.064      0.000
 746  728      6.679     -5.143      0.000
 747  729      6.686      5.636      0.000
 748  730      6.698     -5.337      0.000
 749  731      6.725      6.581      0.000
 750  732      6.729      0.424      0.000
 751  733      6.739     -6.231      0.000
 752  734      6.747     -5.513      0.000
 753  735      6.752      3.178      0.000
 754  736      6.766      3.294      0.000
 755  737      6.767     -1.892      0.000
 756  738      6.772      2.047      0.000
 757  739      6.799     -0.578      0.000
 758  740      6.802      0.681      0.000
 759  742      6.828     -0.778      0.000
 760  741      6.828     -6.064      0.000
 761   -2      6.849     -7.677      0.000
 762  743      6.866      5.216      0.000
 764  744      6.886     -4.777      0.000
 765  745      6.899      3.616      0.000
 766  746      6.908     -8.019      0.000
 768  747      6.929     -0.920      0.000
 769  748      6.936     -4.936      0.000
 770  751      6.940      6.170      0.000
 771  749      6.941     -0.092      0.000
  -1  750      6.944     -2.653      0.000
 772  752      6.971     -0.691      0.000
 773  753      6.984      0.430      0.000
 774  754      6.989      2.079      0.000
 775   -2      7.027      3.411      0.000
 776  755      7.029      6.626      0.000
 777  756      7.053      2.037      0.000
 778  757      7.055     -6.617      0.000
 779  758      7.062     -5.805      0.000
 780  759      7.086     -4.042      0.000
  -1  760      7.101     -0.198      0.000
 781  761      7.107     -6.009      0.000
  -1   -2      7.126      8.074      0.000
 783  762      7.143     -8.304      0.000
 782  763      7.146      7.538      0.000
 784  764      7.176      6.527      0.000
 785  765      7.193     -6.180      0.000
 786  766      7.215      0.189      0.000
 787  767      7.235     -3.982      0.000
 788   -2      7.263      4.984      0.000
 789  769      7.271      4.366      0.000
  -1  770      7.286     -6.765      0.000
 790  771      7.288     -4.409      0.000
 791  772      7.292      6.738      0.000
 792  773      7.311      4.306      0.000
 793  774      7.317      5.623      0.000
  -1   -2      7.329     -8.074      0.000
 794  775      7.333     -0.159      0.000
 795  776      7.372      3.541      0.000
  -1   -2      7.411     -8.093      0.000
 797  777      7.411     -6.419      0.000
 798  778      7.427      2.061      0.000
 799  779      7.490     -5.761      0.000
 800  780      7.494      5.262      0.000
 801  781      7.499      4.775      0.000
 802  782      7.508      4.420      0.000
 803  783      7.552     -2.914      0.000
 804  785      7.575     -1.552      0.000
 805  786      7.585      1.253      0.000
 806  787      7.607      4.752      0.000
 808  789      7.644      2.271      0.000
 809  791      7.713      7.737      0.000
 810  792      7.747     -7.946      0.000
 811  793      7.765      8.247      0.000
 807  795      7.812      1.618      0.000
 813  796      7.840      6.728      0.000
  -1  797      7.847     -0.866      0.000
 815  798      7.900     -5.161      0.000
  -1   -2      7.915     -1.957      0.000
 816  799      7.931     -5.023      0.000
 817   -2      7.941     -2.117      0.000
 818  800      7.991      7.148      0.000
 819  801      8.012     -0.442      0.000
 820  802      8.024     -6.817      0.000
 821  803      8.026     -1.203      0.000
 822  804      8.031     -6.897      0.000
 823  805      8.036      1.018      0.000
 824  806      8.046     -5.658      0.000
 825   -2      8.057     -7.641      0.000
 826  807      8.070      4.376      0.000
 827  808      8.099      3.150      0.000
  -1  809      8.106     -1.127      0.000
 828  810      8.143     -4.784      0.000
 829  811      8.165     -4.550      0.000
 830  812      8.181      2.495      0.000
 832  814      8.187      4.605      0.000
 831  813      8.189      3.232      0.000
 833  815      8.190      1.710      0.000
 834   -2      8.224     -7.292      0.000
 835  816      8.236     -6.340      0.000
 836  817      8.256      7.256      0.000
 837  819      8.277     -3.413      0.000
 838  820      8.284     -6.060      0.000
 839  821      8.314     -1.906      0.000
 840  823      8.326     -7.385      0.000
 841  824      8.335      7.030      0.000
 842  825      8.351      1.332      0.000
 843  826      8.352     -4.412      0.000
 844  827      8.361      8.188      0.000
 845  828      8.372      7.574      0.000
 846  829      8.392     -8.287      0.000
 847  830      8.405     -0.171      0.000
 848  831      8.408      0.662      0.000
