850
  -1   -2     -8.424     -3.443      0.000
   0    0     -8.417     -2.150      0.000
   2    1     -8.380      7.550      0.000
   3    2     -8.379     -0.886      0.000
   4    3     -8.371     -6.859      0.000
   5    4     -8.354     -8.127      0.000
   6    5     -8.340     -3.287      0.000
   7    6     -8.308     -4.606      0.000
   8    7     -8.269      1.221      0.000
  10    8     -8.257      6.857      0.000
   9    9     -8.255      0.555      0.000
  -1   -2     -8.251     -1.562      0.000
  11   10     -8.246     -8.230      0.000
  12   11     -8.211     -7.909      0.000
  13   12     -8.184      1.578      0.000
  14   13     -8.156      4.437      0.000
  15   14     -8.153      1.527      0.000
  16   15     -8.141     -3.021      0.000
  17   16     -8.122      6.498      0.000
  18   17     -8.087      2.630      0.000
  19   18     -8.079     -2.486      0.000
  20   19     -8.047      1.363      0.000
  21   20     -8.038     -7.373      0.000
  23   21     -8.013      2.247      0.000
  24   22     -7.994     -6.219      0.000
  25   23     -7.982      6.579      0.000
  26   24     -7.942     -3.796      0.000
  27   25     -7.935      5.677      0.000
  28   26     -7.908     -6.948      0.000
  29   27     -7.879     -0.941      0.000
  31   28     -7.859      0.831      0.000
  30   29     -7.858      2.334      0.000
  33   31     -7.845     -0.167      0.000
  34   32     -7.839     -6.086      0.000
  35   33     -7.832      4.102      0.000
  36   35     -7.810      3.879      0.000
  39   36     -7.781      5.003      0.000
  38   37     -7.780     -4.812      0.000
  40   38     -7.772      2.499      0.000
  41   39     -7.759     -6.198      0.000
  43   41     -7.739     -6.697      0.000
  42   40     -7.739     -2.733      0.000
  44   42     -7.734     -5.109      0.000
  45   43     -7.730      7.151      0.000
  46   44     -7.727      1.988      0.000
  47   45     -7.727      5.248      0.000
  48   46     -7.718     -4.603      0.000
  49   47     -7.679     -0.671      0.000
  50   49     -7.660      6.656      0.000
  51   50     -7.589      4.962      0.000
  52   51     -7.578     -6.863      0.000
  53   53     -7.520      8.241      0.000
  54   54     -7.500      0.011      0.000
  55   55     -7.494     -0.680      0.000
  56   56     -7.490     -5.406      0.000
  57   58     -7.462     -1.089      0.000
  58   57     -7.459      8.000      0.000
  59   59     -7.456      3.633      0.000
  60   -2     -7.383      3.996      0.000
  62   60     -7.362      3.693      0.000
  61   61     -7.362     -1.421      0.000
  63   62     -7.344     -6.164      0.000
  64   63     -7.326      2.321      0.000
  65   66     -7.293     -5.053      0.000
  66   64     -7.292     -5.372      0.000
  67   65     -7.291      3.869      0.000
  68   68     -7.281      5.408      0.000
  69   67     -7.280     -8.352      0.000
  -1   -2     -7.250      0.108      0.000
  70   69     -7.236     -7.935      0.000
  71   70     -7.227      3.255      0.000
  72   71     -7.222      6.148      0.000
  -1   -2     -7.175     -0.832      0.000
  74   73     -7.154     -7.712      0.000
  75   74     -7.151      7.662      0.000
  76   75     -7.133      6.096      0.000
  77   76     -7.127      4.751      0.000
  78   77     -7.125      4.055      0.000
  79   78     -7.109      7.299      0.000
  80   80     -7.090     -2.395      0.000
  81   79     -7.088      7.467      0.000
  82   81     -7.070      4.997      0.000
  83   82     -7.016     -5.385      0.000
  84   83     -6.995     -6.744      0.000
  85   84     -6.989      1.971      0.000
  86   85     -6.982     -6.555      0.000
  87   86     -6.977      0.037      0.000
  -1   88     -6.972      4.447      0.000
  88   87     -6.962     -6.596      0.000
  89   -2     -6.954      4.346      0.000
  90   89     -6.939     -2.384      0.000
  91   90     -6.930      5.123      0.000
  93   -2     -6.893      3.380      0.000
  95   93     -6.891      5.429      0.000
  94   92     -6.890     -2.675      0.000
  96   94     -6.872      2.907      0.000
  97   95     -6.866     -6.422      0.000
  98   96     -6.849     -0.821      0.000
  99   97     -6.830     -7.457      0.000
 100   99     -6.820     -1.200      0.000
 101   98     -6.818      7.555      0.000
 103  101     -6.763      1.311      0.000
 102  102     -6.762     -5.401      0.000
 104  103     -6.738      2.421      0.000
 105  104     -6.708      7.619      0.000
 106   -2     -6.700      3.576      0.000
  -1   -2     -6.672     -3.017      0.000
 107  106     -6.650      1.674      0.000
 108  107     -6.649      1.356      0.000
 109  108     -6.617      3.557      0.000
 110  109     -6.609      2.389      0.000
 111  110     -6.574      5.782      0.000
 112  111     -6.559      6.980      0.000
 113  113     -6.538     -4.331      0.000
 114  114     -6.501     -6.198      0.000
 115  115     -6.485      7.620      0.000
 117  116     -6.481      3.065      0.000
 118  117     -6.439     -4.748      0.000
 119  118     -6.391     -7.784      0.000
 120  119     -6.389      0.139      0.000
 122  125     -6.351      3.527      0.000
 123  120     -6.349      4.893      0.000
 124  121     -6.306      8.137      0.000
 125  122     -6.293     -0.493      0.000
 126  124     -6.272     -5.788      0.000
  -1   -2     -6.265     -7.811      0.000
 127  126     -6.235      0.099      0.000
 129  128     -6.227      0.332      0.000
 131  131     -6.186     -1.638      0.000
 132  132     -6.181      2.506      0.000
 134  133     -6.148      3.382      0.000
 133  134     -6.145      4.889      0.000
  -1  137     -6.138     -4.569      0.000
 135  135     -6.137     -7.581      0.000
 136  136     -6.135      2.740      0.000
 137  138     -6.122     -5.216      0.000
 138  139     -6.073      7.358      0.000
 139  140     -6.073      1.243      0.000
 140  141     -6.067     -7.094      0.000
 141  142     -6.046      6.287      0.000
 142  143     -6.034     -4.646      0.000
 143  144     -6.027      3.720      0.000
 144  145     -6.017     -1.073      0.000
 145  146     -5.990      7.850      0.000
 146  147     -5.957      2.492      0.000
 148  148     -5.947      3.091      0.000
 147  149     -5.941     -7.614      0.000
 150  150     -5.924      6.815      0.000
 151   -2     -5.915     -6.842      0.000
 152  151     -5.896     -0.467      0.000
 153  152     -5.883      4.872      0.000
 154  154     -5.845     -5.824      0.000
 155  156     -5.826     -0.035      0.000
 156  157     -5.805      4.714      0.000
 157  158     -5.760     -1.635      0.000
 158  159     -5.748     -5.762      0.000
 159  160     -5.740     -1.861      0.000
 160  155     -5.718     -4.567      0.000
 161  161     -5.660      7.415      0.000
 162  162     -5.655      1.912      0.000
 163  164     -5.636     -4.133      0.000
 164  165     -5.628      5.755      0.000
 166  163     -5.627     -7.852      0.000
 165  166     -5.613      0.740      0.000
 167  169     -5.565      7.242      0.000
 168  168     -5.561     -2.573      0.000
 169  171     -5.532     -0.892      0.000
 171  170     -5.529      0.276      0.000
 170  172     -5.526      6.043      0.000
 172  174     -5.522     -1.761      0.000
 173  173     -5.520      2.675      0.000
  -1  175     -5.501     -6.500      0.000
  -1  176     -5.492     -6.076      0.000
 174  177     -5.462     -3.107      0.000
 175  180     -5.434     -4.889      0.000
 176  178     -5.434     -6.419      0.000
 178  182     -5.412     -1.252      0.000
 177  181     -5.408     -0.694      0.000
 179  183     -5.403      5.241      0.000
  -1  184     -5.375     -7.375      0.000
 181  185     -5.320      3.842      0.000
 180  186     -5.320     -2.357      0.000
  -1   -2     -5.292     -4.602      0.000
 182  189     -5.285     -0.621      0.000
 186  187     -5.274     -8.127      0.000
 183   -2     -5.274     -4.527      0.000
 184  190     -5.252      2.065      0.000
 185  191     -5.247     -3.861      0.000
 187   -2     -5.212      0.685      0.000
 188  192     -5.086      0.133      0.000
 189  193     -5.073     -6.643      0.000
 190  195     -5.069     -4.701      0.000
 191  194     -5.067     -3.880      0.000
 192  196     -5.022     -0.108      0.000
 193  197     -5.009     -0.029      0.000
 194  198     -5.008      1.559      0.000
 195  200     -4.995     -4.976      0.000
 196  199     -4.994      0.519      0.000
 197  201     -4.964      3.984      0.000
  -1   -2     -4.948     -5.698      0.000
 200  203     -4.931      3.772      0.000
 199  205     -4.928     -3.317      0.000
 201  204     -4.927      5.127      0.000
 204  202     -4.918     -8.147      0.000
 202  206     -4.917     -0.354      0.000
 206  208     -4.873      1.593      0.000
 205  209     -4.872      8.382      0.000
 207   -2     -4.858      8.226      0.000
 209  210     -4.854      3.892      0.000
 210  211     -4.826      0.652      0.000
 211  212     -4.820     -1.379      0.000
 212  214     -4.810      1.618      0.000
 213  215     -4.809     -3.647      0.000
 215  213     -4.797     -6.861      0.000
 216  216     -4.773      0.048      0.000
 217  218     -4.728     -3.337      0.000
 218  217     -4.726      0.377      0.000
 220  220     -4.693     -4.417      0.000
 221  221     -4.671      4.586      0.000
 222  222     -4.653      2.640      0.000
 223  223     -4.629      3.423      0.000
 225  224     -4.606      5.785      0.000
 226  226     -4.563     -4.402      0.000
 227  225     -4.549      2.529      0.000
 228  227     -4.519     -7.184      0.000
 229  228     -4.507      2.161      0.000
 230  229     -4.488     -2.551      0.000
 231  231     -4.483     -5.297      0.000
 233  230     -4.473      0.569      0.000
 232  233     -4.465     -5.166      0.000
 234  235     -4.446     -1.304      0.000
 236  232     -4.443     -6.907      0.000
 235  234     -4.442     -6.490      0.000
 237  236     -4.412     -6.338      0.000
 238  237     -4.382     -5.486      0.000
 239  238     -4.352      3.542      0.000
  -1   -2     -4.347      0.812      0.000
 240  239     -4.347     -1.484      0.000
 243  240     -4.266      1.007      0.000
 242  241     -4.256      1.107      0.000
 241   -2     -4.190     -4.742      0.000
 245  245     -4.182      0.533      0.000
 246  247     -4.159      3.283      0.000
 248  248     -4.141     -0.613      0.000
 249  250     -4.109      2.620      0.000
 251  249     -4.074     -1.536      0.000
 250  243     -4.065     -4.921      0.000
 252  251     -4.041     -4.589      0.000
 253  255     -4.018     -4.372      0.000
 255  252     -4.014     -1.694      0.000
 254  253     -4.012      1.524      0.000
 256  256     -4.000      5.701      0.000
 258  254     -3.994     -7.747      0.000
 257  258     -3.973     -8.274      0.000
  -1  259     -3.969      2.016      0.000
 259  257     -3.961      3.906      0.000
 260  260     -3.897      5.208      0.000
 261  261     -3.884     -7.200      0.000
  -1  263     -3.850      2.153      0.000
 263  264     -3.848      5.295      0.000
 264  265     -3.837     -4.291      0.000
 265  266     -3.815     -0.503      0.000
 266  267     -3.743     -5.486      0.000
 267  268     -3.736      7.452      0.000
 268  269     -3.734      8.246      0.000
 271  271     -3.704     -0.658      0.000
 272  272     -3.680      8.372      0.000
  -1   -2     -3.625      4.707      0.000
 274  273     -3.609      7.771      0.000
 275  274     -3.594     -8.087      0.000
 277  275     -3.551     -1.575      0.000
 278  277     -3.531     -0.340      0.000
 279  278     -3.519      6.063      0.000
 281  276     -3.506     -6.846      0.000
 280  279     -3.495     -3.028      0.000
 284  280     -3.463      0.206      0.000
 282  281     -3.449      0.589      0.000
 283  282     -3.441      2.992      0.000
 287  283     -3.406      6.359      0.000
 286  285     -3.398     -3.424      0.000
 288   -2     -3.397     -1.680      0.000
 289  284     -3.392      7.808      0.000
 291  287     -3.328     -4.819      0.000
 293  286     -3.320      2.281      0.000
 292  288     -3.310     -4.554      0.000
 295  289     -3.284      5.441      0.000
 296   -2     -3.257     -0.027      0.000
 297  291     -3.241      6.146      0.000
 298  292     -3.220     -6.737      0.000
 299  293     -3.219      5.840      0.000
 290   -2     -3.211     -1.408      0.000
 300  294     -3.199      2.034      0.000
  -1  296     -3.188     -0.290      0.000
 301  297     -3.156     -0.470      0.000
  -1   -2     -3.078      3.806      0.000
 303  298     -3.054      0.547      0.000
 302  301     -3.054      7.894      0.000
 308   -2     -2.981     -3.164      0.000
 305  303     -2.976      3.061      0.000
 304  302     -2.976     -1.130      0.000
 306  304     -2.971     -1.435      0.000
 307  305     -2.964      1.854      0.000
 309  308     -2.911     -5.302      0.000
 311  306     -2.909      1.191      0.000
 312  309     -2.889     -0.900      0.000
 315  307     -2.889     -7.975      0.000
 313  310     -2.886     -7.251      0.000
 314  312     -2.870     -1.345      0.000
  -1  313     -2.855      0.662      0.000
  -1  314     -2.855      8.077      0.000
 316  311     -2.852      0.262      0.000
  -1   -2     -2.844      2.994      0.000
 317  316     -2.811     -4.277      0.000
  -1  315     -2.796      5.548      0.000
 319  318     -2.776      7.897      0.000
 323  317     -2.767      8.009      0.000
 321  319     -2.762      8.351      0.000
 320  320     -2.761     -3.471      0.000
 318  321     -2.760      4.151      0.000
 322  322     -2.740      5.536      0.000
  -1  323     -2.723      6.134      0.000
  -1  325     -2.706      1.611      0.000
 325  324     -2.700     -7.178      0.000
 326   -2     -2.692      6.076      0.000
 328  326     -2.676     -5.756      0.000
 329  329     -2.646      6.960      0.000
 331  330     -2.640      3.208      0.000
 333  328     -2.635      1.125      0.000
 332  331     -2.622      6.216      0.000
 334  332     -2.588     -1.535      0.000
 338  333     -2.537     -6.638      0.000
 335  336     -2.521     -7.017      0.000
 336  335     -2.521      2.053      0.000
 337  337     -2.479     -3.103      0.000
 339  339     -2.430     -3.582      0.000
  -1  338     -2.430      4.084      0.000
  -1   -2     -2.232     -4.408      0.000
 341  340     -2.231     -6.566      0.000
  -1  341     -2.214     -6.503      0.000
 342  342     -2.206     -0.519      0.000
 343   -2     -2.180     -1.796      0.000
 344  344     -2.172     -1.682      0.000
 345  343     -2.165      7.454      0.000
 346  346     -2.041     -6.462      0.000
 347   -2     -2.009      4.059      0.000
 348  350     -2.002      5.500      0.000
  -1  348     -2.002      6.250      0.000
  -1   -2     -1.985      0.425      0.000
 351  351     -1.984     -2.203      0.000
  -1  352     -1.979     -6.037      0.000
 353  356     -1.949      3.741      0.000
 354  353     -1.941     -0.047      0.000
 352   -2     -1.935     -4.337      0.000
 355  355     -1.933      5.333      0.000
 359  354     -1.927      0.461      0.000
 358   -2     -1.911     -6.062      0.000
 356  357     -1.892     -2.020      0.000
 357  358     -1.888     -2.411      0.000
 361  359     -1.854      1.479      0.000
  -1  360     -1.841      2.930      0.000
 363  361     -1.722      5.458      0.000
 362  364     -1.704      1.945      0.000
 364  363     -1.695      5.116      0.000
 368  362     -1.668     -8.071      0.000
 365   -2     -1.656      5.595      0.000
 366  367     -1.635     -5.239      0.000
 369   -2     -1.622      3.448      0.000
 370  366     -1.611     -7.068      0.000
 367  370     -1.604     -4.477      0.000
 372  369     -1.581      5.019      0.000
 374  372     -1.462     -4.447      0.000
 376  373     -1.448      1.272      0.000
 375  374     -1.434     -1.521      0.000
 377  375     -1.407     -3.448      0.000
 378  376     -1.370     -2.180      0.000
  -1   -2     -1.359      0.887      0.000
 379  377     -1.355      1.445      0.000
  -1  379     -1.296     -4.182      0.000
 381   -2     -1.248      0.777      0.000
 382  380     -1.182     -7.100      0.000
 384  381     -1.084     -2.980      0.000
 385  382     -1.054     -3.401      0.000
 383  384     -1.037     -1.691      0.000
  -1  383     -1.023      0.785      0.000
 386  385     -0.991      4.376      0.000
 387  386     -0.948     -6.292      0.000
  -1  387     -0.924     -3.508      0.000
 390  389     -0.704      1.027      0.000
 391  390     -0.686     -3.499      0.000
 392  391     -0.657      4.818      0.000
 396  392     -0.538     -7.394      0.000
 395  394     -0.520     -3.520      0.000
 398  395     -0.443      0.170      0.000
 399  396     -0.399      2.912      0.000
 400  397     -0.260     -3.668      0.000
 401  398     -0.224      4.209      0.000
 402  401     -0.130     -1.463      0.000
 405  399     -0.115     -2.429      0.000
 404  400     -0.111     -0.042      0.000
 403  402     -0.099     -4.664      0.000
 406  403     -0.084     -6.753      0.000
 407  404     -0.020     -2.734      0.000
 408  405     -0.014      1.794      0.000
 409  406      0.071      5.713      0.000
 410   -2      0.186     -1.006      0.000
 411  408      0.204     -7.251      0.000
 412  409      0.385     -8.130      0.000
 413  410      0.446     -2.338      0.000
  -1  411      0.455     -1.318      0.000
 414  412      0.577      3.640      0.000
 416  413      0.617      4.089      0.000
 417  414      0.661     -6.926      0.000
  -1   -2      0.691      6.739      0.000
 419   -2      0.709     -6.309      0.000
  -1  417      0.752      3.457      0.000
 421  418      0.775      6.868      0.000
 422  419      0.785     -4.362      0.000
 424  420      0.907      4.036      0.000
 428  421      0.955      4.251      0.000
 425  425      0.980      1.326      0.000
 427   -2      0.982      0.399      0.000
 426  424      0.982      7.491      0.000
 429  422      1.015     -6.607      0.000
 432   -2      1.016     -5.976      0.000
 430  426      1.048      6.528      0.000
 431  430      1.181     -3.241      0.000
 435  429      1.216      3.240      0.000
  -1   -2      1.241      4.845      0.000
 438  432      1.290      6.908      0.000
 439  433      1.292      1.262      0.000
 437  434      1.295      5.056      0.000
  -1   -2      1.366     -0.517      0.000
  -1   -2      1.369     -3.094      0.000
 441  438      1.380      3.470      0.000
 440  439      1.394     -4.017      0.000
 443  443      1.407     -2.850      0.000
 444  440      1.415      2.052      0.000
 445  442      1.429     -5.961      0.000
 447  441      1.438     -1.266      0.000
 446   -2      1.441     -6.942      0.000
 448  444      1.443     -7.956      0.000
 449  445      1.465      2.491      0.000
 450  446      1.501      1.771      0.000
 453  447      1.573     -7.930      0.000
 454  448      1.576     -7.046      0.000
 455   -2      1.583      5.697      0.000
 456  449      1.604      2.458      0.000
 458  450      1.635     -6.002      0.000
 460  452      1.651     -0.243      0.000
  -1  451      1.655     -8.167      0.000
  -1  453      1.663      2.150      0.000
 459  454      1.678     -0.737      0.000
 462  456      1.710     -6.521      0.000
 461  455      1.714      2.110      0.000
 463  457      1.733     -1.085      0.000
 464   -2      1.746     -5.757      0.000
 466   -2      1.762      5.318      0.000
 469  458      1.767     -7.723      0.000
  -1  459      1.772     -7.185      0.000
 471  460      1.775      6.775      0.000
 465  461      1.776     -5.518      0.000
 451   -2      1.794     -5.063      0.000
 467  463      1.797      8.007      0.000
 468  465      1.807     -2.390      0.000
 472  462      1.808     -6.205      0.000
 473   -2      1.842     -7.085      0.000
 474  467      1.897     -5.074      0.000
 478  469      1.930      3.461      0.000
 476  470      1.933     -0.843      0.000
 479  468      1.942      0.380      0.000
 480  471      1.975     -4.144      0.000
 482  472      1.987     -6.170      0.000
 481  474      1.997      1.569      0.000
 484  473      2.017     -7.591      0.000
 483   -2      2.034     -3.324      0.000
 487   -2      2.052     -0.007      0.000
 488  475      2.070      7.074      0.000
 490  476      2.094      3.171      0.000
 489  477      2.095     -1.513      0.000
 492  478      2.121     -7.217      0.000
 491  479      2.138     -3.546      0.000
 493  480      2.156      5.939      0.000
 494  482      2.179     -0.576      0.000
 495  481      2.203      4.939      0.000
  -1   -2      2.223      0.956      0.000
 497  484      2.241      1.900      0.000
  -1  483      2.242     -7.546      0.000
 500   -2      2.251      4.069      0.000
 499  485      2.264      7.653      0.000
 501  486      2.268     -0.183      0.000
  -1  487      2.272      8.232      0.000
 503  488      2.292      5.377      0.000
 504  489      2.311     -5.696      0.000
 506  491      2.368     -0.080      0.000
 505  492      2.369     -6.121      0.000
 507  493      2.388     -7.574      0.000
 509  495      2.398      4.784      0.000
 510  494      2.399      2.787      0.000
  -1  496      2.414      2.118      0.000
 511  497      2.418      5.378      0.000
 512  498      2.460     -4.303      0.000
 513  500      2.470      0.368      0.000
  -1  502      2.532     -4.416      0.000
 515  501      2.539     -7.384      0.000
 517  503      2.573     -3.967      0.000
 518  505      2.583     -4.569      0.000
 519  504      2.587      3.418      0.000
 516  506      2.592     -0.192      0.000
 521  507      2.619     -3.871      0.000
 522  508      2.659     -6.031      0.000
 523  510      2.683     -6.592      0.000
 524   -2      2.715      1.144      0.000
  -1   -2      2.718     -1.260      0.000
 525  511      2.729      2.105      0.000
  -1  513      2.761     -4.593      0.000
 528  512      2.765      4.723      0.000
 526  514      2.769     -5.174      0.000
 531   -2      2.795      7.614      0.000
 529  515      2.798      1.970      0.000
 530   -2      2.798     -0.172      0.000
  -1   -2      2.802      2.134      0.000
 532  516      2.851     -1.875      0.000
 533  518      2.900      3.966      0.000
  -1   -2      2.900     -5.714      0.000
 534  517      2.903     -1.072      0.000
 535  519      2.908      1.960      0.000
  -1   -2      2.920     -7.551      0.000
 536  521      2.920      5.801      0.000
 537  520      2.943     -3.317      0.000
 538  523      3.016     -1.621      0.000
 539  522      3.028     -2.922      0.000
 541  524      3.066      2.805      0.000
 540  525      3.067     -4.543      0.000
 542  526      3.088     -7.996      0.000
 543  529      3.125      6.073      0.000
 544  531      3.131     -5.296      0.000
 545  528      3.133     -0.806      0.000
 547  532      3.143     -8.014      0.000
 548  534      3.160      0.910      0.000
 549  533      3.165      3.014      0.000
  -1  536      3.167     -4.700      0.000
 550  535      3.185      8.275      0.000
  -1  538      3.203      0.786      0.000
 551  537      3.213     -1.027      0.000
 552  541      3.268     -4.685      0.000
  -1  542      3.280     -2.883      0.000
 555  539      3.280     -5.956      0.000
 554  543      3.288     -2.438      0.000
 556  540      3.293     -6.634      0.000
  -1   -2      3.294      7.455      0.000
 557  544      3.327     -7.525      0.000
  -1  545      3.336     -5.265      0.000
 558  546      3.371      6.644      0.000
 559  547      3.394     -4.058      0.000
 560  549      3.409      5.234      0.000
 562  550      3.437      2.633      0.000
 561  552      3.441      5.822      0.000
 563  551      3.451     -5.772      0.000
  -1   -2      3.461     -7.410      0.000
 564  554      3.467     -0.530      0.000
 565  555      3.475     -6.529      0.000
 566  556      3.539      5.019      0.000
 569  558      3.555     -2.017      0.000
 567  560      3.557      1.046      0.000
 568  559      3.558     -0.046      0.000
 572  557      3.565     -0.841      0.000
 571  562      3.575     -2.616      0.000
 570  564      3.577     -3.610      0.000
 573  561      3.577     -1.145      0.000
 574  563      3.588      4.053      0.000
  -1   -2      3.603      3.102      0.000
 576  565      3.605      3.197      0.000
 579  566      3.639     -7.626      0.000
 577  567      3.649      7.902      0.000
 581  571      3.682      0.948      0.000
 582  569      3.689     -0.615      0.000
 584  570      3.698     -2.897      0.000
 586  568      3.701     -5.759      0.000
 583  572      3.704     -3.045      0.000
  -1   -2      3.708      0.860      0.000
 587  573      3.721     -1.388      0.000
 585  575      3.728     -4.212      0.000
 588  574      3.731      7.703      0.000
 589  577      3.758      4.934      0.000
  -1   -2      3.758      3.712      0.000
 590  578      3.769     -7.660      0.000
 591  579      3.777      5.243      0.000
 592  580      3.801      1.763      0.000
 593  581      3.824     -1.923      0.000
 594  582      3.852      3.009      0.000
 595   -2      3.882      4.122      0.000
 596  583      3.890     -0.144      0.000
 597  584      3.907      3.138      0.000
 599   -2      3.913     -7.991      0.000
 598  585      3.917     -7.868      0.000
 601  586      3.958     -0.758      0.000
 602  587      3.971     -1.167      0.000
 603  588      3.982      4.917      0.000
 604  589      3.987      8.108      0.000
 605  590      4.061     -1.138      0.000
 607  592      4.069     -7.276      0.000
 606  593      4.083      0.575      0.000
 609  594      4.123     -6.042      0.000
  -1   -2      4.137      6.654      0.000
 610  595      4.142     -4.611      0.000
  -1   -2      4.142     -6.224      0.000
 612  596      4.157     -5.979      0.000
 614  597      4.170     -4.269      0.000
 611   -2      4.174     -8.145      0.000
 615  598      4.176      2.180      0.000
 618  599      4.195     -6.728      0.000
 617  601      4.202     -2.033      0.000
 620  602      4.214     -7.909      0.000
 621  604      4.241     -4.359      0.000
 622  603      4.246     -1.816      0.000
 623  605      4.260     -4.097      0.000
 624  606      4.293      8.349      0.000
 625  608      4.317     -4.479      0.000
 627  607      4.318     -1.619      0.000
 628  609      4.348      2.196      0.000
 630  610      4.373      4.657      0.000
 631  612      4.400      7.806      0.000
 632  615      4.436      3.029      0.000
 633  614      4.437     -1.015      0.000
 634  613      4.437      4.824      0.000
  -1  616      4.440      4.435      0.000
 635  617      4.450      8.024      0.000
  -1   -2      4.457     -5.980      0.000
 637  618      4.469      0.062      0.000
 638  619      4.473      6.365      0.000
 636   -2      4.475     -4.162      0.000
 639  620      4.483     -7.112      0.000
  -1  621      4.501     -4.666      0.000
 642   -2      4.535      3.338      0.000
 644  622      4.548     -2.725      0.000
 641  623      4.550      1.874      0.000
 645  625      4.566     -1.461      0.000
 646  626      4.571      2.679      0.000
  -1  624      4.572      3.346      0.000
 643  628      4.578      0.638      0.000
 647  627      4.586      0.076      0.000
 648  629      4.615      2.872      0.000
 649  630      4.628      2.630      0.000
 650  631      4.660     -5.199      0.000
 651  632      4.668     -3.374      0.000
 652  633      4.698      0.542      0.000
 653  634      4.724      3.072      0.000
 654  635      4.749      8.333      0.000
  -1  638      4.800     -3.645      0.000
 655  639      4.824     -7.644      0.000
 656  640      4.881      5.120      0.000
 657  641      4.884     -5.226      0.000
  -1  644      4.899      3.620      0.000
 658  643      4.900      5.249      0.000
 659  642      4.904      1.075      0.000
 660  645      4.907      1.537      0.000
 661  649      4.936     -2.792      0.000
 662  647      4.941     -6.522      0.000
 663  648      4.964     -4.919      0.000
 664  650      5.011     -3.458      0.000
 666  651      5.020      8.095      0.000
 668  652      5.031     -5.769      0.000
 670  656      5.060      2.026      0.000
 671  657      5.064      7.209      0.000
 672  658      5.071      6.930      0.000
 673  659      5.159     -5.806      0.000
 674  660      5.176      6.437      0.000
 675  661      5.181      6.843      0.000
 676  662      5.193     -3.018      0.000
 677  663      5.218      1.601      0.000
 678  664      5.252      7.076      0.000
 680  665      5.279      2.421      0.000
  -1  667      5.296      2.596      0.000
 681  666      5.303     -6.953      0.000
 682  669      5.319     -7.655      0.000
 683  671      5.342      5.822      0.000
 684  672      5.350     -2.877      0.000
 686  673      5.376     -0.089      0.000
 687  674      5.425      2.009      0.000
 689  675      5.433     -6.624      0.000
 688  676      5.443      6.057      0.000
 690  677      5.445      1.403      0.000
 691  679      5.468     -7.892      0.000
 692  680      5.512      2.069      0.000
 693  681      5.523      4.501      0.000
 694  682      5.586     -8.230      0.000
 695  683      5.603      6.983      0.000
 696  684      5.619      3.947      0.000
 697  686      5.634     -0.636      0.000
 698  685      5.637     -5.813      0.000
 699  687      5.659     -3.148      0.000
 700  688      5.670     -5.461      0.000
 701  689      5.712      4.614      0.000
 702  690      5.746     -2.434      0.000
 703  691      5.791     -0.983      0.000
 704  692      5.793      1.780      0.000
 705  695      5.841     -7.982      0.000
 706  693      5.845     -6.346      0.000
 708  694      5.849     -6.452      0.000
 707  696      5.854      2.002      0.000
 709  697      5.858      5.077      0.000
 711  698      5.861     -7.318      0.000
 710  699      5.865     -8.392      0.000
 712  700      5.868     -0.744      0.000
 713  702      5.945     -5.283      0.000
 714  703      5.951      2.750      0.000
 715  704      5.964     -6.136      0.000
 716  705      5.984     -4.320      0.000
 717   -2      5.991      0.238      0.000
 720  709      6.013     -3.029      0.000
 721  707      6.013      4.660      0.000
 722  710      6.032     -0.462      0.000
 723  711      6.118      1.723      0.000
 724   -2      6.123     -4.324      0.000
 725  712      6.136     -6.604      0.000
 726  713      6.159      3.880      0.000
 727  714      6.164     -4.207      0.000
 728  715      6.180      3.213      0.000
 729  716      6.184      0.308      0.000
 730  717      6.209     -6.462      0.000
 731  718      6.251      7.280      0.000
 732  719      6.252     -2.118      0.000
 733  720      6.265     -2.912      0.000
 734  721      6.267     -6.509      0.000
 735  723      6.343      2.387      0.000
 736  725      6.362     -4.253      0.000
  -1  724      6.364     -2.901      0.000
 737  726      6.377      7.030      0.000
 738  727      6.420     -4.868      0.000
 739  728      6.453     -5.937      0.000
 740  729      6.469     -5.309      0.000
 741  731      6.488      5.515      0.000
 742  732      6.521     -1.296      0.000
 743  733      6.522      4.686      0.000
 744  734      6.546     -6.036      0.000
 745   -2      6.554     -1.269      0.000
 746  735      6.559      2.149      0.000
 748  736      6.597      2.894      0.000
 749  737      6.598     -5.116      0.000
 750  738      6.614     -5.306      0.000
 751  739      6.631     -6.191      0.000
 752  740      6.649      5.658      0.000
 753  741      6.653     -5.481      0.000
 754  742      6.695      6.599      0.000
 755  743      6.697      0.455      0.000
 756  744      6.706      3.205      0.000
 757  745      6.713     -1.868      0.000
 758  746      6.726     -6.025      0.000
 759  747      6.734      3.323      0.000
 760  748      6.735      2.078      0.000
 762  749      6.764     -3.787      0.000
 747   -2      6.765     -0.552      0.000
 763  751      6.783     -0.753      0.000
 764  752      6.817     -4.750      0.000
 766  753      6.835     -7.942      0.000
 767  754      6.866      3.641      0.000
 768   -2      6.883     -2.622      0.000
 769  755      6.886     -0.893      0.000
  -1  757      6.888      6.169      0.000
 770  756      6.899     -0.063      0.000
 772  758      6.917     -0.668      0.000
 771   -2      6.917      6.200      0.000
 773  759      6.946      0.453      0.000
 774   -2      6.958      2.109      0.000
  -1  760      6.971     -6.564      0.000
 775  761      6.979     -5.768      0.000
 776  762      6.982     -8.415      0.000
 777  763      6.988      3.438      0.000
  -1   -2      7.000      6.648      0.000
 778  765      7.017      2.068      0.000
 779  766      7.022     -5.970      0.000
 780  767      7.028     -4.012      0.000
 781  768      7.045     -8.323      0.000
 782  769      7.111     -6.134      0.000
 783  770      7.124      7.559      0.000
 784   -2      7.126      6.515      0.000
  -1  771      7.153      6.555      0.000
 786  772      7.178      0.215      0.000
 787  773      7.178     -3.949      0.000
 788  774      7.228     -4.376      0.000
 789   -2      7.232      5.005      0.000
 790  775      7.236      4.390      0.000
 791   -2      7.251     -7.178      0.000
 792  776      7.260      6.757      0.000
 793  777      7.287      5.644      0.000
 794  778      7.296     -0.130      0.000
 796  779      7.342      3.564      0.000
  -1   -2      7.346     -6.365      0.000
 798  781      7.352      1.434      0.000
 797  782      7.353     -0.666      0.000
 799  783      7.394      2.086      0.000
 800  784      7.418     -5.721      0.000
 802  785      7.464      4.797      0.000
 801  786      7.475      5.289      0.000
 803  787      7.479      4.441      0.000
 804  788      7.503     -2.882      0.000
 805  789      7.521     -8.320      0.000
 806  790      7.527     -1.527      0.000
 807  791      7.551      1.277      0.000
 808  792      7.582      4.771      0.000
 809  793      7.592      1.768      0.000
 810  794      7.610      2.297      0.000
 811  797      7.683     -8.119      0.000
 812  795      7.686      7.759      0.000
 813  796      7.690     -7.859      0.000
 814  798      7.746      8.268      0.000
  -1   -2      7.765      0.144      0.000
 817  800      7.804     -0.837      0.000
 818  801      7.817      6.744      0.000
 819  802      7.868     -4.981      0.000
  -1  803      7.880     -2.981      0.000
  -1  804      7.892     -2.091      0.000
 821   -2      7.971     -0.708      0.000
 820  806      7.970     -6.835      0.000
 823  807      7.973     -0.418      0.000
 822  808      7.973      7.163      0.000
 824  810      7.986     -5.611      0.000
 825  809      7.987     -1.176      0.000
 826  811      8.004      1.040      0.000
 827  812      8.009     -7.568      0.000
 828   -2      8.036     -0.612      0.000
 829  813      8.053      4.399      0.000
 830  814      8.068      3.178      0.000
 831  815      8.081      3.145      0.000
 832  816      8.091     -4.751      0.000
 833  817      8.106     -0.220      0.000
 834  818      8.112     -4.511      0.000
 835  819      8.156      2.518      0.000
 836  821      8.159      4.627      0.000
 837  820      8.160      3.249      0.000
 838   -2      8.174     -7.226      0.000
 839  822      8.183     -6.287      0.000
 840   -2      8.190      6.219      0.000
 841  823      8.196      4.814      0.000
  -1   -2      8.206     -7.776      0.000
 843  824      8.230     -6.010      0.000
 844  825      8.233     -3.380      0.000
 845  826      8.236      7.276      0.000
 846  827      8.270     -1.877      0.000
 847  828      8.274     -7.313      0.000
 849  830      8.306     -4.373      0.000
 850  831      8.319      7.044      0.000
 851  832      8.322      1.355      0.000
 852  833      8.342      7.597      0.000
 853  834      8.346      8.201      0.000
 854  835      8.365     -8.192      0.000
 855  836      8.371     -0.146      0.000
 856  837      8.376      0.686      0.000
 857  838      8.387     -4.615      0.000
 858  839      8.403      1.109      0.000
