863
   0    0     -8.396      7.539      0.000
   1    1     -8.380     -6.894      0.000
   2    2     -8.362     -3.311      0.000
   3    3     -8.351     -8.158      0.000
   4    4     -8.337     -4.633      0.000
   6    5     -8.284      0.543      0.000
   7   -2     -8.283     -1.578      0.000
   8    6     -8.270      6.850      0.000
   9    7     -8.243     -8.255      0.000
  10    8     -8.227      4.229      0.000
  11    9     -8.210     -7.937      0.000
  12   10     -8.194      1.552      0.000
  13   12     -8.169     -3.044      0.000
  14   11     -8.168      4.422      0.000
  15   13     -8.137      6.495      0.000
  17   14     -8.110     -2.507      0.000
  16   15     -8.107      2.621      0.000
  18   16     -8.067      1.351      0.000
  20   17     -8.036     -7.405      0.000
  21   18     -8.033      2.239      0.000
  22   19     -8.005     -6.257      0.000
  23   20     -7.991      6.569      0.000
  24   21     -7.972     -3.823      0.000
  25   22     -7.951      5.665      0.000
  26   23     -7.911     -0.956      0.000
  27   24     -7.887      0.821      0.000
  28   25     -7.880      2.321      0.000
  29   26     -7.879     -0.179      0.000
  -1   27     -7.854     -6.116      0.000
  31   28     -7.845      4.092      0.000
  32   30     -7.825      3.866      0.000
  33   32     -7.805     -6.168      0.000
  34   31     -7.804     -4.847      0.000
  35   33     -7.796      4.993      0.000
  36   34     -7.791      2.493      0.000
  37   35     -7.771     -2.755      0.000
  38   36     -7.762     -6.258      0.000
  39   37     -7.759     -5.144      0.000
  41   38     -7.748     -6.735      0.000
  40   39     -7.749      1.976      0.000
  43   40     -7.744     -4.633      0.000
  44   41     -7.743      7.143      0.000
  42   42     -7.742      5.235      0.000
  45   43     -7.713     -0.685      0.000
  46   -2     -7.694      7.122      0.000
  47   44     -7.682      6.654      0.000
  49   45     -7.585     -6.899      0.000
  -1   -2     -7.562      0.420      0.000
  50   47     -7.535     -0.001      0.000
  51   46     -7.533      8.231      0.000
  52   48     -7.528     -0.694      0.000
  -1   49     -7.514     -5.444      0.000
  53   50     -7.497     -1.104      0.000
  54   51     -7.472      7.994      0.000
  55   52     -7.472      3.621      0.000
  56   54     -7.427      3.849      0.000
  57   -2     -7.401      3.984      0.000
  58   55     -7.398     -1.438      0.000
  59   56     -7.379      3.680      0.000
  60   57     -7.359     -6.207      0.000
  -1   58     -7.346      2.315      0.000
  61   60     -7.317     -5.098      0.000
  62   59     -7.316     -5.409      0.000
  63   61     -7.307      3.856      0.000
  64   62     -7.299      5.397      0.000
  65   -2     -7.278      0.097      0.000
  66   63     -7.255     -8.389      0.000
  67   65     -7.244      6.140      0.000
  68   64     -7.244      3.242      0.000
  69   66     -7.216     -7.969      0.000
  70   68     -7.171      7.650      0.000
  72   69     -7.157     -8.130      0.000
  -1   70     -7.157     -6.763      0.000
  71   71     -7.155      6.086      0.000
  73   72     -7.145      4.739      0.000
  74   74     -7.140      4.042      0.000
  75   73     -7.140     -7.754      0.000
  76   75     -7.128      7.295      0.000
  77   76     -7.124     -2.419      0.000
  78   78     -7.107      7.456      0.000
  79   79     -7.090      4.987      0.000
  80   80     -7.041     -5.433      0.000
  82   81     -7.014      1.961      0.000
  81   82     -7.012      0.022      0.000
  83   83     -6.997     -6.791      0.000
  84   84     -6.987      4.430      0.000
  85   85     -6.979     -6.618      0.000
  86   88     -6.971     -2.410      0.000
  87   87     -6.970      4.336      0.000
  88   89     -6.955     -0.389      0.000
  89   90     -6.949      5.112      0.000
  90   91     -6.924     -2.701      0.000
  91   92     -6.914      5.413      0.000
  92   -2     -6.910      3.376      0.000
  93   93     -6.895     -0.835      0.000
  94   94     -6.891      2.894      0.000
  96   96     -6.873     -6.475      0.000
  97   97     -6.860     -1.216      0.000
  98   98     -6.838      7.550      0.000
  99   99     -6.821     -7.519      0.000
 100  100     -6.791      1.303      0.000
 101  101     -6.785     -5.451      0.000
 102  102     -6.757      2.410      0.000
 103  103     -6.736      7.616      0.000
 104  104     -6.721     -0.886      0.000
 105  105     -6.719      3.562      0.000
  -1  106     -6.709      4.290      0.000
  -1  107     -6.700     -3.047      0.000
 106  108     -6.679      1.666      0.000
 107  109     -6.677      1.350      0.000
 108  110     -6.633      3.541      0.000
 109  111     -6.628      2.373      0.000
 110  112     -6.599      5.772      0.000
 111  113     -6.581      6.974      0.000
 112  114     -6.579     -4.364      0.000
 113  115     -6.550     -6.373      0.000
  -1   -2     -6.531     -1.407      0.000
 115  116     -6.509     -6.253      0.000
 116  117     -6.503      7.614      0.000
 117  118     -6.499      3.057      0.000
 118  119     -6.480     -4.785      0.000
 119  120     -6.423      0.138      0.000
  -1  121     -6.385     -3.573      0.000
  -1   -2     -6.366     -6.633      0.000
 120  123     -6.360      4.874      0.000
 122  124     -6.347     -7.887      0.000
 121  126     -6.335     -0.499      0.000
 123  125     -6.331      8.134      0.000
 124  127     -6.285     -5.852      0.000
 125  128     -6.283      0.096      0.000
 126  130     -6.264      0.332      0.000
 128   -2     -6.247     -7.898      0.000
 127  131     -6.247     -1.667      0.000
 129  132     -6.229      0.983      0.000
 130  133     -6.198      2.495      0.000
 131   -2     -6.183     -4.599      0.000
 132  134     -6.169      4.875      0.000
 133  136     -6.163     -5.273      0.000
 134  135     -6.162      3.365      0.000
 135  137     -6.152      2.732      0.000
 136  138     -6.139     -7.665      0.000
  -1   -2     -6.134      7.953      0.000
 137  139     -6.102      7.351      0.000
 138  140     -6.100      1.236      0.000
  -1   -2     -6.092     -7.152      0.000
  -1  147     -6.086     -4.691      0.000
 139  142     -6.073      6.277      0.000
 140  143     -6.043      3.700      0.000
 141  144     -6.016      7.848      0.000
 142  145     -6.009     -7.758      0.000
 143  146     -5.995     -7.346      0.000
 150   -2     -5.972     -4.652      0.000
 144  148     -5.960      3.078      0.000
 146  149     -5.952      6.805      0.000
 145  150     -5.952     -0.468      0.000
 147  151     -5.938     -6.361      0.000
 148  152     -5.920     -7.368      0.000
 149  153     -5.910      4.854      0.000
 151  154     -5.890     -5.902      0.000
 152  155     -5.870     -0.035      0.000
 154  156     -5.854     -7.374      0.000
 155  157     -5.844     -1.668      0.000
 156  158     -5.833      4.697      0.000
 157  159     -5.823      0.610      0.000
 158  160     -5.820     -1.913      0.000
 160  161     -5.777     -7.906      0.000
 161  162     -5.759     -5.871      0.000
 162  163     -5.713     -4.134      0.000
 163  164     -5.696      7.401      0.000
 164  165     -5.680      1.908      0.000
 165  166     -5.663      5.746      0.000
 166  167     -5.642      0.737      0.000
 167  168     -5.609     -0.892      0.000
 168  169     -5.603     -1.787      0.000
 169  170     -5.593      7.236      0.000
 170  171     -5.580     -2.468      0.000
 171  172     -5.565      0.280      0.000
 172  173     -5.561      6.030      0.000
 173  174     -5.528      2.667      0.000
 175  175     -5.524     -3.113      0.000
 174  176     -5.522     -4.965      0.000
 176  178     -5.485     -0.684      0.000
 177  179     -5.466      4.798      0.000
 178   -2     -5.461     -7.604      0.000
 179  180     -5.442      5.225      0.000
 181  181     -5.415     -1.373      0.000
 182  183     -5.380     -8.163      0.000
 183  187     -5.352     -0.606      0.000
 186  185     -5.333     -6.007      0.000
 184  188     -5.328      3.811      0.000
 185  189     -5.314     -3.056      0.000
 187  191     -5.273      2.064      0.000
 188   -2     -5.255      0.698      0.000
 190   -2     -5.253     -2.455      0.000
 189  192     -5.246     -3.784      0.000
 192  193     -5.200     -1.611      0.000
 191  194     -5.198     -4.686      0.000
 193  195     -5.143     -6.678      0.000
 194  197     -5.117     -4.796      0.000
 195  196     -5.110     -3.904      0.000
 196  198     -5.095     -5.179      0.000
 197  199     -5.088     -0.081      0.000
 198  201     -5.059      7.284      0.000
 199  202     -5.040     -0.014      0.000
 200  203     -5.037      1.559      0.000
 201  205     -5.023      0.531      0.000
  -1  204     -5.014     -7.787      0.000
 204  206     -5.000     -7.885      0.000
 203  207     -4.986      5.112      0.000
 202  208     -4.980     -3.412      0.000
 207  212     -4.965     -4.337      0.000
 205  211     -4.962     -0.327      0.000
 206  210     -4.962      3.929      0.000
 208  213     -4.945      3.736      0.000
  -1   -2     -4.920     -4.164      0.000
 211  214     -4.909      8.382      0.000
 209  216     -4.909     -4.344      0.000
 210  218     -4.906     -1.335      0.000
 212  217     -4.893      8.224      0.000
 214   -2     -4.882     -2.835      0.000
 213   -2     -4.873     -1.400      0.000
 215  219     -4.873      0.677      0.000
 216  223     -4.833     -4.302      0.000
 217  222     -4.829      1.636      0.000
 218  221     -4.825      3.820      0.000
 219  220     -4.824     -5.817      0.000
 220  224     -4.808      0.074      0.000
 222  225     -4.786      0.409      0.000
 221  226     -4.783     -5.040      0.000
 223  227     -4.772     -4.317      0.000
 224  228     -4.711      4.497      0.000
  -1  229     -4.697      2.662      0.000
 226  230     -4.658      5.787      0.000
 227  231     -4.654      2.653      0.000
 225  234     -4.649     -5.153      0.000
 229  233     -4.643      2.192      0.000
 230  232     -4.641      3.570      0.000
 228  236     -4.635     -6.910      0.000
 231  235     -4.629      3.390      0.000
 232  237     -4.616     -4.832      0.000
 233  239     -4.579      2.517      0.000
 237  240     -4.512     -6.592      0.000
 235  242     -4.500      2.170      0.000
 236  243     -4.492      0.617      0.000
 238  241     -4.488     -8.224      0.000
 239  244     -4.453     -6.171      0.000
  -1  245     -4.452     -6.058      0.000
 240  246     -4.434     -6.806      0.000
 241  247     -4.394      0.853      0.000
 243  249     -4.364      3.490      0.000
 245  248     -4.360     -2.818      0.000
 242  251     -4.356     -4.394      0.000
 246  253     -4.319      1.027      0.000
 248  254     -4.307     -4.480      0.000
 249   -2     -4.305      2.407      0.000
 250  255     -4.290      1.155      0.000
 251  256     -4.274      0.622      0.000
  -1   -2     -4.263     -7.125      0.000
 253   -2     -4.218     -4.530      0.000
 255  257     -4.151     -1.269      0.000
 256  259     -4.121     -2.555      0.000
 257  258     -4.116      3.351      0.000
  -1   -2     -4.079     -0.487      0.000
 259  261     -4.075      5.741      0.000
 258  260     -4.072      2.597      0.000
 263  262     -4.048     -6.564      0.000
 260  264     -4.046      2.071      0.000
 261  263     -4.041      1.623      0.000
 262  265     -4.034      5.653      0.000
 265   -2     -4.011      3.255      0.000
 266   -2     -4.009     -1.516      0.000
 267  266     -3.979     -6.228      0.000
 269   -2     -3.974     -7.978      0.000
 268  268     -3.959      5.358      0.000
  -1  267     -3.957      4.193      0.000
 270  269     -3.948      5.205      0.000
 271   -2     -3.920     -7.391      0.000
 272  271     -3.874      2.869      0.000
 273  270     -3.866     -8.179      0.000
 276  273     -3.810     -8.214      0.000
 274  274     -3.805      2.179      0.000
 277  278     -3.776      8.279      0.000
 278  277     -3.761     -7.535      0.000
 281  280     -3.708     -2.149      0.000
 279  281     -3.708     -0.191      0.000
 282  283     -3.690     -1.327      0.000
 280  284     -3.677      7.839      0.000
 284  282     -3.677     -7.288      0.000
 283  285     -3.675     -3.712      0.000
 286  287     -3.628     -4.638      0.000
 287  288     -3.613     -4.398      0.000
 288  289     -3.585      0.787      0.000
  -1   -2     -3.536     -0.991      0.000
 289  290     -3.519      8.191      0.000
 290  291     -3.506      6.380      0.000
 291  292     -3.486      2.961      0.000
 295  295     -3.390     -2.628      0.000
  -1   -2     -3.364     -2.073      0.000
 296  298     -3.351     -0.006      0.000
 297  301     -3.339      0.206      0.000
 299  297     -3.335      0.845      0.000
 298   -2     -3.334     -2.675      0.000
 300  300     -3.325      3.938      0.000
  -1  299     -3.321     -6.128      0.000
 301  302     -3.314      5.451      0.000
 302  303     -3.305      2.631      0.000
  -1  304     -3.301      6.265      0.000
 303  305     -3.269      4.585      0.000
 304  306     -3.218     -2.784      0.000
 305  307     -3.198      2.506      0.000
 306  308     -3.170     -6.118      0.000
 307  313     -3.116      0.297      0.000
  -1  315     -3.113     -4.570      0.000
 308  312     -3.105      2.441      0.000
 311   -2     -3.105      6.119      0.000
 310  310     -3.100      1.963      0.000
 312  314     -3.091      3.871      0.000
 314  309     -3.087     -7.722      0.000
 309   -2     -3.079     -4.606      0.000
 313  316     -3.077      3.021      0.000
 315  317     -3.058      7.992      0.000
 317   -2     -3.046     -5.999      0.000
 316  319     -3.036     -3.405      0.000
 318  318     -3.033     -0.482      0.000
 320  320     -2.915     -0.289      0.000
 322   -2     -2.895      4.550      0.000
 323  322     -2.891     -6.459      0.000
 321  323     -2.884     -2.821      0.000
 324  325     -2.835     -3.294      0.000
 327  324     -2.825      2.613      0.000
 325  326     -2.822      7.179      0.000
 326  328     -2.809      7.950      0.000
 328  327     -2.799     -0.506      0.000
  -1  329     -2.785      8.385      0.000
 329  331     -2.762     -8.057      0.000
 331  330     -2.745      6.326      0.000
 330  333     -2.713      5.691      0.000
 332  334     -2.694      3.476      0.000
 333  335     -2.679     -6.246      0.000
 334  336     -2.657      6.702      0.000
 335   -2     -2.645     -4.934      0.000
 336  337     -2.631     -8.123      0.000
  -1  338     -2.618      8.374      0.000
 337  339     -2.595     -4.622      0.000
 338  341     -2.560      0.197      0.000
 339  340     -2.558      8.170      0.000
 340  343     -2.540     -7.673      0.000
 349  342     -2.540     -6.469      0.000
 341  344     -2.479      7.891      0.000
 343  346     -2.454     -3.691      0.000
 344  345     -2.448      1.823      0.000
 347  350     -2.382      0.636      0.000
 350  348     -2.378     -6.777      0.000
 348  351     -2.375     -5.287      0.000
  -1  352     -2.341     -2.792      0.000
 351  349     -2.341      1.002      0.000
  -1   -2     -2.333     -8.059      0.000
 353  353     -2.293      2.757      0.000
  -1   -2     -2.266      0.024      0.000
 352  355     -2.262     -3.402      0.000
 354  356     -2.242     -7.498      0.000
 356  354     -2.235      1.274      0.000
 355  357     -2.235      5.667      0.000
 357  358     -2.199     -4.691      0.000
 359  360     -2.159      4.931      0.000
 358  359     -2.151     -2.426      0.000
 361  362     -2.114     -2.191      0.000
 362  361     -2.101      6.541      0.000
 363   -2     -2.066     -7.113      0.000
 364  363     -2.011      6.229      0.000
  -1  365     -1.989     -5.101      0.000
 365  366     -1.950      1.493      0.000
 367  367     -1.880     -6.893      0.000
 369  368     -1.815      0.595      0.000
 368  371     -1.800      6.356      0.000
 370  370     -1.792     -5.083      0.000
 372  369     -1.786     -6.674      0.000
  -1   -2     -1.734      6.258      0.000
 373  373     -1.729      3.170      0.000
 375   -2     -1.719      1.795      0.000
  -1  375     -1.683      2.287      0.000
 377  376     -1.655     -6.235      0.000
 376   -2     -1.631     -3.142      0.000
 378  378     -1.603     -3.356      0.000
 380  377     -1.596     -4.009      0.000
  -1   -2     -1.592      0.178      0.000
 381   -2     -1.591      3.119      0.000
  -1  381     -1.529      1.512      0.000
 382  382     -1.513     -0.533      0.000
 383  383     -1.470      2.167      0.000
  -1  384     -1.342     -1.734      0.000
 384  388     -1.241     -2.336      0.000
 385  386     -1.240     -8.303      0.000
 387  387     -1.227      2.545      0.000
 388  385     -1.212     -5.299      0.000
 386   -2     -1.199      4.071      0.000
 389  389     -1.149     -5.007      0.000
 390  390     -1.139     -6.846      0.000
  -1   -2     -1.076      3.188      0.000
 392  392     -0.993      3.618      0.000
  -1  394     -0.813      6.453      0.000
 394  393     -0.807     -5.270      0.000
 393  397     -0.772     -0.623      0.000
 395  395     -0.772     -7.926      0.000
 396  399     -0.708      7.098      0.000
 397  398     -0.705     -4.363      0.000
 399  400     -0.676     -6.752      0.000
 398  401     -0.669     -3.945      0.000
  -1   -2     -0.543     -4.482      0.000
 402  404     -0.506     -5.864      0.000
 403  405     -0.406     -3.391      0.000
 404  407     -0.360     -7.733      0.000
 406  406     -0.284     -7.177      0.000
 407  408     -0.270     -6.640      0.000
 405  409     -0.247     -2.518      0.000
 409  410     -0.181     -7.622      0.000
 408  412     -0.133      4.010      0.000
 410  413     -0.050     -0.418      0.000
  -1  414     -0.007     -5.403      0.000
 411   -2      0.033     -6.174      0.000
 414  416      0.166      1.727      0.000
 413  417      0.182      4.454      0.000
 412  418      0.204     -7.491      0.000
 415  419      0.264     -4.929      0.000
 418   -2      0.524     -6.371      0.000
 417   -2      0.533      3.680      0.000
 416  420      0.537     -4.824      0.000
 419  422      0.596     -1.600      0.000
 420  421      0.607      5.812      0.000
 421  423      0.669     -5.945      0.000
 422  426      0.731     -0.828      0.000
 423  427      0.751     -4.207      0.000
  -1  425      0.762     -5.868      0.000
 425  429      0.796     -2.365      0.000
 427  430      0.931     -7.955      0.000
 428  433      0.991     -2.615      0.000
 426  432      1.002      0.490      0.000
  -1  434      1.019     -4.500      0.000
 429  436      1.042      5.974      0.000
 430  435      1.045     -1.447      0.000
 433  437      1.078     -5.129      0.000
 432  439      1.085     -7.027      0.000
 434  438      1.092      2.883      0.000
  -1   -2      1.110      2.250      0.000
 438  440      1.154      5.750      0.000
 439  441      1.175      2.735      0.000
 440  443      1.207     -3.884      0.000
  -1   -2      1.213     -1.967      0.000
 441  444      1.259     -6.857      0.000
  -1  445      1.293      6.421      0.000
 443  451      1.294     -4.463      0.000
 442  453      1.298     -0.551      0.000
 444  449      1.303     -2.612      0.000
 446  447      1.305      0.393      0.000
  -1  450      1.308     -3.672      0.000
 445  448      1.310     -0.301      0.000
 447  446      1.312      3.897      0.000
 448  452      1.341     -8.071      0.000
 450   -2      1.369     -8.411      0.000
 451  455      1.400      7.344      0.000
 449  458      1.441      3.964      0.000
 454  456      1.459      3.034      0.000
 452  457      1.459     -0.506      0.000
  -1  459      1.540      6.553      0.000
 456  460      1.543     -3.223      0.000
 457  461      1.567      7.817      0.000
 458   -2      1.606     -4.945      0.000
 459   -2      1.627      0.477      0.000
 461  462      1.649      2.514      0.000
 462  463      1.655     -5.068      0.000
 460  465      1.671     -1.723      0.000
 467  464      1.704     -6.066      0.000
 465  469      1.730     -0.075      0.000
 469  467      1.741      7.338      0.000
 468  473      1.761      1.407      0.000
 470  471      1.761     -7.221      0.000
 471  470      1.761      0.310      0.000
 472  472      1.777      4.985      0.000
 473  475      1.820     -4.525      0.000
 474  474      1.825      0.646      0.000
  -1  476      1.845      3.157      0.000
 463   -2      1.871     -6.970      0.000
 476  478      1.875     -3.211      0.000
 475  482      1.884      0.429      0.000
 478  477      1.885      5.703      0.000
  -1  481      1.889      2.136      0.000
 479  479      1.903     -5.261      0.000
  -1   -2      1.903     -8.332      0.000
  -1  484      1.961      3.915      0.000
 481   -2      2.000      2.842      0.000
 483  487      2.004      0.335      0.000
 485  488      2.013      6.301      0.000
 484  489      2.021      4.012      0.000
 486  486      2.022      4.407      0.000
 487  490      2.052     -5.166      0.000
 488  491      2.057     -7.590      0.000
  -1  492      2.108     -1.826      0.000
 490  494      2.112      7.262      0.000
 489  495      2.112      0.895      0.000
  -1   -2      2.114      7.899      0.000
 492  493      2.121      6.069      0.000
 491  496      2.124     -1.393      0.000
 494  497      2.136     -0.715      0.000
 493  498      2.148     -4.091      0.000
 495  500      2.174     -0.526      0.000
 497  499      2.178     -7.070      0.000
 499  501      2.182      5.763      0.000
 496  503      2.196     -7.920      0.000
 500   -2      2.202      6.382      0.000
 498  502      2.203      4.297      0.000
 501  505      2.268     -1.937      0.000
 502  504      2.286     -7.920      0.000
 503  506      2.303     -3.370      0.000
 504  507      2.321      5.106      0.000
 505  508      2.322     -5.485      0.000
 506  509      2.339      5.861      0.000
 511   -2      2.404     -1.307      0.000
 510  510      2.407      5.599      0.000
 509  512      2.419      0.617      0.000
 515  511      2.441     -3.437      0.000
 513  514      2.446      4.023      0.000
 514  513      2.448     -3.871      0.000
 512  515      2.459     -1.930      0.000
 517   -2      2.511      3.635      0.000
 516  516      2.528     -3.340      0.000
 518  518      2.553      3.990      0.000
 519  517      2.565     -5.287      0.000
 520  520      2.598      6.793      0.000
 521  519      2.610      2.795      0.000
 522  521      2.629      2.139      0.000
 523  522      2.637      4.848      0.000
  -1  523      2.669     -6.932      0.000
 525  524      2.692      7.431      0.000
  -1  525      2.703      4.604      0.000
 526   -2      2.732      5.631      0.000
 528  528      2.829     -0.069      0.000
 529  529      2.851     -6.563      0.000
 531  530      2.875      6.340      0.000
 532  534      2.894     -1.676      0.000
 535  532      2.894     -5.252      0.000
 533  535      2.896      4.621      0.000
 537  531      2.899     -6.161      0.000
 530  536      2.899     -1.530      0.000
  -1   -2      2.910      5.938      0.000
 538  537      2.944      7.126      0.000
 539  538      2.981     -2.644      0.000
 555   -2      3.030     -1.193      0.000
 540  540      3.033      5.564      0.000
 542  539      3.038     -7.358      0.000
  -1   -2      3.081     -4.556      0.000
 544  541      3.103      2.855      0.000
 545  543      3.110      6.135      0.000
 546  544      3.137     -7.239      0.000
  -1   -2      3.140      6.181      0.000
 549   -2      3.167      6.055      0.000
 550  545      3.169      5.601      0.000
 547  547      3.176     -3.923      0.000
 552  546      3.205     -7.414      0.000
 551  548      3.206      8.250      0.000
 553  549      3.231     -8.416      0.000
 557  552      3.322      2.981      0.000
 558  553      3.332     -5.522      0.000
 559  554      3.373      2.862      0.000
 560  556      3.396      6.637      0.000
 561  555      3.397     -2.183      0.000
 562  558      3.445      1.326      0.000
 563  557      3.455     -0.932      0.000
 564  559      3.477      5.859      0.000
 565  560      3.493     -6.228      0.000
 566  561      3.509     -5.623      0.000
 567  562      3.535     -0.484      0.000
 569  563      3.540      5.295      0.000
 571  564      3.586     -3.092      0.000
 572  565      3.606     -0.050      0.000
 570   -2      3.624     -3.832      0.000
 573  568      3.624      5.028      0.000
 574  566      3.627     -6.118      0.000
 575  569      3.641      2.583      0.000
 576  567      3.645     -7.046      0.000
  -1  571      3.659      2.001      0.000
 578  570      3.665     -5.446      0.000
 577  573      3.674      7.904      0.000
 580  574      3.688      4.048      0.000
 581  572      3.689     -2.187      0.000
  -1   -2      3.695     -6.459      0.000
 582  575      3.726     -1.871      0.000
 583  576      3.731     -2.646      0.000
 586  577      3.757     -1.061      0.000
 585  578      3.760     -0.580      0.000
 584  579      3.760      7.708      0.000
 587   -2      3.775     -2.251      0.000
 588  580      3.789     -7.653      0.000
 591  583      3.837      4.933      0.000
 592  582      3.838     -0.719      0.000
 593  584      3.849      5.254      0.000
 595  585      3.865     -1.298      0.000
 594  586      3.879      0.037      0.000
 596  587      3.904     -2.596      0.000
 597  590      3.930     -7.533      0.000
  -1  588      3.931     -7.480      0.000
  -1  589      3.943      2.374      0.000
  -1   -2      3.961     -1.802      0.000
 601  591      3.969     -5.569      0.000
 598  594      3.970     -7.352      0.000
 600  592      3.971      2.930      0.000
 603  595      4.007      0.664      0.000
 602  600      4.010     -8.181      0.000
 604  596      4.014      3.080      0.000
 605  597      4.014      8.103      0.000
 607  598      4.025     -0.080      0.000
 606  601      4.026     -7.704      0.000
 608  602      4.053      4.917      0.000
 609  604      4.074     -4.227      0.000
 611  603      4.086     -7.121      0.000
 610  606      4.091     -8.040      0.000
  -1  605      4.108     -5.478      0.000
 612  607      4.168     -1.022      0.000
 613   -2      4.182     -8.408      0.000
 614  608      4.245      2.225      0.000
 615  610      4.253      4.713      0.000
 616  611      4.277     -5.736      0.000
 617  612      4.304     -2.004      0.000
 619  613      4.310     -5.892      0.000
 618  614      4.317      8.337      0.000
  -1   -2      4.325     -2.157      0.000
 620  615      4.370     -1.739      0.000
  -1  616      4.400      4.667      0.000
 621  617      4.423      7.794      0.000
  -1   -2      4.433     -1.537      0.000
 622  618      4.436      4.643      0.000
 623  619      4.458      2.994      0.000
 624  620      4.467      0.754      0.000
 625  621      4.478      8.017      0.000
 626  622      4.482     -0.903      0.000
 627  623      4.506      4.816      0.000
 628   -2      4.507      0.053      0.000
 629  624      4.509      6.365      0.000
  -1   -2      4.514     -4.394      0.000
 631  625      4.537     -4.922      0.000
 632  626      4.552      8.006      0.000
 634  627      4.588      6.430      0.000
 636  629      4.611     -3.024      0.000
 637  628      4.616      3.315      0.000
  -1  630      4.620      0.069      0.000
 638  631      4.627      1.886      0.000
 639   -2      4.633     -1.443      0.000
 635  633      4.643      2.591      0.000
 640  634      4.649      2.826      0.000
 641  632      4.651     -7.138      0.000
  -1   -2      4.651     -7.826      0.000
 642  635      4.665      0.574      0.000
 643  636      4.683     -3.727      0.000
 644  637      4.706     -5.173      0.000
 645  638      4.731      0.766      0.000
 646   -2      4.748     -6.873      0.000
 648  639      4.773      3.037      0.000
 647  640      4.775      8.330      0.000
 652  641      4.820     -2.648      0.000
 651  642      4.835      1.123      0.000
 653  643      4.894     -3.398      0.000
 654  644      4.911     -8.262      0.000
 655  645      4.929      5.110      0.000
 656  646      4.932      3.591      0.000
 657  647      4.935      5.229      0.000
 659  648      4.978     -5.200      0.000
 660  649      4.982     -4.483      0.000
 661  650      4.988      1.504      0.000
 662  651      4.990      3.312      0.000
 663  653      5.002     -2.845      0.000
 664  652      5.006     -4.865      0.000
  -1  654      5.043     -8.402      0.000
 667  655      5.044      8.074      0.000
 666  656      5.044      8.118      0.000
 668  657      5.072     -3.966      0.000
 669  658      5.074     -5.743      0.000
 670  659      5.091      7.204      0.000
 671  660      5.096      2.005      0.000
 672  661      5.097      6.923      0.000
 674  663      5.113     -6.484      0.000
 675  664      5.157     -5.794      0.000
 676  665      5.208      6.430      0.000
 677  666      5.210      6.840      0.000
 678  662      5.230     -2.490      0.000
 679  667      5.251      1.576      0.000
 681  669      5.280      7.076      0.000
 680  668      5.282     -3.068      0.000
 682  670      5.311      2.394      0.000
 683  671      5.377      5.816      0.000
 684  672      5.416     -2.915      0.000
 685  674      5.422     -7.839      0.000
 686  673      5.425     -7.609      0.000
 687  675      5.445      1.990      0.000
 689  676      5.470      6.046      0.000
 690  677      5.471      1.377      0.000
 691  678      5.538      2.044      0.000
 692  679      5.556      4.484      0.000
  -1   -2      5.558     -5.073      0.000
 693  680      5.591     -8.152      0.000
 694  681      5.604     -6.646      0.000
 695  682      5.627      6.972      0.000
 696  683      5.653      3.929      0.000
 697  684      5.665     -0.642      0.000
 698  685      5.692     -3.176      0.000
 699  686      5.730     -5.796      0.000
 700  687      5.734     -5.455      0.000
 701  688      5.743      4.600      0.000
 703  689      5.801     -2.447      0.000
 702  690      5.802     -8.054      0.000
 704  691      5.815      1.761      0.000
 705  692      5.827     -0.990      0.000
 706  693      5.874     -3.458      0.000
 709  695      5.881     -7.988      0.000
 707  694      5.882     -8.333      0.000
 708  697      5.884     -0.750      0.000
 710  696      5.887      1.984      0.000
 711  698      5.891      5.064      0.000
 712  700      5.940     -6.363      0.000
 713  701      5.953     -6.465      0.000
 714  702      5.977      2.729      0.000
 715  703      6.001     -5.287      0.000
 716  704      6.010      0.224      0.000
 717  705      6.020     -4.331      0.000
 718  706      6.040     -1.719      0.000
 719  707      6.042      4.645      0.000
 720  709      6.043     -0.472      0.000
 722  708      6.046     -6.138      0.000
 721  710      6.048     -3.053      0.000
 724  712      6.144      1.704      0.000
 725  713      6.153      6.539      0.000
 726  714      6.163     -4.334      0.000
 727  715      6.186      3.864      0.000
 729  716      6.198     -4.217      0.000
 731  717      6.204      3.195      0.000
 730  718      6.205      0.285      0.000
 733  720      6.268      7.273      0.000
 735   -2      6.287     -2.133      0.000
 736  722      6.300     -2.934      0.000
  -1   -2      6.340      1.961      0.000
 732  723      6.351     -6.534      0.000
 737  724      6.368      2.366      0.000
 739  725      6.394     -4.264      0.000
 738  726      6.395      7.020      0.000
 741  729      6.464     -4.876      0.000
 742  730      6.511     -5.951      0.000
 743  731      6.512      5.505      0.000
 745  733      6.532      6.913      0.000
 746  734      6.547      4.671      0.000
 749  735      6.553     -1.308      0.000
  -1  736      6.578      2.132      0.000
  -1  737      6.612     -6.050      0.000
 750  738      6.613     -0.581      0.000
 751  739      6.619      2.877      0.000
 752  740      6.643     -5.129      0.000
 753  741      6.664     -5.319      0.000
 754  742      6.669      5.647      0.000
 755  743      6.692     -6.209      0.000
 756  744      6.702     -5.493      0.000
 757  745      6.712      6.588      0.000
 758  746      6.715      0.439      0.000
 759  748      6.730      3.190      0.000
 760  749      6.745     -1.880      0.000
 761  750      6.752      3.307      0.000
 762  751      6.755      2.060      0.000
 763   -2      6.782     -0.566      0.000
 764  752      6.789     -6.042      0.000
 766  754      6.793     -7.659      0.000
 767  755      6.807     -0.763      0.000
 768  756      6.847      5.228      0.000
  -1  757      6.854     -4.763      0.000
 769  758      6.875     -7.982      0.000
 770  759      6.883      3.626      0.000
 771  761      6.906     -4.920      0.000
 772  762      6.910     -0.908      0.000
 774  764      6.930     -0.074      0.000
 775  765      6.931      6.184      0.000
 776  766      6.954     -0.682      0.000
 777  767      6.965      0.441      0.000
 778  768      6.981      2.094      0.000
 779  769      7.011      3.422      0.000
 780  770      7.026     -6.597      0.000
 781  771      7.029     -5.787      0.000
 783  772      7.033     -8.435      0.000
 782  773      7.037      2.050      0.000
 784  774      7.061     -4.027      0.000
 785  775      7.071     -5.988      0.000
  -1  776      7.083     -0.187      0.000
 786  777      7.093     -8.299      0.000
 787  778      7.137      7.547      0.000
 788  779      7.156      6.530      0.000
 789  780      7.159     -6.160      0.000
 790  781      7.199      0.201      0.000
 791  782      7.210     -3.966      0.000
 792  783      7.247      4.994      0.000
 793  785      7.256      4.377      0.000
 795  786      7.262     -4.396      0.000
 796  787      7.280      6.748      0.000
 797  788      7.297      4.318      0.000
  -1   -2      7.301     -7.213      0.000
 799  789      7.305      5.633      0.000
 800  790      7.313     -0.145      0.000
 802  791      7.360      3.552      0.000
  -1  792      7.372      1.419      0.000
 805  793      7.381     -0.681      0.000
 806  794      7.384     -6.396      0.000
 807  795      7.410      2.072      0.000
 808  796      7.458     -5.741      0.000
 809  797      7.466      4.773      0.000
 810  798      7.482      5.269      0.000
 812  799      7.496      4.793      0.000
  -1  800      7.497      4.433      0.000
 814  802      7.528     -2.899      0.000
 815  803      7.557     -1.541      0.000
 816  804      7.571      1.266      0.000
 817  805      7.597      4.760      0.000
 818  806      7.608      1.754      0.000
 819  808      7.628     -8.286      0.000
 820  807      7.630      2.282      0.000
 821  809      7.696      7.745      0.000
 823  810      7.726     -7.907      0.000
 824  811      7.757      8.259      0.000
 826   -2      7.789      0.136      0.000
 825  812      7.794      1.631      0.000
 829  814      7.827     -0.852      0.000
 828  815      7.828      6.735      0.000
 830  817      7.901     -5.003      0.000
  -1  818      7.909     -2.998      0.000
  -1  819      7.984      7.161      0.000
 832  820      7.994     -0.430      0.000
  -1  821      8.003     -6.788      0.000
 833  822      8.006     -6.870      0.000
 834  823      8.009     -1.191      0.000
 835  824      8.018     -5.636      0.000
 836  825      8.022      1.028      0.000
 837  826      8.039     -7.608      0.000
 839  828      8.066     -0.625      0.000
 838  827      8.066      4.391      0.000
 840  829      8.084      3.161      0.000
 841  830      8.117     -4.768      0.000
 842  831      8.125     -0.229      0.000
 843  832      8.141     -4.532      0.000
 844  833      8.160      1.714      0.000
 845  834      8.171      2.507      0.000
 846  835      8.171      3.236      0.000
 847  836      8.174      4.615      0.000
 848  837      8.204     -7.262      0.000
 849  838      8.210      4.800      0.000
 850  839      8.217     -6.318      0.000
 851  841      8.246      7.264      0.000
 852  842      8.257     -3.397      0.000
 853  843      8.260     -6.035      0.000
 854  844      8.295     -1.893      0.000
 855  845      8.305     -7.352      0.000
 856  846      8.311      5.272      0.000
 857  847      8.331     -4.394      0.000
 858  848      8.332      7.042      0.000
 859  849      8.338      1.341      0.000
 860  850      8.352      8.193      0.000
 861  851      8.358      7.579      0.000
 862  852      8.386     -8.244      0.000
 863  853      8.391     -0.159      0.000
 864  854      8.394      0.673      0.000
 865  855      8.421      1.098      0.000
 866  856      8.440     -2.478      0.000
