832
   1    0     -8.419     -2.153      0.000
   2    3     -8.383     -0.889      0.000
   3    2     -8.381      7.549      0.000
   4    4     -8.374     -6.862      0.000
   5    5     -8.354     -8.137      0.000
   6    6     -8.341     -3.295      0.000
   7    7     -8.310     -4.609      0.000
   9    9     -8.263      0.555      0.000
  10   10     -8.258      6.856      0.000
  11   -2     -8.255     -1.567      0.000
  12   11     -8.246     -8.233      0.000
  13   12     -8.210     -7.914      0.000
  15   13     -8.186      1.576      0.000
  16   14     -8.161      4.437      0.000
  17   15     -8.155      1.527      0.000
  18   16     -8.145     -3.025      0.000
  19   17     -8.122      6.499      0.000
  20   18     -8.094      2.630      0.000
  21   19     -8.082     -2.491      0.000
  22   20     -8.048      1.360      0.000
  23   21     -8.037     -7.383      0.000
  24   22     -8.021     -0.829      0.000
  25   23     -8.016      2.246      0.000
  26   24     -7.996     -6.224      0.000
  27   25     -7.985      6.579      0.000
  28   26     -7.946     -3.800      0.000
  29   27     -7.932      5.674      0.000
  30   28     -7.910     -6.952      0.000
  31   29     -7.884     -0.944      0.000
  32   31     -7.863      0.831      0.000
  33   33     -7.848     -0.170      0.000
  34   35     -7.834      4.100      0.000
  35   36     -7.812      3.877      0.000
  36   45     -7.809      7.190      0.000
  37   37     -7.790     -6.137      0.000
  38   38     -7.784     -4.818      0.000
  39   39     -7.782      5.001      0.000
  40   40     -7.773      2.498      0.000
  41   41     -7.750     -6.228      0.000
  42   42     -7.744     -2.736      0.000
  43   43     -7.740     -6.702      0.000
  44   44     -7.740     -5.098      0.000
  45   47     -7.733      5.248      0.000
  46   46     -7.730      1.986      0.000
  47   48     -7.722     -4.607      0.000
  48   49     -7.682     -0.674      0.000
  50   50     -7.660      6.656      0.000
  51   51     -7.591      4.960      0.000
  52   52     -7.580     -6.867      0.000
  53   -2     -7.539      0.432      0.000
  54   53     -7.519      8.238      0.000
  55   54     -7.507      0.009      0.000
  56   55     -7.499     -0.684      0.000
  -1   56     -7.495     -5.411      0.000
  57   57     -7.465     -1.091      0.000
  58   59     -7.465      3.628      0.000
  59   58     -7.461      7.999      0.000
  60   60     -7.388      3.987      0.000
  61   61     -7.367     -1.425      0.000
  62   62     -7.364      3.691      0.000
  65   63     -7.346     -6.169      0.000
  63   -2     -7.344     -5.379      0.000
  66   64     -7.328      2.320      0.000
  68   65     -7.296     -5.059      0.000
  67   66     -7.295     -5.379      0.000
  69   67     -7.293      3.867      0.000
  70   68     -7.284      5.406      0.000
  71   69     -7.277     -8.359      0.000
  72   -2     -7.248      0.107      0.000
  73   70     -7.234     -7.936      0.000
  74   71     -7.229      3.254      0.000
  75   72     -7.225      6.148      0.000
  76   73     -7.179     -8.096      0.000
  77   75     -7.153      7.662      0.000
  78   74     -7.151     -7.715      0.000
  79   76     -7.138      6.095      0.000
  80   78     -7.129      4.054      0.000
  81   77     -7.129      4.749      0.000
  82   79     -7.111      7.299      0.000
  83   80     -7.097     -2.395      0.000
  84   81     -7.087      7.465      0.000
  85   82     -7.075      4.998      0.000
  86   83     -7.020     -5.392      0.000
  88   84     -6.997     -6.750      0.000
  87   85     -6.997      1.970      0.000
  90   86     -6.982     -6.561      0.000
  89   87     -6.982      0.034      0.000
  -1   -2     -6.973      4.444      0.000
  91   88     -6.965     -6.602      0.000
  92   89     -6.954      4.345      0.000
  93   90     -6.941     -2.388      0.000
  94   91     -6.933      5.121      0.000
  96   92     -6.918     -0.380      0.000
  -1   93     -6.897      3.380      0.000
  97   94     -6.896     -2.680      0.000
  98   95     -6.895      5.428      0.000
 100   96     -6.876      2.906      0.000
 101   97     -6.868     -6.427      0.000
 102   98     -6.856     -0.822      0.000
 103   99     -6.828     -7.471      0.000
 104  100     -6.823     -1.203      0.000
 105  101     -6.820      7.554      0.000
 106  102     -6.766     -5.406      0.000
 107  103     -6.765      1.309      0.000
 108  104     -6.741      2.419      0.000
 110  105     -6.713      7.615      0.000
  -1   -2     -6.682     -0.876      0.000
 113   -2     -6.675     -3.022      0.000
 114  107     -6.654      1.672      0.000
 115  108     -6.653      1.355      0.000
 116  109     -6.618      3.554      0.000
 117  110     -6.613      2.384      0.000
 118  111     -6.576      5.782      0.000
 119  112     -6.562      6.980      0.000
 120  113     -6.543     -4.336      0.000
 121   -2     -6.543     -6.326      0.000
 122  114     -6.505     -6.209      0.000
 123  115     -6.486      7.619      0.000
 124  117     -6.481      3.065      0.000
 125  118     -6.447     -4.752      0.000
 127  119     -6.388     -7.799      0.000
 126  120     -6.388      0.142      0.000
 129  122     -6.351      3.525      0.000
 130  123     -6.346      4.888      0.000
 131  124     -6.307      8.138      0.000
  -1  125     -6.295     -0.494      0.000
 132  126     -6.275     -5.796      0.000
 133  127     -6.242      0.098      0.000
 134  129     -6.230      0.331      0.000
 136  131     -6.198     -1.643      0.000
 137  130     -6.197      0.985      0.000
 138  132     -6.182      2.504      0.000
 139  133     -6.151      4.887      0.000
 140  134     -6.149      3.381      0.000
 141  135     -6.139     -7.594      0.000
 142  136     -6.136      2.738      0.000
 143  137     -6.130     -5.223      0.000
 144  139     -6.078      1.241      0.000
 145  138     -6.077      7.356      0.000
 146  140     -6.073     -7.101      0.000
 147  141     -6.049      6.286      0.000
 148  142     -6.035     -4.649      0.000
 149  143     -6.030      3.719      0.000
 150  144     -6.027     -1.075      0.000
 152  145     -5.990      7.849      0.000
 153  147     -5.958     -7.626      0.000
 154  148     -5.946      3.088      0.000
 160  149     -5.935     -4.617      0.000
 155  150     -5.929      6.814      0.000
  -1  151     -5.921     -6.849      0.000
 156  152     -5.901     -0.468      0.000
 157  153     -5.886      4.872      0.000
 158   -2     -5.873     -7.319      0.000
 159  154     -5.855     -5.835      0.000
 161  155     -5.830     -0.036      0.000
 162  156     -5.808      4.712      0.000
 163  157     -5.776     -1.639      0.000
 164  159     -5.753     -1.867      0.000
 165  158     -5.751     -5.778      0.000
 166  161     -5.667      7.410      0.000
 167  162     -5.659      1.910      0.000
 168  163     -5.648     -4.130      0.000
 169  164     -5.634      5.755      0.000
 170  165     -5.616      0.738      0.000
 172  166     -5.590     -7.824      0.000
 171  167     -5.574      7.243      0.000
 174  168     -5.550     -2.562      0.000
 173  169     -5.543     -0.892      0.000
 175  170     -5.538      6.041      0.000
 177  172     -5.533     -1.763      0.000
 176  171     -5.532      0.277      0.000
 178  173     -5.523      2.670      0.000
 179  174     -5.468     -3.111      0.000
 180  175     -5.448     -4.896      0.000
 181   -2     -5.442      4.816      0.000
 182  176     -5.430     -6.392      0.000
 183  177     -5.420     -0.691      0.000
 184  178     -5.415     -1.265      0.000
 185  179     -5.409      5.239      0.000
 187  180     -5.324     -2.370      0.000
 188  181     -5.321      3.835      0.000
 191  182     -5.298     -0.618      0.000
 193  184     -5.255      2.066      0.000
 194  185     -5.247     -3.850      0.000
 196  186     -5.205     -8.069      0.000
  -1  188     -5.096      0.133      0.000
 198  190     -5.087     -4.696      0.000
 199  189     -5.083     -6.652      0.000
 200  191     -5.077     -3.887      0.000
 202  193     -5.016     -0.036      0.000
 203  195     -5.010     -4.933      0.000
 204  194     -5.010      1.557      0.000
 205  196     -4.995      0.518      0.000
 206  197     -4.964      3.971      0.000
  -1  199     -4.947     -3.295      0.000
 207  201     -4.937      5.123      0.000
 208  200     -4.933      3.767      0.000
 209  202     -4.922     -0.351      0.000
 210  203     -4.905     -4.264      0.000
 212  205     -4.878      8.377      0.000
 211  206     -4.877      1.595      0.000
 214  207     -4.864      8.228      0.000
 213  208     -4.863      0.815      0.000
 215  209     -4.854      3.877      0.000
 218  204     -4.849     -8.160      0.000
 216  210     -4.832      0.656      0.000
 217  211     -4.832     -1.365      0.000
 219  212     -4.812      1.620      0.000
 220  213     -4.807     -3.606      0.000
 222  216     -4.777      0.051      0.000
 221  217     -4.765     -3.330      0.000
 224  215     -4.761     -6.832      0.000
 225  218     -4.736      0.381      0.000
 223  220     -4.727     -4.404      0.000
 226  219     -4.707      3.561      0.000
 227  221     -4.680      4.580      0.000
 228  222     -4.652      2.640      0.000
 229  223     -4.631      3.420      0.000
 230  225     -4.618      5.785      0.000
 231   -2     -4.606     -4.382      0.000
 236  227     -4.541      2.543      0.000
 234  228     -4.534     -7.142      0.000
 235  231     -4.523     -5.243      0.000
 237  230     -4.520     -2.506      0.000
 238  229     -4.507      2.161      0.000
 239  232     -4.488     -5.110      0.000
 240  233     -4.474      0.580      0.000
 242  235     -4.448     -6.453      0.000
 244  237     -4.431     -6.336      0.000
 243  238     -4.430     -5.432      0.000
 245  236     -4.423     -6.876      0.000
 246  240     -4.358     -1.446      0.000
 247  239     -4.356      3.535      0.000
 248  241     -4.339     -4.768      0.000
 250  243     -4.269      1.022      0.000
  -1   -2     -4.262      1.113      0.000
 252  245     -4.193      0.547      0.000
 254  246     -4.155      3.294      0.000
 255  248     -4.132     -0.572      0.000
 256  247     -4.127     -1.758      0.000
 258  252     -4.080     -4.570      0.000
 259  251     -4.080     -1.499      0.000
 260  253     -4.057     -4.351      0.000
 262  254     -4.017      1.535      0.000
 263  256     -4.010      5.706      0.000
  -1  255     -4.009     -1.665      0.000
 264  257     -4.003     -8.251      0.000
 266  258     -3.975     -7.695      0.000
 267  259     -3.961      3.943      0.000
 268  260     -3.902      5.209      0.000
 271  262     -3.867      2.902      0.000
 270  263     -3.863      5.302      0.000
 274  265     -3.796     -0.519      0.000
 276  266     -3.744     -5.457      0.000
 277  267     -3.740      7.474      0.000
 278  268     -3.736      8.254      0.000
  -1  271     -3.711     -0.635      0.000
 279  272     -3.683      8.374      0.000
 282  275     -3.624     -8.010      0.000
 283  273     -3.619      7.793      0.000
  -1  274     -3.616      7.732      0.000
 284  277     -3.572     -1.538      0.000
 285  278     -3.541     -0.311      0.000
 288  281     -3.469     -6.740      0.000
 286  282     -3.460      0.606      0.000
 287  283     -3.457      2.984      0.000
 292  284     -3.434      0.308      0.000
 289  286     -3.423     -3.372      0.000
 291  287     -3.422      6.364      0.000
 290  288     -3.419     -1.654      0.000
 294  290     -3.405     -1.160      0.000
 296  289     -3.393      7.811      0.000
 295  291     -3.374     -4.789      0.000
 298   -2     -3.364     -7.751      0.000
 297  292     -3.357     -4.529      0.000
 299   -2     -3.334      4.153      0.000
 300  293     -3.318      2.325      0.000
 301  294     -3.293      5.353      0.000
 302  295     -3.291      5.442      0.000
 303  296     -3.281     -0.011      0.000
 304  297     -3.246      6.163      0.000
  -1   -2     -3.244      0.951      0.000
  -1   -2     -3.244     -1.385      0.000
 305  300     -3.199      2.100      0.000
 307  298     -3.196     -6.637      0.000
  -1  299     -3.188      5.851      0.000
 306  301     -3.182     -0.387      0.000
 309  302     -3.059      7.902      0.000
 315  303     -3.000      0.636      0.000
 311  307     -2.992      1.925      0.000
 312  304     -2.991     -1.043      0.000
 313  305     -2.987      3.065      0.000
 314  306     -2.983     -1.345      0.000
 316  308     -2.978     -3.074      0.000
 317  309     -2.952     -5.252      0.000
 320  312     -2.894     -0.818      0.000
 318  314     -2.893     -1.290      0.000
 321  313     -2.887     -7.137      0.000
 323  311     -2.883      1.279      0.000
 325  315     -2.864     -7.854      0.000
  -1   -2     -2.861      8.101      0.000
 324   -2     -2.858      3.009      0.000
 327   -2     -2.809      1.340      0.000
 326  318     -2.795      4.225      0.000
 329  320     -2.771     -3.377      0.000
 330  319     -2.771      7.949      0.000
 328  324     -2.755     -4.860      0.000
 331  322     -2.742      5.593      0.000
 333  323     -2.735      8.067      0.000
  -1   -2     -2.726      1.624      0.000
 335  325     -2.696     -7.052      0.000
 334  327     -2.692      6.646      0.000
 336  326     -2.684      6.192      0.000
 339  328     -2.662     -5.643      0.000
 337  329     -2.652      7.018      0.000
 341  331     -2.642      3.251      0.000
 343  332     -2.617      6.287      0.000
 344  333     -2.601      1.222      0.000
 345  334     -2.579     -1.414      0.000
 348  336     -2.504      2.153      0.000
 349  339     -2.462     -3.472      0.000
 350   -2     -2.458      4.182      0.000
 351  338     -2.435     -6.492      0.000
 354  343     -2.207     -1.709      0.000
 355  342     -2.193     -0.425      0.000
 356  341     -2.188     -6.374      0.000
 357  344     -2.161     -1.556      0.000
 359  345     -2.127      7.647      0.000
 360  347     -2.041      4.168      0.000
 362  348     -2.021      5.667      0.000
  -1   -2     -2.012     -2.913      0.000
 361  352     -2.007     -4.163      0.000
 364  346     -2.005     -6.285      0.000
  -1  353     -1.979      3.842      0.000
 363   -2     -1.951      0.616      0.000
 365  356     -1.939     -1.931      0.000
 366  357     -1.927     -2.341      0.000
 367  355     -1.909      5.517      0.000
 370  354     -1.899      0.164      0.000
 368  358     -1.898     -5.903      0.000
 371  359     -1.861      0.692      0.000
 372  362     -1.722      2.099      0.000
 373  364     -1.704      5.273      0.000
  -1   -2     -1.691      5.586      0.000
 374   -2     -1.690     -1.147      0.000
 375  367     -1.664     -4.192      0.000
 376  366     -1.660     -4.953      0.000
 377  365     -1.651      5.688      0.000
 379  368     -1.594     -7.750      0.000
 378  369     -1.589      3.611      0.000
 381  370     -1.559     -6.777      0.000
  -1  372     -1.550      5.236      0.000
 382  371     -1.534     -0.159      0.000
 380  373     -1.517      5.571      0.000
 383  375     -1.466     -1.352      0.000
 385  376     -1.445      1.462      0.000
 386  374     -1.442     -4.166      0.000
 384  377     -1.441     -3.219      0.000
 387  378     -1.353     -2.025      0.000
 390  379     -1.346      1.603      0.000
 391  381     -1.207      1.030      0.000
 392  383     -1.095     -1.470      0.000
 394  382     -1.057     -6.893      0.000
 393  384     -1.034     -2.718      0.000
 395  385     -1.004     -3.116      0.000
  -1   -2     -0.972      8.172      0.000
 397  386     -0.967      4.674      0.000
 400   -2     -0.901     -5.991      0.000
 401  387     -0.893     -6.077      0.000
 402  389     -0.732      5.789      0.000
 405  390     -0.679      1.314      0.000
 403  391     -0.678     -3.207      0.000
 404  392     -0.668      5.141      0.000
 406  393     -0.589     -5.344      0.000
 407  395     -0.501     -3.217      0.000
 408  397     -0.464      5.862      0.000
 409  396     -0.436     -7.242      0.000
 410  398     -0.412      0.499      0.000
  -1  399     -0.378      3.253      0.000
  -1   -2     -0.330      0.544      0.000
 411  400     -0.247     -3.378      0.000
 415  401     -0.191      4.556      0.000
 412  402     -0.187     -1.165      0.000
 416  403     -0.120     -4.383      0.000
 417  404     -0.093      0.284      0.000
 418  406     -0.072     -6.563      0.000
 419  405     -0.063     -2.105      0.000
  -1   -2     -0.030      0.369      0.000
 420  408     -0.021      2.103      0.000
 421  407     -0.016     -2.407      0.000
  -1  409      0.073      6.016      0.000
  -1  410      0.232     -0.766      0.000
 422  411      0.275     -7.139      0.000
 424  412      0.417     -8.001      0.000
 425  413      0.482     -2.056      0.000
 426  414      0.602      3.952      0.000
 427  415      0.627     -5.893      0.000
  -1  416      0.643      4.432      0.000
 428  417      0.661     -6.751      0.000
 429  421      0.728      7.165      0.000
  -1   -2      0.729      3.766      0.000
  -1  419      0.742     -6.106      0.000
  -1  422      0.763     -4.268      0.000
 431   -2      0.804     -1.812      0.000
 433   -2      0.883      6.462      0.000
 432  425      0.921      1.518      0.000
 435  426      0.953      7.772      0.000
 436  424      0.957      4.321      0.000
  -1  427      0.970      0.536      0.000
 434   -2      0.973     -3.725      0.000
 438  428      1.025      4.491      0.000
  -1   -2      1.026     -5.854      0.000
  -1   -2      1.048     -1.866      0.000
 439  429      1.066     -6.487      0.000
 437  431      1.088     -3.049      0.000
 440  430      1.090      6.687      0.000
 442   -2      1.129      3.688      0.000
 441  432      1.145     -5.718      0.000
 445  433      1.238      1.062      0.000
 446   -2      1.242     -0.625      0.000
 448  434      1.261     -7.364      0.000
 447  437      1.267      5.280      0.000
 449  435      1.268      3.341      0.000
 450  438      1.304      7.000      0.000
 451  439      1.326      1.454      0.000
 452  440      1.369     -3.870      0.000
  -1   -2      1.383      0.373      0.000
  -1  443      1.388     -2.742      0.000
  -1  441      1.393      3.581      0.000
  -1   -2      1.404     -0.387      0.000
 457   -2      1.423      2.103      0.000
 456  444      1.431      2.211      0.000
 458  445      1.454     -5.811      0.000
 460  446      1.473     -6.820      0.000
 462  447      1.480     -1.130      0.000
 463  448      1.488     -7.857      0.000
 459  451      1.492     -4.710      0.000
 461  450      1.493      1.872      0.000
 467  454      1.603     -6.914      0.000
 466  455      1.603      5.779      0.000
 468  453      1.605     -7.824      0.000
 469  457      1.652      4.727      0.000
 470  458      1.657     -5.910      0.000
 472  456      1.665      2.545      0.000
 471  460      1.679     -0.114      0.000
 473  462      1.724     -6.386      0.000
 474  461      1.726      2.247      0.000
  -1  463      1.754     -0.962      0.000
 476  464      1.761     -5.667      0.000
 475  467      1.767      8.135      0.000
 477  466      1.773      5.383      0.000
  -1   -2      1.805     -7.067      0.000
 480  471      1.816      6.901      0.000
 479  472      1.826     -6.115      0.000
 481  470      1.842     -7.287      0.000
 482  473      1.872     -7.003      0.000
  -1  474      1.872     -4.931      0.000
 484  475      1.909     -0.396      0.000
 483  476      1.917     -0.761      0.000
 485  478      1.942      3.539      0.000
 486  480      1.959     -4.005      0.000
 488  479      1.967      0.530      0.000
 487  481      1.970      1.712      0.000
 489  482      1.986     -6.025      0.000
 492  484      2.035     -7.545      0.000
 493  485      2.050      5.590      0.000
 494  488      2.071      7.142      0.000
 498  487      2.082      0.095      0.000
 496  489      2.087     -1.387      0.000
 495  490      2.088      3.215      0.000
 497  491      2.105     -3.466      0.000
 499  494      2.128     -0.514      0.000
 500  493      2.134      5.956      0.000
 502  492      2.146     -7.118      0.000
 503  497      2.190      1.994      0.000
 506  495      2.221      4.967      0.000
  -1   -2      2.246     -2.023      0.000
  -1   -2      2.252      5.675      0.000
 508  500      2.254      4.117      0.000
 509  501      2.263     -0.123      0.000
  -1   -2      2.266      2.323      0.000
 510   -2      2.286     -5.156      0.000
 511  498      2.292     -7.711      0.000
 512  503      2.306      5.409      0.000
 513  504      2.326     -5.584      0.000
 514  505      2.347     -6.022      0.000
 515  506      2.359     -0.006      0.000
 516  508      2.378      3.963      0.000
 518  507      2.404     -7.452      0.000
 520  509      2.409      4.843      0.000
 517  511      2.412      5.402      0.000
 521  510      2.429      2.786      0.000
 519  512      2.435     -4.186      0.000
 522  513      2.456      0.399      0.000
 523   -2      2.521     -4.347      0.000
 525   -2      2.527      6.611      0.000
 524  516      2.545     -0.176      0.000
 527  517      2.570     -3.891      0.000
 526  518      2.573     -4.533      0.000
 528  519      2.591      3.501      0.000
 529  520      2.601     -2.554      0.000
 530  521      2.618     -3.815      0.000
 531  522      2.684     -5.979      0.000
  -1  524      2.699      1.170      0.000
 532  523      2.714     -6.532      0.000
  -1  526      2.749     -5.124      0.000
 533  527      2.751      7.898      0.000
 535  529      2.759      2.091      0.000
 536  528      2.781      4.778      0.000
 537  530      2.793     -0.143      0.000
 539  531      2.799      7.657      0.000
 540  532      2.861     -1.846      0.000
 541  533      2.900      4.055      0.000
  -1   -2      2.906     -7.416      0.000
 542  536      2.913      5.821      0.000
 543  534      2.917     -1.040      0.000
 544  535      2.928      1.980      0.000
 545  538      2.978     -1.603      0.000
 547  540      3.047     -4.520      0.000
 548  539      3.050     -2.877      0.000
 551  542      3.118     -7.900      0.000
 550  543      3.119      6.078      0.000
 549  544      3.120     -5.271      0.000
 552  545      3.147     -0.790      0.000
 555  549      3.188      3.012      0.000
 554  550      3.191      8.273      0.000
 556  548      3.207      0.808      0.000
  -1  551      3.245     -1.016      0.000
 557   -2      3.279     -2.866      0.000
 559  553      3.292     -8.373      0.000
 558  554      3.298     -2.401      0.000
 560  555      3.312     -5.905      0.000
 561  556      3.320     -6.579      0.000
 562  557      3.334     -7.436      0.000
 563  558      3.373      6.640      0.000
 564  559      3.394     -4.043      0.000
 565  560      3.424      5.246      0.000
 566  561      3.443      5.830      0.000
 567   -2      3.444      4.363      0.000
 569  562      3.468      2.618      0.000
 568  564      3.474     -0.523      0.000
  -1   -2      3.480     -2.356      0.000
 570  563      3.483     -5.724      0.000
 571  565      3.491     -6.471      0.000
 573  566      3.552      5.021      0.000
 572  570      3.560     -3.542      0.000
 574  568      3.564     -0.048      0.000
 575  569      3.576     -1.994      0.000
 576  571      3.589     -2.605      0.000
 577  574      3.603      4.055      0.000
 578  573      3.603     -1.138      0.000
 580  572      3.607     -0.819      0.000
 579  576      3.622      3.196      0.000
 582  577      3.653      7.903      0.000
 581  581      3.664      1.015      0.000
  -1   -2      3.665     -2.309      0.000
 584  583      3.688     -2.997      0.000
 586  579      3.691     -7.593      0.000
  -1  585      3.697     -4.156      0.000
 585  582      3.698     -0.611      0.000
 588  584      3.721     -2.846      0.000
 589  588      3.740      7.707      0.000
 591  586      3.743     -5.732      0.000
 590  587      3.745     -1.373      0.000
 593  589      3.773      4.937      0.000
 592  590      3.777     -7.643      0.000
 594  591      3.792      5.251      0.000
 595  593      3.838     -1.907      0.000
 596  594      3.873      3.004      0.000
 597  596      3.895     -0.074      0.000
 598  595      3.895      4.121      0.000
 599  597      3.922      3.131      0.000
 600  598      3.941     -7.831      0.000
 602  601      3.979     -0.670      0.000
 605  602      3.988     -1.153      0.000
 603  604      3.991      8.105      0.000
 604  603      3.992      4.918      0.000
 606  606      4.056      0.595      0.000
 607  607      4.066     -7.284      0.000
 608  605      4.076     -1.121      0.000
  -1   -2      4.123     -6.133      0.000
 609  611      4.140     -8.073      0.000
 610  609      4.152     -6.022      0.000
 612  610      4.165     -4.584      0.000
  -1  613      4.183     -2.250      0.000
 613  612      4.184     -5.949      0.000
 611  619      4.192     -8.412      0.000
  -1   -2      4.202      4.730      0.000
 616  620      4.215     -7.908      0.000
 617  617      4.216     -2.026      0.000
 615  621      4.221     -4.345      0.000
 618  618      4.226     -6.641      0.000
 619  623      4.262     -4.077      0.000
 620  622      4.264     -1.804      0.000
 623  624      4.295      8.344      0.000
 622  625      4.304     -4.443      0.000
 621  626      4.305     -8.111      0.000
 624  629      4.335     -6.892      0.000
 625  627      4.337     -1.606      0.000
 626  628      4.349      2.194      0.000
 627  630      4.384      4.655      0.000
 628  631      4.402      7.806      0.000
 630  632      4.440      3.023      0.000
 631  633      4.444     -0.996      0.000
 632  634      4.448      4.823      0.000
  -1  636      4.453     -4.134      0.000
 633  635      4.453      8.024      0.000
  -1   -2      4.465     -8.275      0.000
  -1  637      4.473      0.062      0.000
 634  638      4.477      6.365      0.000
 635  639      4.483     -7.085      0.000
 629   -2      4.489     -5.026      0.000
 636   -2      4.512     -4.638      0.000
 637  640      4.533      8.014      0.000
 638   -2      4.534      0.550      0.000
  -1   -2      4.537      3.337      0.000
 640   -2      4.549      6.417      0.000
 639  643      4.553      0.654      0.000
 641  641      4.560      1.875      0.000
 643  645      4.571     -1.459      0.000
 642  642      4.576      3.337      0.000
 646  644      4.587     -2.698      0.000
 645  647      4.587      0.076      0.000
 648  646      4.602      2.645      0.000
 647  648      4.618      2.862      0.000
  -1  651      4.651     -3.368      0.000
 649  650      4.666     -5.193      0.000
 650  652      4.697      0.539      0.000
 651   -2      4.719     -3.198      0.000
 652  653      4.731      3.067      0.000
 653  654      4.754      8.334      0.000
  -1   -2      4.767     -7.982      0.000
  -1   -2      4.768      4.147      0.000
 654   -2      4.786     -3.654      0.000
 655  655      4.817     -7.592      0.000
 656  656      4.886      5.119      0.000
 657  657      4.899     -5.223      0.000
 658  658      4.901      5.244      0.000
 659   -2      4.902      3.613      0.000
 660  659      4.920      1.071      0.000
 661  660      4.921      1.533      0.000
 662  661      4.949     -2.801      0.000
 663  662      4.963     -6.515      0.000
 664  663      4.969     -4.915      0.000
 665  664      5.010     -3.457      0.000
 668  666      5.023      8.095      0.000
 669  665      5.030     -2.909      0.000
 670  668      5.036     -5.764      0.000
 671   -2      5.051     -3.981      0.000
 672  670      5.066      2.024      0.000
 673  671      5.068      7.209      0.000
 674  672      5.075      6.930      0.000
 675  673      5.158     -5.800      0.000
 676  674      5.180      6.435      0.000
 677  675      5.184      6.843      0.000
  -1   -2      5.191      6.910      0.000
  -1   -2      5.203     -6.314      0.000
 678  677      5.222      1.601      0.000
 679  678      5.254      7.074      0.000
 680  680      5.281      2.416      0.000
 681  683      5.346      5.821      0.000
 682  682      5.347     -7.653      0.000
 683  684      5.362     -2.882      0.000
  -1  686      5.378     -0.096      0.000
 685   -2      5.389      2.811      0.000
 686  687      5.427      2.006      0.000
 687  688      5.446      6.057      0.000
 688  690      5.448      1.399      0.000
 689  689      5.458     -6.622      0.000
 690  691      5.478     -7.898      0.000
 691   -2      5.478     -5.116      0.000
 692  692      5.516      2.065      0.000
 693  693      5.528      4.499      0.000
 694  694      5.584     -8.219      0.000
 695  695      5.605      6.981      0.000
 696  696      5.623      3.945      0.000
 697  697      5.640     -0.635      0.000
 698  698      5.650     -5.809      0.000
 700  700      5.677     -5.460      0.000
 701  701      5.717      4.612      0.000
 703  702      5.756     -2.436      0.000
 705  703      5.792     -0.981      0.000
 706  704      5.796      1.776      0.000
 707  705      5.842     -7.997      0.000
 708  707      5.858      1.998      0.000
 709  706      5.860     -6.347      0.000
 713  708      5.865     -6.452      0.000
 710  709      5.866      5.080      0.000
 711  710      5.867     -8.385      0.000
 712  712      5.869     -0.746      0.000
 715  713      5.954     -5.283      0.000
 714  714      5.955      2.745      0.000
 716  715      5.978     -6.136      0.000
 717  716      5.989     -4.320      0.000
 718  717      5.992      0.237      0.000
 719  721      6.014      4.654      0.000
 720  720      6.019     -3.032      0.000
 722  722      6.033     -0.464      0.000
 723  723      6.125      1.721      0.000
  -1  724      6.131     -4.325      0.000
 724  725      6.150     -6.610      0.000
 725  727      6.167     -4.207      0.000
 726  726      6.168      3.879      0.000
 727  728      6.184      3.210      0.000
 728  729      6.187      0.306      0.000
 729  730      6.220     -6.468      0.000
 730  731      6.253      7.277      0.000
 731  732      6.257     -2.120      0.000
 732  733      6.269     -2.915      0.000
 733  734      6.282     -6.513      0.000
 734  735      6.351      2.381      0.000
 735  736      6.365     -4.254      0.000
 736  737      6.381      7.029      0.000
 737  738      6.427     -4.869      0.000
 738  739      6.464     -5.938      0.000
 740  740      6.477     -5.309      0.000
  -1   -2      6.479     -6.145      0.000
 741  741      6.487      5.508      0.000
 742   -2      6.506      6.911      0.000
 743  743      6.526      4.684      0.000
 744  742      6.526     -1.297      0.000
 746  744      6.553     -6.037      0.000
  -1  745      6.559     -1.271      0.000
 747  746      6.567      2.140      0.000
 748  747      6.599     -0.569      0.000
 749  748      6.600      2.892      0.000
 750  749      6.604     -5.117      0.000
 751  750      6.621     -5.307      0.000
 752  751      6.641     -6.194      0.000
 753  752      6.651      5.657      0.000
 754  753      6.666     -5.489      0.000
 756  755      6.700      0.453      0.000
 757  756      6.711      3.204      0.000
 758  757      6.717     -1.869      0.000
 759  759      6.736      3.320      0.000
 760  760      6.738      2.075      0.000
 761  758      6.739     -6.028      0.000
 762  761      6.766     -0.553      0.000
 763  763      6.786     -0.756      0.000
  -1  764      6.822     -4.751      0.000
 764  765      6.830      5.238      0.000
 765  766      6.836     -7.946      0.000
 766  767      6.868      3.640      0.000
 767   -2      6.871     -4.909      0.000
 768  768      6.885     -2.625      0.000
 769  769      6.889     -0.895      0.000
 770  770      6.901     -0.065      0.000
 771  771      6.914      6.191      0.000
 772  772      6.926     -0.670      0.000
 773  773      6.948      0.451      0.000
 774  774      6.964      2.108      0.000
 776  775      6.984     -5.769      0.000
 777  776      6.989     -8.417      0.000
 778  777      6.992      3.437      0.000
 782  778      7.020      2.065      0.000
 783  779      7.026     -5.971      0.000
 784  780      7.030     -4.014      0.000
 785  781      7.049     -8.316      0.000
 786  782      7.119     -6.137      0.000
 787  783      7.126      7.558      0.000
 788  785      7.130     -3.156      0.000
 790  786      7.182      0.213      0.000
 791  787      7.184     -3.951      0.000
 792  789      7.233      5.002      0.000
 793  788      7.235     -4.379      0.000
 794  790      7.238      4.389      0.000
 795  791      7.261     -7.184      0.000
 789  792      7.264      6.755      0.000
 797   -2      7.279      4.326      0.000
 798  793      7.291      5.643      0.000
 799  794      7.297     -0.133      0.000
 800  796      7.344      3.562      0.000
 801   -2      7.351      5.571      0.000
  -1  797      7.354     -0.668      0.000
 802  799      7.396      2.084      0.000
 803  800      7.426     -5.725      0.000
 804  802      7.466      4.796      0.000
 805  801      7.470      5.280      0.000
 806  803      7.480      4.439      0.000
 807  804      7.505     -2.886      0.000
 808  805      7.512     -8.346      0.000
 809  806      7.531     -1.529      0.000
 810  807      7.553      1.266      0.000
 811  808      7.583      4.769      0.000
 812  809      7.593      1.766      0.000
 813  810      7.614      2.296      0.000
 815   -2      7.676     -8.138      0.000
 814  812      7.688      7.757      0.000
 816   -2      7.727     -2.969      0.000
 817  814      7.748      8.267      0.000
  -1  816      7.772      1.647      0.000
 818  817      7.808     -0.841      0.000
 819  818      7.819      6.742      0.000
 820  819      7.876     -4.984      0.000
 821  821      7.973     -0.712      0.000
 822   -2      7.973     -6.762      0.000
 823  822      7.973      7.163      0.000
 824  823      7.976     -0.420      0.000
 825  820      7.976     -6.841      0.000
 827  824      7.987     -5.612      0.000
 826  825      7.991     -1.178      0.000
 828  826      8.005      1.038      0.000
 829  828      8.044     -0.615      0.000
 830  829      8.055      4.398      0.000
 831  830      8.071      3.178      0.000
 832  831      8.082      3.144      0.000
 833  832      8.102     -4.752      0.000
 834  833      8.109     -0.222      0.000
 835  834      8.117     -4.514      0.000
 836  835      8.155      2.516      0.000
 837  836      8.161      4.626      0.000
 838  837      8.165      3.248      0.000
 839  838      8.180     -7.232      0.000
 840  839      8.186     -6.290      0.000
 841  840      8.194      6.218      0.000
  -1  842      8.215     -6.487      0.000
 844  843      8.234     -6.015      0.000
 843  844      8.234     -3.383      0.000
 845  845      8.238      7.275      0.000
 846  846      8.274     -1.878      0.000
 847  847      8.279     -7.317      0.000
 848  849      8.309     -4.376      0.000
 849  850      8.321      7.044      0.000
 850  851      8.324      1.354      0.000
 851  853      8.348      8.200      0.000
 852  852      8.349      7.594      0.000
 853  854      8.370     -8.200      0.000
 854  855      8.374     -0.149      0.000
 855  856      8.379      0.685      0.000
 856  857      8.392     -4.619      0.000
 857  858      8.410      1.109      0.000
 858   -2      8.417     -2.465      0.000
