857
  -1    0     -8.436     -3.460      0.000
  -1   -2     -8.425     -5.311      0.000
   0    2     -8.394     -0.892      0.000
   1    3     -8.388      7.547      0.000
   2    4     -8.377     -6.872      0.000
   4    5     -8.351     -8.143      0.000
   3    6     -8.349     -3.299      0.000
   5    7     -8.323     -4.616      0.000
   6    8     -8.282      1.214      0.000
   7    9     -8.268      0.551      0.000
   9   10     -8.263      6.855      0.000
  10   12     -8.245     -8.240      0.000
  11   13     -8.211      4.240      0.000
  12   14     -8.210     -7.922      0.000
  13   15     -8.189      1.575      0.000
  15   16     -8.164      4.429      0.000
  14   -2     -8.164      1.524      0.000
  16   17     -8.152     -3.030      0.000
  17   18     -8.122      6.498      0.000
  18   19     -8.103      2.627      0.000
  19   20     -8.092     -2.498      0.000
  20   21     -8.057      1.358      0.000
  21   22     -8.037     -7.388      0.000
  22   23     -8.021      2.246      0.000
  23   24     -7.999     -6.236      0.000
  24   25     -7.988      6.576      0.000
  25   26     -7.956     -3.807      0.000
  26   27     -7.925      5.669      0.000
  -1   28     -7.911     -6.965      0.000
  27   29     -7.894     -0.947      0.000
  28   30     -7.871      0.827      0.000
  29   -2     -7.867      2.332      0.000
  30   31     -7.861     -0.171      0.000
  31   -2     -7.854     -6.102      0.000
  32   32     -7.843      4.094      0.000
  34   34     -7.812      3.874      0.000
  33   35     -7.811      7.185      0.000
  35   -2     -7.794     -6.150      0.000
  36   36     -7.791     -4.826      0.000
  37   37     -7.784      5.000      0.000
  38   38     -7.783      2.494      0.000
  39   39     -7.756     -6.238      0.000
  40   40     -7.753     -2.742      0.000
  41   41     -7.746     -5.108      0.000
  42   42     -7.743     -6.713      0.000
  44   47     -7.736      7.146      0.000
  43   44     -7.736      1.982      0.000
  45   43     -7.735      5.247      0.000
  46   45     -7.728     -4.616      0.000
  47   46     -7.694     -0.678      0.000
  48   -2     -7.676      7.126      0.000
  49   48     -7.661      6.653      0.000
  51   50     -7.582     -6.879      0.000
  -1   51     -7.543      0.426      0.000
  53   53     -7.514      0.009      0.000
  -1   -2     -7.512     -3.932      0.000
  54   54     -7.507     -0.685      0.000
  55   -2     -7.500     -5.420      0.000
  56   55     -7.478     -1.094      0.000
  57   56     -7.466      7.995      0.000
  58   57     -7.463      3.628      0.000
  60   58     -7.386      3.985      0.000
  59   59     -7.383      3.690      0.000
  61   60     -7.378     -1.427      0.000
  62   61     -7.361      1.735      0.000
  63   62     -7.350     -6.182      0.000
  64   63     -7.339      2.319      0.000
  65   64     -7.306     -5.073      0.000
  66   65     -7.302     -5.385      0.000
  67   66     -7.297      3.864      0.000
  68   67     -7.293      5.400      0.000
  69   68     -7.269     -8.370      0.000
  70   69     -7.234      3.251      0.000
  72   70     -7.227      6.148      0.000
  73   71     -7.193     -7.522      0.000
  -1   -2     -7.191     -0.840      0.000
  -1   -2     -7.170     -8.108      0.000
  75   72     -7.159      7.654      0.000
  76   73     -7.145     -7.730      0.000
  77   74     -7.144      6.091      0.000
  78   76     -7.138      4.051      0.000
  79   77     -7.135      4.748      0.000
  80   78     -7.117      7.298      0.000
  81   79     -7.106     -2.406      0.000
  82   80     -7.096      7.464      0.000
  83   81     -7.078      4.995      0.000
  84   82     -7.028     -5.404      0.000
  85   83     -6.998     -6.762      0.000
  86   85     -6.997      0.028      0.000
  87   84     -6.996      1.965      0.000
  90   86     -6.976     -6.593      0.000
  89   87     -6.968      4.340      0.000
  91   89     -6.954     -2.394      0.000
  92   90     -6.939      5.119      0.000
  -1   91     -6.935      5.467      0.000
  94   92     -6.906     -2.686      0.000
  95   93     -6.899      5.419      0.000
  97   -2     -6.882     -7.005      0.000
  98   94     -6.880      2.903      0.000
 101   95     -6.871     -6.441      0.000
 100   96     -6.868     -0.825      0.000
 102   97     -6.838     -1.207      0.000
 103   99     -6.829      7.553      0.000
 104   98     -6.827     -7.490      0.000
 105  100     -6.773      1.307      0.000
 106  101     -6.773     -5.422      0.000
 107  102     -6.745      2.417      0.000
 108  103     -6.727      7.617      0.000
 109   -2     -6.713      3.572      0.000
 110  104     -6.700      4.300      0.000
  -1  105     -6.684     -3.031      0.000
 112  106     -6.663      1.672      0.000
 113  107     -6.660      1.356      0.000
 114  108     -6.624      2.381      0.000
 115  109     -6.621      3.547      0.000
 116  110     -6.584      5.779      0.000
 117  111     -6.569      6.977      0.000
 118  112     -6.557     -4.343      0.000
 119  113     -6.546     -6.340      0.000
 120  114     -6.509     -6.224      0.000
 121  116     -6.494      7.616      0.000
 122  117     -6.490      3.063      0.000
 123  118     -6.458     -4.762      0.000
 124  120     -6.403      0.143      0.000
 125  121     -6.378     -7.830      0.000
  -1  122     -6.367     -6.603      0.000
 127  124     -6.351      3.522      0.000
 126  125     -6.350      4.885      0.000
 128   -2     -6.319      8.137      0.000
 129  126     -6.310     -0.493      0.000
 130   -2     -6.300      6.409      0.000
 131  127     -6.279     -5.814      0.000
 132  128     -6.254      0.098      0.000
 133  129     -6.243      0.333      0.000
 135  130     -6.214     -1.650      0.000
 136   -2     -6.208      0.985      0.000
 137  131     -6.204     -8.257      0.000
 138  132     -6.189      2.501      0.000
 139  134     -6.153      4.885      0.000
 140  135     -6.152      3.377      0.000
 143  136     -6.143     -7.615      0.000
 142  138     -6.141     -5.240      0.000
 144  137     -6.140      2.737      0.000
 145  140     -6.086      7.354      0.000
 146  139     -6.086      1.238      0.000
 147  141     -6.078     -7.116      0.000
 149  142     -6.060      6.283      0.000
 150  143     -6.042     -1.077      0.000
 151  144     -6.038      3.713      0.000
 153   -2     -6.005     -7.316      0.000
 154  145     -5.989     -7.664      0.000
 155  146     -5.964      2.483      0.000
 157  147     -5.948      3.085      0.000
 158  148     -5.936      6.812      0.000
 159  150     -5.917     -0.467      0.000
 160  151     -5.896      4.866      0.000
 161   -2     -5.889     -7.336      0.000
 162  152     -5.873     -5.853      0.000
 156  153     -5.872     -4.732      0.000
 163  154     -5.844     -0.035      0.000
 164  155     -5.819      4.706      0.000
 166  156     -5.795     -1.647      0.000
 167  157     -5.775     -1.881      0.000
 168  158     -5.757     -5.811      0.000
 170  159     -5.678      7.406      0.000
 171  160     -5.672     -4.130      0.000
 172  161     -5.666      1.910      0.000
 173  162     -5.643      5.751      0.000
 174  163     -5.627      0.738      0.000
 175  165     -5.576      7.239      0.000
 176  166     -5.565     -0.889      0.000
 177  168     -5.554     -1.772      0.000
 178  167     -5.547     -2.528      0.000
 179  169     -5.544      0.272      0.000
  -1  170     -5.542      6.040      0.000
 181  171     -5.528     -7.758      0.000
 180  172     -5.524      2.667      0.000
 182  173     -5.488     -3.113      0.000
 183  174     -5.478     -4.918      0.000
 184  176     -5.449      4.807      0.000
 185  178     -5.439     -0.690      0.000
 190  175     -5.437     -8.356      0.000
 186  177     -5.435     -6.504      0.000
 187  180     -5.429     -1.295      0.000
 188  179     -5.426     -6.330      0.000
 189  181     -5.420      5.235      0.000
 192  186     -5.325     -3.045      0.000
 191  183     -5.325      3.824      0.000
  -1  185     -5.321     -2.403      0.000
 194  187     -5.313     -0.612      0.000
 193  188     -5.312     -4.518      0.000
 195  189     -5.259      2.065      0.000
 196  190     -5.246     -3.828      0.000
 199  194     -5.124     -4.686      0.000
 200  197     -5.100     -6.668      0.000
 202  196     -5.100     -1.751      0.000
 201   -2     -5.097      0.132      0.000
 204  195     -5.095     -7.984      0.000
 203  198     -5.090     -3.899      0.000
  -1   -2     -5.049     -5.068      0.000
 206  199     -5.049     -0.096      0.000
  -1   -2     -5.047      7.292      0.000
 207  201     -5.040     -4.860      0.000
 208  202     -5.020     -0.023      0.000
 209  203     -5.020      1.561      0.000
 210  204     -5.006      0.523      0.000
 211  205     -4.963      3.956      0.000
 212  206     -4.954      5.121      0.000
 213  207     -4.939      3.755      0.000
 214  208     -4.935     -0.343      0.000
 215  210     -4.912     -4.226      0.000
 216  213     -4.889     -3.374      0.000
 218  211     -4.887      8.384      0.000
 219  212     -4.884      1.600      0.000
 221  214     -4.872      8.224      0.000
 220   -2     -4.872      0.820      0.000
 222  216     -4.853     -1.349      0.000
 223  215     -4.850      3.856      0.000
 224  217     -4.844      0.662      0.000
 225  219     -4.817     -3.295      0.000
 226  222     -4.793     -4.378      0.000
 228  220     -4.788     -3.531      0.000
 227  221     -4.787      0.060      0.000
 229  224     -4.750      0.391      0.000
 232  223     -4.715     -8.184      0.000
 230  227     -4.697      4.553      0.000
 233  225     -4.686      3.557      0.000
 234  226     -4.680     -6.766      0.000
 231  229     -4.679     -4.352      0.000
 235  231     -4.654      2.641      0.000
  -1   -2     -4.648     -5.805      0.000
 237  232     -4.633      3.407      0.000
 236  234     -4.631      5.784      0.000
 238  233     -4.629      2.158      0.000
 239  235     -4.603     -5.154      0.000
 240  237     -4.565     -7.065      0.000
 241  238     -4.563      2.523      0.000
 243  236     -4.559     -3.072      0.000
 242  239     -4.532     -5.006      0.000
 244  241     -4.510     -5.339      0.000
 246  240     -4.504      2.162      0.000
 245  242     -4.502     -1.278      0.000
  -1   -2     -4.495     -0.399      0.000
 247  243     -4.476      0.596      0.000
 248  244     -4.458     -6.378      0.000
 249  245     -4.449     -6.248      0.000
  -1   -2     -4.366      0.827      0.000
 250  247     -4.361      3.519      0.000
  -1   -2     -4.296     -0.760      0.000
 252  250     -4.277      1.039      0.000
  -1  249     -4.269      1.125      0.000
 253  251     -4.218      0.571      0.000
  -1  253     -4.177      7.662      0.000
 254  257     -4.160     -4.534      0.000
 257  254     -4.153     -6.744      0.000
 256  256     -4.143      3.310      0.000
 258  255     -4.136     -6.655      0.000
 255  258     -4.133     -4.316      0.000
 259  259     -4.103      2.610      0.000
 260  260     -4.097     -1.422      0.000
  -1   -2     -4.084     -1.685      0.000
 261  261     -4.072     -4.586      0.000
 262  262     -4.042      2.556      0.000
 263  264     -4.029      5.716      0.000
 264  263     -4.023      1.563      0.000
 266  265     -4.015     -8.252      0.000
 268  266     -3.998     -1.605      0.000
 265  267     -3.995      2.038      0.000
 270  268     -3.952     -7.578      0.000
 272  270     -3.918      5.212      0.000
 273  271     -3.895      5.317      0.000
 274  273     -3.875      2.890      0.000
 275  274     -3.830      2.157      0.000
 277  275     -3.803     -7.848      0.000
 279  277     -3.754     -0.531      0.000
 278  278     -3.747      8.258      0.000
 280   -2     -3.721     -2.296      0.000
  -1   -2     -3.705     -0.593      0.000
 281  279     -3.691     -7.866      0.000
 282  280     -3.677      0.382      0.000
 283  281     -3.632      7.796      0.000
 284  282     -3.615     -1.464      0.000
 285  283     -3.583     -0.255      0.000
 286   -2     -3.582     -3.863      0.000
  -1   -2     -3.554      6.074      0.000
 289  285     -3.483      0.648      0.000
 292  286     -3.475      2.977      0.000
 291  287     -3.473     -3.277      0.000
 290  288     -3.469     -4.734      0.000
 293  293     -3.453     -4.485      0.000
 295  289     -3.453     -1.613      0.000
 296  290     -3.447      6.375      0.000
  -1   -2     -3.434      2.175      0.000
 297  295     -3.427     -7.695      0.000
 298  294     -3.410     -6.538      0.000
 299  296     -3.400      0.516      0.000
 300  297     -3.387      7.832      0.000
 301   -2     -3.323      0.020      0.000
 302  300     -3.319      2.426      0.000
 304  299     -3.317      4.302      0.000
 303  302     -3.311      5.434      0.000
 305  301     -3.292     -8.313      0.000
 306  303     -3.262      6.194      0.000
 307  305     -3.245     -0.238      0.000
 309  306     -3.199      2.230      0.000
 310  308     -3.161     -6.463      0.000
 312   -2     -3.150      1.677      0.000
 311   -2     -3.139     -2.967      0.000
 314  309     -3.060      7.928      0.000
 315  310     -3.044      2.089      0.000
 317   -2     -3.023     -2.917      0.000
 316  313     -3.022     -5.144      0.000
 318  312     -3.019      3.065      0.000
 320  311     -3.015     -2.114      0.000
 319  314     -3.006     -0.864      0.000
 321  315     -2.999     -1.163      0.000
 322  317     -2.950     -1.186      0.000
 324  316     -2.944     -2.887      0.000
  -1   -2     -2.905     -2.753      0.000
 326  319     -2.901     -0.642      0.000
 328  320     -2.887     -6.907      0.000
  -1   -2     -2.883     -0.527      0.000
  -1  318     -2.881      0.836      0.000
 325  322     -2.877     -4.747      0.000
  -1   -2     -2.843     -0.574      0.000
 329  325     -2.837     -1.303      0.000
  -1  323     -2.832      1.447      0.000
 331  327     -2.788     -3.196      0.000
 332  324     -2.769     -0.328      0.000
 333  330     -2.759     -3.504      0.000
  -1  328     -2.757      8.078      0.000
 337  329     -2.738      1.564      0.000
 335  332     -2.729      5.728      0.000
 336  333     -2.717      6.678      0.000
 339  334     -2.716      6.337      0.000
 338  337     -2.703      7.104      0.000
 340  335     -2.699     -6.781      0.000
 341  336     -2.679      8.159      0.000
 342  338     -2.660      3.330      0.000
 343  339     -2.642      7.856      0.000
 344  340     -2.623     -5.415      0.000
 345  343     -2.605      6.441      0.000
 348  342     -2.596     -8.207      0.000
 349  345     -2.559     -1.172      0.000
  -1   -2     -2.545      4.383      0.000
 351  346     -2.542      0.660      0.000
 350  350     -2.523     -3.262      0.000
 353  348     -2.523      1.421      0.000
 352  349     -2.513     -5.172      0.000
 356  351     -2.468      2.357      0.000
 357   -2     -2.417     -0.381      0.000
 359  352     -2.341     -3.167      0.000
 358   -2     -2.340      0.347      0.000
 361  355     -2.249      5.873      0.000
 362  356     -2.219     -5.316      0.000
 366   -2     -2.209      0.234      0.000
 363  357     -2.199      5.220      0.000
 364  358     -2.182      0.463      0.000
  -1  359     -2.153     -1.328      0.000
 365  362     -2.147     -3.862      0.000
 367  361     -2.144     -5.952      0.000
 373  360     -2.117     -0.256      0.000
 372  363     -2.102      5.596      0.000
 371  364     -2.094      4.402      0.000
 375  365     -2.039      7.976      0.000
 374  367     -2.017     -1.744      0.000
 376  368     -1.999     -2.207      0.000
 377  369     -1.974      0.889      0.000
 378  370     -1.952      5.626      0.000
  -1   -2     -1.924     -5.903      0.000
 380  372     -1.875      5.940      0.000
 381  373     -1.840     -5.555      0.000
 383  374     -1.789      0.594      0.000
  -1   -2     -1.782      2.121      0.000
 384  377     -1.753      5.613      0.000
 385  378     -1.736      2.412      0.000
 388  376     -1.725      1.158      0.000
 386  379     -1.710     -3.678      0.000
 382  381     -1.698     -0.938      0.000
  -1   -2     -1.696     -4.423      0.000
 387  383     -1.679      5.883      0.000
  -1   -2     -1.639      2.242      0.000
  -1   -2     -1.580     -8.343      0.000
 391  384     -1.531      3.938      0.000
 390  385     -1.526     -1.024      0.000
 392  388     -1.460     -2.783      0.000
 394  389     -1.447      1.859      0.000
 395  386     -1.447     -7.129      0.000
 396  387     -1.439     -6.206      0.000
 393  390     -1.435     -3.641      0.000
 397   -2     -1.413     -7.914      0.000
 399  392     -1.307      1.960      0.000
 400  393     -1.222     -1.025      0.000
 401   -2     -1.174     -3.214      0.000
 403   -2     -1.089      2.395      0.000
  -1   -2     -0.960     -1.268      0.000
 404  395     -0.931     -2.220      0.000
 405  398     -0.920      5.282      0.000
 406  396     -0.871     -2.764      0.000
 409  399     -0.818     -6.488      0.000
 410  400     -0.789     -5.628      0.000
 408  402     -0.783      6.387      0.000
 411  401     -0.768     -7.552      0.000
  -1   -2     -0.705     -5.764      0.000
 412  405     -0.686      5.785      0.000
  -1   -2     -0.668     -2.595      0.000
 415  408     -0.610     -1.592      0.000
 416   -2     -0.565     -7.222      0.000
 417   -2     -0.561     -8.158      0.000
 419  409     -0.525     -4.715      0.000
 420  411     -0.465     -2.614      0.000
 421  412     -0.310      1.140      0.000
  -1   -2     -0.193      2.164      0.000
 423  416     -0.170     -3.796      0.000
  -1  415     -0.166      5.269      0.000
  -1   -2     -0.058      0.950      0.000
 426  419     -0.054     -6.174      0.000
 424  420     -0.048      2.731      0.000
 427  421     -0.015     -1.747      0.000
 428   -2      0.280     -5.684      0.000
 429  423      0.403     -6.919      0.000
 430  424      0.430     -6.371      0.000
  -1  425      0.474     -7.749      0.000
  -1   -2      0.571      7.694      0.000
 431  426      0.593     -1.532      0.000
 432  428      0.639      4.503      0.000
 433  430      0.659      7.786      0.000
 434  429      0.670     -6.448      0.000
 437  431      0.703     -1.879      0.000
 436  434      0.756     -3.461      0.000
 440   -2      0.879     -6.992      0.000
 439  438      0.921      1.459      0.000
 441  437      0.930      6.952      0.000
 442  439      0.942      1.694      0.000
 443  444      1.017     -5.380      0.000
 444  441      1.028      4.866      0.000
 445   -2      1.056     -4.546      0.000
  -1  443      1.106      4.945      0.000
 448  445      1.171     -6.275      0.000
 447  449      1.188     -7.577      0.000
 451  447      1.199      6.945      0.000
 450  450      1.220     -7.281      0.000
 452  452      1.229      5.690      0.000
 456  451      1.265      3.962      0.000
 454  453      1.287     -0.247      0.000
 453  455      1.290     -3.589      0.000
  -1  457      1.305      7.800      0.000
  -1  454      1.324     -0.057      0.000
 455  458      1.324     -2.494      0.000
  -1  456      1.345     -7.134      0.000
 457  459      1.370      3.507      0.000
 458  463      1.410     -4.354      0.000
 461  460      1.417      1.813      0.000
 460  461      1.424      5.832      0.000
 463  462      1.436      7.350      0.000
 462  464      1.454      2.464      0.000
 459  466      1.477     -1.256      0.000
 464  465      1.507     -5.535      0.000
  -1   -2      1.541     -1.991      0.000
 466  467      1.546     -6.564      0.000
 465  470      1.560     -3.786      0.000
 467  468      1.561     -0.840      0.000
  -1  469      1.583     -7.660      0.000
 468  471      1.613      3.724      0.000
  -1  472      1.644      5.960      0.000
 469   -2      1.658     -4.773      0.000
 470  474      1.664     -7.614      0.000
 471  473      1.666     -6.643      0.000
 472  475      1.689     -5.750      0.000
 473  476      1.693      4.824      0.000
 475  477      1.725      0.147      0.000
 476   -2      1.742     -5.636      0.000
  -1   -2      1.749      2.531      0.000
 479  481      1.777      2.721      0.000
 481  482      1.792     -5.507      0.000
 478  485      1.796     -3.175      0.000
 480  484      1.798     -5.081      0.000
 482  483      1.806      5.512      0.000
 483  488      1.885     -0.580      0.000
 485  487      1.890     -7.143      0.000
 486  491      1.925     -0.337      0.000
 488   -2      1.928     -5.212      0.000
  -1  489      1.936     -6.821      0.000
 487  492      1.937     -3.746      0.000
 489  495      1.988     -5.740      0.000
 492  493      1.989      3.711      0.000
 490  494      1.990     -8.094      0.000
 493  496      2.002      1.906      0.000
 491  497      2.005     -2.761      0.000
 494  499      2.035      3.305      0.000
 496  498      2.047      5.997      0.000
 498  500      2.072     -7.426      0.000
 501  502      2.085      7.235      0.000
 503  501      2.088      5.660      0.000
 500  503      2.088     -1.146      0.000
 499   -2      2.093      6.025      0.000
 505  504      2.123      0.334      0.000
 504   -2      2.147     -1.777      0.000
 506  506      2.197     -6.929      0.000
 507  508      2.251      8.337      0.000
 511  507      2.252      5.015      0.000
 510  511      2.266     -4.946      0.000
 513  510      2.275      5.735      0.000
 512  512      2.293      4.080      0.000
  -1  513      2.314      6.202      0.000
 514  516      2.316     -8.329      0.000
 515  515      2.318     -5.844      0.000
 516  514      2.335      5.471      0.000
 518  517      2.368     -5.374      0.000
 517  518      2.368     -3.921      0.000
 519  519      2.400      7.629      0.000
 520  520      2.405      5.465      0.000
 522  522      2.438      4.968      0.000
 523  523      2.454      0.432      0.000
 525  524      2.490      2.787      0.000
 524   -2      2.502     -4.197      0.000
 526  528      2.550     -3.744      0.000
  -1  527      2.552     -4.440      0.000
 529  526      2.555      6.702      0.000
 527  529      2.570      3.673      0.000
 530  530      2.594     -2.366      0.000
 531  531      2.600     -3.668      0.000
  -1   -2      2.622     -7.489      0.000
 533  532      2.669      1.241      0.000
 536  533      2.689      5.545      0.000
 534  534      2.709      2.307      0.000
  -1   -2      2.718     -5.007      0.000
  -1   -2      2.726     -2.526      0.000
 538  535      2.741     -5.876      0.000
  -1   -2      2.747      4.183      0.000
 539  536      2.772     -6.404      0.000
  -1   -2      2.778      2.397      0.000
 540  538      2.794     -0.102      0.000
 542  537      2.796      2.095      0.000
 541  539      2.804      7.740      0.000
 543  540      2.816      4.881      0.000
 544  541      2.873     -1.787      0.000
 545  543      2.885     -7.135      0.000
 546  544      2.898      4.241      0.000
 547  548      2.936     -1.532      0.000
 548  546      2.948     -0.980      0.000
 549  547      2.957      2.015      0.000
 550  549      2.975      5.521      0.000
 551  550      3.020      2.882      0.000
 553  551      3.097     -2.793      0.000
 552  552      3.098     -5.216      0.000
 554  553      3.115      6.104      0.000
 556   -2      3.131     -7.680      0.000
  -1  554      3.132     -7.735      0.000
 555   -2      3.132      5.561      0.000
 557  556      3.148      6.026      0.000
 564  557      3.175     -0.762      0.000
 560  559      3.195      8.265      0.000
  -1   -2      3.196     -4.651      0.000
 561  560      3.213      0.853      0.000
 562  561      3.235      3.002      0.000
  -1  562      3.273     -2.831      0.000
 563  565      3.294      2.880      0.000
 565  566      3.323     -2.321      0.000
 566  571      3.360     -4.019      0.000
  -1  567      3.364     -8.212      0.000
 567   -2      3.364     -4.208      0.000
 571  568      3.375     -5.811      0.000
 570  569      3.377     -6.462      0.000
 568  572      3.384      6.642      0.000
 572  573      3.439      4.361      0.000
 573  574      3.456      5.843      0.000
 574  575      3.460      5.264      0.000
 575  576      3.493     -0.510      0.000
 576  579      3.521     -3.412      0.000
 578  578      3.534      2.597      0.000
 579  580      3.536     -6.350      0.000
 580  581      3.547     -5.629      0.000
 582  582      3.575      5.024      0.000
 581  583      3.576     -0.049      0.000
 584  584      3.619     -2.583      0.000
 586  585      3.620     -1.951      0.000
 583  587      3.625     -3.387      0.000
 587  586      3.629      4.049      0.000
 585  588      3.639      1.163      0.000
 588  590      3.659      7.904      0.000
 589  591      3.665     -2.884      0.000
 591  592      3.690     -0.773      0.000
 592  593      3.717     -0.600      0.000
  -1   -2      3.730      0.855      0.000
 593  594      3.744      7.707      0.000
 594  595      3.773     -2.754      0.000
 599  596      3.785     -7.540      0.000
 597  597      3.787     -1.350      0.000
 595  598      3.788     -7.628      0.000
 598  599      3.793      4.936      0.000
 596  600      3.793     -6.463      0.000
 600  602      3.810      5.253      0.000
 601  601      3.825     -5.676      0.000
 602  603      3.878     -1.871      0.000
 603  604      3.908      2.984      0.000
 605  605      3.954      3.115      0.000
 606  606      3.982     -7.770      0.000
 608  608      4.000      8.106      0.000
 609  607      4.002     -0.489      0.000
 607  610      4.006      0.616      0.000
  -1   -2      4.008     -5.607      0.000
 610  609      4.013      4.918      0.000
 611  612      4.043     -7.304      0.000
  -1  614      4.065     -7.910      0.000
 615  615      4.108     -1.083      0.000
 614  616      4.116     -8.337      0.000
 616  618      4.174     -4.314      0.000
 617  617      4.184      2.346      0.000
 618  621      4.206      2.205      0.000
 619  619      4.207     -5.979      0.000
  -1  622      4.221     -5.873      0.000
 621  623      4.222     -2.219      0.000
 622  625      4.243     -2.017      0.000
  -1  627      4.247     -6.731      0.000
  -1  626      4.255     -7.948      0.000
  -1  630      4.272     -4.373      0.000
 623  628      4.273     -4.059      0.000
 626  629      4.294     -6.480      0.000
 625  631      4.301     -1.781      0.000
 624  632      4.303      8.341      0.000
 627  633      4.354      2.187      0.000
 628  634      4.365     -1.583      0.000
 629  636      4.402      4.651      0.000
 630  637      4.409      7.799      0.000
 632  639      4.450     -0.961      0.000
 631  638      4.451      3.013      0.000
 633  640      4.463      8.021      0.000
 635  641      4.468      4.825      0.000
 634  642      4.468     -7.032      0.000
 636  643      4.485      6.363      0.000
  -1   -2      4.487      0.059      0.000
 639  657      4.502     -4.991      0.000
 640   -2      4.513     -4.566      0.000
  -1  645      4.536      8.010      0.000
  -1  647      4.563      6.429      0.000
 641  648      4.581      1.884      0.000
  -1  650      4.586      2.666      0.000
 643  649      4.588      3.331      0.000
  -1  651      4.590     -1.452      0.000
 642  652      4.602      0.074      0.000
 645  654      4.629      2.610      0.000
 646  655      4.634      2.848      0.000
 650  656      4.664     -2.661      0.000
 649   -2      4.678     -5.187      0.000
 648  658      4.685     -3.161      0.000
 651  659      4.750      3.058      0.000
  -1   -2      4.750     -7.948      0.000
 653  660      4.760      8.331      0.000
 652  661      4.768     -3.678      0.000
  -1   -2      4.784      4.142      0.000
 654  662      4.808     -7.486      0.000
 655  663      4.901      5.115      0.000
 656  667      4.914      1.086      0.000
 657  664      4.916      3.609      0.000
  -1  665      4.917      5.241      0.000
 659  668      4.944      1.526      0.000
 660  669      4.968     -2.816      0.000
 661  671      4.980     -4.897      0.000
 662  672      4.991     -3.448      0.000
 663  674      5.008     -8.230      0.000
 664  673      5.015     -6.504      0.000
 665  675      5.031      8.095      0.000
 666  677      5.045     -5.754      0.000
 667  676      5.046     -5.908      0.000
  -1  678      5.065     -2.921      0.000
 668  679      5.066     -2.636      0.000
 669  680      5.074      2.019      0.000
 670  681      5.076      7.207      0.000
 671  682      5.082      6.928      0.000
 672  683      5.156     -5.793      0.000
 673  685      5.193      6.842      0.000
 674  684      5.195      6.441      0.000
 675  687      5.232      1.590      0.000
 676  688      5.244     -3.040      0.000
 677  689      5.267      7.079      0.000
 678  690      5.294      2.410      0.000
 679  691      5.356      5.819      0.000
 680  693      5.382     -2.890      0.000
 681  692      5.388     -7.638      0.000
 682  695      5.405     -7.793      0.000
 684  696      5.431      2.001      0.000
 686  697      5.454      6.053      0.000
 685  698      5.456      1.391      0.000
 687  699      5.484     -7.906      0.000
 688   -2      5.504      1.417      0.000
 689  701      5.504     -5.099      0.000
 690  700      5.508     -6.623      0.000
 691  702      5.522      2.057      0.000
 692  703      5.537      4.493      0.000
 693  704      5.577      0.048      0.000
 694  705      5.586     -8.196      0.000
 695  706      5.614      6.978      0.000
 696  707      5.634      3.939      0.000
 697  708      5.647     -0.639      0.000
 698  709      5.674     -3.160      0.000
 699  710      5.675     -5.804      0.000
 700  711      5.695     -5.457      0.000
 701  712      5.726      4.609      0.000
 702  713      5.773     -2.438      0.000
 704  714      5.799     -0.982      0.000
 703  715      5.805      1.775      0.000
 705  716      5.835     -8.016      0.000
 706   -2      5.859     -3.439      0.000
 707  717      5.869      1.995      0.000
 710  719      5.873     -0.748      0.000
 709  718      5.873     -8.369      0.000
 711  720      5.875      5.075      0.000
 713  723      5.891     -7.332      0.000
 714  722      5.895     -6.454      0.000
  -1  724      5.949     -4.135      0.000
 715  725      5.963      2.741      0.000
 716  726      5.970     -5.284      0.000
 717  727      5.983      3.578      0.000
 719  729      5.998      0.230      0.000
 718  730      5.998     -4.324      0.000
 720  728      5.999     -6.136      0.000
  -1   -2      6.019     -1.710      0.000
 721  732      6.023      4.653      0.000
 722  733      6.027     -3.039      0.000
 724  734      6.036     -0.465      0.000
 725  735      6.132      1.714      0.000
 727  737      6.170      3.872      0.000
 728  736      6.172     -6.611      0.000
 729  738      6.180     -4.210      0.000
 730  740      6.188      0.295      0.000
 731  739      6.190      3.205      0.000
 732  741      6.240     -6.467      0.000
 733  742      6.255      7.276      0.000
 734  743      6.269     -2.121      0.000
 735  744      6.284     -2.921      0.000
 736  745      6.303     -6.520      0.000
 738  746      6.351      2.378      0.000
 740   -2      6.377     -2.907      0.000
 739  747      6.378     -4.256      0.000
 741  748      6.385      7.026      0.000
 743  749      6.438     -4.870      0.000
 744  750      6.477     -5.942      0.000
  -1  751      6.484      4.121      0.000
 745   -2      6.490     -5.311      0.000
 746  752      6.494      5.505      0.000
 748  753      6.514      6.913      0.000
 749  754      6.532      4.679      0.000
 750  755      6.537     -1.300      0.000
 751  756      6.565      2.142      0.000
 753  758      6.566     -1.272      0.000
 752  759      6.568      0.211      0.000
 754  757      6.573     -6.039      0.000
  -1  760      6.601     -0.570      0.000
 755  761      6.607      2.886      0.000
 756  762      6.617     -5.122      0.000
 757  763      6.633     -5.309      0.000
 758  765      6.659      5.653      0.000
 759  764      6.660     -6.201      0.000
 760  766      6.678     -5.491      0.000
  -1  767      6.701      6.596      0.000
  -1  768      6.703      0.449      0.000
 761  769      6.715      3.200      0.000
 762  770      6.725     -1.873      0.000
 763  771      6.742      3.315      0.000
 764  772      6.742      2.070      0.000
 765  773      6.758     -6.035      0.000
 766   -2      6.770      0.701      0.000
 767  774      6.770     -0.557      0.000
 768  775      6.793     -0.760      0.000
 769  776      6.835      5.236      0.000
 770   -2      6.849     -7.956      0.000
 771  777      6.873      3.635      0.000
 772  778      6.882     -4.912      0.000
 773  780      6.897     -0.899      0.000
 774  781      6.897     -2.632      0.000
 775  782      6.909     -0.071      0.000
 776  783      6.920      6.188      0.000
 777  784      6.934     -0.674      0.000
 778  785      6.954      0.448      0.000
 779  787      6.994     -6.581      0.000
 781  786      6.996     -5.771      0.000
 780  789      6.999      3.431      0.000
 782  788      6.999     -8.420      0.000
 784  792      7.026      2.061      0.000
  -1  793      7.041     -4.019      0.000
 785  794      7.041     -5.976      0.000
 786  795      7.062     -8.307      0.000
  -1  796      7.066     -0.179      0.000
 787  798      7.129      7.555      0.000
 788  797      7.131     -6.144      0.000
 789  799      7.158      6.548      0.000
 790  800      7.190      0.210      0.000
 791  801      7.192     -3.956      0.000
 793  803      7.241     -4.382      0.000
 792  802      7.241      4.999      0.000
 794  804      7.243      4.383      0.000
 795  805      7.265      6.753      0.000
  -1  809      7.272     -0.134      0.000
 796  806      7.275     -7.193      0.000
 797  807      7.284      4.321      0.000
 798  808      7.296      5.638      0.000
 806   -2      7.305     -0.138      0.000
 800  811      7.349      3.559      0.000
  -1   -2      7.351     -8.020      0.000
 801   -2      7.367      1.428      0.000
 802  812      7.400      2.080      0.000
  -1  813      7.436     -5.727      0.000
 804  815      7.472      5.280      0.000
 805  816      7.474      4.793      0.000
 807  817      7.488      4.437      0.000
 808  818      7.498     -8.408      0.000
 809  820      7.512     -2.888      0.000
 810  821      7.540     -1.532      0.000
 811  822      7.561      1.277      0.000
 812  823      7.586      4.767      0.000
 813  824      7.596      1.761      0.000
 814  825      7.619      2.291      0.000
  -1  826      7.668     -8.187      0.000
 815  827      7.687      7.749      0.000
 816  828      7.704     -7.878      0.000
 817  829      7.738     -2.972      0.000
 818  830      7.750      8.265      0.000
 819  831      7.783      1.641      0.000
 820  832      7.790     -7.063      0.000
 821  833      7.820     -0.845      0.000
 822  834      7.821      6.740      0.000
 823  835      7.883     -4.991      0.000
 826  837      7.982     -6.768      0.000
 825  838      7.983     -0.423      0.000
 827  839      7.986     -6.850      0.000
 828  840      7.996     -1.182      0.000
 829  841      8.002     -5.622      0.000
 830  842      8.006      1.035      0.000
 831  843      8.052     -0.619      0.000
 832  844      8.071      4.407      0.000
 833  845      8.074     -1.104      0.000
 834  846      8.077      3.169      0.000
 835  848      8.102     -4.752      0.000
 836  849      8.124     -4.520      0.000
 837  850      8.146      2.509      0.000
 838  851      8.166      4.623      0.000
 839  852      8.170      3.246      0.000
 841   -2      8.188     -7.241      0.000
 842  853      8.199     -6.302      0.000
 843  854      8.204      4.804      0.000
 846  855      8.242     -3.388      0.000
 845  856      8.242     -6.020      0.000
 844  857      8.242      7.272      0.000
 847  858      8.283     -1.883      0.000
 848  859      8.286     -7.328      0.000
 849  860      8.306      5.277      0.000
 850  861      8.317     -4.381      0.000
 851  862      8.325      7.045      0.000
 852  863      8.328      1.351      0.000
 853  864      8.349      8.198      0.000
 854  865      8.355      7.593      0.000
 855  866      8.380     -8.214      0.000
 856  867      8.382      0.681      0.000
 857  868      8.383     -0.154      0.000
 858  869      8.417      1.107      0.000
  -1  870      8.423     -2.468      0.000
