873
   1    1     -8.396      7.542      0.000
   2    2     -8.379     -6.882      0.000
   3    3     -8.357     -3.305      0.000
   4    4     -8.352     -8.151      0.000
   5    5     -8.326     -4.626      0.000
  -1    6     -8.287      1.211      0.000
   6    7     -8.279      0.546      0.000
   7    9     -8.267      6.852      0.000
   8   10     -8.245     -8.250      0.000
   9   11     -8.224      4.232      0.000
  10   12     -8.210     -7.930      0.000
  11   13     -8.187      1.549      0.000
  12   14     -8.164      4.426      0.000
  13   15     -8.161     -3.037      0.000
  14   16     -8.128      6.502      0.000
  16   17     -8.100      2.624      0.000
  15   18     -8.099     -2.502      0.000
  -1   -2     -8.067      1.220      0.000
  17   19     -8.061      1.353      0.000
  18   20     -8.036     -7.401      0.000
  19   21     -8.026      2.240      0.000
  20   22     -8.002     -6.248      0.000
  21   23     -7.988      6.573      0.000
  22   24     -7.964     -3.815      0.000
  23   25     -7.931      5.665      0.000
  24   26     -7.902     -0.954      0.000
  25   27     -7.879      0.824      0.000
  27   28     -7.871      2.329      0.000
  26   29     -7.867     -0.175      0.000
  29   30     -7.845      4.093      0.000
  30   31     -7.820      7.183      0.000
  31   32     -7.816      3.872      0.000
  28   34     -7.808     -6.151      0.000
  33   33     -7.800     -4.837      0.000
  34   35     -7.789      4.998      0.000
  35   36     -7.787      2.492      0.000
  36   37     -7.762     -2.748      0.000
  37   38     -7.760     -6.248      0.000
  38   39     -7.754     -5.123      0.000
  39   40     -7.746     -6.725      0.000
  40   41     -7.743      1.981      0.000
  42   43     -7.739     -4.624      0.000
  41   42     -7.738      7.147      0.000
  43   44     -7.737      5.240      0.000
  44   45     -7.702     -0.682      0.000
  46   47     -7.670      6.653      0.000
  47   48     -7.583     -6.890      0.000
  -1   -2     -7.557      0.424      0.000
  48   49     -7.531      8.232      0.000
  49   50     -7.527      0.004      0.000
  50   51     -7.516     -0.691      0.000
  51   52     -7.508     -5.430      0.000
  52   53     -7.485     -1.100      0.000
  53   54     -7.470      7.996      0.000
  54   55     -7.468      3.623      0.000
  55   56     -7.406      3.858      0.000
  56   57     -7.389     -1.433      0.000
  57   58     -7.385      3.684      0.000
  -1   60     -7.362      1.731      0.000
  58   61     -7.356     -6.194      0.000
  59   62     -7.342      2.317      0.000
  61   63     -7.313     -5.080      0.000
  60   64     -7.311     -5.399      0.000
  62   65     -7.302      3.860      0.000
  63   66     -7.296      5.398      0.000
  -1   68     -7.261      0.106      0.000
  64   67     -7.257     -8.371      0.000
  65   69     -7.237      3.246      0.000
  66   70     -7.233      6.146      0.000
  67   -2     -7.219     -7.968      0.000
  68   71     -7.197     -7.535      0.000
  69   72     -7.165      7.652      0.000
  71   74     -7.147      6.088      0.000
  72   73     -7.146     -7.744      0.000
  73   75     -7.142      4.743      0.000
  74   76     -7.139      4.046      0.000
  75   77     -7.123      7.297      0.000
  76   78     -7.119     -2.410      0.000
  -1   79     -7.109      7.465      0.000
  77   80     -7.080      4.991      0.000
  78   81     -7.035     -5.418      0.000
  79   83     -7.001      1.964      0.000
  80   82     -7.001      0.024      0.000
  81   84     -6.998     -6.777      0.000
  82   87     -6.991      4.442      0.000
  83   85     -6.978     -6.606      0.000
  84   -2     -6.970      4.336      0.000
  85   88     -6.964     -2.400      0.000
  86   89     -6.945      5.116      0.000
  -1   90     -6.940     -0.386      0.000
  87   91     -6.916     -2.695      0.000
  88   92     -6.907      5.417      0.000
  89   93     -6.882      2.898      0.000
  90   94     -6.881     -0.831      0.000
  -1   -2     -6.877     -6.425      0.000
  91   95     -6.872     -6.461      0.000
  92   96     -6.850     -1.211      0.000
  93   97     -6.833      7.552      0.000
  94   98     -6.824     -7.506      0.000
  95  100     -6.782     -5.436      0.000
  96   99     -6.781      1.304      0.000
  97  101     -6.754      2.417      0.000
  98  102     -6.727      7.619      0.000
  99  103     -6.717      3.568      0.000
  -1   -2     -6.691     -3.036      0.000
 101  105     -6.669      1.669      0.000
 102  106     -6.669      1.351      0.000
 104  107     -6.626      2.375      0.000
 103  108     -6.625      3.544      0.000
 105  109     -6.591      5.776      0.000
 106  110     -6.576      6.977      0.000
 107  111     -6.567     -4.354      0.000
 108  112     -6.549     -6.356      0.000
  -1   -2     -6.517     -1.400      0.000
 109  113     -6.510     -6.238      0.000
 110  114     -6.501      7.618      0.000
 111  115     -6.497      3.058      0.000
 112  116     -6.468     -4.773      0.000
  -1   -2     -6.448     -5.902      0.000
 113  117     -6.409      0.141      0.000
  -1  118     -6.367     -6.618      0.000
 116  119     -6.364     -7.860      0.000
 115  120     -6.362      4.879      0.000
 117  122     -6.324     -0.493      0.000
 118  121     -6.322      8.135      0.000
  -1  123     -6.307      6.410      0.000
 119  124     -6.282     -5.834      0.000
 120  125     -6.268      0.097      0.000
 121  126     -6.248      0.329      0.000
 122  127     -6.231     -1.660      0.000
  -1  128     -6.217      0.984      0.000
 123  129     -6.197      2.497      0.000
 125  131     -6.164      4.878      0.000
 126  132     -6.158      3.371      0.000
 127  133     -6.153     -5.255      0.000
 128  134     -6.148      2.734      0.000
 129  135     -6.142     -7.641      0.000
 130  136     -6.095      1.237      0.000
 131  137     -6.094      7.353      0.000
 132  138     -6.088     -7.134      0.000
 134  140     -6.064      6.282      0.000
 135  141     -6.058     -1.078      0.000
 136  142     -6.042      3.706      0.000
 138  143     -6.007      7.848      0.000
 137  144     -6.006     -7.710      0.000
 139  146     -5.970      2.485      0.000
 141  147     -5.954      3.082      0.000
 142  148     -5.944      6.812      0.000
 144  149     -5.934     -0.467      0.000
  -1  150     -5.908     -7.349      0.000
 145  151     -5.902      4.863      0.000
 146  152     -5.880     -5.878      0.000
 148  153     -5.856     -0.035      0.000
 149  154     -5.824      4.702      0.000
 150  155     -5.815     -1.656      0.000
 152  157     -5.799     -1.897      0.000
 155  158     -5.761     -5.842      0.000
 156  159     -5.692     -4.130      0.000
 157  160     -5.686      7.406      0.000
 158  161     -5.672      1.909      0.000
 159  162     -5.655      5.749      0.000
 160  163     -5.634      0.737      0.000
  -1  164     -5.629     -3.175      0.000
 162  165     -5.590      7.240      0.000
 161  166     -5.589     -0.890      0.000
 163  167     -5.579     -1.777      0.000
 164  168     -5.563     -2.491      0.000
 165  169     -5.557      6.036      0.000
 166  170     -5.556      0.274      0.000
 167  171     -5.523      2.666      0.000
 168  172     -5.507     -3.111      0.000
 169  174     -5.499     -4.943      0.000
 170  173     -5.486     -7.685      0.000
 171  176     -5.461     -0.687      0.000
  -1  177     -5.443     -6.515      0.000
 173  179     -5.432      5.231      0.000
 176   -2     -5.431     -6.039      0.000
 174  178     -5.431     -1.331      0.000
 175  180     -5.415     -6.264      0.000
 177  181     -5.395     -8.241      0.000
  -1   -2     -5.356     -4.595      0.000
 178   -2     -5.336     -4.516      0.000
 179  183     -5.332     -0.609      0.000
 180  182     -5.330      3.820      0.000
 181  184     -5.318     -3.048      0.000
 183  186     -5.266      2.064      0.000
 184  187     -5.247     -3.804      0.000
 185  188     -5.241      0.694      0.000
 186  189     -5.162     -4.683      0.000
 187  190     -5.121     -6.677      0.000
 188  192     -5.102     -3.903      0.000
 190  195     -5.078     -5.122      0.000
 189  197     -5.075     -4.814      0.000
 192  193     -5.074     -1.715      0.000
 191  198     -5.068     -0.090      0.000
 194  196     -5.060     -7.936      0.000
 197  194     -5.047     -8.337      0.000
 195  200     -5.033     -0.020      0.000
 196  201     -5.030      1.562      0.000
 198  202     -5.010      0.527      0.000
 199  203     -4.970      5.117      0.000
 200  204     -4.962      3.942      0.000
 201  205     -4.948     -0.334      0.000
 203  206     -4.944      3.744      0.000
 202  207     -4.942     -3.390      0.000
 204  208     -4.893      8.374      0.000
 205  209     -4.884      8.224      0.000
 206  211     -4.882     -1.341      0.000
 210  210     -4.862     -5.789      0.000
 208  212     -4.858      0.669      0.000
 207  215     -4.854     -4.357      0.000
 209  213     -4.852     -3.238      0.000
  -1   -2     -4.841     -1.404      0.000
 211  214     -4.837      3.836      0.000
 213  216     -4.797      0.066      0.000
 214  218     -4.766      0.398      0.000
  -1  217     -4.762     -3.459      0.000
 215  219     -4.750     -4.324      0.000
 217  220     -4.708      4.525      0.000
 216  222     -4.692     -5.084      0.000
 219  223     -4.661      3.566      0.000
 218  224     -4.654      2.648      0.000
 221  225     -4.644      5.790      0.000
 222  226     -4.638      2.182      0.000
 223  227     -4.632      3.397      0.000
 227  229     -4.601     -6.681      0.000
 224  230     -4.599     -6.988      0.000
 228  228     -4.596     -8.208      0.000
 225  232     -4.580     -5.242      0.000
 226  233     -4.574     -4.914      0.000
 229  231     -4.568      2.522      0.000
 230   -2     -4.530     -1.251      0.000
 232  234     -4.501      2.165      0.000
 233  236     -4.482      0.608      0.000
 236  235     -4.461     -2.952      0.000
 234  237     -4.460     -6.286      0.000
 235  238     -4.447     -6.140      0.000
 238   -2     -4.379      0.841      0.000
 239  239     -4.365      3.504      0.000
  -1   -2     -4.333     -0.728      0.000
 241   -2     -4.315      7.412      0.000
 243  241     -4.294      1.039      0.000
 244  240     -4.280      1.141      0.000
  -1   -2     -4.273     -7.171      0.000
 246  243     -4.246      0.597      0.000
 245  244     -4.238     -4.509      0.000
 247  245     -4.214     -4.286      0.000
  -1  247     -4.151     -4.554      0.000
 249  246     -4.131      3.333      0.000
 248  248     -4.120     -1.346      0.000
 252  249     -4.099     -6.654      0.000
 251  250     -4.096      2.601      0.000
 253  251     -4.054      5.732      0.000
 254  254     -4.032      1.590      0.000
  -1  256     -4.021      5.657      0.000
 255  255     -4.021      2.056      0.000
  -1  252     -4.006     -6.495      0.000
 256  257     -3.995     -1.547      0.000
 257  260     -3.961      4.109      0.000
 260  258     -3.956     -8.231      0.000
 262  262     -3.939     -7.465      0.000
 259  263     -3.934      5.208      0.000
 261  264     -3.926      5.337      0.000
 264  261     -3.901     -6.443      0.000
 265  265     -3.847     -8.286      0.000
  -1   -2     -3.823      4.351      0.000
 266  266     -3.819      2.168      0.000
 267  267     -3.782     -7.705      0.000
 268  268     -3.764      8.271      0.000
 269  270     -3.720      0.423      0.000
 271  269     -3.713     -2.220      0.000
  -1  271     -3.685      7.857      0.000
 273  272     -3.653     -1.395      0.000
 275   -2     -3.648      7.766      0.000
 274  273     -3.644     -0.213      0.000
  -1  274     -3.638      7.812      0.000
 276  275     -3.627     -3.783      0.000
  -1   -2     -3.576      6.071      0.000
 277  276     -3.551     -4.682      0.000
 278  277     -3.539     -4.442      0.000
 279  278     -3.528      0.709      0.000
 280  279     -3.518      8.166      0.000
  -1   -2     -3.505     -1.047      0.000
 283  282     -3.480     -1.574      0.000
 281  281     -3.477      6.380      0.000
 284  283     -3.444     -7.586      0.000
  -1   -2     -3.425      2.196      0.000
 285  284     -3.397      7.843      0.000
 286  287     -3.380     -2.739      0.000
 289  286     -3.372      0.686      0.000
 287  289     -3.368      0.053      0.000
 290  288     -3.363     -6.337      0.000
 291  291     -3.327     -2.159      0.000
 288  290     -3.324      5.456      0.000
 295  292     -3.314      2.530      0.000
 293  294     -3.304     -0.112      0.000
 296  293     -3.292      4.443      0.000
 297  295     -3.280      6.228      0.000
  -1   -2     -3.246     -3.571      0.000
 298  297     -3.205      2.368      0.000
 301  296     -3.200     -8.027      0.000
 299  298     -3.178     -2.870      0.000
 303   -2     -3.164      6.026      0.000
 302  299     -3.158     -6.305      0.000
 304  300     -3.135      1.816      0.000
 305  301     -3.103      3.844      0.000
 306  302     -3.079      2.270      0.000
 307  303     -3.075     -5.026      0.000
 308  305     -3.064     -2.799      0.000
 309  304     -3.058      7.956      0.000
 310  306     -3.049      3.051      0.000
  -1  307     -3.044     -0.970      0.000
  -1  309     -3.028     -1.106      0.000
 312  308     -3.017     -0.676      0.000
 311  311     -3.005     -4.654      0.000
 315  310     -2.981     -1.898      0.000
 314  312     -2.950      4.481      0.000
 316  313     -2.904     -0.471      0.000
 317  314     -2.887     -6.683      0.000
 319  317     -2.832     -0.549      0.000
 318  319     -2.813     -2.921      0.000
  -1   -2     -2.802     -3.028      0.000
 320  320     -2.797     -3.393      0.000
 322  323     -2.774      7.151      0.000
 324  322     -2.769      8.242      0.000
 323  321     -2.762     -0.178      0.000
 325  324     -2.716      6.744      0.000
 326   -2     -2.714      5.563      0.000
 327  326     -2.702     -6.506      0.000
 328  328     -2.680      3.404      0.000
  -1  327     -2.660      1.793      0.000
 329   -2     -2.649     -8.394      0.000
 330  329     -2.644      8.255      0.000
 331  330     -2.624      6.597      0.000
 332  331     -2.613     -5.175      0.000
 333  332     -2.596      8.009      0.000
 334  334     -2.565     -3.050      0.000
  -1  336     -2.539     -0.943      0.000
 339  335     -2.537      7.736      0.000
 338  337     -2.527     -7.963      0.000
 336  338     -2.527      0.102      0.000
 337  339     -2.522     -4.889      0.000
 342   -2     -2.499     -7.291      0.000
 341  342     -2.464     -3.926      0.000
 340  341     -2.452      1.612      0.000
 343  340     -2.450      0.843      0.000
 344  343     -2.397      2.551      0.000
 345  345     -2.321      0.479      0.000
 347   -2     -2.297      0.982      0.000
 352  346     -2.256     -2.824      0.000
 349  348     -2.249      0.612      0.000
 350  349     -2.237     -3.607      0.000
 348  353     -2.230     -5.577      0.000
 353  350     -2.218      5.446      0.000
 351  352     -2.217     -2.451      0.000
 356  351     -2.182      6.193      0.000
 358  354     -2.137     -2.619      0.000
 357  355     -2.131      4.659      0.000
 359  357     -2.084     -2.707      0.000
  -1  360     -2.072     -1.528      0.000
 361  358     -2.058      5.919      0.000
 363  361     -1.979     -7.463      0.000
 362  364     -1.973      5.811      0.000
 365  362     -1.949      0.078      0.000
 364  365     -1.947      1.204      0.000
 366  363     -1.937     -7.262      0.000
 367  366     -1.859      6.457      0.000
 369  368     -1.820     -0.696      0.000
 370  369     -1.758      6.113      0.000
 373  370     -1.720      2.776      0.000
 374   -2     -1.718      1.993      0.000
 375  371     -1.711      5.959      0.000
  -1   -2     -1.697      2.602      0.000
 376  373     -1.653      1.028      0.000
  -1  376     -1.621     -7.842      0.000
 379  375     -1.592      1.653      0.000
  -1   -2     -1.570     -3.948      0.000
 377  381     -1.560     -3.353      0.000
  -1   -2     -1.552      1.257      0.000
 378  382     -1.546     -2.434      0.000
  -1  380     -1.503      2.758      0.000
  -1   -2     -1.490      2.296      0.000
  -1  384     -1.421      2.218      0.000
 385  385     -1.296     -5.613      0.000
 383  389     -1.277      2.386      0.000
  -1   -2     -1.275      2.046      0.000
 387  386     -1.273     -6.451      0.000
 388  387     -1.264     -7.367      0.000
 389  390     -1.227     -2.342      0.000
 390  391     -1.178     -2.764      0.000
  -1   -2     -1.089      2.253      0.000
 391  392     -1.024      3.006      0.000
 392  393     -0.889     -1.743      0.000
 393  394     -0.875      5.881      0.000
 395   -2     -0.851     -8.268      0.000
 394  396     -0.832      6.982      0.000
  -1  395     -0.789     -8.427      0.000
 396  397     -0.778     -5.048      0.000
 400   -2     -0.747     -4.744      0.000
 399  398     -0.738     -7.125      0.000
 397  400     -0.723     -3.413      0.000
 398   -2     -0.706     -2.613      0.000
 401  401     -0.700      6.431      0.000
  -1  399     -0.683     -5.160      0.000
 402  404     -0.663     -1.092      0.000
  -1   -2     -0.644     -1.974      0.000
 405  402     -0.636     -6.148      0.000
 406  407     -0.457     -4.056      0.000
 407   -2     -0.446     -7.532      0.000
 408  406     -0.427     -6.927      0.000
 410  409     -0.378     -7.903      0.000
 411  410     -0.254     -8.290      0.000
 409  411     -0.214      1.725      0.000
 412  412     -0.200     -3.196      0.000
  -1   -2     -0.182      2.850      0.000
  -1   -2     -0.124     -2.650      0.000
  -1   -2     -0.111      7.983      0.000
 415  417     -0.087      3.357      0.000
 414   -2     -0.038     -8.007      0.000
 416  418     -0.035     -5.800      0.000
  -1  419     -0.033     -1.099      0.000
 418   -2      0.100      1.270      0.000
 421  420      0.288     -5.261      0.000
  -1  421      0.531     -6.707      0.000
  -1  422      0.579     -6.178      0.000
 423  425      0.610      5.148      0.000
 424  426      0.663     -6.192      0.000
 425   -2      0.710     -2.108      0.000
 426   -2      0.715      2.680      0.000
 428  427      0.731     -1.347      0.000
 430  429      0.791      2.874      0.000
  -1  430      0.895      1.922      0.000
 431  431      0.969      7.440      0.000
 434  432      1.001     -6.741      0.000
  -1   -2      1.004     -4.918      0.000
 435  433      1.032      5.437      0.000
 436   -2      1.036     -5.373      0.000
 433  434      1.043     -4.953      0.000
 437   -2      1.110     -2.934      0.000
 438  436      1.140     -7.304      0.000
 439  435      1.141      5.346      0.000
 440   -2      1.176      2.502      0.000
  -1  438      1.187     -2.328      0.000
  -1  439      1.209     -3.363      0.000
  -1   -2      1.214      1.523      0.000
 441  440      1.242     -7.065      0.000
 445  441      1.251      6.085      0.000
 443   -2      1.261     -4.295      0.000
  -1  443      1.265     -4.347      0.000
 447  444      1.284     -8.350      0.000
 446  446      1.287      0.071      0.000
 448  442      1.290     -6.083      0.000
  -1   -2      1.309     -0.157      0.000
 449  445      1.310      7.140      0.000
 450  448      1.345     -2.891      0.000
 451  449      1.353     -4.011      0.000
 452  451      1.394     -4.781      0.000
 453  452      1.406     -0.907      0.000
 454  454      1.449      2.743      0.000
 456  453      1.464      3.622      0.000
 455  457      1.478      1.623      0.000
 457  455      1.490      6.188      0.000
 458  456      1.506      7.572      0.000
 459  460      1.533      3.833      0.000
 461  458      1.547      2.164      0.000
 460  462      1.562     -3.510      0.000
 462  459      1.569     -5.286      0.000
 463  464      1.618     -0.548      0.000
 464  463      1.622     -6.317      0.000
 468  465      1.712     -7.421      0.000
  -1  467      1.724     -0.276      0.000
 469  468      1.741      4.905      0.000
 470  469      1.749      8.316      0.000
 472  470      1.772      0.400      0.000
 471  472      1.795     -0.322      0.000
 473  471      1.798     -4.796      0.000
 474  474      1.835      2.938      0.000
 476  473      1.841     -5.374      0.000
 475  475      1.842      5.619      0.000
 478  476      1.908     -3.475      0.000
  -1  478      1.910     -0.191      0.000
 477   -2      1.919      7.531      0.000
 480  477      1.949     -7.015      0.000
  -1  479      1.950     -4.959      0.000
 479  480      1.968      3.474      0.000
 482   -2      1.970      4.335      0.000
 481  481      1.987      2.041      0.000
 485   -2      2.002      6.281      0.000
 483  485      2.011      0.199      0.000
 487  482      2.014     -5.462      0.000
 486  484      2.020      3.822      0.000
 488  483      2.023     -7.838      0.000
 484  486      2.026     -1.543      0.000
 491  487      2.075      6.027      0.000
 490  489      2.077      3.893      0.000
 492  488      2.078     -1.950      0.000
 493  491      2.103      7.276      0.000
 494  490      2.104     -0.918      0.000
 495  493      2.117      0.629      0.000
 497  492      2.118     -7.262      0.000
 496   -2      2.123     -1.492      0.000
 498  494      2.136      5.713      0.000
 499  495      2.160     -0.694      0.000
 500  496      2.230     -4.760      0.000
 501  497      2.237      4.185      0.000
 502  499      2.262     -8.121      0.000
  -1   -2      2.270     -8.213      0.000
 505  500      2.296      5.044      0.000
 507  501      2.307      5.799      0.000
 506  502      2.308     -5.671      0.000
 504  503      2.314     -3.630      0.000
 503  504      2.317     -1.083      0.000
 508  505      2.352     -2.181      0.000
 509  506      2.372      5.531      0.000
 510  507      2.407      5.534      0.000
  -1   -2      2.421      7.663      0.000
 511  509      2.452      0.510      0.000
  -1   -2      2.482     -7.289      0.000
 512  511      2.487     -3.591      0.000
 514  513      2.521      3.847      0.000
 516  512      2.536     -5.411      0.000
 515  515      2.544     -2.164      0.000
 518  514      2.552      2.789      0.000
 517  516      2.558     -3.486      0.000
 519  517      2.570      3.772      0.000
 520  518      2.585      6.767      0.000
 522  520      2.652     -7.213      0.000
 523  521      2.697      7.385      0.000
 524   -2      2.718      4.402      0.000
  -1  523      2.797     -5.773      0.000
 526   -2      2.804     -0.095      0.000
  -1  526      2.831      2.101      0.000
 528  525      2.834     -6.284      0.000
 527  524      2.834     -0.107      0.000
 530  527      2.856      4.970      0.000
 529  528      2.869     -6.854      0.000
 531  529      2.883     -1.729      0.000
 532  530      2.892      4.430      0.000
 534  531      2.928     -2.730      0.000
 536   -2      2.963     -7.509      0.000
  -1   -2      2.979     -0.928      0.000
  -1  533      2.997      2.064      0.000
 537  534      3.003      5.540      0.000
  -1   -2      3.057     -2.145      0.000
 539  535      3.062      2.867      0.000
 540  536      3.108      6.121      0.000
 541  537      3.136     -7.452      0.000
 543  539      3.159      6.039      0.000
 544  538      3.163     -7.568      0.000
  -1   -2      3.195      4.106      0.000
  -1   -2      3.195     -7.732      0.000
 546  541      3.200      8.257      0.000
 547  540      3.205     -0.736      0.000
  -1   -2      3.207      2.627      0.000
 550  542      3.267     -5.606      0.000
 549  545      3.269     -3.982      0.000
  -1  544      3.278     -4.982      0.000
 551  543      3.278      2.992      0.000
 552  547      3.322     -4.173      0.000
 553  546      3.333      2.879      0.000
 554  548      3.357     -2.250      0.000
 556  549      3.381     -0.956      0.000
 555  550      3.391      6.645      0.000
 557  551      3.433     -6.347      0.000
 558  552      3.444     -5.716      0.000
 559  553      3.462      5.846      0.000
 560  554      3.501      5.281      0.000
 561  556      3.513     -0.497      0.000
  -1   -2      3.573     -2.961      0.000
 562  557      3.579     -6.235      0.000
 565  558      3.587      2.587      0.000
 563  559      3.590     -0.050      0.000
 566  561      3.600      5.028      0.000
 564  563      3.604     -3.241      0.000
 567  560      3.607     -5.535      0.000
 568  562      3.616     -2.234      0.000
 571  565      3.648     -2.569      0.000
 570  567      3.657      1.924      0.000
 572  566      3.662      4.053      0.000
 573  569      3.666      7.905      0.000
 574  568      3.671     -1.909      0.000
 575  570      3.683     -2.757      0.000
 576   -2      3.708     -1.085      0.000
 577  571      3.738     -0.591      0.000
  -1   -2      3.739     -2.267      0.000
  -1   -2      3.754      0.854      0.000
 578  573      3.756      7.708      0.000
 579  572      3.767     -0.740      0.000
 580  574      3.789     -7.635      0.000
 582  575      3.802     -6.277      0.000
 583  576      3.815      4.936      0.000
 585  577      3.826     -1.323      0.000
 584  579      3.827      5.253      0.000
 586  578      3.835     -2.668      0.000
 587  580      3.873     -7.505      0.000
 588  581      3.899     -5.624      0.000
 589  582      3.923     -1.832      0.000
 590  583      3.944      2.963      0.000
 594  585      3.985      3.099      0.000
 593  586      3.986      0.636      0.000
 596  587      4.005      8.104      0.000
 592  588      4.005     -7.729      0.000
 595  590      4.006     -7.332      0.000
 597  589      4.012     -0.295      0.000
 599  591      4.034      4.917      0.000
 600  593      4.053     -8.266      0.000
  -1   -2      4.075     -7.263      0.000
 602  595      4.124     -4.273      0.000
 603  596      4.133     -8.010      0.000
 604  594      4.138     -1.051      0.000
  -1   -2      4.151     -6.561      0.000
 606  597      4.207     -4.440      0.000
 605  598      4.208     -7.786      0.000
 607  599      4.223      2.216      0.000
 608  600      4.238      4.723      0.000
 611  601      4.260     -5.938      0.000
 612  602      4.272     -2.008      0.000
 610  604      4.274     -4.050      0.000
  -1  603      4.280     -2.192      0.000
 613  605      4.309      8.339      0.000
 614  606      4.334     -1.759      0.000
 615  607      4.357      2.185      0.000
  -1   -2      4.373     -6.338      0.000
  -1   -2      4.390      4.668      0.000
  -1  608      4.400     -1.556      0.000
 617  610      4.416      7.805      0.000
 618  609      4.419      4.645      0.000
 619  612      4.451     -6.965      0.000
 620  611      4.453      3.002      0.000
 622  613      4.463     -0.928      0.000
 623  614      4.468      8.020      0.000
 621  615      4.483      0.731      0.000
 624  616      4.488      4.819      0.000
 626  617      4.499      6.371      0.000
 627  618      4.503     -4.480      0.000
 628  619      4.519     -4.956      0.000
 629   -2      4.549      8.009      0.000
 630  620      4.552      0.549      0.000
 631  621      4.574      6.425      0.000
 633  622      4.606      1.885      0.000
 634  623      4.609      3.327      0.000
 635  625      4.614     -1.447      0.000
 636  626      4.619     -7.229      0.000
  -1  627      4.641      2.599      0.000
 637  629      4.644     -3.104      0.000
 638  628      4.647      2.834      0.000
  -1  630      4.678      0.560      0.000
 639  631      4.691     -5.179      0.000
 640   -2      4.695     -6.938      0.000
  -1   -2      4.701     -7.892      0.000
 641  633      4.733     -3.706      0.000
 644  632      4.742     -2.642      0.000
 642   -2      4.749      0.778      0.000
 643  634      4.761      3.047      0.000
 645  635      4.766      8.331      0.000
  -1   -2      4.782     -4.152      0.000
 646  636      4.801     -7.396      0.000
 647  637      4.879      1.104      0.000
 648  638      4.916      5.112      0.000
 649  639      4.917      3.597      0.000
 650  640      4.929      5.235      0.000
 653  641      4.951     -5.207      0.000
 651  643      4.955     -3.432      0.000
 654  642      4.966      1.517      0.000
 652  644      4.966     -8.255      0.000
 655  645      4.979     -4.499      0.000
  -1   -2      4.980      3.325      0.000
 656   -2      4.997     -4.876      0.000
  -1  646      5.037      8.073      0.000
 657  647      5.040      8.115      0.000
 659  649      5.057     -5.746      0.000
 661  648      5.062     -6.496      0.000
 660  650      5.065     -3.972      0.000
 662  652      5.081      2.011      0.000
 664  654      5.082     -2.644      0.000
 663  653      5.082      7.204      0.000
 665  655      5.091      6.927      0.000
 666  656      5.156     -5.789      0.000
 667  657      5.198      6.433      0.000
 668  658      5.200      6.841      0.000
 669  659      5.243      1.581      0.000
 670  660      5.265     -3.052      0.000
 671  661      5.272      7.078      0.000
 672  662      5.298      2.400      0.000
 673  664      5.366      5.819      0.000
 674  665      5.401     -2.900      0.000
 675  663      5.408      2.797      0.000
 676  666      5.410     -7.620      0.000
 677  667      5.421     -7.817      0.000
 678  668      5.441      1.995      0.000
 679  670      5.462      6.051      0.000
 680  669      5.463      1.384      0.000
 681  671      5.493     -7.918      0.000
 683  673      5.528     -5.087      0.000
 682  674      5.531      2.053      0.000
 684  675      5.545      4.487      0.000
 685  676      5.557     -6.633      0.000
 686  677      5.587     -8.174      0.000
 687  678      5.620      6.975      0.000
 688  679      5.644      3.934      0.000
 689  680      5.657     -0.641      0.000
 690  681      5.679     -3.167      0.000
 691  682      5.703     -5.798      0.000
 692  683      5.716     -5.456      0.000
 693  684      5.736      4.606      0.000
 694  686      5.788     -2.441      0.000
 695  687      5.810      1.768      0.000
  -1  688      5.810     -0.983      0.000
 696  689      5.817     -8.038      0.000
 698  691      5.870      1.987      0.000
 697  690      5.870     -3.448      0.000
 700  693      5.876     -8.352      0.000
 702  692      5.878      5.068      0.000
 701  694      5.879     -0.748      0.000
 699  696      5.881     -7.988      0.000
 703  697      5.914     -6.355      0.000
 704  698      5.918     -7.346      0.000
 705  699      5.923     -6.456      0.000
 706  700      5.957     -4.139      0.000
 707  701      5.969      2.735      0.000
 708  702      5.985     -5.285      0.000
  -1  703      6.008      0.225      0.000
 709  704      6.010     -4.327      0.000
 710  705      6.021     -6.134      0.000
 711  706      6.025     -1.713      0.000
 712  707      6.031      4.647      0.000
 713  708      6.036     -3.045      0.000
 714  709      6.038     -0.468      0.000
 715  710      6.136      1.709      0.000
 717  711      6.153     -4.329      0.000
 718  713      6.183      3.866      0.000
 719  714      6.185     -4.212      0.000
 720  716      6.194      0.294      0.000
 721  717      6.198      3.200      0.000
 722  715      6.204     -6.620      0.000
 724   -2      6.264     -6.478      0.000
 723  718      6.264      7.278      0.000
 725  719      6.282     -2.123      0.000
 726  721      6.293     -2.927      0.000
 727  720      6.321     -6.516      0.000
 729  723      6.360      2.373      0.000
 730  724      6.381     -4.261      0.000
 731  725      6.387     -2.915      0.000
 732  726      6.391      7.020      0.000
 733  727      6.450     -4.873      0.000
 734  728      6.493     -5.945      0.000
 735  729      6.498      5.504      0.000
 736  730      6.502     -5.311      0.000
  -1   -2      6.508     -2.050      0.000
 737  731      6.526      6.914      0.000
 738  732      6.539      4.676      0.000
 739  733      6.556     -1.295      0.000
 740  735      6.576      2.137      0.000
 741  736      6.591     -6.039      0.000
 742  737      6.612      2.882      0.000
 743  738      6.631     -5.126      0.000
 744  739      6.648     -5.313      0.000
 745  740      6.662      5.650      0.000
 746  741      6.675     -6.202      0.000
 747  742      6.688     -5.491      0.000
 748  743      6.706      6.592      0.000
 749  744      6.708      0.443      0.000
 750  746      6.722      3.193      0.000
 751  747      6.733     -1.876      0.000
 752  748      6.747      3.311      0.000
 753  749      6.749      2.065      0.000
 756  751      6.770     -7.650      0.000
 754  750      6.773     -6.036      0.000
 757  752      6.782     -0.560      0.000
 758  753      6.797     -0.765      0.000
 759  754      6.840      5.234      0.000
 760  756      6.868     -7.974      0.000
 761  757      6.879      3.630      0.000
 762  758      6.894     -4.916      0.000
 763  759      6.902     -0.903      0.000
 764  760      6.907     -2.635      0.000
 765  761      6.918     -0.071      0.000
 766  762      6.931      6.189      0.000
 767  763      6.940     -0.677      0.000
 769  764      6.963      0.444      0.000
 771  765      7.003      3.428      0.000
 770  766      7.005     -6.583      0.000
 773  767      7.011     -5.776      0.000
 775  769      7.016     -8.428      0.000
 776  770      7.031      2.056      0.000
  -1   -2      7.035     -4.440      0.000
 778  771      7.049     -4.024      0.000
 779  772      7.057     -5.983      0.000
 781  773      7.077     -8.302      0.000
 780  774      7.078     -0.183      0.000
  -1   -2      7.096      5.997      0.000
 782  776      7.133      7.551      0.000
 784  777      7.145     -6.149      0.000
 785  778      7.151      6.530      0.000
 786  779      7.193      0.206      0.000
 787  780      7.201     -3.961      0.000
 788  781      7.246      4.997      0.000
  -1   -2      7.247      1.807      0.000
 790  782      7.250      4.380      0.000
 791  783      7.252     -4.387      0.000
 792  784      7.270      6.751      0.000
 793  785      7.280     -0.136      0.000
  -1  788      7.282      5.623      0.000
 795  786      7.288     -7.204      0.000
 794  787      7.291      4.321      0.000
 796   -2      7.311      5.644      0.000
 797  789      7.314     -0.143      0.000
 798  790      7.353      3.555      0.000
 801   -2      7.364     -8.035      0.000
 799  791      7.367      1.421      0.000
 800  793      7.370     -0.674      0.000
 802  792      7.372     -6.386      0.000
 803  794      7.408      2.075      0.000
 804  795      7.442     -5.732      0.000
 806  796      7.479      5.274      0.000
 807  797      7.480      4.790      0.000
 808  798      7.494      4.437      0.000
 809  799      7.521     -2.893      0.000
 810  800      7.544     -1.536      0.000
 811  801      7.560      1.265      0.000
 812  802      7.591      4.763      0.000
 813  803      7.604      1.758      0.000
 814  804      7.624      2.284      0.000
  -1   -2      7.655     -8.238      0.000
 815  806      7.691      7.747      0.000
 816  807      7.714     -7.890      0.000
 817  808      7.746     -2.979      0.000
 818  809      7.753      8.262      0.000
 819  810      7.794      1.635      0.000
 820   -2      7.798     -7.069      0.000
 821  811      7.821     -0.848      0.000
 822  812      7.823      6.738      0.000
 823   -2      7.859     -5.131      0.000
 824  813      7.899     -4.997      0.000
 825   -2      7.901     -2.987      0.000
 826  814      7.977      7.161      0.000
 827  815      7.989     -0.428      0.000
 828  816      7.990     -6.779      0.000
 829  817      7.995     -6.860      0.000
 830  818      8.003     -1.187      0.000
 831  819      8.009     -5.627      0.000
 832  820      8.015      1.033      0.000
 833  821      8.031     -7.598      0.000
 834  822      8.075      4.403      0.000
 835  823      8.081      3.167      0.000
 836  824      8.120     -4.764      0.000
 838  825      8.134     -4.526      0.000
 839  826      8.162      2.511      0.000
 841  827      8.171      4.620      0.000
 840   -2      8.172      1.722      0.000
 843   -2      8.172     -0.707      0.000
 842  828      8.173      3.241      0.000
 844  829      8.196     -7.251      0.000
 845  830      8.198      6.212      0.000
 846  831      8.203     -6.306      0.000
 847  832      8.206      4.802      0.000
 848   -2      8.225     -7.805      0.000
 849  834      8.244      7.268      0.000
 850  835      8.249     -3.392      0.000
 851  836      8.253     -6.029      0.000
 852  837      8.286     -1.887      0.000
 853  838      8.296     -7.338      0.000
 854  839      8.299      5.275      0.000
 855  840      8.324     -4.388      0.000
 856  841      8.330      7.046      0.000
 857  842      8.333      1.347      0.000
 858  843      8.350      8.195      0.000
 859  844      8.357      7.585      0.000
 860  845      8.383     -8.228      0.000
 861   -2      8.386     -0.157      0.000
 862  846      8.390      0.677      0.000
 863  847      8.418      1.103      0.000
 864  848      8.429     -2.471      0.000
