840
   1    -8.409     7.533     0.000   36   -1   -1   -1
   2    -8.386    -3.331     0.000  558   -1   -1   -1
   3    -8.382    -6.917     0.000  765   -1   -1   -1
   4    -8.356    -4.657     0.000  617   -1   -1   -1
   5    -8.353    -8.180     0.000  828   -1   -1   -1
   6    -8.316     1.200     0.000  337   -1   -1   -1
   7    -8.309     0.531     0.000  374   -1   -1   -1
   8    -8.282     6.846     0.000   61   -1   -1   -1
   9    -8.241    -8.272     0.000  833   -1   -1   -1
  10    -8.233     4.223     0.000  181   -1   -1   -1
  11    -8.221     1.560     0.000  318   -1   -1   -1
  12    -8.208    -7.955     0.000  815   -1   -1   -1
  13    -8.197     1.512     0.000  321   -1   -1   -1
  14    -8.190    -3.062     0.000  543   -1   -1   -1
  15    -8.180     4.413     0.000  174   -1   -1   -1
  16    -8.132    -2.531     0.000  520   -1   -1   -1
  17    -8.120     2.614     0.000  261   -1   -1   -1
  18    -8.085     1.344     0.000  328   -1   -1   -1
  19    -8.049     2.233     0.000  282   -1   -1   -1
  20    -8.037    -7.435     0.000  785   -1   -1   -1
  21    -8.015    -6.285     0.000  720   -1   -1   -1
  22    -8.004     6.563     0.000   73   -1   -1   -1
  23    -7.993    -3.849     0.000  576   -1   -1   -1
  24    -7.944     5.653     0.000  104   -1   -1   -1
  25    -7.936    -0.974     0.000  454   -1   -1   -1
  26    -7.914    -7.003     0.000  768   -1   -1   -1
  27    -7.910     0.812     0.000  351   -1   -1   -1
  28    -7.906    -0.193     0.000  413   -1   -1   -1
  29    -7.898     2.317     0.000  278   -1   -1   -1
  30    -7.867    -5.360     0.000  660   -1   -1   -1
  31    -7.860     4.081     0.000  186   -1   -1   -1
  32    -7.857    -6.143     0.000  710   -1   -1   -1
  33    -7.833     7.174     0.000   49   -1   -1   -1
  34    -7.832     3.859     0.000  194   -1   -1   -1
  35    -7.821    -4.876     0.000  628   -1   -1   -1
  36    -7.810    -6.198     0.000  714   -1   -1   -1
  37    -7.806     2.483     0.000  270   -1   -1   -1
  38    -7.803     4.984     0.000  135   -1   -1   -1
  39    -7.795    -2.775     0.000  530   -1   -1   -1
  40    -7.775    -5.133     0.000  641   -1   -1   -1
  41    -7.767    -6.287     0.000  721   -1   -1   -1
  42    -7.766     1.967     0.000  303   -1   -1   -1
  43    -7.765    -4.660     0.000  618   -1   -1   -1
  44    -7.755     5.232     0.000  123   -1   -1   -1
  45    -7.751    -6.762     0.000  754   -1   -1   -1
  46    -7.740    -0.699     0.000  437   -1   -1   -1
  47    -7.692     6.639     0.000   68   -1   -1   -1
  48    -7.621     4.940     0.000  140   -1   -1   -1
  49    -7.590     0.411     0.000  378   -1   -1   -1
  50    -7.586    -6.930     0.000  766   -1   -1   -1
  51    -7.568    -0.011     0.000  405   -1   -1   -1
  52    -7.553    -0.706     0.000  438   -1   -1   -1
  53    -7.545     8.226     0.000    8   -1   -1   -1
  54    -7.528    -5.474     0.000  668   -1   -1   -1
  55    -7.525    -1.120     0.000  458   -1   -1   -1
  56    -7.487     7.989     0.000   19   -1   -1   -1
  57    -7.484     3.612     0.000  208   -1   -1   -1
  58    -7.428    -1.454     0.000  476   -1   -1   -1
  59    -7.404     3.670     0.000  205   -1   -1   -1
  60    -7.394     1.723     0.000  311   -1   -1   -1
  61    -7.364    -6.237     0.000  716   -1   -1   -1
  62    -7.362     2.308     0.000  279   -1   -1   -1
  63    -7.335    -5.126     0.000  640   -1   -1   -1
  64    -7.332    -5.440     0.000  665   -1   -1   -1
  65    -7.318     3.847     0.000  196   -1   -1   -1
  66    -7.313     5.388     0.000  113   -1   -1   -1
  67    -7.306     0.088     0.000  395   -1   -1   -1
  68    -7.257     6.133     0.000   86   -1   -1   -1
  69    -7.255     3.233     0.000  224   -1   -1   -1
  70    -7.238    -8.407     0.000  838   -1   -1   -1
  71    -7.200    -8.001     0.000  819   -1   -1   -1
  72    -7.185     7.642     0.000   29   -1   -1   -1
  73    -7.180    -7.578     0.000  792   -1   -1   -1
  74    -7.168     6.079     0.000   88   -1   -1   -1
  75    -7.161     4.729     0.000  155   -1   -1   -1
  76    -7.157    -2.442     0.000  515   -1   -1   -1
  77    -7.154     4.034     0.000  190   -1   -1   -1
  78    -7.144     7.286     0.000   42   -1   -1   -1
  79    -7.127    -7.781     0.000  805   -1   -1   -1
  80    -7.122     7.449     0.000   37   -1   -1   -1
  81    -7.101     4.978     0.000  138   -1   -1   -1
  82    -7.054    -5.468     0.000  667   -1   -1   -1
  83    -7.048     0.015     0.000  401   -1   -1   -1
  84    -7.029     1.955     0.000  305   -1   -1   -1
  85    -7.005     4.429     0.000  171   -1   -1   -1
  86    -7.001    -2.431     0.000  513   -1   -1   -1
  87    -6.997    -6.826     0.000  757   -1   -1   -1
  88    -6.988    -0.402     0.000  421   -1   -1   -1
  89    -6.985     4.323     0.000  177   -1   -1   -1
  90    -6.978    -6.658     0.000  744   -1   -1   -1
  91    -6.965     5.104     0.000  129   -1   -1   -1
  92    -6.949    -2.727     0.000  527   -1   -1   -1
  93    -6.930    -0.848     0.000  446   -1   -1   -1
  94    -6.929     5.403     0.000  111   -1   -1   -1
  95    -6.917     3.362     0.000  219   -1   -1   -1
  96    -6.906     2.890     0.000  244   -1   -1   -1
  97    -6.893    -1.234     0.000  467   -1   -1   -1
  98    -6.871    -6.507     0.000  737   -1   -1   -1
  99    -6.855     7.542     0.000   34   -1   -1   -1
 100    -6.815     1.299     0.000  332   -1   -1   -1
 101    -6.801    -7.549     0.000  789   -1   -1   -1
 102    -6.797    -5.490     0.000  669   -1   -1   -1
 103    -6.774     2.402     0.000  274   -1   -1   -1
 104    -6.757    -0.901     0.000  451   -1   -1   -1
 105    -6.733     3.555     0.000  213   -1   -1   -1
 106    -6.721    -3.071     0.000  545   -1   -1   -1
 107    -6.703     1.346     0.000  327   -1   -1   -1
 108    -6.700     1.662     0.000  315   -1   -1   -1
 109    -6.644     2.364     0.000  276   -1   -1   -1
 110    -6.643     3.529     0.000  215   -1   -1   -1
 111    -6.618     5.760     0.000   99   -1   -1   -1
 112    -6.608    -4.395     0.000  605   -1   -1   -1
 113    -6.599     6.966     0.000   56   -1   -1   -1
 114    -6.549    -6.412     0.000  729   -1   -1   -1
 115    -6.521     7.602     0.000   31   -1   -1   -1
 116    -6.514     3.048     0.000  232   -1   -1   -1
 117    -6.504    -6.297     0.000  723   -1   -1   -1
 118    -6.502    -4.821     0.000  625   -1   -1   -1
 119    -6.463     0.128     0.000  393   -1   -1   -1
 120    -6.414    -3.591     0.000  569   -1   -1   -1
 121    -6.376     4.858     0.000  147   -1   -1   -1
 122    -6.375    -0.508     0.000  427   -1   -1   -1
 123    -6.321     0.090     0.000  394   -1   -1   -1
 124    -6.293    -7.948     0.000  814   -1   -1   -1
 125    -6.287    -1.695     0.000  485   -1   -1   -1
 126    -6.280    -5.903     0.000  695   -1   -1   -1
 127    -6.213     2.490     0.000  269   -1   -1   -1
 128    -6.187     4.863     0.000  146   -1   -1   -1
 129    -6.184    -5.321     0.000  655   -1   -1   -1
 130    -6.167     2.725     0.000  253   -1   -1   -1
 131    -6.167     3.356     0.000  220   -1   -1   -1
 132    -6.127     1.233     0.000  335   -1   -1   -1
 133    -6.123     7.341     0.000   41   -1   -1   -1
 134    -6.121    -4.734     0.000  620   -1   -1   -1
 135    -6.118    -7.723     0.000  800   -1   -1   -1
 136    -6.099    -6.705     0.000  750   -1   -1   -1
 137    -6.095     6.266     0.000   81   -1   -1   -1
 138    -6.053     3.691     0.000  204   -1   -1   -1
 139    -6.037     7.834     0.000   24   -1   -1   -1
 140    -6.012    -6.496     0.000  734   -1   -1   -1
 141    -6.002    -0.474     0.000  425   -1   -1   -1
 142    -5.971     6.796     0.000   63   -1   -1   -1
 143    -5.968    -7.878     0.000  811   -1   -1   -1
 144    -5.965     3.069     0.000  231   -1   -1   -1
 145    -5.944    -7.433     0.000  784   -1   -1   -1
 146    -5.926     4.836     0.000  149   -1   -1   -1
 147    -5.920    -6.398     0.000  728   -1   -1   -1
 148    -5.911    -0.033     0.000  406   -1   -1   -1
 149    -5.903    -1.693     0.000  484   -1   -1   -1
 150    -5.893    -5.961     0.000  700   -1   -1   -1
 151    -5.868    -1.964     0.000  499   -1   -1   -1
 152    -5.849    -7.412     0.000  782   -1   -1   -1
 153    -5.847     4.683     0.000  157   -1   -1   -1
 154    -5.771    -4.148     0.000  590   -1   -1   -1
 155    -5.747    -5.939     0.000  698   -1   -1   -1
 156    -5.706     7.403     0.000   38   -1   -1   -1
 157    -5.700     1.908     0.000  308   -1   -1   -1
 158    -5.690     5.733     0.000  103   -1   -1   -1
 159    -5.673    -0.898     0.000  450   -1   -1   -1
 160    -5.669     0.738     0.000  357   -1   -1   -1
 161    -5.664    -1.811     0.000  488   -1   -1   -1
 162    -5.623     7.224     0.000   47   -1   -1   -1
 163    -5.604     0.290     0.000  380   -1   -1   -1
 164    -5.587     6.020     0.000   91   -1   -1   -1
 165    -5.566    -5.040     0.000  637   -1   -1   -1
 166    -5.549    -0.688     0.000  435   -1   -1   -1
 167    -5.540     2.664     0.000  257   -1   -1   -1
 168    -5.537    -2.850     0.000  533   -1   -1   -1
 169    -5.497    -7.463     0.000  787   -1   -1   -1
 170    -5.485     4.781     0.000  152   -1   -1   -1
 171    -5.466     5.207     0.000  126   -1   -1   -1
 172    -5.382    -8.103     0.000  827   -1   -1   -1
 173    -5.321     2.039     0.000  297   -1   -1   -1
 174    -5.320     3.800     0.000  198   -1   -1   -1
 175    -5.284     2.075     0.000  294   -1   -1   -1
 176    -5.281    -4.716     0.000  619   -1   -1   -1
 177    -5.278    -3.110     0.000  549   -1   -1   -1
 178    -5.255    -1.431     0.000  475   -1   -1   -1
 179    -5.241    -3.737     0.000  574   -1   -1   -1
 180    -5.235    -4.923     0.000  630   -1   -1   -1
 181    -5.186    -1.486     0.000  477   -1   -1   -1
 182    -5.161    -7.934     0.000  812   -1   -1   -1
 183    -5.150    -0.068     0.000  408   -1   -1   -1
 184    -5.127    -3.886     0.000  578   -1   -1   -1
 185    -5.080    -3.481     0.000  566   -1   -1   -1
 186    -5.077    -0.003     0.000  404   -1   -1   -1
 187    -5.073     1.566     0.000  317   -1   -1   -1
 188    -5.052     0.536     0.000  373   -1   -1   -1
 189    -5.049    -4.321     0.000  599   -1   -1   -1
 190    -5.039    -5.951     0.000  699   -1   -1   -1
 191    -5.026    -5.326     0.000  657   -1   -1   -1
 192    -5.023     5.083     0.000  131   -1   -1   -1
 193    -5.007    -0.307     0.000  417   -1   -1   -1
 194    -5.001    -5.083     0.000  638   -1   -1   -1
 195    -4.998    -1.335     0.000  471   -1   -1   -1
 196    -4.975    -4.271     0.000  594   -1   -1   -1
 197    -4.947     3.717     0.000  202   -1   -1   -1
 198    -4.945     0.854     0.000  348   -1   -1   -1
 199    -4.942     8.384     0.000    0   -1   -1   -1
 200    -4.938     3.905     0.000  193   -1   -1   -1
 201    -4.936    -1.416     0.000  474   -1   -1   -1
 202    -4.927     8.217     0.000   10   -1   -1   -1
 203    -4.922     0.697     0.000  360   -1   -1   -1
 204    -4.919    -3.066     0.000  544   -1   -1   -1
 205    -4.915    -7.594     0.000  793   -1   -1   -1
 206    -4.916    -4.288     0.000  597   -1   -1   -1
 207    -4.842     0.084     0.000  397   -1   -1   -1
 208    -4.840     0.429     0.000  376   -1   -1   -1
 209    -4.836    -5.635     0.000  676   -1   -1   -1
 210    -4.834    -5.004     0.000  632   -1   -1   -1
 211    -4.813    -5.884     0.000  691   -1   -1   -1
 212    -4.782     3.793     0.000  199   -1   -1   -1
 213    -4.749    -7.428     0.000  783   -1   -1   -1
 214    -4.738    -6.693     0.000  747   -1   -1   -1
 215    -4.732    -4.651     0.000  616   -1   -1   -1
 216    -4.701    -2.120     0.000  507   -1   -1   -1
 217    -4.695     5.789     0.000   98   -1   -1   -1
 218    -4.686     4.421     0.000  172   -1   -1   -1
 219    -4.667     2.670     0.000  256   -1   -1   -1
 220    -4.661    -1.951     0.000  497   -1   -1   -1
 221    -4.659     2.196     0.000  286   -1   -1   -1
 222    -4.643    -7.836     0.000  808   -1   -1   -1
 223    -4.627    -3.729     0.000  573   -1   -1   -1
 224    -4.619    -7.706     0.000  799   -1   -1   -1
 225    -4.610     2.524     0.000  266   -1   -1   -1
 226    -4.569     3.591     0.000  210   -1   -1   -1
 227    -4.551    -4.125     0.000  589   -1   -1   -1
 228    -4.545     2.593     0.000  263   -1   -1   -1
 229    -4.526     0.631     0.000  366   -1   -1   -1
 230    -4.524    -4.336     0.000  601   -1   -1   -1
 231    -4.503     2.192     0.000  287   -1   -1   -1
 232    -4.470    -4.436     0.000  609   -1   -1   -1
 233    -4.449    -0.320     0.000  419   -1   -1   -1
 234    -4.424    -5.842     0.000  688   -1   -1   -1
 235    -4.413     1.014     0.000  344   -1   -1   -1
 236    -4.407    -5.994     0.000  703   -1   -1   -1
 237    -4.399    -4.455     0.000  610   -1   -1   -1
 238    -4.353     3.472     0.000  216   -1   -1   -1
 239    -4.349     7.378     0.000   40   -1   -1   -1
 240    -4.344     0.674     0.000  363   -1   -1   -1
 241    -4.331     1.193     0.000  339   -1   -1   -1
 242    -4.330    -3.268     0.000  555   -1   -1   -1
 243    -4.295     2.423     0.000  273   -1   -1   -1
 244    -4.289    -1.066     0.000  457   -1   -1   -1
 245    -4.283    -1.874     0.000  490   -1   -1   -1
 246    -4.259    -8.230     0.000  830   -1   -1   -1
 247    -4.235    -4.534     0.000  611   -1   -1   -1
 248    -4.233    -6.310     0.000  724   -1   -1   -1
 249    -4.196    -0.417     0.000  422   -1   -1   -1
 250    -4.183    -4.744     0.000  621   -1   -1   -1
 251    -4.173     7.667     0.000   27   -1   -1   -1
 252    -4.141     5.756     0.000  100   -1   -1   -1
 253    -4.128     2.109     0.000  292   -1   -1   -1
 254    -4.092     1.712     0.000  312   -1   -1   -1
 255    -4.072     3.429     0.000  217   -1   -1   -1
 256    -4.071     2.616     0.000  260   -1   -1   -1
 257    -4.059     2.648     0.000  258   -1   -1   -1
 258    -4.046    -7.318     0.000  777   -1   -1   -1
 259    -4.042     5.389     0.000  112   -1   -1   -1
 260    -3.990    -1.945     0.000  495   -1   -1   -1
 261    -3.985     3.325     0.000  221   -1   -1   -1
 262    -3.974    -7.090     0.000  773   -1   -1   -1
 263    -3.967    -1.290     0.000  468   -1   -1   -1
 264    -3.927    -2.699     0.000  526   -1   -1   -1
 265    -3.921    -6.020     0.000  705   -1   -1   -1
 266    -3.918    -8.071     0.000  822   -1   -1   -1
 267    -3.852     2.868     0.000  246   -1   -1   -1
 268    -3.842    -0.157     0.000  410   -1   -1   -1
 269    -3.823    -7.858     0.000  810   -1   -1   -1
 270    -3.818     8.314     0.000    3   -1   -1   -1
 271    -3.807    -4.542     0.000  612   -1   -1   -1
 272    -3.785     2.226     0.000  283   -1   -1   -1
 273    -3.783    -4.282     0.000  596   -1   -1   -1
 274    -3.766    -1.161     0.000  463   -1   -1   -1
 275    -3.756     7.882     0.000   23   -1   -1   -1
 276    -3.725    -6.892     0.000  762   -1   -1   -1
 277    -3.677    -1.385     0.000  472   -1   -1   -1
 278    -3.668     1.000     0.000  346   -1   -1   -1
 279    -3.651    -5.973     0.000  702   -1   -1   -1
 280    -3.636     6.060     0.000   89   -1   -1   -1
 281    -3.616    -0.816     0.000  444   -1   -1   -1
 282    -3.590     7.957     0.000   21   -1   -1   -1
 283    -3.559     6.381     0.000   79   -1   -1   -1
 284    -3.538     0.166     0.000  390   -1   -1   -1
 285    -3.531     1.304     0.000  331   -1   -1   -1
 286    -3.527     8.247     0.000    5   -1   -1   -1
 287    -3.483    -7.730     0.000  801   -1   -1   -1
 288    -3.443     2.969     0.000  237   -1   -1   -1
 289    -3.428     0.210     0.000  387   -1   -1   -1
 290    -3.372    -2.072     0.000  504   -1   -1   -1
 291    -3.362     0.728     0.000  359   -1   -1   -1
 292    -3.322     5.460     0.000  109   -1   -1   -1
 293    -3.306     3.804     0.000  197   -1   -1   -1
 294    -3.287     2.899     0.000  243   -1   -1   -1
 295    -3.278     4.892     0.000  145   -1   -1   -1
 296    -3.236    -6.747     0.000  752   -1   -1   -1
 297    -3.221    -4.332     0.000  600   -1   -1   -1
 298    -3.199     2.961     0.000  238   -1   -1   -1
 299    -3.192     4.925     0.000  141   -1   -1   -1
 300    -3.150     0.164     0.000  391   -1   -1   -1
 301    -3.136     0.028     0.000  400   -1   -1   -1
 302    -3.127    -7.563     0.000  790   -1   -1   -1
 303    -3.109     2.940     0.000  240   -1   -1   -1
 304    -3.094    -1.923     0.000  494   -1   -1   -1
 305    -3.076    -5.753     0.000  681   -1   -1   -1
 306    -3.058     8.047     0.000   16   -1   -1   -1
 307    -3.016    -5.578     0.000  674   -1   -1   -1
 308    -2.968     3.732     0.000  201   -1   -1   -1
 309    -2.966    -5.329     0.000  658   -1   -1   -1
 310    -2.943    -5.890     0.000  692   -1   -1   -1
 311    -2.900     8.235     0.000    6   -1   -1   -1
 312    -2.877    -7.675     0.000  797   -1   -1   -1
 313    -2.871    -7.997     0.000  818   -1   -1   -1
 314    -2.867     7.284     0.000   43   -1   -1   -1
 315    -2.794    -2.735     0.000  528   -1   -1   -1
 316    -2.786    -7.347     0.000  779   -1   -1   -1
 317    -2.731    -3.996     0.000  582   -1   -1   -1
 318    -2.690     5.996     0.000   92   -1   -1   -1
 319    -2.666     6.877     0.000   60   -1   -1   -1
 320    -2.641    -5.641     0.000  677   -1   -1   -1
 321    -2.615    -3.245     0.000  554   -1   -1   -1
 322    -2.601    -2.158     0.000  508   -1   -1   -1
 323    -2.598     3.656     0.000  206   -1   -1   -1
 324    -2.581     1.152     0.000  342   -1   -1   -1
 325    -2.570    -5.865     0.000  690   -1   -1   -1
 326    -2.538     3.119     0.000  230   -1   -1   -1
 327    -2.537    -0.942     0.000  453   -1   -1   -1
 328    -2.481    -2.302     0.000  510   -1   -1   -1
 329    -2.443     0.002     0.000  402   -1   -1   -1
 330    -2.418    -0.312     0.000  418   -1   -1   -1
 331    -2.412     7.121     0.000   52   -1   -1   -1
 332    -2.410    -0.542     0.000  428   -1   -1   -1
 333    -2.403    -6.686     0.000  745   -1   -1   -1
 334    -2.402    -2.387     0.000  512   -1   -1   -1
 335    -2.384    -5.924     0.000  697   -1   -1   -1
 336    -2.348     4.980     0.000  137   -1   -1   -1
 337    -2.345    -1.981     0.000  500   -1   -1   -1
 338    -2.318     0.765     0.000  355   -1   -1   -1
 339    -2.291    -6.291     0.000  722   -1   -1   -1
 340    -2.277    -5.361     0.000  661   -1   -1   -1
 341    -2.246    -3.284     0.000  556   -1   -1   -1
 342    -2.219     5.735     0.000  102   -1   -1   -1
 343    -2.163    -6.265     0.000  717   -1   -1   -1
 344    -2.135     2.139     0.000  289   -1   -1   -1
 345    -2.133    -3.545     0.000  568   -1   -1   -1
 346    -2.055    -8.369     0.000  837   -1   -1   -1
 347    -2.010     0.258     0.000  383   -1   -1   -1
 348    -1.989    -2.971     0.000  540   -1   -1   -1
 349    -1.989     7.402     0.000   39   -1   -1   -1
 350    -1.949     4.064     0.000  187   -1   -1   -1
 351    -1.939    -4.095     0.000  588   -1   -1   -1
 352    -1.919     1.381     0.000  325   -1   -1   -1
 353    -1.786     4.106     0.000  184   -1   -1   -1
 354    -1.738     2.437     0.000  272   -1   -1   -1
 355    -1.719     8.224     0.000    9   -1   -1   -1
 356    -1.704     0.671     0.000  364   -1   -1   -1
 357    -1.688     7.611     0.000   30   -1   -1   -1
 358    -1.664    -3.840     0.000  575   -1   -1   -1
 359    -1.575    -5.219     0.000  650   -1   -1   -1
 360    -1.570     6.220     0.000   82   -1   -1   -1
 361    -1.564    -6.077     0.000  709   -1   -1   -1
 362    -1.515    -4.770     0.000  622   -1   -1   -1
 363    -1.493     5.255     0.000  119   -1   -1   -1
 364    -1.488     4.595     0.000  164   -1   -1   -1
 365    -1.461     1.953     0.000  306   -1   -1   -1
 366    -1.427     3.596     0.000  209   -1   -1   -1
 367    -1.388    -7.800     0.000  807   -1   -1   -1
 368    -1.375    -1.656     0.000  482   -1   -1   -1
 369    -1.358     4.903     0.000  144   -1   -1   -1
 370    -1.342    -5.175     0.000  647   -1   -1   -1
 371    -1.337     5.532     0.000  108   -1   -1   -1
 372    -1.302     4.307     0.000  178   -1   -1   -1
 373    -1.145     3.750     0.000  200   -1   -1   -1
 374    -1.135    -1.920     0.000  493   -1   -1   -1
 375    -1.121    -7.741     0.000  802   -1   -1   -1
 376    -1.115     0.189     0.000  389   -1   -1   -1
 377    -1.100    -1.121     0.000  459   -1   -1   -1
 378    -1.085     3.996     0.000  191   -1   -1   -1
 379    -1.002     4.786     0.000  151   -1   -1   -1
 380    -0.916     5.314     0.000  116   -1   -1   -1
 381    -0.890    -1.389     0.000  473   -1   -1   -1
 382    -0.821    -0.862     0.000  447   -1   -1   -1
 383    -0.798    -5.553     0.000  673   -1   -1   -1
 384    -0.793    -3.308     0.000  557   -1   -1   -1
 385    -0.731    -4.068     0.000  585   -1   -1   -1
 386    -0.714    -0.723     0.000  439   -1   -1   -1
 387    -0.691    -3.195     0.000  551   -1   -1   -1
 388    -0.648     4.581     0.000  166   -1   -1   -1
 389    -0.639     8.046     0.000   17   -1   -1   -1
 390    -0.626    -3.895     0.000  579   -1   -1   -1
 391    -0.595    -6.277     0.000  718   -1   -1   -1
 392    -0.543    -2.336     0.000  511   -1   -1   -1
 393    -0.540    -2.462     0.000  516   -1   -1   -1
 394    -0.510     4.577     0.000  167   -1   -1   -1
 395    -0.434    -5.011     0.000  634   -1   -1   -1
 396    -0.410    -5.270     0.000  651   -1   -1   -1
 397    -0.407    -2.523     0.000  519   -1   -1   -1
 398    -0.403    -0.203     0.000  415   -1   -1   -1
 399    -0.361    -5.533     0.000  672   -1   -1   -1
 400    -0.347    -1.705     0.000  486   -1   -1   -1
 401    -0.344    -0.679     0.000  434   -1   -1   -1
 402     0.039     1.404     0.000  324   -1   -1   -1
 403     0.128     6.186     0.000   83   -1   -1   -1
 404     0.200    -4.047     0.000  584   -1   -1   -1
 405     0.205    -6.884     0.000  761   -1   -1   -1
 406     0.234     6.094     0.000   87   -1   -1   -1
 407     0.236     0.548     0.000  372   -1   -1   -1
 408     0.247    -6.574     0.000  741   -1   -1   -1
 409     0.283    -1.130     0.000  461   -1   -1   -1
 410     0.362    -6.827     0.000  758   -1   -1   -1
 411     0.503     0.832     0.000  350   -1   -1   -1
 412     0.554     2.778     0.000  251   -1   -1   -1
 413     0.568     0.615     0.000  368   -1   -1   -1
 414     0.614     2.915     0.000  242   -1   -1   -1
 415     0.629     3.145     0.000  229   -1   -1   -1
 416     0.756    -0.362     0.000  420   -1   -1   -1
 417     0.770    -5.315     0.000  654   -1   -1   -1
 418     0.777     0.332     0.000  379   -1   -1   -1
 419     0.813    -4.220     0.000  591   -1   -1   -1
 420     0.847    -8.260     0.000  832   -1   -1   -1
 421     0.867     4.051     0.000  188   -1   -1   -1
 422     0.877    -3.078     0.000  547   -1   -1   -1
 423     0.895     3.556     0.000  212   -1   -1   -1
 424     0.916    -4.833     0.000  626   -1   -1   -1
 425     0.934    -6.278     0.000  719   -1   -1   -1
 426     0.935     7.584     0.000   32   -1   -1   -1
 427     0.949    -2.617     0.000  522   -1   -1   -1
 428     1.016    -6.542     0.000  738   -1   -1   -1
 429     1.027     1.008     0.000  345   -1   -1   -1
 430     1.043    -5.524     0.000  671   -1   -1   -1
 431     1.087     0.782     0.000  354   -1   -1   -1
 432     1.108     5.025     0.000  134   -1   -1   -1
 433     1.166    -3.652     0.000  571   -1   -1   -1
 434     1.241    -2.781     0.000  531   -1   -1   -1
 435     1.254    -3.676     0.000  572   -1   -1   -1
 436     1.256    -6.550     0.000  739   -1   -1   -1
 437     1.279    -6.700     0.000  748   -1   -1   -1
 438     1.314     4.849     0.000  148   -1   -1   -1
 439     1.319     1.154     0.000  341   -1   -1   -1
 440     1.328     2.563     0.000  264   -1   -1   -1
 441     1.330     2.209     0.000  284   -1   -1   -1
 442     1.428     1.194     0.000  338   -1   -1   -1
 443     1.432    -4.640     0.000  615   -1   -1   -1
 444     1.437    -3.370     0.000  560   -1   -1   -1
 445     1.466    -7.338     0.000  778   -1   -1   -1
 446     1.508    -2.760     0.000  529   -1   -1   -1
 447     1.535     4.942     0.000  139   -1   -1   -1
 448     1.556     3.693     0.000  203   -1   -1   -1
 449     1.594    -3.366     0.000  559   -1   -1   -1
 450     1.598     5.361     0.000  114   -1   -1   -1
 451     1.609    -6.343     0.000  727   -1   -1   -1
 452     1.626     6.564     0.000   72   -1   -1   -1
 453     1.628    -7.573     0.000  791   -1   -1   -1
 454     1.678    -2.482     0.000  518   -1   -1   -1
 455     1.683     0.606     0.000  369   -1   -1   -1
 456     1.686    -1.528     0.000  478   -1   -1   -1
 457     1.790    -3.381     0.000  561   -1   -1   -1
 458     1.829    -6.342     0.000  726   -1   -1   -1
 459     1.839     0.579     0.000  370   -1   -1   -1
 460     1.841    -0.597     0.000  432   -1   -1   -1
 461     1.843     1.209     0.000  336   -1   -1   -1
 462     1.851     7.655     0.000   28   -1   -1   -1
 463     1.853    -1.949     0.000  496   -1   -1   -1
 464     1.859     5.238     0.000  122   -1   -1   -1
 465     1.863    -7.781     0.000  804   -1   -1   -1
 466     1.885    -6.465     0.000  732   -1   -1   -1
 467     1.892    -6.883     0.000  760   -1   -1   -1
 468     1.907    -6.690     0.000  746   -1   -1   -1
 469     1.933    -3.630     0.000  570   -1   -1   -1
 470     1.937    -4.565     0.000  614   -1   -1   -1
 471     1.939     0.222     0.000  384   -1   -1   -1
 472     2.022     1.291     0.000  333   -1   -1   -1
 473     2.028     5.885     0.000   95   -1   -1   -1
 474     2.048    -1.205     0.000  465   -1   -1   -1
 475     2.068     2.120     0.000  291   -1   -1   -1
 476     2.112    -7.776     0.000  803   -1   -1   -1
 477     2.120     4.240     0.000  180   -1   -1   -1
 478     2.141    -3.527     0.000  567   -1   -1   -1
 479     2.147    -4.365     0.000  604   -1   -1   -1
 480     2.150     1.452     0.000  323   -1   -1   -1
 481     2.153     7.250     0.000   46   -1   -1   -1
 482     2.161     0.562     0.000  371   -1   -1   -1
 483     2.183    -0.003     0.000  403   -1   -1   -1
 484     2.195    -2.930     0.000  536   -1   -1   -1
 485     2.244     4.456     0.000  170   -1   -1   -1
 486     2.271    -0.754     0.000  441   -1   -1   -1
 487     2.282     5.859     0.000   96   -1   -1   -1
 488     2.305     0.757     0.000  356   -1   -1   -1
 489     2.324    -5.613     0.000  675   -1   -1   -1
 490     2.329    -7.009     0.000  769   -1   -1   -1
 491     2.330     6.575     0.000   71   -1   -1   -1
 492     2.336    -6.578     0.000  742   -1   -1   -1
 493     2.352     5.335     0.000  115   -1   -1   -1
 494     2.371    -2.819     0.000  532   -1   -1   -1
 495     2.377    -3.394     0.000  562   -1   -1   -1
 496     2.401    -0.275     0.000  416   -1   -1   -1
 497     2.402    -3.477     0.000  565   -1   -1   -1
 498     2.405     5.171     0.000  127   -1   -1   -1
 499     2.419     5.971     0.000   93   -1   -1   -1
 500     2.427     0.888     0.000  347   -1   -1   -1
 501     2.436    -3.459     0.000  564   -1   -1   -1
 502     2.465    -3.038     0.000  542   -1   -1   -1
 503     2.501     4.565     0.000  168   -1   -1   -1
 504     2.502     5.439     0.000  110   -1   -1   -1
 505     2.551     6.990     0.000   55   -1   -1   -1
 506     2.566     4.147     0.000  182   -1   -1   -1
 507     2.631     2.500     0.000  267   -1   -1   -1
 508     2.662    -5.011     0.000  633   -1   -1   -1
 509     2.664     0.221     0.000  385   -1   -1   -1
 510     2.684    -6.187     0.000  713   -1   -1   -1
 511     2.709     5.740     0.000  101   -1   -1   -1
 512     2.752    -5.811     0.000  685   -1   -1   -1
 513     2.757     2.555     0.000  265   -1   -1   -1
 514     2.801     0.806     0.000  352   -1   -1   -1
 515     2.809     1.543     0.000  320   -1   -1   -1
 516     2.828     7.960     0.000   20   -1   -1   -1
 517     2.851    -6.497     0.000  735   -1   -1   -1
 518     2.880     6.388     0.000   78   -1   -1   -1
 519     2.909     0.085     0.000  396   -1   -1   -1
 520     2.947    -1.549     0.000  479   -1   -1   -1
 521     2.949     5.115     0.000  128   -1   -1   -1
 522     2.970     7.147     0.000   51   -1   -1   -1
 523     3.012     0.680     0.000  362   -1   -1   -1
 524     3.026     2.937     0.000  241   -1   -1   -1
 525     3.045     5.252     0.000  121   -1   -1   -1
 526     3.057     2.724     0.000  254   -1   -1   -1
 527     3.086    -5.846     0.000  689   -1   -1   -1
 528     3.110    -5.099     0.000  639   -1   -1   -1
 529     3.116     5.595     0.000  107   -1   -1   -1
 530     3.120    -1.142     0.000  462   -1   -1   -1
 531     3.135     6.184     0.000   84   -1   -1   -1
 532     3.150    -2.434     0.000  514   -1   -1   -1
 533     3.153    -6.717     0.000  751   -1   -1   -1
 534     3.182     2.646     0.000  259   -1   -1   -1
 535     3.186     2.822     0.000  248   -1   -1   -1
 536     3.211     8.232     0.000    7   -1   -1   -1
 537     3.213    -1.845     0.000  489   -1   -1   -1
 538     3.231     2.008     0.000  300   -1   -1   -1
 539     3.233    -7.026     0.000  770   -1   -1   -1
 540     3.263    -7.959     0.000  816   -1   -1   -1
 541     3.328    -1.297     0.000  469   -1   -1   -1
 542     3.336    -3.020     0.000  541   -1   -1   -1
 543     3.362    -7.075     0.000  771   -1   -1   -1
 544     3.418     6.653     0.000   67   -1   -1   -1
 545     3.437     2.957     0.000  239   -1   -1   -1
 546     3.475    -4.430     0.000  608   -1   -1   -1
 547     3.498     2.821     0.000  249   -1   -1   -1
 548     3.508    -5.296     0.000  652   -1   -1   -1
 549     3.510     1.337     0.000  329   -1   -1   -1
 550     3.519    -2.006     0.000  502   -1   -1   -1
 551     3.525     5.890     0.000   94   -1   -1   -1
 552     3.564    -3.107     0.000  548   -1   -1   -1
 553     3.583    -2.685     0.000  524   -1   -1   -1
 554     3.603    -0.455     0.000  424   -1   -1   -1
 555     3.621     3.041     0.000  233   -1   -1   -1
 556     3.625    -6.917     0.000  764   -1   -1   -1
 557     3.626    -0.873     0.000  449   -1   -1   -1
 558     3.645    -6.853     0.000  759   -1   -1   -1
 559     3.649     5.303     0.000  117   -1   -1   -1
 560     3.656    -0.039     0.000  407   -1   -1   -1
 561     3.661    -5.913     0.000  696   -1   -1   -1
 562     3.675     2.204     0.000  285   -1   -1   -1
 563     3.678    -5.137     0.000  642   -1   -1   -1
 564     3.685     5.035     0.000  133   -1   -1   -1
 565     3.688     7.902     0.000   22   -1   -1   -1
 566     3.699    -5.386     0.000  662   -1   -1   -1
 567     3.762     4.046     0.000  189   -1   -1   -1
 568     3.774    -5.817     0.000  686   -1   -1   -1
 569     3.775     2.609     0.000  262   -1   -1   -1
 570     3.787     0.160     0.000  392   -1   -1   -1
 571     3.794    -2.560     0.000  521   -1   -1   -1
 572     3.808    -5.207     0.000  649   -1   -1   -1
 573     3.824    -0.559     0.000  429   -1   -1   -1
 574     3.826     0.840     0.000  349   -1   -1   -1
 575     3.835    -5.896     0.000  693   -1   -1   -1
 576     3.840     6.736     0.000   65   -1   -1   -1
 577     3.859    -7.082     0.000  772   -1   -1   -1
 578     3.862    -6.974     0.000  767   -1   -1   -1
 579     3.868    -2.068     0.000  503   -1   -1   -1
 580     3.870    -0.990     0.000  455   -1   -1   -1
 581     3.869    -7.445     0.000  786   -1   -1   -1
 582     3.876    -2.217     0.000  509   -1   -1   -1
 583     3.876    -1.781     0.000  487   -1   -1   -1
 584     3.896     4.923     0.000  142   -1   -1   -1
 585     3.896    -7.672     0.000  796   -1   -1   -1
 586     3.901     5.254     0.000  120   -1   -1   -1
 587     3.905    -4.081     0.000  587   -1   -1   -1
 588     3.965    -1.228     0.000  466   -1   -1   -1
 589     3.991    -8.033     0.000  821   -1   -1   -1
 590     3.994     2.461     0.000  271   -1   -1   -1
 591     4.000    -7.793     0.000  806   -1   -1   -1
 592     4.034     4.109     0.000  183   -1   -1   -1
 593     4.036     8.102     0.000   13   -1   -1   -1
 594     4.038     2.878     0.000  245   -1   -1   -1
 595     4.085     3.034     0.000  234   -1   -1   -1
 596     4.105     4.911     0.000  143   -1   -1   -1
 597     4.133    -5.402     0.000  663   -1   -1   -1
 598     4.164     0.734     0.000  358   -1   -1   -1
 599     4.241    -7.465     0.000  788   -1   -1   -1
 600     4.254    -6.750     0.000  753   -1   -1   -1
 601     4.287    -8.292     0.000  835   -1   -1   -1
 602     4.298     4.704     0.000  156   -1   -1   -1
 603     4.313     2.248     0.000  281   -1   -1   -1
 604     4.319    -4.304     0.000  598   -1   -1   -1
 605     4.335     8.332     0.000    1   -1   -1   -1
 606     4.384    -1.998     0.000  501   -1   -1   -1
 607     4.386     2.167     0.000  288   -1   -1   -1
 608     4.443     4.646     0.000  160   -1   -1   -1
 609     4.443     7.795     0.000   25   -1   -1   -1
 610     4.465    -2.081     0.000  505   -1   -1   -1
 611     4.470    -1.691     0.000  483   -1   -1   -1
 612     4.474     2.973     0.000  236   -1   -1   -1
 613     4.483     4.629     0.000  162   -1   -1   -1
 614     4.485    -5.707     0.000  679   -1   -1   -1
 615     4.493     0.796     0.000  353   -1   -1   -1
 616     4.498     8.012     0.000   18   -1   -1   -1
 617     4.522    -0.831     0.000  445   -1   -1   -1
 618     4.538     0.044     0.000  399   -1   -1   -1
 619     4.539     4.802     0.000  150   -1   -1   -1
 620     4.539     6.367     0.000   80   -1   -1   -1
 621     4.571    -8.251     0.000  831   -1   -1   -1
 622     4.592    -4.835     0.000  627   -1   -1   -1
 623     4.612     6.428     0.000   76   -1   -1   -1
 624     4.621    -3.244     0.000  553   -1   -1   -1
 625     4.652     0.060     0.000  398   -1   -1   -1
 626     4.657     3.292     0.000  223   -1   -1   -1
 627     4.685     1.160     0.000  340   -1   -1   -1
 628     4.687     2.796     0.000  250   -1   -1   -1
 629     4.688     1.879     0.000  309   -1   -1   -1
 630     4.696     0.616     0.000  367   -1   -1   -1
 631     4.711    -8.187     0.000  829   -1   -1   -1
 632     4.714    -6.435     0.000  731   -1   -1   -1
 633     4.755    -5.161     0.000  646   -1   -1   -1
 634     4.794     8.323     0.000    2   -1   -1   -1
 635     4.802     3.006     0.000  235   -1   -1   -1
 636     4.847    -4.075     0.000  586   -1   -1   -1
 637     4.884    -0.725     0.000  440   -1   -1   -1
 638     4.949     3.571     0.000  211   -1   -1   -1
 639     4.959     5.100     0.000  130   -1   -1   -1
 640     4.966     5.218     0.000  124   -1   -1   -1
 641     4.992    -7.217     0.000  775   -1   -1   -1
 642     5.016     0.287     0.000  381   -1   -1   -1
 643     5.023     1.463     0.000  322   -1   -1   -1
 644     5.049    -2.885     0.000  534   -1   -1   -1
 645     5.052    -5.187     0.000  648   -1   -1   -1
 646     5.054    -4.255     0.000  593   -1   -1   -1
 647     5.060     8.108     0.000   12   -1   -1   -1
 648     5.064     8.068     0.000   15   -1   -1   -1
 649     5.090     4.664     0.000  158   -1   -1   -1
 650     5.106    -3.950     0.000  580   -1   -1   -1
 651     5.109    -5.744     0.000  680   -1   -1   -1
 652     5.110     7.197     0.000   48   -1   -1   -1
 653     5.119     6.916     0.000   58   -1   -1   -1
 654     5.129     1.989     0.000  301   -1   -1   -1
 655     5.150    -2.689     0.000  525   -1   -1   -1
 656     5.174    -5.821     0.000  687   -1   -1   -1
 657     5.204    -7.596     0.000  794   -1   -1   -1
 658     5.217    -5.896     0.000  694   -1   -1   -1
 659     5.226    -7.187     0.000  774   -1   -1   -1
 660     5.231     6.836     0.000   62   -1   -1   -1
 661     5.231     6.423     0.000   77   -1   -1   -1
 662     5.278     1.548     0.000  319   -1   -1   -1
 663     5.311    -3.111     0.000  550   -1   -1   -1
 664     5.327     2.372     0.000  275   -1   -1   -1
 665     5.403     5.807     0.000   97   -1   -1   -1
 666     5.411    -7.844     0.000  809   -1   -1   -1
 667     5.442     2.773     0.000  252   -1   -1   -1
 668     5.447    -2.950     0.000  538   -1   -1   -1
 669     5.467     1.975     0.000  302   -1   -1   -1
 670     5.492     1.358     0.000  326   -1   -1   -1
 671     5.494     6.038     0.000   90   -1   -1   -1
 672     5.563     2.031     0.000  299   -1   -1   -1
 673     5.578     4.467     0.000  169   -1   -1   -1
 674     5.616    -8.088     0.000  825   -1   -1   -1
 675     5.622    -5.034     0.000  636   -1   -1   -1
 676     5.646     6.966     0.000   57   -1   -1   -1
 677     5.680     3.914     0.000  192   -1   -1   -1
 678     5.693    -0.648     0.000  433   -1   -1   -1
 679     5.700    -6.701     0.000  749   -1   -1   -1
 680     5.722    -3.198     0.000  552   -1   -1   -1
 681     5.764    -8.074     0.000  823   -1   -1   -1
 682     5.772     4.591     0.000  165   -1   -1   -1
 683     5.782    -5.467     0.000  666   -1   -1   -1
 684     5.803    -5.794     0.000  683   -1   -1   -1
 685     5.838     1.749     0.000  310   -1   -1   -1
 686     5.839    -2.465     0.000  517   -1   -1   -1
 687     5.844    -5.149     0.000  644   -1   -1   -1
 688     5.845    -0.994     0.000  456   -1   -1   -1
 689     5.904     1.964     0.000  304   -1   -1   -1
 690     5.904    -0.757     0.000  442   -1   -1   -1
 691     5.908     5.051     0.000  132   -1   -1   -1
 692     5.932    -7.961     0.000  817   -1   -1   -1
 693     5.976    -7.374     0.000  780   -1   -1   -1
 694     5.998     2.713     0.000  255   -1   -1   -1
 695     6.020    -6.493     0.000  733   -1   -1   -1
 696     6.037     0.213     0.000  386   -1   -1   -1
 697     6.044    -5.299     0.000  653   -1   -1   -1
 698     6.051    -4.337     0.000  602   -1   -1   -1
 699     6.060    -0.483     0.000  426   -1   -1   -1
 700     6.062     4.630     0.000  161   -1   -1   -1
 701     6.072    -3.072     0.000  546   -1   -1   -1
 702     6.075    -8.432     0.000  839   -1   -1   -1
 703     6.105    -5.438     0.000  664   -1   -1   -1
 704     6.108    -6.150     0.000  711   -1   -1   -1
 705     6.162     1.687     0.000  314   -1   -1   -1
 706     6.171     6.536     0.000   74   -1   -1   -1
 707     6.193    -4.342     0.000  603   -1   -1   -1
 708     6.213     3.852     0.000  195   -1   -1   -1
 709     6.218    -4.225     0.000  592   -1   -1   -1
 710     6.218     0.274     0.000  382   -1   -1   -1
 711     6.222     3.181     0.000  226   -1   -1   -1
 712     6.228    -1.569     0.000  481   -1   -1   -1
 713     6.285     7.265     0.000   44   -1   -1   -1
 714     6.328    -2.954     0.000  539   -1   -1   -1
 715     6.345    -6.507     0.000  736   -1   -1   -1
 716     6.355     1.946     0.000  307   -1   -1   -1
 717     6.385     2.351     0.000  277   -1   -1   -1
 718     6.401    -6.552     0.000  740   -1   -1   -1
 719     6.412     7.015     0.000   54   -1   -1   -1
 720     6.420    -4.274     0.000  595   -1   -1   -1
 721     6.427    -2.933     0.000  537   -1   -1   -1
 722     6.468    -3.856     0.000  577   -1   -1   -1
 723     6.496    -4.887     0.000  629   -1   -1   -1
 724     6.503     4.098     0.000  185   -1   -1   -1
 725     6.548     6.902     0.000   59   -1   -1   -1
 726     6.557    -5.325     0.000  656   -1   -1   -1
 727     6.557    -5.967     0.000  701   -1   -1   -1
 728     6.565     4.661     0.000  159   -1   -1   -1
 729     6.591    -1.306     0.000  470   -1   -1   -1
 730     6.597     2.121     0.000  290   -1   -1   -1
 731     6.628    -0.586     0.000  431   -1   -1   -1
 732     6.636     2.864     0.000  247   -1   -1   -1
 733     6.650    -6.064     0.000  708   -1   -1   -1
 734     6.679    -5.143     0.000  643   -1   -1   -1
 735     6.686     5.636     0.000  105   -1   -1   -1
 736     6.698    -5.337     0.000  659   -1   -1   -1
 737     6.725     6.581     0.000   70   -1   -1   -1
 738     6.729     0.424     0.000  377   -1   -1   -1
 739     6.739    -6.231     0.000  715   -1   -1   -1
 740     6.747    -5.513     0.000  670   -1   -1   -1
 741     6.752     3.178     0.000  227   -1   -1   -1
 742     6.766     3.294     0.000  222   -1   -1   -1
 743     6.767    -1.892     0.000  491   -1   -1   -1
 744     6.772     2.047     0.000  296   -1   -1   -1
 745     6.799    -0.578     0.000  430   -1   -1   -1
 746     6.802     0.681     0.000  361   -1   -1   -1
 747     6.828    -0.778     0.000  443   -1   -1   -1
 748     6.828    -6.064     0.000  707   -1   -1   -1
 749     6.849    -7.677     0.000  798   -1   -1   -1
 750     6.866     5.216     0.000  125   -1   -1   -1
 751     6.886    -4.777     0.000  623   -1   -1   -1
 752     6.899     3.616     0.000  207   -1   -1   -1
 753     6.908    -8.019     0.000  820   -1   -1   -1
 754     6.929    -0.920     0.000  452   -1   -1   -1
 755     6.936    -4.936     0.000  631   -1   -1   -1
 756     6.940     6.170     0.000   85   -1   -1   -1
 757     6.941    -0.092     0.000  409   -1   -1   -1
 758     6.944    -2.653     0.000  523   -1   -1   -1
 759     6.971    -0.691     0.000  436   -1   -1   -1
 760     6.984     0.430     0.000  375   -1   -1   -1
 761     6.989     2.079     0.000  293   -1   -1   -1
 762     7.027     3.411     0.000  218   -1   -1   -1
 763     7.029     6.626     0.000   69   -1   -1   -1
 764     7.053     2.037     0.000  298   -1   -1   -1
 765     7.055    -6.617     0.000  743   -1   -1   -1
 766     7.062    -5.805     0.000  684   -1   -1   -1
 767     7.086    -4.042     0.000  583   -1   -1   -1
 768     7.101    -0.198     0.000  414   -1   -1   -1
 769     7.107    -6.009     0.000  704   -1   -1   -1
 770     7.126     8.074     0.000   14   -1   -1   -1
 771     7.143    -8.304     0.000  836   -1   -1   -1
 772     7.146     7.538     0.000   35   -1   -1   -1
 773     7.176     6.527     0.000   75   -1   -1   -1
 774     7.193    -6.180     0.000  712   -1   -1   -1
 775     7.215     0.189     0.000  388   -1   -1   -1
 776     7.235    -3.982     0.000  581   -1   -1   -1
 777     7.263     4.984     0.000  136   -1   -1   -1
 778     7.271     4.366     0.000  176   -1   -1   -1
 779     7.286    -6.765     0.000  755   -1   -1   -1
 780     7.288    -4.409     0.000  606   -1   -1   -1
 781     7.292     6.738     0.000   64   -1   -1   -1
 782     7.311     4.306     0.000  179   -1   -1   -1
 783     7.317     5.623     0.000  106   -1   -1   -1
 784     7.329    -8.074     0.000  824   -1   -1   -1
 785     7.333    -0.159     0.000  411   -1   -1   -1
 786     7.372     3.541     0.000  214   -1   -1   -1
 787     7.411    -8.093     0.000  826   -1   -1   -1
 788     7.411    -6.419     0.000  730   -1   -1   -1
 789     7.427     2.061     0.000  295   -1   -1   -1
 790     7.490    -5.761     0.000  682   -1   -1   -1
 791     7.494     5.262     0.000  118   -1   -1   -1
 792     7.499     4.775     0.000  153   -1   -1   -1
 793     7.508     4.420     0.000  173   -1   -1   -1
 794     7.552    -2.914     0.000  535   -1   -1   -1
 795     7.575    -1.552     0.000  480   -1   -1   -1
 796     7.585     1.253     0.000  334   -1   -1   -1
 797     7.607     4.752     0.000  154   -1   -1   -1
 798     7.644     2.271     0.000  280   -1   -1   -1
 799     7.713     7.737     0.000   26   -1   -1   -1
 800     7.747    -7.946     0.000  813   -1   -1   -1
 801     7.765     8.247     0.000    4   -1   -1   -1
 802     7.812     1.618     0.000  316   -1   -1   -1
 803     7.840     6.728     0.000   66   -1   -1   -1
 804     7.847    -0.866     0.000  448   -1   -1   -1
 805     7.900    -5.161     0.000  645   -1   -1   -1
 806     7.915    -1.957     0.000  498   -1   -1   -1
 807     7.931    -5.023     0.000  635   -1   -1   -1
 808     7.941    -2.117     0.000  506   -1   -1   -1
 809     7.991     7.148     0.000   50   -1   -1   -1
 810     8.012    -0.442     0.000  423   -1   -1   -1
 811     8.024    -6.817     0.000  756   -1   -1   -1
 812     8.026    -1.203     0.000  464   -1   -1   -1
 813     8.031    -6.897     0.000  763   -1   -1   -1
 814     8.036     1.018     0.000  343   -1   -1   -1
 815     8.046    -5.658     0.000  678   -1   -1   -1
 816     8.057    -7.641     0.000  795   -1   -1   -1
 817     8.070     4.376     0.000  175   -1   -1   -1
 818     8.099     3.150     0.000  228   -1   -1   -1
 819     8.106    -1.127     0.000  460   -1   -1   -1
 820     8.143    -4.784     0.000  624   -1   -1   -1
 821     8.165    -4.550     0.000  613   -1   -1   -1
 822     8.181     2.495     0.000  268   -1   -1   -1
 823     8.187     4.605     0.000  163   -1   -1   -1
 824     8.189     3.232     0.000  225   -1   -1   -1
 825     8.190     1.710     0.000  313   -1   -1   -1
 826     8.224    -7.292     0.000  776   -1   -1   -1
 827     8.236    -6.340     0.000  725   -1   -1   -1
 828     8.256     7.256     0.000   45   -1   -1   -1
 829     8.277    -3.413     0.000  563   -1   -1   -1
 830     8.284    -6.060     0.000  706   -1   -1   -1
 831     8.314    -1.906     0.000  492   -1   -1   -1
 832     8.326    -7.385     0.000  781   -1   -1   -1
 833     8.335     7.030     0.000   53   -1   -1   -1
 834     8.351     1.332     0.000  330   -1   -1   -1
 835     8.352    -4.412     0.000  607   -1   -1   -1
 836     8.361     8.188     0.000   11   -1   -1   -1
 837     8.372     7.574     0.000   33   -1   -1   -1
 838     8.392    -8.287     0.000  834   -1   -1   -1
 839     8.405    -0.171     0.000  412   -1   -1   -1
 840     8.408     0.662     0.000  365   -1   -1   -1
