873
   1    -8.396     7.542     0.000   41   -1   -1   -1
   2    -8.379    -6.882     0.000  778   -1   -1   -1
   3    -8.357    -3.305     0.000  583   -1   -1   -1
   4    -8.352    -8.151     0.000  851   -1   -1   -1
   5    -8.326    -4.626     0.000  642   -1   -1   -1
   6    -8.287     1.211     0.000  355   -1   -1   -1
   7    -8.279     0.546     0.000  384   -1   -1   -1
   8    -8.267     6.852     0.000   68   -1   -1   -1
   9    -8.245    -8.250     0.000  859   -1   -1   -1
  10    -8.224     4.232     0.000  193   -1   -1   -1
  11    -8.210    -7.930     0.000  839   -1   -1   -1
  12    -8.187     1.549     0.000  341   -1   -1   -1
  13    -8.164     4.426     0.000  185   -1   -1   -1
  14    -8.161    -3.037     0.000  571   -1   -1   -1
  15    -8.128     6.502     0.000   81   -1   -1   -1
  16    -8.100     2.624     0.000  269   -1   -1   -1
  17    -8.099    -2.502     0.000  539   -1   -1   -1
  18    -8.067     1.220     0.000  354   -1   -1   -1
  19    -8.061     1.353     0.000  346   -1   -1   -1
  20    -8.036    -7.401     0.000  806   -1   -1   -1
  21    -8.026     2.240     0.000  294   -1   -1   -1
  22    -8.002    -6.248     0.000  735   -1   -1   -1
  23    -7.988     6.573     0.000   79   -1   -1   -1
  24    -7.964    -3.815     0.000  603   -1   -1   -1
  25    -7.931     5.665     0.000  120   -1   -1   -1
  26    -7.902    -0.954     0.000  467   -1   -1   -1
  27    -7.879     0.824     0.000  368   -1   -1   -1
  28    -7.871     2.329     0.000  288   -1   -1   -1
  29    -7.867    -0.175     0.000  422   -1   -1   -1
  30    -7.845     4.093     0.000  197   -1   -1   -1
  31    -7.820     7.183     0.000   55   -1   -1   -1
  32    -7.816     3.872     0.000  203   -1   -1   -1
  33    -7.808    -6.151     0.000  728   -1   -1   -1
  34    -7.800    -4.837     0.000  653   -1   -1   -1
  35    -7.789     4.998     0.000  154   -1   -1   -1
  36    -7.787     2.492     0.000  280   -1   -1   -1
  37    -7.762    -2.748     0.000  552   -1   -1   -1
  38    -7.760    -6.248     0.000  736   -1   -1   -1
  39    -7.754    -5.123     0.000  672   -1   -1   -1
  40    -7.746    -6.725     0.000  772   -1   -1   -1
  41    -7.743     1.981     0.000  318   -1   -1   -1
  42    -7.739    -4.624     0.000  641   -1   -1   -1
  43    -7.738     7.147     0.000   58   -1   -1   -1
  44    -7.737     5.240     0.000  142   -1   -1   -1
  45    -7.702    -0.682     0.000  447   -1   -1   -1
  46    -7.670     6.653     0.000   75   -1   -1   -1
  47    -7.583    -6.890     0.000  779   -1   -1   -1
  48    -7.557     0.424     0.000  390   -1   -1   -1
  49    -7.531     8.232     0.000    9   -1   -1   -1
  50    -7.527     0.004     0.000  409   -1   -1   -1
  51    -7.516    -0.691     0.000  449   -1   -1   -1
  52    -7.508    -5.430     0.000  691   -1   -1   -1
  53    -7.485    -1.100     0.000  478   -1   -1   -1
  54    -7.470     7.996     0.000   20   -1   -1   -1
  55    -7.468     3.623     0.000  218   -1   -1   -1
  56    -7.406     3.858     0.000  206   -1   -1   -1
  57    -7.389    -1.433     0.000  492   -1   -1   -1
  58    -7.385     3.684     0.000  216   -1   -1   -1
  59    -7.362     1.731     0.000  329   -1   -1   -1
  60    -7.356    -6.194     0.000  731   -1   -1   -1
  61    -7.342     2.317     0.000  289   -1   -1   -1
  62    -7.313    -5.080     0.000  668   -1   -1   -1
  63    -7.311    -5.399     0.000  688   -1   -1   -1
  64    -7.302     3.860     0.000  205   -1   -1   -1
  65    -7.296     5.398     0.000  135   -1   -1   -1
  66    -7.261     0.106     0.000  401   -1   -1   -1
  67    -7.257    -8.371     0.000  869   -1   -1   -1
  68    -7.237     3.246     0.000  236   -1   -1   -1
  69    -7.233     6.146     0.000   96   -1   -1   -1
  70    -7.219    -7.968     0.000  842   -1   -1   -1
  71    -7.197    -7.535     0.000  815   -1   -1   -1
  72    -7.165     7.652     0.000   34   -1   -1   -1
  73    -7.147     6.088     0.000   99   -1   -1   -1
  74    -7.146    -7.744     0.000  828   -1   -1   -1
  75    -7.142     4.743     0.000  168   -1   -1   -1
  76    -7.139     4.046     0.000  199   -1   -1   -1
  77    -7.123     7.297     0.000   49   -1   -1   -1
  78    -7.119    -2.410     0.000  533   -1   -1   -1
  79    -7.109     7.465     0.000   43   -1   -1   -1
  80    -7.080     4.991     0.000  156   -1   -1   -1
  81    -7.035    -5.418     0.000  690   -1   -1   -1
  82    -7.001     1.964     0.000  319   -1   -1   -1
  83    -7.001     0.024     0.000  408   -1   -1   -1
  84    -6.998    -6.777     0.000  774   -1   -1   -1
  85    -6.991     4.442     0.000  182   -1   -1   -1
  86    -6.978    -6.606     0.000  763   -1   -1   -1
  87    -6.970     4.336     0.000  190   -1   -1   -1
  88    -6.964    -2.400     0.000  532   -1   -1   -1
  89    -6.945     5.116     0.000  149   -1   -1   -1
  90    -6.940    -0.386     0.000  431   -1   -1   -1
  91    -6.916    -2.695     0.000  548   -1   -1   -1
  92    -6.907     5.417     0.000  134   -1   -1   -1
  93    -6.882     2.898     0.000  251   -1   -1   -1
  94    -6.881    -0.831     0.000  458   -1   -1   -1
  95    -6.877    -6.425     0.000  750   -1   -1   -1
  96    -6.872    -6.461     0.000  754   -1   -1   -1
  97    -6.850    -1.211     0.000  481   -1   -1   -1
  98    -6.833     7.552     0.000   39   -1   -1   -1
  99    -6.824    -7.506     0.000  812   -1   -1   -1
 100    -6.782    -5.436     0.000  692   -1   -1   -1
 101    -6.781     1.304     0.000  349   -1   -1   -1
 102    -6.754     2.417     0.000  282   -1   -1   -1
 103    -6.727     7.619     0.000   35   -1   -1   -1
 104    -6.717     3.568     0.000  221   -1   -1   -1
 105    -6.691    -3.036     0.000  570   -1   -1   -1
 106    -6.669     1.669     0.000  333   -1   -1   -1
 107    -6.669     1.351     0.000  347   -1   -1   -1
 108    -6.626     2.375     0.000  285   -1   -1   -1
 109    -6.625     3.544     0.000  224   -1   -1   -1
 110    -6.591     5.776     0.000  116   -1   -1   -1
 111    -6.576     6.977     0.000   64   -1   -1   -1
 112    -6.567    -4.354     0.000  627   -1   -1   -1
 113    -6.549    -6.356     0.000  748   -1   -1   -1
 114    -6.517    -1.400     0.000  490   -1   -1   -1
 115    -6.510    -6.238     0.000  734   -1   -1   -1
 116    -6.501     7.618     0.000   36   -1   -1   -1
 117    -6.497     3.058     0.000  243   -1   -1   -1
 118    -6.468    -4.773     0.000  649   -1   -1   -1
 119    -6.448    -5.902     0.000  715   -1   -1   -1
 120    -6.409     0.141     0.000  400   -1   -1   -1
 121    -6.367    -6.618     0.000  764   -1   -1   -1
 122    -6.364    -7.860     0.000  834   -1   -1   -1
 123    -6.362     4.879     0.000  161   -1   -1   -1
 124    -6.324    -0.493     0.000  436   -1   -1   -1
 125    -6.322     8.135     0.000   13   -1   -1   -1
 126    -6.307     6.410     0.000   86   -1   -1   -1
 127    -6.282    -5.834     0.000  712   -1   -1   -1
 128    -6.268     0.097     0.000  403   -1   -1   -1
 129    -6.248     0.329     0.000  394   -1   -1   -1
 130    -6.231    -1.660     0.000  502   -1   -1   -1
 131    -6.217     0.984     0.000  363   -1   -1   -1
 132    -6.197     2.497     0.000  279   -1   -1   -1
 133    -6.164     4.878     0.000  162   -1   -1   -1
 134    -6.158     3.371     0.000  230   -1   -1   -1
 135    -6.153    -5.255     0.000  680   -1   -1   -1
 136    -6.148     2.734     0.000  264   -1   -1   -1
 137    -6.142    -7.641     0.000  821   -1   -1   -1
 138    -6.095     1.237     0.000  353   -1   -1   -1
 139    -6.094     7.353     0.000   48   -1   -1   -1
 140    -6.088    -7.134     0.000  788   -1   -1   -1
 141    -6.064     6.282     0.000   89   -1   -1   -1
 142    -6.058    -1.078     0.000  473   -1   -1   -1
 143    -6.042     3.706     0.000  215   -1   -1   -1
 144    -6.007     7.848     0.000   25   -1   -1   -1
 145    -6.006    -7.710     0.000  825   -1   -1   -1
 146    -5.970     2.485     0.000  281   -1   -1   -1
 147    -5.954     3.082     0.000  242   -1   -1   -1
 148    -5.944     6.812     0.000   70   -1   -1   -1
 149    -5.934    -0.467     0.000  433   -1   -1   -1
 150    -5.908    -7.349     0.000  803   -1   -1   -1
 151    -5.902     4.863     0.000  163   -1   -1   -1
 152    -5.880    -5.878     0.000  714   -1   -1   -1
 153    -5.856    -0.035     0.000  411   -1   -1   -1
 154    -5.824     4.702     0.000  170   -1   -1   -1
 155    -5.815    -1.656     0.000  501   -1   -1   -1
 156    -5.799    -1.897     0.000  512   -1   -1   -1
 157    -5.761    -5.842     0.000  713   -1   -1   -1
 158    -5.692    -4.130     0.000  614   -1   -1   -1
 159    -5.686     7.406     0.000   46   -1   -1   -1
 160    -5.672     1.909     0.000  322   -1   -1   -1
 161    -5.655     5.749     0.000  117   -1   -1   -1
 162    -5.634     0.737     0.000  370   -1   -1   -1
 163    -5.629    -3.175     0.000  579   -1   -1   -1
 164    -5.590     7.240     0.000   53   -1   -1   -1
 165    -5.589    -0.890     0.000  460   -1   -1   -1
 166    -5.579    -1.777     0.000  508   -1   -1   -1
 167    -5.563    -2.491     0.000  538   -1   -1   -1
 168    -5.557     6.036     0.000  104   -1   -1   -1
 169    -5.556     0.274     0.000  396   -1   -1   -1
 170    -5.523     2.666     0.000  266   -1   -1   -1
 171    -5.507    -3.111     0.000  577   -1   -1   -1
 172    -5.499    -4.943     0.000  660   -1   -1   -1
 173    -5.486    -7.685     0.000  823   -1   -1   -1
 174    -5.461    -0.687     0.000  448   -1   -1   -1
 175    -5.443    -6.515     0.000  759   -1   -1   -1
 176    -5.432     5.231     0.000  145   -1   -1   -1
 177    -5.431    -6.039     0.000  721   -1   -1   -1
 178    -5.431    -1.331     0.000  485   -1   -1   -1
 179    -5.415    -6.264     0.000  737   -1   -1   -1
 180    -5.395    -8.241     0.000  858   -1   -1   -1
 181    -5.356    -4.595     0.000  640   -1   -1   -1
 182    -5.336    -4.516     0.000  637   -1   -1   -1
 183    -5.332    -0.609     0.000  442   -1   -1   -1
 184    -5.330     3.820     0.000  212   -1   -1   -1
 185    -5.318    -3.048     0.000  573   -1   -1   -1
 186    -5.266     2.064     0.000  307   -1   -1   -1
 187    -5.247    -3.804     0.000  602   -1   -1   -1
 188    -5.241     0.694     0.000  373   -1   -1   -1
 189    -5.162    -4.683     0.000  645   -1   -1   -1
 190    -5.121    -6.677     0.000  768   -1   -1   -1
 191    -5.102    -3.903     0.000  604   -1   -1   -1
 192    -5.078    -5.122     0.000  671   -1   -1   -1
 193    -5.075    -4.814     0.000  652   -1   -1   -1
 194    -5.074    -1.715     0.000  504   -1   -1   -1
 195    -5.068    -0.090     0.000  414   -1   -1   -1
 196    -5.060    -7.936     0.000  840   -1   -1   -1
 197    -5.047    -8.337     0.000  866   -1   -1   -1
 198    -5.033    -0.020     0.000  410   -1   -1   -1
 199    -5.030     1.562     0.000  340   -1   -1   -1
 200    -5.010     0.527     0.000  385   -1   -1   -1
 201    -4.970     5.117     0.000  148   -1   -1   -1
 202    -4.962     3.942     0.000  200   -1   -1   -1
 203    -4.948    -0.334     0.000  430   -1   -1   -1
 204    -4.944     3.744     0.000  214   -1   -1   -1
 205    -4.942    -3.390     0.000  586   -1   -1   -1
 206    -4.893     8.374     0.000    0   -1   -1   -1
 207    -4.884     8.224     0.000   10   -1   -1   -1
 208    -4.882    -1.341     0.000  486   -1   -1   -1
 209    -4.862    -5.789     0.000  708   -1   -1   -1
 210    -4.858     0.669     0.000  376   -1   -1   -1
 211    -4.854    -4.357     0.000  628   -1   -1   -1
 212    -4.852    -3.238     0.000  581   -1   -1   -1
 213    -4.841    -1.404     0.000  491   -1   -1   -1
 214    -4.837     3.836     0.000  209   -1   -1   -1
 215    -4.797     0.066     0.000  406   -1   -1   -1
 216    -4.766     0.398     0.000  393   -1   -1   -1
 217    -4.762    -3.459     0.000  592   -1   -1   -1
 218    -4.750    -4.324     0.000  623   -1   -1   -1
 219    -4.708     4.525     0.000  178   -1   -1   -1
 220    -4.692    -5.084     0.000  669   -1   -1   -1
 221    -4.661     3.566     0.000  222   -1   -1   -1
 222    -4.654     2.648     0.000  267   -1   -1   -1
 223    -4.644     5.790     0.000  115   -1   -1   -1
 224    -4.638     2.182     0.000  299   -1   -1   -1
 225    -4.632     3.397     0.000  229   -1   -1   -1
 226    -4.601    -6.681     0.000  769   -1   -1   -1
 227    -4.599    -6.988     0.000  783   -1   -1   -1
 228    -4.596    -8.208     0.000  853   -1   -1   -1
 229    -4.580    -5.242     0.000  679   -1   -1   -1
 230    -4.574    -4.914     0.000  657   -1   -1   -1
 231    -4.568     2.522     0.000  276   -1   -1   -1
 232    -4.530    -1.251     0.000  482   -1   -1   -1
 233    -4.501     2.165     0.000  301   -1   -1   -1
 234    -4.482     0.608     0.000  380   -1   -1   -1
 235    -4.461    -2.952     0.000  565   -1   -1   -1
 236    -4.460    -6.286     0.000  740   -1   -1   -1
 237    -4.447    -6.140     0.000  725   -1   -1   -1
 238    -4.379     0.841     0.000  367   -1   -1   -1
 239    -4.365     3.504     0.000  225   -1   -1   -1
 240    -4.333    -0.728     0.000  453   -1   -1   -1
 241    -4.315     7.412     0.000   45   -1   -1   -1
 242    -4.294     1.039     0.000  360   -1   -1   -1
 243    -4.280     1.141     0.000  357   -1   -1   -1
 244    -4.273    -7.171     0.000  789   -1   -1   -1
 245    -4.246     0.597     0.000  381   -1   -1   -1
 246    -4.238    -4.509     0.000  636   -1   -1   -1
 247    -4.214    -4.286     0.000  621   -1   -1   -1
 248    -4.151    -4.554     0.000  639   -1   -1   -1
 249    -4.131     3.333     0.000  232   -1   -1   -1
 250    -4.120    -1.346     0.000  487   -1   -1   -1
 251    -4.099    -6.654     0.000  767   -1   -1   -1
 252    -4.096     2.601     0.000  271   -1   -1   -1
 253    -4.054     5.732     0.000  118   -1   -1   -1
 254    -4.032     1.590     0.000  338   -1   -1   -1
 255    -4.021     5.657     0.000  121   -1   -1   -1
 256    -4.021     2.056     0.000  310   -1   -1   -1
 257    -4.006    -6.495     0.000  756   -1   -1   -1
 258    -3.995    -1.547     0.000  498   -1   -1   -1
 259    -3.961     4.109     0.000  195   -1   -1   -1
 260    -3.956    -8.231     0.000  856   -1   -1   -1
 261    -3.939    -7.465     0.000  810   -1   -1   -1
 262    -3.934     5.208     0.000  146   -1   -1   -1
 263    -3.926     5.337     0.000  137   -1   -1   -1
 264    -3.901    -6.443     0.000  751   -1   -1   -1
 265    -3.847    -8.286     0.000  863   -1   -1   -1
 266    -3.823     4.351     0.000  189   -1   -1   -1
 267    -3.819     2.168     0.000  300   -1   -1   -1
 268    -3.782    -7.705     0.000  824   -1   -1   -1
 269    -3.764     8.271     0.000    4   -1   -1   -1
 270    -3.720     0.423     0.000  391   -1   -1   -1
 271    -3.713    -2.220     0.000  526   -1   -1   -1
 272    -3.685     7.857     0.000   24   -1   -1   -1
 273    -3.653    -1.395     0.000  489   -1   -1   -1
 274    -3.648     7.766     0.000   29   -1   -1   -1
 275    -3.644    -0.213     0.000  426   -1   -1   -1
 276    -3.638     7.812     0.000   27   -1   -1   -1
 277    -3.627    -3.783     0.000  601   -1   -1   -1
 278    -3.576     6.071     0.000  101   -1   -1   -1
 279    -3.551    -4.682     0.000  644   -1   -1   -1
 280    -3.539    -4.442     0.000  633   -1   -1   -1
 281    -3.528     0.709     0.000  372   -1   -1   -1
 282    -3.518     8.166     0.000   12   -1   -1   -1
 283    -3.505    -1.047     0.000  471   -1   -1   -1
 284    -3.480    -1.574     0.000  500   -1   -1   -1
 285    -3.477     6.380     0.000   87   -1   -1   -1
 286    -3.444    -7.586     0.000  817   -1   -1   -1
 287    -3.425     2.196     0.000  297   -1   -1   -1
 288    -3.397     7.843     0.000   26   -1   -1   -1
 289    -3.380    -2.739     0.000  551   -1   -1   -1
 290    -3.372     0.686     0.000  374   -1   -1   -1
 291    -3.368     0.053     0.000  407   -1   -1   -1
 292    -3.363    -6.337     0.000  744   -1   -1   -1
 293    -3.327    -2.159     0.000  522   -1   -1   -1
 294    -3.324     5.456     0.000  131   -1   -1   -1
 295    -3.314     2.530     0.000  275   -1   -1   -1
 296    -3.304    -0.112     0.000  417   -1   -1   -1
 297    -3.292     4.443     0.000  181   -1   -1   -1
 298    -3.280     6.228     0.000   91   -1   -1   -1
 299    -3.246    -3.571     0.000  596   -1   -1   -1
 300    -3.205     2.368     0.000  287   -1   -1   -1
 301    -3.200    -8.027     0.000  847   -1   -1   -1
 302    -3.178    -2.870     0.000  557   -1   -1   -1
 303    -3.164     6.026     0.000  106   -1   -1   -1
 304    -3.158    -6.305     0.000  741   -1   -1   -1
 305    -3.135     1.816     0.000  324   -1   -1   -1
 306    -3.103     3.844     0.000  208   -1   -1   -1
 307    -3.079     2.270     0.000  292   -1   -1   -1
 308    -3.075    -5.026     0.000  666   -1   -1   -1
 309    -3.064    -2.799     0.000  555   -1   -1   -1
 310    -3.058     7.956     0.000   22   -1   -1   -1
 311    -3.049     3.051     0.000  244   -1   -1   -1
 312    -3.044    -0.970     0.000  469   -1   -1   -1
 313    -3.028    -1.106     0.000  479   -1   -1   -1
 314    -3.017    -0.676     0.000  445   -1   -1   -1
 315    -3.005    -4.654     0.000  643   -1   -1   -1
 316    -2.981    -1.898     0.000  513   -1   -1   -1
 317    -2.950     4.481     0.000  180   -1   -1   -1
 318    -2.904    -0.471     0.000  435   -1   -1   -1
 319    -2.887    -6.683     0.000  770   -1   -1   -1
 320    -2.832    -0.549     0.000  439   -1   -1   -1
 321    -2.813    -2.921     0.000  562   -1   -1   -1
 322    -2.802    -3.028     0.000  569   -1   -1   -1
 323    -2.797    -3.393     0.000  588   -1   -1   -1
 324    -2.774     7.151     0.000   57   -1   -1   -1
 325    -2.769     8.242     0.000    8   -1   -1   -1
 326    -2.762    -0.178     0.000  423   -1   -1   -1
 327    -2.716     6.744     0.000   73   -1   -1   -1
 328    -2.714     5.563     0.000  126   -1   -1   -1
 329    -2.702    -6.506     0.000  758   -1   -1   -1
 330    -2.680     3.404     0.000  228   -1   -1   -1
 331    -2.660     1.793     0.000  326   -1   -1   -1
 332    -2.649    -8.394     0.000  870   -1   -1   -1
 333    -2.644     8.255     0.000    7   -1   -1   -1
 334    -2.624     6.597     0.000   77   -1   -1   -1
 335    -2.613    -5.175     0.000  676   -1   -1   -1
 336    -2.596     8.009     0.000   19   -1   -1   -1
 337    -2.565    -3.050     0.000  574   -1   -1   -1
 338    -2.539    -0.943     0.000  466   -1   -1   -1
 339    -2.537     7.736     0.000   31   -1   -1   -1
 340    -2.527    -7.963     0.000  841   -1   -1   -1
 341    -2.527     0.102     0.000  402   -1   -1   -1
 342    -2.522    -4.889     0.000  656   -1   -1   -1
 343    -2.499    -7.291     0.000  798   -1   -1   -1
 344    -2.464    -3.926     0.000  605   -1   -1   -1
 345    -2.452     1.612     0.000  337   -1   -1   -1
 346    -2.450     0.843     0.000  366   -1   -1   -1
 347    -2.397     2.551     0.000  274   -1   -1   -1
 348    -2.321     0.479     0.000  387   -1   -1   -1
 349    -2.297     0.982     0.000  364   -1   -1   -1
 350    -2.256    -2.824     0.000  556   -1   -1   -1
 351    -2.249     0.612     0.000  379   -1   -1   -1
 352    -2.237    -3.607     0.000  598   -1   -1   -1
 353    -2.230    -5.577     0.000  697   -1   -1   -1
 354    -2.218     5.446     0.000  132   -1   -1   -1
 355    -2.217    -2.451     0.000  536   -1   -1   -1
 356    -2.182     6.193     0.000   93   -1   -1   -1
 357    -2.137    -2.619     0.000  542   -1   -1   -1
 358    -2.131     4.659     0.000  173   -1   -1   -1
 359    -2.084    -2.707     0.000  549   -1   -1   -1
 360    -2.072    -1.528     0.000  495   -1   -1   -1
 361    -2.058     5.919     0.000  109   -1   -1   -1
 362    -1.979    -7.463     0.000  809   -1   -1   -1
 363    -1.973     5.811     0.000  113   -1   -1   -1
 364    -1.949     0.078     0.000  404   -1   -1   -1
 365    -1.947     1.204     0.000  356   -1   -1   -1
 366    -1.937    -7.262     0.000  795   -1   -1   -1
 367    -1.859     6.457     0.000   82   -1   -1   -1
 368    -1.820    -0.696     0.000  451   -1   -1   -1
 369    -1.758     6.113     0.000   98   -1   -1   -1
 370    -1.720     2.776     0.000  260   -1   -1   -1
 371    -1.718     1.993     0.000  316   -1   -1   -1
 372    -1.711     5.959     0.000  108   -1   -1   -1
 373    -1.697     2.602     0.000  270   -1   -1   -1
 374    -1.653     1.028     0.000  362   -1   -1   -1
 375    -1.621    -7.842     0.000  833   -1   -1   -1
 376    -1.592     1.653     0.000  334   -1   -1   -1
 377    -1.570    -3.948     0.000  606   -1   -1   -1
 378    -1.560    -3.353     0.000  584   -1   -1   -1
 379    -1.552     1.257     0.000  352   -1   -1   -1
 380    -1.546    -2.434     0.000  534   -1   -1   -1
 381    -1.503     2.758     0.000  261   -1   -1   -1
 382    -1.490     2.296     0.000  290   -1   -1   -1
 383    -1.421     2.218     0.000  295   -1   -1   -1
 384    -1.296    -5.613     0.000  699   -1   -1   -1
 385    -1.277     2.386     0.000  284   -1   -1   -1
 386    -1.275     2.046     0.000  312   -1   -1   -1
 387    -1.273    -6.451     0.000  752   -1   -1   -1
 388    -1.264    -7.367     0.000  804   -1   -1   -1
 389    -1.227    -2.342     0.000  531   -1   -1   -1
 390    -1.178    -2.764     0.000  554   -1   -1   -1
 391    -1.089     2.253     0.000  293   -1   -1   -1
 392    -1.024     3.006     0.000  246   -1   -1   -1
 393    -0.889    -1.743     0.000  506   -1   -1   -1
 394    -0.875     5.881     0.000  110   -1   -1   -1
 395    -0.851    -8.268     0.000  862   -1   -1   -1
 396    -0.832     6.982     0.000   63   -1   -1   -1
 397    -0.789    -8.427     0.000  871   -1   -1   -1
 398    -0.778    -5.048     0.000  667   -1   -1   -1
 399    -0.747    -4.744     0.000  646   -1   -1   -1
 400    -0.738    -7.125     0.000  787   -1   -1   -1
 401    -0.723    -3.413     0.000  589   -1   -1   -1
 402    -0.706    -2.613     0.000  541   -1   -1   -1
 403    -0.700     6.431     0.000   84   -1   -1   -1
 404    -0.683    -5.160     0.000  675   -1   -1   -1
 405    -0.663    -1.092     0.000  476   -1   -1   -1
 406    -0.644    -1.974     0.000  516   -1   -1   -1
 407    -0.636    -6.148     0.000  726   -1   -1   -1
 408    -0.457    -4.056     0.000  613   -1   -1   -1
 409    -0.446    -7.532     0.000  814   -1   -1   -1
 410    -0.427    -6.927     0.000  780   -1   -1   -1
 411    -0.378    -7.903     0.000  837   -1   -1   -1
 412    -0.254    -8.290     0.000  864   -1   -1   -1
 413    -0.214     1.725     0.000  330   -1   -1   -1
 414    -0.200    -3.196     0.000  580   -1   -1   -1
 415    -0.182     2.850     0.000  256   -1   -1   -1
 416    -0.124    -2.650     0.000  546   -1   -1   -1
 417    -0.111     7.983     0.000   21   -1   -1   -1
 418    -0.087     3.357     0.000  231   -1   -1   -1
 419    -0.038    -8.007     0.000  845   -1   -1   -1
 420    -0.035    -5.800     0.000  711   -1   -1   -1
 421    -0.033    -1.099     0.000  477   -1   -1   -1
 422     0.100     1.270     0.000  350   -1   -1   -1
 423     0.288    -5.261     0.000  681   -1   -1   -1
 424     0.531    -6.707     0.000  771   -1   -1   -1
 425     0.579    -6.178     0.000  729   -1   -1   -1
 426     0.610     5.148     0.000  147   -1   -1   -1
 427     0.663    -6.192     0.000  730   -1   -1   -1
 428     0.710    -2.108     0.000  519   -1   -1   -1
 429     0.715     2.680     0.000  265   -1   -1   -1
 430     0.731    -1.347     0.000  488   -1   -1   -1
 431     0.791     2.874     0.000  254   -1   -1   -1
 432     0.895     1.922     0.000  321   -1   -1   -1
 433     0.969     7.440     0.000   44   -1   -1   -1
 434     1.001    -6.741     0.000  773   -1   -1   -1
 435     1.004    -4.918     0.000  659   -1   -1   -1
 436     1.032     5.437     0.000  133   -1   -1   -1
 437     1.036    -5.373     0.000  686   -1   -1   -1
 438     1.043    -4.953     0.000  661   -1   -1   -1
 439     1.110    -2.934     0.000  564   -1   -1   -1
 440     1.140    -7.304     0.000  799   -1   -1   -1
 441     1.141     5.346     0.000  136   -1   -1   -1
 442     1.176     2.502     0.000  278   -1   -1   -1
 443     1.187    -2.328     0.000  530   -1   -1   -1
 444     1.209    -3.363     0.000  585   -1   -1   -1
 445     1.214     1.523     0.000  342   -1   -1   -1
 446     1.242    -7.065     0.000  785   -1   -1   -1
 447     1.251     6.085     0.000  100   -1   -1   -1
 448     1.261    -4.295     0.000  622   -1   -1   -1
 449     1.265    -4.347     0.000  626   -1   -1   -1
 450     1.284    -8.350     0.000  867   -1   -1   -1
 451     1.287     0.071     0.000  405   -1   -1   -1
 452     1.290    -6.083     0.000  723   -1   -1   -1
 453     1.309    -0.157     0.000  421   -1   -1   -1
 454     1.310     7.140     0.000   59   -1   -1   -1
 455     1.345    -2.891     0.000  558   -1   -1   -1
 456     1.353    -4.011     0.000  610   -1   -1   -1
 457     1.394    -4.781     0.000  650   -1   -1   -1
 458     1.406    -0.907     0.000  462   -1   -1   -1
 459     1.449     2.743     0.000  262   -1   -1   -1
 460     1.464     3.622     0.000  219   -1   -1   -1
 461     1.478     1.623     0.000  336   -1   -1   -1
 462     1.490     6.188     0.000   95   -1   -1   -1
 463     1.506     7.572     0.000   38   -1   -1   -1
 464     1.533     3.833     0.000  210   -1   -1   -1
 465     1.547     2.164     0.000  302   -1   -1   -1
 466     1.562    -3.510     0.000  595   -1   -1   -1
 467     1.569    -5.286     0.000  682   -1   -1   -1
 468     1.618    -0.548     0.000  438   -1   -1   -1
 469     1.622    -6.317     0.000  743   -1   -1   -1
 470     1.712    -7.421     0.000  807   -1   -1   -1
 471     1.724    -0.276     0.000  427   -1   -1   -1
 472     1.741     4.905     0.000  160   -1   -1   -1
 473     1.749     8.316     0.000    3   -1   -1   -1
 474     1.772     0.400     0.000  392   -1   -1   -1
 475     1.795    -0.322     0.000  429   -1   -1   -1
 476     1.798    -4.796     0.000  651   -1   -1   -1
 477     1.835     2.938     0.000  250   -1   -1   -1
 478     1.841    -5.374     0.000  687   -1   -1   -1
 479     1.842     5.619     0.000  125   -1   -1   -1
 480     1.908    -3.475     0.000  593   -1   -1   -1
 481     1.910    -0.191     0.000  425   -1   -1   -1
 482     1.919     7.531     0.000   42   -1   -1   -1
 483     1.949    -7.015     0.000  784   -1   -1   -1
 484     1.950    -4.959     0.000  663   -1   -1   -1
 485     1.968     3.474     0.000  226   -1   -1   -1
 486     1.970     4.335     0.000  191   -1   -1   -1
 487     1.987     2.041     0.000  313   -1   -1   -1
 488     2.002     6.281     0.000   90   -1   -1   -1
 489     2.011     0.199     0.000  399   -1   -1   -1
 490     2.014    -5.462     0.000  694   -1   -1   -1
 491     2.020     3.822     0.000  211   -1   -1   -1
 492     2.023    -7.838     0.000  832   -1   -1   -1
 493     2.026    -1.543     0.000  497   -1   -1   -1
 494     2.075     6.027     0.000  105   -1   -1   -1
 495     2.077     3.893     0.000  202   -1   -1   -1
 496     2.078    -1.950     0.000  515   -1   -1   -1
 497     2.103     7.276     0.000   51   -1   -1   -1
 498     2.104    -0.918     0.000  463   -1   -1   -1
 499     2.117     0.629     0.000  378   -1   -1   -1
 500     2.118    -7.262     0.000  794   -1   -1   -1
 501     2.123    -1.492     0.000  494   -1   -1   -1
 502     2.136     5.713     0.000  119   -1   -1   -1
 503     2.160    -0.694     0.000  450   -1   -1   -1
 504     2.230    -4.760     0.000  647   -1   -1   -1
 505     2.237     4.185     0.000  194   -1   -1   -1
 506     2.262    -8.121     0.000  850   -1   -1   -1
 507     2.270    -8.213     0.000  854   -1   -1   -1
 508     2.296     5.044     0.000  152   -1   -1   -1
 509     2.307     5.799     0.000  114   -1   -1   -1
 510     2.308    -5.671     0.000  702   -1   -1   -1
 511     2.314    -3.630     0.000  599   -1   -1   -1
 512     2.317    -1.083     0.000  474   -1   -1   -1
 513     2.352    -2.181     0.000  524   -1   -1   -1
 514     2.372     5.531     0.000  129   -1   -1   -1
 515     2.407     5.534     0.000  128   -1   -1   -1
 516     2.421     7.663     0.000   33   -1   -1   -1
 517     2.452     0.510     0.000  386   -1   -1   -1
 518     2.482    -7.289     0.000  797   -1   -1   -1
 519     2.487    -3.591     0.000  597   -1   -1   -1
 520     2.521     3.847     0.000  207   -1   -1   -1
 521     2.536    -5.411     0.000  689   -1   -1   -1
 522     2.544    -2.164     0.000  523   -1   -1   -1
 523     2.552     2.789     0.000  259   -1   -1   -1
 524     2.558    -3.486     0.000  594   -1   -1   -1
 525     2.570     3.772     0.000  213   -1   -1   -1
 526     2.585     6.767     0.000   71   -1   -1   -1
 527     2.652    -7.213     0.000  791   -1   -1   -1
 528     2.697     7.385     0.000   47   -1   -1   -1
 529     2.718     4.402     0.000  187   -1   -1   -1
 530     2.797    -5.773     0.000  706   -1   -1   -1
 531     2.804    -0.095     0.000  415   -1   -1   -1
 532     2.831     2.101     0.000  304   -1   -1   -1
 533     2.834    -6.284     0.000  739   -1   -1   -1
 534     2.834    -0.107     0.000  416   -1   -1   -1
 535     2.856     4.970     0.000  157   -1   -1   -1
 536     2.869    -6.854     0.000  776   -1   -1   -1
 537     2.883    -1.729     0.000  505   -1   -1   -1
 538     2.892     4.430     0.000  184   -1   -1   -1
 539     2.928    -2.730     0.000  550   -1   -1   -1
 540     2.963    -7.509     0.000  813   -1   -1   -1
 541     2.979    -0.928     0.000  465   -1   -1   -1
 542     2.997     2.064     0.000  308   -1   -1   -1
 543     3.003     5.540     0.000  127   -1   -1   -1
 544     3.057    -2.145     0.000  521   -1   -1   -1
 545     3.062     2.867     0.000  255   -1   -1   -1
 546     3.108     6.121     0.000   97   -1   -1   -1
 547     3.136    -7.452     0.000  808   -1   -1   -1
 548     3.159     6.039     0.000  103   -1   -1   -1
 549     3.163    -7.568     0.000  816   -1   -1   -1
 550     3.195     4.106     0.000  196   -1   -1   -1
 551     3.195    -7.732     0.000  827   -1   -1   -1
 552     3.200     8.257     0.000    6   -1   -1   -1
 553     3.205    -0.736     0.000  454   -1   -1   -1
 554     3.207     2.627     0.000  268   -1   -1   -1
 555     3.267    -5.606     0.000  698   -1   -1   -1
 556     3.269    -3.982     0.000  609   -1   -1   -1
 557     3.278    -4.982     0.000  664   -1   -1   -1
 558     3.278     2.992     0.000  248   -1   -1   -1
 559     3.322    -4.173     0.000  617   -1   -1   -1
 560     3.333     2.879     0.000  253   -1   -1   -1
 561     3.357    -2.250     0.000  528   -1   -1   -1
 562     3.381    -0.956     0.000  468   -1   -1   -1
 563     3.391     6.645     0.000   76   -1   -1   -1
 564     3.433    -6.347     0.000  746   -1   -1   -1
 565     3.444    -5.716     0.000  703   -1   -1   -1
 566     3.462     5.846     0.000  111   -1   -1   -1
 567     3.501     5.281     0.000  138   -1   -1   -1
 568     3.513    -0.497     0.000  437   -1   -1   -1
 569     3.573    -2.961     0.000  566   -1   -1   -1
 570     3.579    -6.235     0.000  733   -1   -1   -1
 571     3.587     2.587     0.000  273   -1   -1   -1
 572     3.590    -0.050     0.000  412   -1   -1   -1
 573     3.600     5.028     0.000  153   -1   -1   -1
 574     3.604    -3.241     0.000  582   -1   -1   -1
 575     3.607    -5.535     0.000  696   -1   -1   -1
 576     3.616    -2.234     0.000  527   -1   -1   -1
 577     3.648    -2.569     0.000  540   -1   -1   -1
 578     3.657     1.924     0.000  320   -1   -1   -1
 579     3.662     4.053     0.000  198   -1   -1   -1
 580     3.666     7.905     0.000   23   -1   -1   -1
 581     3.671    -1.909     0.000  514   -1   -1   -1
 582     3.683    -2.757     0.000  553   -1   -1   -1
 583     3.708    -1.085     0.000  475   -1   -1   -1
 584     3.738    -0.591     0.000  441   -1   -1   -1
 585     3.739    -2.267     0.000  529   -1   -1   -1
 586     3.754     0.854     0.000  365   -1   -1   -1
 587     3.756     7.708     0.000   32   -1   -1   -1
 588     3.767    -0.740     0.000  455   -1   -1   -1
 589     3.789    -7.635     0.000  820   -1   -1   -1
 590     3.802    -6.277     0.000  738   -1   -1   -1
 591     3.815     4.936     0.000  158   -1   -1   -1
 592     3.826    -1.323     0.000  484   -1   -1   -1
 593     3.827     5.253     0.000  141   -1   -1   -1
 594     3.835    -2.668     0.000  547   -1   -1   -1
 595     3.873    -7.505     0.000  811   -1   -1   -1
 596     3.899    -5.624     0.000  700   -1   -1   -1
 597     3.923    -1.832     0.000  509   -1   -1   -1
 598     3.944     2.963     0.000  249   -1   -1   -1
 599     3.985     3.099     0.000  241   -1   -1   -1
 600     3.986     0.636     0.000  377   -1   -1   -1
 601     4.005     8.104     0.000   15   -1   -1   -1
 602     4.005    -7.729     0.000  826   -1   -1   -1
 603     4.006    -7.332     0.000  800   -1   -1   -1
 604     4.012    -0.295     0.000  428   -1   -1   -1
 605     4.034     4.917     0.000  159   -1   -1   -1
 606     4.053    -8.266     0.000  861   -1   -1   -1
 607     4.075    -7.263     0.000  796   -1   -1   -1
 608     4.124    -4.273     0.000  620   -1   -1   -1
 609     4.133    -8.010     0.000  846   -1   -1   -1
 610     4.138    -1.051     0.000  472   -1   -1   -1
 611     4.151    -6.561     0.000  761   -1   -1   -1
 612     4.207    -4.440     0.000  631   -1   -1   -1
 613     4.208    -7.786     0.000  829   -1   -1   -1
 614     4.223     2.216     0.000  296   -1   -1   -1
 615     4.238     4.723     0.000  169   -1   -1   -1
 616     4.260    -5.938     0.000  716   -1   -1   -1
 617     4.272    -2.008     0.000  517   -1   -1   -1
 618     4.274    -4.050     0.000  612   -1   -1   -1
 619     4.280    -2.192     0.000  525   -1   -1   -1
 620     4.309     8.339     0.000    1   -1   -1   -1
 621     4.334    -1.759     0.000  507   -1   -1   -1
 622     4.357     2.185     0.000  298   -1   -1   -1
 623     4.373    -6.338     0.000  745   -1   -1   -1
 624     4.390     4.668     0.000  172   -1   -1   -1
 625     4.400    -1.556     0.000  499   -1   -1   -1
 626     4.416     7.805     0.000   28   -1   -1   -1
 627     4.419     4.645     0.000  175   -1   -1   -1
 628     4.451    -6.965     0.000  782   -1   -1   -1
 629     4.453     3.002     0.000  247   -1   -1   -1
 630     4.463    -0.928     0.000  464   -1   -1   -1
 631     4.468     8.020     0.000   17   -1   -1   -1
 632     4.483     0.731     0.000  371   -1   -1   -1
 633     4.488     4.819     0.000  164   -1   -1   -1
 634     4.499     6.371     0.000   88   -1   -1   -1
 635     4.503    -4.480     0.000  634   -1   -1   -1
 636     4.519    -4.956     0.000  662   -1   -1   -1
 637     4.549     8.009     0.000   18   -1   -1   -1
 638     4.552     0.549     0.000  383   -1   -1   -1
 639     4.574     6.425     0.000   85   -1   -1   -1
 640     4.606     1.885     0.000  323   -1   -1   -1
 641     4.609     3.327     0.000  233   -1   -1   -1
 642     4.614    -1.447     0.000  493   -1   -1   -1
 643     4.619    -7.229     0.000  792   -1   -1   -1
 644     4.641     2.599     0.000  272   -1   -1   -1
 645     4.644    -3.104     0.000  576   -1   -1   -1
 646     4.647     2.834     0.000  257   -1   -1   -1
 647     4.678     0.560     0.000  382   -1   -1   -1
 648     4.691    -5.179     0.000  677   -1   -1   -1
 649     4.695    -6.938     0.000  781   -1   -1   -1
 650     4.701    -7.892     0.000  836   -1   -1   -1
 651     4.733    -3.706     0.000  600   -1   -1   -1
 652     4.742    -2.642     0.000  544   -1   -1   -1
 653     4.749     0.778     0.000  369   -1   -1   -1
 654     4.761     3.047     0.000  245   -1   -1   -1
 655     4.766     8.331     0.000    2   -1   -1   -1
 656     4.782    -4.152     0.000  616   -1   -1   -1
 657     4.801    -7.396     0.000  805   -1   -1   -1
 658     4.879     1.104     0.000  358   -1   -1   -1
 659     4.916     5.112     0.000  150   -1   -1   -1
 660     4.917     3.597     0.000  220   -1   -1   -1
 661     4.929     5.235     0.000  143   -1   -1   -1
 662     4.951    -5.207     0.000  678   -1   -1   -1
 663     4.955    -3.432     0.000  590   -1   -1   -1
 664     4.966     1.517     0.000  343   -1   -1   -1
 665     4.966    -8.255     0.000  860   -1   -1   -1
 666     4.979    -4.499     0.000  635   -1   -1   -1
 667     4.980     3.325     0.000  234   -1   -1   -1
 668     4.997    -4.876     0.000  655   -1   -1   -1
 669     5.037     8.073     0.000   16   -1   -1   -1
 670     5.040     8.115     0.000   14   -1   -1   -1
 671     5.057    -5.746     0.000  705   -1   -1   -1
 672     5.062    -6.496     0.000  757   -1   -1   -1
 673     5.065    -3.972     0.000  608   -1   -1   -1
 674     5.081     2.011     0.000  314   -1   -1   -1
 675     5.082    -2.644     0.000  545   -1   -1   -1
 676     5.082     7.204     0.000   54   -1   -1   -1
 677     5.091     6.927     0.000   66   -1   -1   -1
 678     5.156    -5.789     0.000  709   -1   -1   -1
 679     5.198     6.433     0.000   83   -1   -1   -1
 680     5.200     6.841     0.000   69   -1   -1   -1
 681     5.243     1.581     0.000  339   -1   -1   -1
 682     5.265    -3.052     0.000  575   -1   -1   -1
 683     5.272     7.078     0.000   60   -1   -1   -1
 684     5.298     2.400     0.000  283   -1   -1   -1
 685     5.366     5.819     0.000  112   -1   -1   -1
 686     5.401    -2.900     0.000  560   -1   -1   -1
 687     5.408     2.797     0.000  258   -1   -1   -1
 688     5.410    -7.620     0.000  819   -1   -1   -1
 689     5.421    -7.817     0.000  831   -1   -1   -1
 690     5.441     1.995     0.000  315   -1   -1   -1
 691     5.462     6.051     0.000  102   -1   -1   -1
 692     5.463     1.384     0.000  345   -1   -1   -1
 693     5.493    -7.918     0.000  838   -1   -1   -1
 694     5.528    -5.087     0.000  670   -1   -1   -1
 695     5.531     2.053     0.000  311   -1   -1   -1
 696     5.545     4.487     0.000  179   -1   -1   -1
 697     5.557    -6.633     0.000  766   -1   -1   -1
 698     5.587    -8.174     0.000  852   -1   -1   -1
 699     5.620     6.975     0.000   65   -1   -1   -1
 700     5.644     3.934     0.000  201   -1   -1   -1
 701     5.657    -0.641     0.000  443   -1   -1   -1
 702     5.679    -3.167     0.000  578   -1   -1   -1
 703     5.703    -5.798     0.000  710   -1   -1   -1
 704     5.716    -5.456     0.000  693   -1   -1   -1
 705     5.736     4.606     0.000  177   -1   -1   -1
 706     5.788    -2.441     0.000  535   -1   -1   -1
 707     5.810     1.768     0.000  327   -1   -1   -1
 708     5.810    -0.983     0.000  470   -1   -1   -1
 709     5.817    -8.038     0.000  849   -1   -1   -1
 710     5.870     1.987     0.000  317   -1   -1   -1
 711     5.870    -3.448     0.000  591   -1   -1   -1
 712     5.876    -8.352     0.000  868   -1   -1   -1
 713     5.878     5.068     0.000  151   -1   -1   -1
 714     5.879    -0.748     0.000  456   -1   -1   -1
 715     5.881    -7.988     0.000  844   -1   -1   -1
 716     5.914    -6.355     0.000  747   -1   -1   -1
 717     5.918    -7.346     0.000  802   -1   -1   -1
 718     5.923    -6.456     0.000  753   -1   -1   -1
 719     5.957    -4.139     0.000  615   -1   -1   -1
 720     5.969     2.735     0.000  263   -1   -1   -1
 721     5.985    -5.285     0.000  683   -1   -1   -1
 722     6.008     0.225     0.000  397   -1   -1   -1
 723     6.010    -4.327     0.000  624   -1   -1   -1
 724     6.021    -6.134     0.000  724   -1   -1   -1
 725     6.025    -1.713     0.000  503   -1   -1   -1
 726     6.031     4.647     0.000  174   -1   -1   -1
 727     6.036    -3.045     0.000  572   -1   -1   -1
 728     6.038    -0.468     0.000  434   -1   -1   -1
 729     6.136     1.709     0.000  332   -1   -1   -1
 730     6.153    -4.329     0.000  625   -1   -1   -1
 731     6.183     3.866     0.000  204   -1   -1   -1
 732     6.185    -4.212     0.000  618   -1   -1   -1
 733     6.194     0.294     0.000  395   -1   -1   -1
 734     6.198     3.200     0.000  238   -1   -1   -1
 735     6.204    -6.620     0.000  765   -1   -1   -1
 736     6.264    -6.478     0.000  755   -1   -1   -1
 737     6.264     7.278     0.000   50   -1   -1   -1
 738     6.282    -2.123     0.000  520   -1   -1   -1
 739     6.293    -2.927     0.000  563   -1   -1   -1
 740     6.321    -6.516     0.000  760   -1   -1   -1
 741     6.360     2.373     0.000  286   -1   -1   -1
 742     6.381    -4.261     0.000  619   -1   -1   -1
 743     6.387    -2.915     0.000  561   -1   -1   -1
 744     6.391     7.020     0.000   62   -1   -1   -1
 745     6.450    -4.873     0.000  654   -1   -1   -1
 746     6.493    -5.945     0.000  717   -1   -1   -1
 747     6.498     5.504     0.000  130   -1   -1   -1
 748     6.502    -5.311     0.000  684   -1   -1   -1
 749     6.508    -2.050     0.000  518   -1   -1   -1
 750     6.526     6.914     0.000   67   -1   -1   -1
 751     6.539     4.676     0.000  171   -1   -1   -1
 752     6.556    -1.295     0.000  483   -1   -1   -1
 753     6.576     2.137     0.000  303   -1   -1   -1
 754     6.591    -6.039     0.000  722   -1   -1   -1
 755     6.612     2.882     0.000  252   -1   -1   -1
 756     6.631    -5.126     0.000  673   -1   -1   -1
 757     6.648    -5.313     0.000  685   -1   -1   -1
 758     6.662     5.650     0.000  122   -1   -1   -1
 759     6.675    -6.202     0.000  732   -1   -1   -1
 760     6.688    -5.491     0.000  695   -1   -1   -1
 761     6.706     6.592     0.000   78   -1   -1   -1
 762     6.708     0.443     0.000  389   -1   -1   -1
 763     6.722     3.193     0.000  239   -1   -1   -1
 764     6.733    -1.876     0.000  510   -1   -1   -1
 765     6.747     3.311     0.000  235   -1   -1   -1
 766     6.749     2.065     0.000  306   -1   -1   -1
 767     6.770    -7.650     0.000  822   -1   -1   -1
 768     6.773    -6.036     0.000  720   -1   -1   -1
 769     6.782    -0.560     0.000  440   -1   -1   -1
 770     6.797    -0.765     0.000  457   -1   -1   -1
 771     6.840     5.234     0.000  144   -1   -1   -1
 772     6.868    -7.974     0.000  843   -1   -1   -1
 773     6.879     3.630     0.000  217   -1   -1   -1
 774     6.894    -4.916     0.000  658   -1   -1   -1
 775     6.902    -0.903     0.000  461   -1   -1   -1
 776     6.907    -2.635     0.000  543   -1   -1   -1
 777     6.918    -0.071     0.000  413   -1   -1   -1
 778     6.931     6.189     0.000   94   -1   -1   -1
 779     6.940    -0.677     0.000  446   -1   -1   -1
 780     6.963     0.444     0.000  388   -1   -1   -1
 781     7.003     3.428     0.000  227   -1   -1   -1
 782     7.005    -6.583     0.000  762   -1   -1   -1
 783     7.011    -5.776     0.000  707   -1   -1   -1
 784     7.016    -8.428     0.000  872   -1   -1   -1
 785     7.031     2.056     0.000  309   -1   -1   -1
 786     7.035    -4.440     0.000  632   -1   -1   -1
 787     7.049    -4.024     0.000  611   -1   -1   -1
 788     7.057    -5.983     0.000  718   -1   -1   -1
 789     7.077    -8.302     0.000  865   -1   -1   -1
 790     7.078    -0.183     0.000  424   -1   -1   -1
 791     7.096     5.997     0.000  107   -1   -1   -1
 792     7.133     7.551     0.000   40   -1   -1   -1
 793     7.145    -6.149     0.000  727   -1   -1   -1
 794     7.151     6.530     0.000   80   -1   -1   -1
 795     7.193     0.206     0.000  398   -1   -1   -1
 796     7.201    -3.961     0.000  607   -1   -1   -1
 797     7.246     4.997     0.000  155   -1   -1   -1
 798     7.247     1.807     0.000  325   -1   -1   -1
 799     7.250     4.380     0.000  188   -1   -1   -1
 800     7.252    -4.387     0.000  629   -1   -1   -1
 801     7.270     6.751     0.000   72   -1   -1   -1
 802     7.280    -0.136     0.000  418   -1   -1   -1
 803     7.282     5.623     0.000  124   -1   -1   -1
 804     7.288    -7.204     0.000  790   -1   -1   -1
 805     7.291     4.321     0.000  192   -1   -1   -1
 806     7.311     5.644     0.000  123   -1   -1   -1
 807     7.314    -0.143     0.000  419   -1   -1   -1
 808     7.353     3.555     0.000  223   -1   -1   -1
 809     7.364    -8.035     0.000  848   -1   -1   -1
 810     7.367     1.421     0.000  344   -1   -1   -1
 811     7.370    -0.674     0.000  444   -1   -1   -1
 812     7.372    -6.386     0.000  749   -1   -1   -1
 813     7.408     2.075     0.000  305   -1   -1   -1
 814     7.442    -5.732     0.000  704   -1   -1   -1
 815     7.479     5.274     0.000  140   -1   -1   -1
 816     7.480     4.790     0.000  166   -1   -1   -1
 817     7.494     4.437     0.000  183   -1   -1   -1
 818     7.521    -2.893     0.000  559   -1   -1   -1
 819     7.544    -1.536     0.000  496   -1   -1   -1
 820     7.560     1.265     0.000  351   -1   -1   -1
 821     7.591     4.763     0.000  167   -1   -1   -1
 822     7.604     1.758     0.000  328   -1   -1   -1
 823     7.624     2.284     0.000  291   -1   -1   -1
 824     7.655    -8.238     0.000  857   -1   -1   -1
 825     7.691     7.747     0.000   30   -1   -1   -1
 826     7.714    -7.890     0.000  835   -1   -1   -1
 827     7.746    -2.979     0.000  567   -1   -1   -1
 828     7.753     8.262     0.000    5   -1   -1   -1
 829     7.794     1.635     0.000  335   -1   -1   -1
 830     7.798    -7.069     0.000  786   -1   -1   -1
 831     7.821    -0.848     0.000  459   -1   -1   -1
 832     7.823     6.738     0.000   74   -1   -1   -1
 833     7.859    -5.131     0.000  674   -1   -1   -1
 834     7.899    -4.997     0.000  665   -1   -1   -1
 835     7.901    -2.987     0.000  568   -1   -1   -1
 836     7.977     7.161     0.000   56   -1   -1   -1
 837     7.989    -0.428     0.000  432   -1   -1   -1
 838     7.990    -6.779     0.000  775   -1   -1   -1
 839     7.995    -6.860     0.000  777   -1   -1   -1
 840     8.003    -1.187     0.000  480   -1   -1   -1
 841     8.009    -5.627     0.000  701   -1   -1   -1
 842     8.015     1.033     0.000  361   -1   -1   -1
 843     8.031    -7.598     0.000  818   -1   -1   -1
 844     8.075     4.403     0.000  186   -1   -1   -1
 845     8.081     3.167     0.000  240   -1   -1   -1
 846     8.120    -4.764     0.000  648   -1   -1   -1
 847     8.134    -4.526     0.000  638   -1   -1   -1
 848     8.162     2.511     0.000  277   -1   -1   -1
 849     8.171     4.620     0.000  176   -1   -1   -1
 850     8.172     1.722     0.000  331   -1   -1   -1
 851     8.172    -0.707     0.000  452   -1   -1   -1
 852     8.173     3.241     0.000  237   -1   -1   -1
 853     8.196    -7.251     0.000  793   -1   -1   -1
 854     8.198     6.212     0.000   92   -1   -1   -1
 855     8.203    -6.306     0.000  742   -1   -1   -1
 856     8.206     4.802     0.000  165   -1   -1   -1
 857     8.225    -7.805     0.000  830   -1   -1   -1
 858     8.244     7.268     0.000   52   -1   -1   -1
 859     8.249    -3.392     0.000  587   -1   -1   -1
 860     8.253    -6.029     0.000  719   -1   -1   -1
 861     8.286    -1.887     0.000  511   -1   -1   -1
 862     8.296    -7.338     0.000  801   -1   -1   -1
 863     8.299     5.275     0.000  139   -1   -1   -1
 864     8.324    -4.388     0.000  630   -1   -1   -1
 865     8.330     7.046     0.000   61   -1   -1   -1
 866     8.333     1.347     0.000  348   -1   -1   -1
 867     8.350     8.195     0.000   11   -1   -1   -1
 868     8.357     7.585     0.000   37   -1   -1   -1
 869     8.383    -8.228     0.000  855   -1   -1   -1
 870     8.386    -0.157     0.000  420   -1   -1   -1
 871     8.390     0.677     0.000  375   -1   -1   -1
 872     8.418     1.103     0.000  359   -1   -1   -1
 873     8.429    -2.471     0.000  537   -1   -1   -1
