865
   1    -8.426    -5.326     0.000  676   -1   -1   -1
   2    -8.395     7.540     0.000   39   -1   -1   -1
   3    -8.379    -6.884     0.000  771   -1   -1   -1
   4    -8.358    -3.309     0.000  571   -1   -1   -1
   5    -8.351    -8.154     0.000  846   -1   -1   -1
   6    -8.326    -4.627     0.000  630   -1   -1   -1
   7    -8.282     0.546     0.000  382   -1   -1   -1
   8    -8.268     6.852     0.000   66   -1   -1   -1
   9    -8.245    -8.251     0.000  854   -1   -1   -1
  10    -8.226     4.229     0.000  195   -1   -1   -1
  11    -8.210    -7.932     0.000  833   -1   -1   -1
  12    -8.188     1.549     0.000  342   -1   -1   -1
  13    -8.165     4.425     0.000  187   -1   -1   -1
  14    -8.162    -3.040     0.000  560   -1   -1   -1
  15    -8.133     6.501     0.000   84   -1   -1   -1
  16    -8.101    -2.505     0.000  529   -1   -1   -1
  17    -8.099     2.624     0.000  276   -1   -1   -1
  18    -8.062     1.352     0.000  348   -1   -1   -1
  19    -8.037    -7.403     0.000  798   -1   -1   -1
  20    -8.028     2.239     0.000  300   -1   -1   -1
  21    -8.003    -6.249     0.000  731   -1   -1   -1
  22    -7.992     6.572     0.000   81   -1   -1   -1
  23    -7.966    -3.817     0.000  589   -1   -1   -1
  24    -7.932     5.664     0.000  119   -1   -1   -1
  25    -7.905    -0.955     0.000  464   -1   -1   -1
  26    -7.882     0.824     0.000  365   -1   -1   -1
  27    -7.877    -0.176     0.000  421   -1   -1   -1
  28    -7.874     2.327     0.000  294   -1   -1   -1
  29    -7.852    -6.115     0.000  717   -1   -1   -1
  30    -7.844     4.093     0.000  199   -1   -1   -1
  31    -7.821     7.183     0.000   52   -1   -1   -1
  32    -7.817     3.872     0.000  207   -1   -1   -1
  33    -7.801    -6.163     0.000  723   -1   -1   -1
  34    -7.801    -4.839     0.000  644   -1   -1   -1
  35    -7.791     4.996     0.000  154   -1   -1   -1
  36    -7.788     2.492     0.000  285   -1   -1   -1
  37    -7.765    -2.751     0.000  544   -1   -1   -1
  38    -7.760    -6.251     0.000  733   -1   -1   -1
  39    -7.753    -5.109     0.000  660   -1   -1   -1
  40    -7.746    -6.727     0.000  764   -1   -1   -1
  41    -7.744     1.980     0.000  321   -1   -1   -1
  42    -7.741     7.144     0.000   55   -1   -1   -1
  43    -7.740    -4.626     0.000  629   -1   -1   -1
  44    -7.738     5.239     0.000  142   -1   -1   -1
  45    -7.705    -0.683     0.000  448   -1   -1   -1
  46    -7.690     7.125     0.000   57   -1   -1   -1
  47    -7.669     6.662     0.000   74   -1   -1   -1
  48    -7.584    -6.894     0.000  772   -1   -1   -1
  49    -7.532     8.232     0.000    9   -1   -1   -1
  50    -7.530     0.004     0.000  408   -1   -1   -1
  51    -7.518    -0.692     0.000  450   -1   -1   -1
  52    -7.510    -5.432     0.000  683   -1   -1   -1
  53    -7.488    -1.100     0.000  470   -1   -1   -1
  54    -7.471     7.995     0.000   19   -1   -1   -1
  55    -7.469     3.623     0.000  224   -1   -1   -1
  56    -7.402     3.857     0.000  211   -1   -1   -1
  57    -7.391    -1.434     0.000  483   -1   -1   -1
  58    -7.383     3.683     0.000  221   -1   -1   -1
  59    -7.357    -6.197     0.000  724   -1   -1   -1
  60    -7.343     2.317     0.000  295   -1   -1   -1
  61    -7.313    -5.401     0.000  681   -1   -1   -1
  62    -7.313    -5.083     0.000  659   -1   -1   -1
  63    -7.303     3.859     0.000  210   -1   -1   -1
  64    -7.296     5.397     0.000  135   -1   -1   -1
  65    -7.255    -8.374     0.000  863   -1   -1   -1
  66    -7.239     3.245     0.000  240   -1   -1   -1
  67    -7.237     6.145     0.000   99   -1   -1   -1
  68    -7.219    -7.967     0.000  835   -1   -1   -1
  69    -7.197    -7.540     0.000  805   -1   -1   -1
  70    -7.166     7.652     0.000   30   -1   -1   -1
  71    -7.164    -8.124     0.000  844   -1   -1   -1
  72    -7.149     6.088     0.000  101   -1   -1   -1
  73    -7.144    -7.747     0.000  821   -1   -1   -1
  74    -7.143     4.740     0.000  170   -1   -1   -1
  75    -7.139     4.045     0.000  201   -1   -1   -1
  76    -7.124     7.296     0.000   44   -1   -1   -1
  77    -7.121    -2.410     0.000  523   -1   -1   -1
  78    -7.082     4.989     0.000  155   -1   -1   -1
  79    -7.036    -5.421     0.000  682   -1   -1   -1
  80    -7.006     1.964     0.000  323   -1   -1   -1
  81    -7.005     0.024     0.000  407   -1   -1   -1
  82    -6.998    -6.779     0.000  766   -1   -1   -1
  83    -6.992     4.440     0.000  185   -1   -1   -1
  84    -6.979    -6.608     0.000  754   -1   -1   -1
  85    -6.970     4.336     0.000  192   -1   -1   -1
  86    -6.968    -2.402     0.000  522   -1   -1   -1
  87    -6.946     5.115     0.000  148   -1   -1   -1
  88    -6.919    -2.698     0.000  539   -1   -1   -1
  89    -6.910     5.417     0.000  134   -1   -1   -1
  90    -6.884     2.897     0.000  258   -1   -1   -1
  91    -6.884    -0.831     0.000  456   -1   -1   -1
  92    -6.873    -6.460     0.000  748   -1   -1   -1
  93    -6.854    -1.213     0.000  473   -1   -1   -1
  94    -6.834     7.551     0.000   36   -1   -1   -1
  95    -6.824    -7.509     0.000  803   -1   -1   -1
  96    -6.784    -5.439     0.000  684   -1   -1   -1
  97    -6.783     1.304     0.000  351   -1   -1   -1
  98    -6.756     2.416     0.000  288   -1   -1   -1
  99    -6.727     7.619     0.000   32   -1   -1   -1
 100    -6.717     3.567     0.000  226   -1   -1   -1
 101    -6.704     4.295     0.000  194   -1   -1   -1
 102    -6.672     1.666     0.000  336   -1   -1   -1
 103    -6.671     1.351     0.000  349   -1   -1   -1
 104    -6.628     3.543     0.000  229   -1   -1   -1
 105    -6.625     2.375     0.000  292   -1   -1   -1
 106    -6.593     5.775     0.000  115   -1   -1   -1
 107    -6.577     6.976     0.000   62   -1   -1   -1
 108    -6.571    -4.356     0.000  613   -1   -1   -1
 109    -6.549    -6.360     0.000  744   -1   -1   -1
 110    -6.511    -6.245     0.000  729   -1   -1   -1
 111    -6.502     7.618     0.000   33   -1   -1   -1
 112    -6.498     3.058     0.000  248   -1   -1   -1
 113    -6.470    -4.775     0.000  640   -1   -1   -1
 114    -6.414     0.141     0.000  400   -1   -1   -1
 115    -6.372    -3.565     0.000  584   -1   -1   -1
 116    -6.361     4.876     0.000  161   -1   -1   -1
 117    -6.358    -7.867     0.000  827   -1   -1   -1
 118    -6.326    -0.494     0.000  436   -1   -1   -1
 119    -6.323     8.135     0.000   13   -1   -1   -1
 120    -6.284    -5.839     0.000  705   -1   -1   -1
 121    -6.271     0.096     0.000  403   -1   -1   -1
 122    -6.253     0.330     0.000  391   -1   -1   -1
 123    -6.234    -1.661     0.000  492   -1   -1   -1
 124    -6.197     2.496     0.000  284   -1   -1   -1
 125    -6.176    -4.589     0.000  628   -1   -1   -1
 126    -6.167     4.877     0.000  160   -1   -1   -1
 127    -6.159     3.370     0.000  236   -1   -1   -1
 128    -6.155    -5.260     0.000  671   -1   -1   -1
 129    -6.150     2.733     0.000  269   -1   -1   -1
 130    -6.143    -7.649     0.000  810   -1   -1   -1
 131    -6.097     1.237     0.000  354   -1   -1   -1
 132    -6.096     7.352     0.000   43   -1   -1   -1
 133    -6.089    -7.139     0.000  781   -1   -1   -1
 134    -6.077    -4.683     0.000  635   -1   -1   -1
 135    -6.066     6.281     0.000   90   -1   -1   -1
 136    -6.063    -1.082     0.000  469   -1   -1   -1
 137    -6.042     3.705     0.000  220   -1   -1   -1
 138    -6.009    -7.721     0.000  819   -1   -1   -1
 139    -6.007     7.846     0.000   24   -1   -1   -1
 140    -5.971     2.486     0.000  287   -1   -1   -1
 141    -5.963    -4.639     0.000  632   -1   -1   -1
 142    -5.956     3.080     0.000  247   -1   -1   -1
 143    -5.947     6.811     0.000   68   -1   -1   -1
 144    -5.942    -6.350     0.000  742   -1   -1   -1
 145    -5.937    -0.467     0.000  433   -1   -1   -1
 146    -5.903     4.861     0.000  162   -1   -1   -1
 147    -5.884    -5.887     0.000  707   -1   -1   -1
 148    -5.871    -6.130     0.000  720   -1   -1   -1
 149    -5.861    -0.035     0.000  410   -1   -1   -1
 150    -5.825     4.700     0.000  173   -1   -1   -1
 151    -5.824    -1.658     0.000  491   -1   -1   -1
 152    -5.815     0.608     0.000  379   -1   -1   -1
 153    -5.805    -1.901     0.000  505   -1   -1   -1
 154    -5.804    -7.869     0.000  828   -1   -1   -1
 155    -5.769    -4.583     0.000  627   -1   -1   -1
 156    -5.761    -5.849     0.000  706   -1   -1   -1
 157    -5.697    -4.132     0.000  601   -1   -1   -1
 158    -5.691     7.405     0.000   41   -1   -1   -1
 159    -5.674     1.909     0.000  325   -1   -1   -1
 160    -5.656     5.747     0.000  116   -1   -1   -1
 161    -5.635     0.738     0.000  368   -1   -1   -1
 162    -5.592    -0.890     0.000  460   -1   -1   -1
 163    -5.591     7.239     0.000   49   -1   -1   -1
 164    -5.585    -1.778     0.000  497   -1   -1   -1
 165    -5.567    -2.483     0.000  527   -1   -1   -1
 166    -5.559     6.036     0.000  107   -1   -1   -1
 167    -5.559     0.274     0.000  394   -1   -1   -1
 168    -5.523     2.666     0.000  273   -1   -1   -1
 169    -5.511    -3.111     0.000  565   -1   -1   -1
 170    -5.505    -4.946     0.000  652   -1   -1   -1
 171    -5.479    -7.666     0.000  814   -1   -1   -1
 172    -5.468    -0.686     0.000  449   -1   -1   -1
 173    -5.460     4.800     0.000  165   -1   -1   -1
 174    -5.434     5.230     0.000  145   -1   -1   -1
 175    -5.430    -1.341     0.000  480   -1   -1   -1
 176    -5.415    -6.247     0.000  730   -1   -1   -1
 177    -5.408    -6.029     0.000  711   -1   -1   -1
 178    -5.389    -8.219     0.000  850   -1   -1   -1
 179    -5.343    -4.516     0.000  624   -1   -1   -1
 180    -5.334    -0.608     0.000  441   -1   -1   -1
 181    -5.330     3.817     0.000  216   -1   -1   -1
 182    -5.316    -3.051     0.000  562   -1   -1   -1
 183    -5.287    -2.442     0.000  524   -1   -1   -1
 184    -5.268     2.064     0.000  312   -1   -1   -1
 185    -5.247    -3.800     0.000  588   -1   -1   -1
 186    -5.244     0.695     0.000  372   -1   -1   -1
 187    -5.169    -4.683     0.000  634   -1   -1   -1
 188    -5.127    -6.680     0.000  762   -1   -1   -1
 189    -5.103    -3.903     0.000  593   -1   -1   -1
 190    -5.085    -4.804     0.000  641   -1   -1   -1
 191    -5.082    -5.136     0.000  665   -1   -1   -1
 192    -5.074    -0.087     0.000  415   -1   -1   -1
 193    -5.069    -1.708     0.000  493   -1   -1   -1
 194    -5.054     7.278     0.000   45   -1   -1   -1
 195    -5.047    -7.927     0.000  832   -1   -1   -1
 196    -5.035    -0.020     0.000  409   -1   -1   -1
 197    -5.032     1.561     0.000  341   -1   -1   -1
 198    -5.023    -8.320     0.000  860   -1   -1   -1
 199    -5.013     0.528     0.000  384   -1   -1   -1
 200    -4.974     5.117     0.000  147   -1   -1   -1
 201    -4.962     3.935     0.000  203   -1   -1   -1
 202    -4.951    -0.332     0.000  428   -1   -1   -1
 203    -4.951    -3.397     0.000  574   -1   -1   -1
 204    -4.944     3.741     0.000  218   -1   -1   -1
 205    -4.901     8.383     0.000    0   -1   -1   -1
 206    -4.885     8.223     0.000   10   -1   -1   -1
 207    -4.881    -1.341     0.000  481   -1   -1   -1
 208    -4.867    -4.355     0.000  612   -1   -1   -1
 209    -4.861     0.671     0.000  375   -1   -1   -1
 210    -4.860    -3.219     0.000  568   -1   -1   -1
 211    -4.852    -5.795     0.000  703   -1   -1   -1
 212    -4.836     3.832     0.000  214   -1   -1   -1
 213    -4.823     1.631     0.000  338   -1   -1   -1
 214    -4.800     0.068     0.000  404   -1   -1   -1
 215    -4.772     0.401     0.000  390   -1   -1   -1
 216    -4.764    -4.319     0.000  609   -1   -1   -1
 217    -4.714    -5.071     0.000  657   -1   -1   -1
 218    -4.707     4.520     0.000  179   -1   -1   -1
 219    -4.689     2.704     0.000  272   -1   -1   -1
 220    -4.660     3.561     0.000  227   -1   -1   -1
 221    -4.654     2.648     0.000  275   -1   -1   -1
 222    -4.650     5.785     0.000  114   -1   -1   -1
 223    -4.643     2.189     0.000  302   -1   -1   -1
 224    -4.631     3.394     0.000  235   -1   -1   -1
 225    -4.607    -6.971     0.000  775   -1   -1   -1
 226    -4.600    -5.219     0.000  669   -1   -1   -1
 227    -4.584    -4.893     0.000  649   -1   -1   -1
 228    -4.580    -6.657     0.000  761   -1   -1   -1
 229    -4.567    -8.213     0.000  849   -1   -1   -1
 230    -4.567     2.524     0.000  282   -1   -1   -1
 231    -4.540    -1.244     0.000  475   -1   -1   -1
 232    -4.534    -0.381     0.000  429   -1   -1   -1
 233    -4.501     2.166     0.000  306   -1   -1   -1
 234    -4.486     0.609     0.000  378   -1   -1   -1
 235    -4.459    -6.260     0.000  735   -1   -1   -1
 236    -4.443    -6.118     0.000  718   -1   -1   -1
 237    -4.434    -2.919     0.000  553   -1   -1   -1
 238    -4.421    -6.870     0.000  770   -1   -1   -1
 239    -4.386     0.844     0.000  364   -1   -1   -1
 240    -4.365     3.501     0.000  232   -1   -1   -1
 241    -4.320    -4.478     0.000  620   -1   -1   -1
 242    -4.318     7.413     0.000   40   -1   -1   -1
 243    -4.302    -4.849     0.000  645   -1   -1   -1
 244    -4.299     1.037     0.000  360   -1   -1   -1
 245    -4.281     1.145     0.000  356   -1   -1   -1
 246    -4.256    -4.500     0.000  622   -1   -1   -1
 247    -4.253     0.604     0.000  380   -1   -1   -1
 248    -4.228    -4.283     0.000  608   -1   -1   -1
 249    -4.129    -1.325     0.000  479   -1   -1   -1
 250    -4.125     3.337     0.000  237   -1   -1   -1
 251    -4.103    -2.602     0.000  532   -1   -1   -1
 252    -4.094     2.600     0.000  277   -1   -1   -1
 253    -4.086    -6.632     0.000  759   -1   -1   -1
 254    -4.058     5.734     0.000  117   -1   -1   -1
 255    -4.036     1.603     0.000  339   -1   -1   -1
 256    -4.022     2.061     0.000  314   -1   -1   -1
 257    -3.995    -1.533     0.000  487   -1   -1   -1
 258    -3.967     4.132     0.000  197   -1   -1   -1
 259    -3.955    -1.320     0.000  478   -1   -1   -1
 260    -3.939     5.210     0.000  146   -1   -1   -1
 261    -3.936    -8.220     0.000  851   -1   -1   -1
 262    -3.932     5.336     0.000  136   -1   -1   -1
 263    -3.918    -7.465     0.000  800   -1   -1   -1
 264    -3.877     2.874     0.000  261   -1   -1   -1
 265    -3.861    -6.402     0.000  746   -1   -1   -1
 266    -3.844    -8.269     0.000  856   -1   -1   -1
 267    -3.816     2.169     0.000  304   -1   -1   -1
 268    -3.780    -7.663     0.000  813   -1   -1   -1
 269    -3.765     8.275     0.000    6   -1   -1   -1
 270    -3.728     0.439     0.000  389   -1   -1   -1
 271    -3.715    -7.380     0.000  796   -1   -1   -1
 272    -3.711    -2.202     0.000  515   -1   -1   -1
 273    -3.685     7.857     0.000   23   -1   -1   -1
 274    -3.664    -1.378     0.000  482   -1   -1   -1
 275    -3.662    -0.207     0.000  423   -1   -1   -1
 276    -3.644     7.803     0.000   25   -1   -1   -1
 277    -3.640    -3.764     0.000  587   -1   -1   -1
 278    -3.571    -4.671     0.000  633   -1   -1   -1
 279    -3.562    -4.431     0.000  617   -1   -1   -1
 280    -3.542     0.727     0.000  369   -1   -1   -1
 281    -3.521     8.173     0.000   12   -1   -1   -1
 282    -3.486     6.380     0.000   87   -1   -1   -1
 283    -3.485     2.963     0.000  256   -1   -1   -1
 284    -3.469    -1.566     0.000  489   -1   -1   -1
 285    -3.439    -7.549     0.000  806   -1   -1   -1
 286    -3.399     7.865     0.000   22   -1   -1   -1
 287    -3.381    -2.711     0.000  541   -1   -1   -1
 288    -3.380     0.057     0.000  405   -1   -1   -1
 289    -3.367     5.483     0.000  131   -1   -1   -1
 290    -3.364     0.726     0.000  370   -1   -1   -1
 291    -3.350    -6.282     0.000  737   -1   -1   -1
 292    -3.336    -2.137     0.000  514   -1   -1   -1
 293    -3.320     0.113     0.000  402   -1   -1   -1
 294    -3.316    -0.084     0.000  414   -1   -1   -1
 295    -3.311     5.452     0.000  133   -1   -1   -1
 296    -3.310     2.556     0.000  280   -1   -1   -1
 297    -3.287     4.478     0.000  182   -1   -1   -1
 298    -3.285     6.240     0.000   94   -1   -1   -1
 299    -3.204     2.401     0.000  290   -1   -1   -1
 300    -3.187    -2.848     0.000  547   -1   -1   -1
 301    -3.183    -7.974     0.000  837   -1   -1   -1
 302    -3.168    -7.936     0.000  834   -1   -1   -1
 303    -3.162    -6.263     0.000  736   -1   -1   -1
 304    -3.149     6.046     0.000  103   -1   -1   -1
 305    -3.125     1.852     0.000  327   -1   -1   -1
 306    -3.104     3.853     0.000  212   -1   -1   -1
 307    -3.087     2.314     0.000  296   -1   -1   -1
 308    -3.084    -4.998     0.000  656   -1   -1   -1
 309    -3.072    -2.768     0.000  545   -1   -1   -1
 310    -3.058     7.966     0.000   20   -1   -1   -1
 311    -3.056     3.045     0.000  249   -1   -1   -1
 312    -3.035    -4.632     0.000  631   -1   -1   -1
 313    -3.024    -0.623     0.000  442   -1   -1   -1
 314    -3.007    -3.497     0.000  580   -1   -1   -1
 315    -2.970     4.500     0.000  180   -1   -1   -1
 316    -2.961    -1.836     0.000  500   -1   -1   -1
 317    -2.910    -0.425     0.000  430   -1   -1   -1
 318    -2.888    -6.626     0.000  756   -1   -1   -1
 319    -2.831    -2.896     0.000  550   -1   -1   -1
 320    -2.825    -0.540     0.000  438   -1   -1   -1
 321    -2.807    -3.368     0.000  572   -1   -1   -1
 322    -2.807    -2.992     0.000  557   -1   -1   -1
 323    -2.789     7.158     0.000   54   -1   -1   -1
 324    -2.774    -0.136     0.000  418   -1   -1   -1
 325    -2.772     8.278     0.000    5   -1   -1   -1
 326    -2.719     6.760     0.000   70   -1   -1   -1
 327    -2.715     5.598     0.000  123   -1   -1   -1
 328    -2.698    -6.439     0.000  747   -1   -1   -1
 329    -2.684     3.423     0.000  234   -1   -1   -1
 330    -2.644    -8.327     0.000  861   -1   -1   -1
 331    -2.637     8.278     0.000    4   -1   -1   -1
 332    -2.633     6.625     0.000   77   -1   -1   -1
 333    -2.620    -5.112     0.000  661   -1   -1   -1
 334    -2.583     8.051     0.000   16   -1   -1   -1
 335    -2.578    -2.994     0.000  558   -1   -1   -1
 336    -2.563    -6.631     0.000  758   -1   -1   -1
 337    -2.538     0.129     0.000  401   -1   -1   -1
 338    -2.537    -4.813     0.000  642   -1   -1   -1
 339    -2.525    -7.896     0.000  830   -1   -1   -1
 340    -2.518     7.762     0.000   27   -1   -1   -1
 341    -2.512     1.669     0.000  335   -1   -1   -1
 342    -2.462    -3.867     0.000  590   -1   -1   -1
 343    -2.461    -7.188     0.000  783   -1   -1   -1
 344    -2.421     0.884     0.000  363   -1   -1   -1
 345    -2.374     2.599     0.000  278   -1   -1   -1
 346    -2.329     0.517     0.000  385   -1   -1   -1
 347    -2.285    -3.731     0.000  586   -1   -1   -1
 348    -2.281     1.046     0.000  359   -1   -1   -1
 349    -2.271    -5.496     0.000  688   -1   -1   -1
 350    -2.266     0.646     0.000  376   -1   -1   -1
 351    -2.243    -3.556     0.000  582   -1   -1   -1
 352    -2.238    -2.392     0.000  521   -1   -1   -1
 353    -2.231    -2.730     0.000  543   -1   -1   -1
 354    -2.222     5.495     0.000  130   -1   -1   -1
 355    -2.217    -4.917     0.000  650   -1   -1   -1
 356    -2.217    -7.748     0.000  822   -1   -1   -1
 357    -2.164     6.270     0.000   92   -1   -1   -1
 358    -2.141     4.729     0.000  171   -1   -1   -1
 359    -2.131    -2.516     0.000  530   -1   -1   -1
 360    -2.101    -2.646     0.000  535   -1   -1   -1
 361    -2.081    -2.046     0.000  509   -1   -1   -1
 362    -2.045     5.998     0.000  109   -1   -1   -1
 363    -1.984     5.855     0.000  110   -1   -1   -1
 364    -1.955    -7.317     0.000  790   -1   -1   -1
 365    -1.945     1.282     0.000  352   -1   -1   -1
 366    -1.907     0.195     0.000  397   -1   -1   -1
 367    -1.903    -7.126     0.000  780   -1   -1   -1
 368    -1.850     6.593     0.000   78   -1   -1   -1
 369    -1.833    -5.400     0.000  680   -1   -1   -1
 370    -1.823    -0.648     0.000  444   -1   -1   -1
 371    -1.778     6.171     0.000   98   -1   -1   -1
 372    -1.762     3.812     0.000  217   -1   -1   -1
 373    -1.726    -6.628     0.000  757   -1   -1   -1
 374    -1.718     2.876     0.000  260   -1   -1   -1
 375    -1.708     2.065     0.000  311   -1   -1   -1
 376    -1.703     6.042     0.000  105   -1   -1   -1
 377    -1.617     1.146     0.000  355   -1   -1   -1
 378    -1.592    -3.298     0.000  569   -1   -1   -1
 379    -1.563    -2.340     0.000  519   -1   -1   -1
 380    -1.561     1.778     0.000  329   -1   -1   -1
 381    -1.520     1.374     0.000  347   -1   -1   -1
 382    -1.514     4.375     0.000  190   -1   -1   -1
 383    -1.490     2.404     0.000  289   -1   -1   -1
 384    -1.272     2.487     0.000  286   -1   -1   -1
 385    -1.264     2.167     0.000  305   -1   -1   -1
 386    -1.259    -5.463     0.000  686   -1   -1   -1
 387    -1.258    -0.301     0.000  427   -1   -1   -1
 388    -1.240    -6.330     0.000  741   -1   -1   -1
 389    -1.232    -7.229     0.000  787   -1   -1   -1
 390    -1.220    -2.253     0.000  518   -1   -1   -1
 391    -1.186    -2.657     0.000  538   -1   -1   -1
 392    -1.014     3.157     0.000  245   -1   -1   -1
 393    -0.887    -1.615     0.000  490   -1   -1   -1
 394    -0.860     6.029     0.000  108   -1   -1   -1
 395    -0.849     7.131     0.000   56   -1   -1   -1
 396    -0.835    -8.189     0.000  848   -1   -1   -1
 397    -0.757    -4.876     0.000  647   -1   -1   -1
 398    -0.742    -3.309     0.000  570   -1   -1   -1
 399    -0.733    -2.501     0.000  528   -1   -1   -1
 400    -0.731    -7.029     0.000  778   -1   -1   -1
 401    -0.730    -4.516     0.000  623   -1   -1   -1
 402    -0.701     6.592     0.000   79   -1   -1   -1
 403    -0.686    -0.964     0.000  465   -1   -1   -1
 404    -0.632    -1.811     0.000  498   -1   -1   -1
 405    -0.605    -4.979     0.000  654   -1   -1   -1
 406    -0.600    -6.078     0.000  716   -1   -1   -1
 407    -0.445    -3.899     0.000  592   -1   -1   -1
 408    -0.417    -7.438     0.000  799   -1   -1   -1
 409    -0.388    -6.848     0.000  768   -1   -1   -1
 410    -0.351     2.057     0.000  315   -1   -1   -1
 411    -0.326    -7.834     0.000  826   -1   -1   -1
 412    -0.280    -8.149     0.000  845   -1   -1   -1
 413    -0.205    -3.035     0.000  559   -1   -1   -1
 414    -0.167     3.030     0.000  251   -1   -1   -1
 415    -0.156    -7.986     0.000  839   -1   -1   -1
 416    -0.101     3.519     0.000  230   -1   -1   -1
 417    -0.027    -5.691     0.000  695   -1   -1   -1
 418     0.015    -5.771     0.000  699   -1   -1   -1
 419     0.104     1.376     0.000  346   -1   -1   -1
 420     0.153     4.006     0.000  202   -1   -1   -1
 421     0.212    -7.699     0.000  817   -1   -1   -1
 422     0.279    -5.172     0.000  666   -1   -1   -1
 423     0.572    -5.132     0.000  663   -1   -1   -1
 424     0.606     5.304     0.000  137   -1   -1   -1
 425     0.657    -6.126     0.000  719   -1   -1   -1
 426     0.681    -1.996     0.000  507   -1   -1   -1
 427     0.706     2.801     0.000  266   -1   -1   -1
 428     0.723    -2.369     0.000  520   -1   -1   -1
 429     0.732    -1.220     0.000  474   -1   -1   -1
 430     0.780    -4.536     0.000  626   -1   -1   -1
 431     0.802     2.984     0.000  255   -1   -1   -1
 432     0.982     7.550     0.000   38   -1   -1   -1
 433     1.017     0.285     0.000  393   -1   -1   -1
 434     1.031    -4.831     0.000  643   -1   -1   -1
 435     1.035    -6.682     0.000  763   -1   -1   -1
 436     1.035     5.569     0.000  125   -1   -1   -1
 437     1.045    -5.311     0.000  673   -1   -1   -1
 438     1.079    -2.855     0.000  548   -1   -1   -1
 439     1.128    -7.236     0.000  788   -1   -1   -1
 440     1.148     5.453     0.000  132   -1   -1   -1
 441     1.171     2.555     0.000  281   -1   -1   -1
 442     1.246    -7.011     0.000  777   -1   -1   -1
 443     1.248     3.741     0.000  219   -1   -1   -1
 444     1.250    -4.212     0.000  604   -1   -1   -1
 445     1.255    -0.464     0.000  432   -1   -1   -1
 446     1.259     6.173     0.000   97   -1   -1   -1
 447     1.288     0.152     0.000  398   -1   -1   -1
 448     1.294    -8.280     0.000  857   -1   -1   -1
 449     1.317    -6.033     0.000  713   -1   -1   -1
 450     1.332     7.190     0.000   51   -1   -1   -1
 451     1.336    -2.817     0.000  546   -1   -1   -1
 452     1.341    -3.921     0.000  594   -1   -1   -1
 453     1.370    -4.702     0.000  636   -1   -1   -1
 454     1.385    -0.835     0.000  457   -1   -1   -1
 455     1.446     2.820     0.000  265   -1   -1   -1
 456     1.467     1.692     0.000  334   -1   -1   -1
 457     1.485     3.649     0.000  222   -1   -1   -1
 458     1.500     6.278     0.000   91   -1   -1   -1
 459     1.511     7.624     0.000   31   -1   -1   -1
 460     1.513     3.864     0.000  209   -1   -1   -1
 461     1.558    -3.436     0.000  577   -1   -1   -1
 462     1.574     2.248     0.000  299   -1   -1   -1
 463     1.588    -5.227     0.000  670   -1   -1   -1
 464     1.625    -0.480     0.000  435   -1   -1   -1
 465     1.643    -6.256     0.000  734   -1   -1   -1
 466     1.711    -6.238     0.000  728   -1   -1   -1
 467     1.716    -1.900     0.000  504   -1   -1   -1
 468     1.722     0.144     0.000  399   -1   -1   -1
 469     1.724    -7.371     0.000  794   -1   -1   -1
 470     1.749     4.926     0.000  158   -1   -1   -1
 471     1.762     8.350     0.000    1   -1   -1   -1
 472     1.766    -0.253     0.000  426   -1   -1   -1
 473     1.786     0.463     0.000  386   -1   -1   -1
 474     1.820    -4.710     0.000  638   -1   -1   -1
 475     1.842     2.993     0.000  253   -1   -1   -1
 476     1.852     5.640     0.000  121   -1   -1   -1
 477     1.855    -5.344     0.000  677   -1   -1   -1
 478     1.889     7.610     0.000   34   -1   -1   -1
 479     1.900    -3.404     0.000  575   -1   -1   -1
 480     1.957     3.517     0.000  231   -1   -1   -1
 481     1.966    -6.986     0.000  776   -1   -1   -1
 482     1.969     2.068     0.000  310   -1   -1   -1
 483     1.984     4.354     0.000  191   -1   -1   -1
 484     1.996     0.240     0.000  395   -1   -1   -1
 485     1.997    -1.487     0.000  486   -1   -1   -1
 486     2.002     6.287     0.000   89   -1   -1   -1
 487     2.005     3.837     0.000  213   -1   -1   -1
 488     2.022    -5.388     0.000  679   -1   -1   -1
 489     2.034    -7.768     0.000  823   -1   -1   -1
 490     2.054     2.715     0.000  271   -1   -1   -1
 491     2.061     3.924     0.000  205   -1   -1   -1
 492     2.087     6.037     0.000  106   -1   -1   -1
 493     2.088    -1.919     0.000  506   -1   -1   -1
 494     2.109     7.274     0.000   47   -1   -1   -1
 495     2.111    -0.862     0.000  459   -1   -1   -1
 496     2.114     0.699     0.000  371   -1   -1   -1
 497     2.123    -1.465     0.000  485   -1   -1   -1
 498     2.132    -7.217     0.000  786   -1   -1   -1
 499     2.149     5.726     0.000  118   -1   -1   -1
 500     2.164    -0.653     0.000  445   -1   -1   -1
 501     2.217    -4.708     0.000  637   -1   -1   -1
 502     2.223     4.215     0.000  196   -1   -1   -1
 503     2.261    -8.103     0.000  843   -1   -1   -1
 504     2.301    -1.025     0.000  466   -1   -1   -1
 505     2.305    -3.561     0.000  583   -1   -1   -1
 506     2.306     5.056     0.000  151   -1   -1   -1
 507     2.309    -5.628     0.000  693   -1   -1   -1
 508     2.314     5.812     0.000  113   -1   -1   -1
 509     2.332    -2.122     0.000  511   -1   -1   -1
 510     2.374     5.540     0.000  128   -1   -1   -1
 511     2.407     5.551     0.000  127   -1   -1   -1
 512     2.445     0.537     0.000  383   -1   -1   -1
 513     2.467    -3.553     0.000  581   -1   -1   -1
 514     2.471    -3.996     0.000  598   -1   -1   -1
 515     2.504     3.891     0.000  206   -1   -1   -1
 516     2.529    -2.111     0.000  510   -1   -1   -1
 517     2.542    -5.374     0.000  678   -1   -1   -1
 518     2.552    -3.446     0.000  578   -1   -1   -1
 519     2.565     2.791     0.000  268   -1   -1   -1
 520     2.570     3.822     0.000  215   -1   -1   -1
 521     2.585     6.773     0.000   69   -1   -1   -1
 522     2.614     4.756     0.000  169   -1   -1   -1
 523     2.655    -7.145     0.000  782   -1   -1   -1
 524     2.694     7.394     0.000   42   -1   -1   -1
 525     2.711     4.453     0.000  184   -1   -1   -1
 526     2.744    -8.309     0.000  859   -1   -1   -1
 527     2.802    -0.084     0.000  413   -1   -1   -1
 528     2.832    -0.100     0.000  416   -1   -1   -1
 529     2.851    -6.252     0.000  732   -1   -1   -1
 530     2.866    -6.776     0.000  765   -1   -1   -1
 531     2.868     4.989     0.000  156   -1   -1   -1
 532     2.885    -1.716     0.000  495   -1   -1   -1
 533     2.893     4.475     0.000  183   -1   -1   -1
 534     2.935     7.113     0.000   58   -1   -1   -1
 535     2.940    -2.706     0.000  540   -1   -1   -1
 536     2.980    -1.205     0.000  472   -1   -1   -1
 537     2.980    -7.465     0.000  801   -1   -1   -1
 538     3.008     5.551     0.000  126   -1   -1   -1
 539     3.061    -2.123     0.000  512   -1   -1   -1
 540     3.068     2.857     0.000  263   -1   -1   -1
 541     3.111     6.125     0.000  100   -1   -1   -1
 542     3.135    -7.399     0.000  797   -1   -1   -1
 543     3.156     5.592     0.000  124   -1   -1   -1
 544     3.162     6.045     0.000  104   -1   -1   -1
 545     3.171    -7.525     0.000  804   -1   -1   -1
 546     3.183    -7.670     0.000  815   -1   -1   -1
 547     3.202     8.254     0.000    8   -1   -1   -1
 548     3.213    -0.732     0.000  452   -1   -1   -1
 549     3.228     0.905     0.000  362   -1   -1   -1
 550     3.243    -3.969     0.000  596   -1   -1   -1
 551     3.282    -5.586     0.000  691   -1   -1   -1
 552     3.290     2.991     0.000  254   -1   -1   -1
 553     3.309    -4.166     0.000  603   -1   -1   -1
 554     3.340     2.874     0.000  262   -1   -1   -1
 555     3.367    -2.233     0.000  517   -1   -1   -1
 556     3.392     6.644     0.000   75   -1   -1   -1
 557     3.397    -0.952     0.000  463   -1   -1   -1
 558     3.449    -6.315     0.000  740   -1   -1   -1
 559     3.460    -5.692     0.000  696   -1   -1   -1
 560     3.468     5.850     0.000  111   -1   -1   -1
 561     3.509     5.284     0.000  138   -1   -1   -1
 562     3.519    -0.495     0.000  437   -1   -1   -1
 563     3.592    -6.210     0.000  726   -1   -1   -1
 564     3.595    -0.051     0.000  411   -1   -1   -1
 565     3.597    -3.205     0.000  567   -1   -1   -1
 566     3.601     2.584     0.000  279   -1   -1   -1
 567     3.605     5.027     0.000  152   -1   -1   -1
 568     3.622    -5.514     0.000  689   -1   -1   -1
 569     3.633    -2.224     0.000  516   -1   -1   -1
 570     3.644    -3.878     0.000  591   -1   -1   -1
 571     3.658     1.937     0.000  324   -1   -1   -1
 572     3.658    -2.567     0.000  531   -1   -1   -1
 573     3.668     4.049     0.000  200   -1   -1   -1
 574     3.669     7.905     0.000   21   -1   -1   -1
 575     3.683    -1.899     0.000  503   -1   -1   -1
 576     3.694    -2.728     0.000  542   -1   -1   -1
 577     3.719    -1.078     0.000  468   -1   -1   -1
 578     3.743    -0.588     0.000  440   -1   -1   -1
 579     3.760     7.710     0.000   29   -1   -1   -1
 580     3.786    -0.735     0.000  453   -1   -1   -1
 581     3.787    -7.638     0.000  809   -1   -1   -1
 582     3.807     6.727     0.000   73   -1   -1   -1
 583     3.807    -6.231     0.000  727   -1   -1   -1
 584     3.821     4.936     0.000  157   -1   -1   -1
 585     3.834     5.254     0.000  141   -1   -1   -1
 586     3.837    -1.316     0.000  477   -1   -1   -1
 587     3.852    -2.649     0.000  537   -1   -1   -1
 588     3.885    -7.492     0.000  802   -1   -1   -1
 589     3.918    -5.610     0.000  692   -1   -1   -1
 590     3.928    -1.820     0.000  499   -1   -1   -1
 591     3.952     2.954     0.000  257   -1   -1   -1
 592     3.956     4.122     0.000  198   -1   -1   -1
 593     3.973    -7.678     0.000  816   -1   -1   -1
 594     3.989     0.645     0.000  377   -1   -1   -1
 595     3.992     3.094     0.000  246   -1   -1   -1
 596     3.996    -7.337     0.000  791   -1   -1   -1
 597     4.007     8.104     0.000   14   -1   -1   -1
 598     4.017    -0.248     0.000  425   -1   -1   -1
 599     4.019    -7.721     0.000  818   -1   -1   -1
 600     4.039     4.917     0.000  159   -1   -1   -1
 601     4.040    -8.247     0.000  853   -1   -1   -1
 602     4.070    -5.527     0.000  690   -1   -1   -1
 603     4.112    -4.262     0.000  607   -1   -1   -1
 604     4.120    -8.019     0.000  840   -1   -1   -1
 605     4.146    -1.043     0.000  467   -1   -1   -1
 606     4.196    -7.743     0.000  820   -1   -1   -1
 607     4.211    -4.430     0.000  616   -1   -1   -1
 608     4.223     2.215     0.000  301   -1   -1   -1
 609     4.239     4.718     0.000  172   -1   -1   -1
 610     4.253    -5.775     0.000  700   -1   -1   -1
 611     4.270    -4.040     0.000  600   -1   -1   -1
 612     4.272    -5.926     0.000  708   -1   -1   -1
 613     4.281    -2.008     0.000  508   -1   -1   -1
 614     4.311     8.339     0.000    2   -1   -1   -1
 615     4.344    -1.754     0.000  496   -1   -1   -1
 616     4.359     2.184     0.000  303   -1   -1   -1
 617     4.394    -6.310     0.000  739   -1   -1   -1
 618     4.417     7.802     0.000   26   -1   -1   -1
 619     4.417     4.649     0.000  175   -1   -1   -1
 620     4.449    -6.944     0.000  774   -1   -1   -1
 621     4.454     2.998     0.000  252   -1   -1   -1
 622     4.465     0.740     0.000  367   -1   -1   -1
 623     4.467    -0.921     0.000  462   -1   -1   -1
 624     4.470     8.020     0.000   17   -1   -1   -1
 625     4.489     4.817     0.000  163   -1   -1   -1
 626     4.502     0.056     0.000  406   -1   -1   -1
 627     4.503     6.371     0.000   88   -1   -1   -1
 628     4.504    -4.455     0.000  619   -1   -1   -1
 629     4.527    -4.947     0.000  653   -1   -1   -1
 630     4.549     8.007     0.000   18   -1   -1   -1
 631     4.553     0.548     0.000  381   -1   -1   -1
 632     4.576     6.427     0.000   86   -1   -1   -1
 633     4.588     2.654     0.000  274   -1   -1   -1
 634     4.613     1.886     0.000  326   -1   -1   -1
 635     4.614     3.325     0.000  238   -1   -1   -1
 636     4.619    -1.446     0.000  484   -1   -1   -1
 637     4.625    -7.204     0.000  784   -1   -1   -1
 638     4.634    -3.087     0.000  564   -1   -1   -1
 639     4.649     2.831     0.000  264   -1   -1   -1
 640     4.693    -5.177     0.000  667   -1   -1   -1
 641     4.705    -6.924     0.000  773   -1   -1   -1
 642     4.719    -3.713     0.000  585   -1   -1   -1
 643     4.741     0.774     0.000  366   -1   -1   -1
 644     4.763     3.044     0.000  250   -1   -1   -1
 645     4.763    -2.638     0.000  534   -1   -1   -1
 646     4.769     8.332     0.000    3   -1   -1   -1
 647     4.799    -7.376     0.000  795   -1   -1   -1
 648     4.869     1.109     0.000  357   -1   -1   -1
 649     4.918     5.111     0.000  149   -1   -1   -1
 650     4.923     3.596     0.000  225   -1   -1   -1
 651     4.932     5.234     0.000  143   -1   -1   -1
 652     4.942    -3.425     0.000  576   -1   -1   -1
 653     4.953    -8.260     0.000  855   -1   -1   -1
 654     4.956    -5.207     0.000  668   -1   -1   -1
 655     4.971     1.515     0.000  343   -1   -1   -1
 656     4.979    -4.497     0.000  621   -1   -1   -1
 657     4.994    -4.876     0.000  648   -1   -1   -1
 658     5.039     8.092     0.000   15   -1   -1   -1
 659     5.050    -7.651     0.000  811   -1   -1   -1
 660     5.059    -5.744     0.000  698   -1   -1   -1
 661     5.066    -3.971     0.000  597   -1   -1   -1
 662     5.073    -6.493     0.000  751   -1   -1   -1
 663     5.083     2.010     0.000  318   -1   -1   -1
 664     5.084     7.203     0.000   50   -1   -1   -1
 665     5.087    -2.648     0.000  536   -1   -1   -1
 666     5.093     6.926     0.000   64   -1   -1   -1
 667     5.155    -5.791     0.000  702   -1   -1   -1
 668     5.200     6.433     0.000   85   -1   -1   -1
 669     5.203     6.841     0.000   67   -1   -1   -1
 670     5.244     1.580     0.000  340   -1   -1   -1
 671     5.269    -3.056     0.000  563   -1   -1   -1
 672     5.271     7.076     0.000   59   -1   -1   -1
 673     5.303     2.399     0.000  291   -1   -1   -1
 674     5.369     5.818     0.000  112   -1   -1   -1
 675     5.406    -2.902     0.000  551   -1   -1   -1
 676     5.412     2.795     0.000  267   -1   -1   -1
 677     5.413    -7.614     0.000  808   -1   -1   -1
 678     5.423    -7.825     0.000  825   -1   -1   -1
 679     5.443     1.994     0.000  319   -1   -1   -1
 680     5.463     6.049     0.000  102   -1   -1   -1
 681     5.465     1.382     0.000  345   -1   -1   -1
 682     5.494    -7.923     0.000  831   -1   -1   -1
 683     5.533     2.051     0.000  317   -1   -1   -1
 684     5.535    -5.083     0.000  658   -1   -1   -1
 685     5.546     4.486     0.000  181   -1   -1   -1
 686     5.570    -6.635     0.000  760   -1   -1   -1
 687     5.588    -8.169     0.000  847   -1   -1   -1
 688     5.621     6.974     0.000   63   -1   -1   -1
 689     5.647     3.932     0.000  204   -1   -1   -1
 690     5.659    -0.642     0.000  443   -1   -1   -1
 691     5.682    -3.168     0.000  566   -1   -1   -1
 692     5.709    -5.797     0.000  704   -1   -1   -1
 693     5.722    -5.459     0.000  685   -1   -1   -1
 694     5.737     4.604     0.000  178   -1   -1   -1
 695     5.790    -2.443     0.000  525   -1   -1   -1
 696     5.810     1.766     0.000  330   -1   -1   -1
 697     5.813    -8.040     0.000  842   -1   -1   -1
 698     5.871    -3.451     0.000  579   -1   -1   -1
 699     5.872     1.987     0.000  320   -1   -1   -1
 700     5.875    -7.980     0.000  838   -1   -1   -1
 701     5.877    -8.346     0.000  862   -1   -1   -1
 702     5.881    -0.748     0.000  454   -1   -1   -1
 703     5.884     5.070     0.000  150   -1   -1   -1
 704     5.921    -6.357     0.000  743   -1   -1   -1
 705     5.922    -7.347     0.000  793   -1   -1   -1
 706     5.934    -6.461     0.000  749   -1   -1   -1
 707     5.960    -4.140     0.000  602   -1   -1   -1
 708     5.972     2.731     0.000  270   -1   -1   -1
 709     5.988    -5.286     0.000  672   -1   -1   -1
 710     6.012    -4.328     0.000  610   -1   -1   -1
 711     6.028    -6.136     0.000  721   -1   -1   -1
 712     6.029    -1.715     0.000  494   -1   -1   -1
 713     6.033     4.648     0.000  176   -1   -1   -1
 714     6.038    -3.047     0.000  561   -1   -1   -1
 715     6.039    -0.469     0.000  434   -1   -1   -1
 716     6.138     1.708     0.000  333   -1   -1   -1
 717     6.153     6.543     0.000   82   -1   -1   -1
 718     6.155    -4.330     0.000  611   -1   -1   -1
 719     6.185     3.866     0.000  208   -1   -1   -1
 720     6.186    -4.212     0.000  605   -1   -1   -1
 721     6.198     0.292     0.000  392   -1   -1   -1
 722     6.199     3.199     0.000  242   -1   -1   -1
 723     6.208    -6.621     0.000  755   -1   -1   -1
 724     6.266     7.276     0.000   46   -1   -1   -1
 725     6.268    -6.479     0.000  750   -1   -1   -1
 726     6.285    -2.123     0.000  513   -1   -1   -1
 727     6.298    -2.929     0.000  554   -1   -1   -1
 728     6.330    -6.522     0.000  752   -1   -1   -1
 729     6.339     1.966     0.000  322   -1   -1   -1
 730     6.362     2.373     0.000  293   -1   -1   -1
 731     6.383    -4.261     0.000  606   -1   -1   -1
 732     6.388    -2.916     0.000  552   -1   -1   -1
 733     6.392     7.020     0.000   61   -1   -1   -1
 734     6.451    -4.874     0.000  646   -1   -1   -1
 735     6.497    -5.946     0.000  709   -1   -1   -1
 736     6.501     5.503     0.000  129   -1   -1   -1
 737     6.508    -5.311     0.000  674   -1   -1   -1
 738     6.527     6.914     0.000   65   -1   -1   -1
 739     6.541     4.674     0.000  174   -1   -1   -1
 740     6.548    -1.306     0.000  476   -1   -1   -1
 741     6.577     2.136     0.000  307   -1   -1   -1
 742     6.594    -6.042     0.000  715   -1   -1   -1
 743     6.614     2.881     0.000  259   -1   -1   -1
 744     6.634    -5.126     0.000  662   -1   -1   -1
 745     6.650    -5.313     0.000  675   -1   -1   -1
 746     6.663     5.648     0.000  120   -1   -1   -1
 747     6.680    -6.202     0.000  725   -1   -1   -1
 748     6.693    -5.492     0.000  687   -1   -1   -1
 749     6.708     6.592     0.000   80   -1   -1   -1
 750     6.710     0.442     0.000  388   -1   -1   -1
 751     6.723     3.192     0.000  243   -1   -1   -1
 752     6.735    -1.877     0.000  501   -1   -1   -1
 753     6.749     3.310     0.000  239   -1   -1   -1
 754     6.751     2.064     0.000  313   -1   -1   -1
 755     6.775    -6.037     0.000  714   -1   -1   -1
 756     6.780     0.691     0.000  373   -1   -1   -1
 757     6.781    -7.655     0.000  812   -1   -1   -1
 758     6.783    -0.561     0.000  439   -1   -1   -1
 759     6.799    -0.765     0.000  455   -1   -1   -1
 760     6.841     5.233     0.000  144   -1   -1   -1
 761     6.865    -7.972     0.000  836   -1   -1   -1
 762     6.881     3.629     0.000  223   -1   -1   -1
 763     6.896    -4.917     0.000  651   -1   -1   -1
 764     6.904    -0.904     0.000  461   -1   -1   -1
 765     6.911    -2.635     0.000  533   -1   -1   -1
 766     6.919    -0.072     0.000  412   -1   -1   -1
 767     6.931     6.188     0.000   96   -1   -1   -1
 768     6.946    -0.679     0.000  447   -1   -1   -1
 769     6.962     2.094     0.000  308   -1   -1   -1
 770     6.964     0.444     0.000  387   -1   -1   -1
 771     7.007    -6.584     0.000  753   -1   -1   -1
 772     7.008     3.426     0.000  233   -1   -1   -1
 773     7.011     2.255     0.000  298   -1   -1   -1
 774     7.012    -5.776     0.000  701   -1   -1   -1
 775     7.013     6.634     0.000   76   -1   -1   -1
 776     7.022    -8.432     0.000  864   -1   -1   -1
 777     7.032     2.055     0.000  316   -1   -1   -1
 778     7.035    -4.440     0.000  618   -1   -1   -1
 779     7.052    -4.025     0.000  599   -1   -1   -1
 780     7.059    -5.984     0.000  710   -1   -1   -1
 781     7.080    -0.183     0.000  422   -1   -1   -1
 782     7.081    -8.301     0.000  858   -1   -1   -1
 783     7.133     7.550     0.000   37   -1   -1   -1
 784     7.135     6.251     0.000   93   -1   -1   -1
 785     7.148    -6.150     0.000  722   -1   -1   -1
 786     7.152     6.529     0.000   83   -1   -1   -1
 787     7.194     0.205     0.000  396   -1   -1   -1
 788     7.204    -3.962     0.000  595   -1   -1   -1
 789     7.246     4.997     0.000  153   -1   -1   -1
 790     7.248     1.805     0.000  328   -1   -1   -1
 791     7.253     4.379     0.000  189   -1   -1   -1
 792     7.254    -4.388     0.000  614   -1   -1   -1
 793     7.272     6.750     0.000   71   -1   -1   -1
 794     7.281    -0.134     0.000  417   -1   -1   -1
 795     7.293     4.321     0.000  193   -1   -1   -1
 796     7.292    -7.207     0.000  785   -1   -1   -1
 797     7.300     5.635     0.000  122   -1   -1   -1
 798     7.315    -0.143     0.000  419   -1   -1   -1
 799     7.355     3.553     0.000  228   -1   -1   -1
 800     7.365     1.420     0.000  344   -1   -1   -1
 801     7.369    -0.675     0.000  446   -1   -1   -1
 802     7.370    -8.040     0.000  841   -1   -1   -1
 803     7.375    -6.388     0.000  745   -1   -1   -1
 804     7.409     2.074     0.000  309   -1   -1   -1
 805     7.447    -5.735     0.000  697   -1   -1   -1
 806     7.463     4.775     0.000  167   -1   -1   -1
 807     7.479     5.272     0.000  140   -1   -1   -1
 808     7.492     4.797     0.000  166   -1   -1   -1
 809     7.496     4.437     0.000  186   -1   -1   -1
 810     7.522    -2.894     0.000  549   -1   -1   -1
 811     7.547    -1.537     0.000  488   -1   -1   -1
 812     7.559     1.252     0.000  353   -1   -1   -1
 813     7.593     4.762     0.000  168   -1   -1   -1
 814     7.605     1.756     0.000  331   -1   -1   -1
 815     7.625     2.284     0.000  297   -1   -1   -1
 816     7.692     7.747     0.000   28   -1   -1   -1
 817     7.716    -7.895     0.000  829   -1   -1   -1
 818     7.748    -2.980     0.000  555   -1   -1   -1
 819     7.754     8.261     0.000    7   -1   -1   -1
 820     7.790     1.635     0.000  337   -1   -1   -1
 821     7.804    -7.077     0.000  779   -1   -1   -1
 822     7.822    -0.849     0.000  458   -1   -1   -1
 823     7.824     6.737     0.000   72   -1   -1   -1
 824     7.867    -5.135     0.000  664   -1   -1   -1
 825     7.900    -4.998     0.000  655   -1   -1   -1
 826     7.905    -2.989     0.000  556   -1   -1   -1
 827     7.978     7.161     0.000   53   -1   -1   -1
 828     7.990    -0.428     0.000  431   -1   -1   -1
 829     7.991    -6.781     0.000  767   -1   -1   -1
 830     7.998    -6.862     0.000  769   -1   -1   -1
 831     8.005    -1.187     0.000  471   -1   -1   -1
 832     8.014    -5.629     0.000  694   -1   -1   -1
 833     8.018     1.033     0.000  361   -1   -1   -1
 834     8.034    -7.599     0.000  807   -1   -1   -1
 835     8.076     4.403     0.000  188   -1   -1   -1
 836     8.082     3.165     0.000  244   -1   -1   -1
 837     8.119    -4.766     0.000  639   -1   -1   -1
 838     8.124    -0.225     0.000  424   -1   -1   -1
 839     8.136    -4.527     0.000  625   -1   -1   -1
 840     8.163     2.509     0.000  283   -1   -1   -1
 841     8.170     1.720     0.000  332   -1   -1   -1
 842     8.172     4.618     0.000  177   -1   -1   -1
 843     8.172     3.240     0.000  241   -1   -1   -1
 844     8.173    -0.710     0.000  451   -1   -1   -1
 845     8.198    -7.253     0.000  789   -1   -1   -1
 846     8.199     6.211     0.000   95   -1   -1   -1
 847     8.204    -6.308     0.000  738   -1   -1   -1
 848     8.205     4.801     0.000  164   -1   -1   -1
 849     8.229    -7.809     0.000  824   -1   -1   -1
 850     8.244     7.267     0.000   48   -1   -1   -1
 851     8.250    -3.393     0.000  573   -1   -1   -1
 852     8.254    -6.031     0.000  712   -1   -1   -1
 853     8.287    -1.888     0.000  502   -1   -1   -1
 854     8.297    -7.342     0.000  792   -1   -1   -1
 855     8.302     5.275     0.000  139   -1   -1   -1
 856     8.326    -4.391     0.000  615   -1   -1   -1
 857     8.331     7.045     0.000   60   -1   -1   -1
 858     8.335     1.345     0.000  350   -1   -1   -1
 859     8.351     8.194     0.000   11   -1   -1   -1
 860     8.357     7.584     0.000   35   -1   -1   -1
 861     8.384    -8.232     0.000  852   -1   -1   -1
 862     8.388    -0.158     0.000  420   -1   -1   -1
 863     8.390     0.676     0.000  374   -1   -1   -1
 864     8.417     1.102     0.000  358   -1   -1   -1
 865     8.431    -2.472     0.000  526   -1   -1   -1
