842
   1    -8.404     7.536     0.000   36   -1   -1   -1
   2    -8.382    -6.913     0.000  760   -1   -1   -1
   3    -8.377    -3.327     0.000  559   -1   -1   -1
   4    -8.353    -8.177     0.000  831   -1   -1   -1
   5    -8.348    -4.654     0.000  618   -1   -1   -1
   6    -8.314     1.199     0.000  334   -1   -1   -1
   7    -8.304     0.533     0.000  371   -1   -1   -1
   8    -8.302    -1.591     0.000  486   -1   -1   -1
   9    -8.280     6.848     0.000   65   -1   -1   -1
  10    -8.241    -8.270     0.000  834   -1   -1   -1
  11    -8.228     4.225     0.000  186   -1   -1   -1
  12    -8.218     1.561     0.000  320   -1   -1   -1
  13    -8.208    -7.953     0.000  817   -1   -1   -1
  14    -8.191     1.511     0.000  322   -1   -1   -1
  15    -8.187    -3.060     0.000  544   -1   -1   -1
  16    -8.181     4.414     0.000  176   -1   -1   -1
  17    -8.138     6.489     0.000   80   -1   -1   -1
  18    -8.118     2.614     0.000  264   -1   -1   -1
  19    -8.081     1.346     0.000  327   -1   -1   -1
  20    -8.046     2.233     0.000  284   -1   -1   -1
  21    -8.038    -7.427     0.000  785   -1   -1   -1
  22    -8.013    -6.279     0.000  716   -1   -1   -1
  23    -8.003     6.564     0.000   75   -1   -1   -1
  24    -7.989    -3.843     0.000  577   -1   -1   -1
  25    -7.940     5.652     0.000  112   -1   -1   -1
  26    -7.929    -0.971     0.000  450   -1   -1   -1
  27    -7.913    -6.997     0.000  767   -1   -1   -1
  28    -7.905     0.814     0.000  350   -1   -1   -1
  29    -7.897    -0.187     0.000  412   -1   -1   -1
  30    -7.860     4.080     0.000  188   -1   -1   -1
  31    -7.854    -6.138     0.000  710   -1   -1   -1
  32    -7.835     3.860     0.000  197   -1   -1   -1
  33    -7.830     7.175     0.000   53   -1   -1   -1
  34    -7.817    -4.870     0.000  629   -1   -1   -1
  35    -7.809    -6.192     0.000  713   -1   -1   -1
  36    -7.804     2.484     0.000  272   -1   -1   -1
  37    -7.800     4.985     0.000  142   -1   -1   -1
  38    -7.791    -2.771     0.000  530   -1   -1   -1
  39    -7.775    -5.155     0.000  645   -1   -1   -1
  40    -7.766    -6.281     0.000  717   -1   -1   -1
  41    -7.763     1.969     0.000  304   -1   -1   -1
  42    -7.759    -4.655     0.000  619   -1   -1   -1
  43    -7.754     5.234     0.000  127   -1   -1   -1
  44    -7.751    -6.758     0.000  750   -1   -1   -1
  45    -7.734    -0.696     0.000  436   -1   -1   -1
  46    -7.693     7.110     0.000   56   -1   -1   -1
  47    -7.686     6.647     0.000   72   -1   -1   -1
  48    -7.588     0.414     0.000  381   -1   -1   -1
  49    -7.585    -6.925     0.000  761   -1   -1   -1
  50    -7.560    -0.013     0.000  401   -1   -1   -1
  51    -7.549    -0.704     0.000  437   -1   -1   -1
  52    -7.544     8.223     0.000    8   -1   -1   -1
  53    -7.518    -1.118     0.000  460   -1   -1   -1
  54    -7.484     7.990     0.000   19   -1   -1   -1
  55    -7.482     3.614     0.000  211   -1   -1   -1
  56    -7.424    -1.451     0.000  480   -1   -1   -1
  57    -7.404     3.672     0.000  208   -1   -1   -1
  58    -7.364    -6.232     0.000  715   -1   -1   -1
  59    -7.357     2.309     0.000  280   -1   -1   -1
  60    -7.331    -5.123     0.000  640   -1   -1   -1
  61    -7.330    -5.434     0.000  658   -1   -1   -1
  62    -7.315     3.848     0.000  199   -1   -1   -1
  63    -7.311     5.388     0.000  118   -1   -1   -1
  64    -7.296     0.092     0.000  393   -1   -1   -1
  65    -7.253     3.235     0.000  231   -1   -1   -1
  66    -7.252     6.133     0.000   93   -1   -1   -1
  67    -7.243    -8.406     0.000  840   -1   -1   -1
  68    -7.201    -7.992     0.000  820   -1   -1   -1
  69    -7.181     7.646     0.000   29   -1   -1   -1
  70    -7.179    -7.574     0.000  793   -1   -1   -1
  71    -7.165     6.080     0.000   95   -1   -1   -1
  72    -7.159     4.730     0.000  158   -1   -1   -1
  73    -7.155     4.036     0.000  192   -1   -1   -1
  74    -7.151    -2.436     0.000  517   -1   -1   -1
  75    -7.141     7.287     0.000   42   -1   -1   -1
  76    -7.127    -7.777     0.000  803   -1   -1   -1
  77    -7.123     7.454     0.000   38   -1   -1   -1
  78    -7.097     4.980     0.000  143   -1   -1   -1
  79    -7.052    -5.463     0.000  663   -1   -1   -1
  80    -7.037     0.017     0.000  399   -1   -1   -1
  81    -7.030     1.957     0.000  306   -1   -1   -1
  82    -6.996    -6.820     0.000  756   -1   -1   -1
  83    -6.994    -2.428     0.000  516   -1   -1   -1
  84    -6.987     4.325     0.000  181   -1   -1   -1
  85    -6.981    -0.399     0.000  418   -1   -1   -1
  86    -6.972    -6.660     0.000  742   -1   -1   -1
  87    -6.963     5.106     0.000  133   -1   -1   -1
  88    -6.947    -2.723     0.000  524   -1   -1   -1
  89    -6.927     5.405     0.000  117   -1   -1   -1
  90    -6.924    -0.845     0.000  441   -1   -1   -1
  91    -6.916     3.364     0.000  226   -1   -1   -1
  92    -6.902     2.892     0.000  245   -1   -1   -1
  93    -6.889    -1.230     0.000  466   -1   -1   -1
  94    -6.871    -6.501     0.000  735   -1   -1   -1
  95    -6.852     7.542     0.000   34   -1   -1   -1
  96    -6.813     1.299     0.000  330   -1   -1   -1
  97    -6.803    -7.544     0.000  792   -1   -1   -1
  98    -6.795    -5.485     0.000  665   -1   -1   -1
  99    -6.771     2.404     0.000  276   -1   -1   -1
 100    -6.750    -0.897     0.000  447   -1   -1   -1
 101    -6.745    -0.250     0.000  413   -1   -1   -1
 102    -6.733     3.557     0.000  216   -1   -1   -1
 103    -6.717     4.283     0.000  183   -1   -1   -1
 104    -6.697     1.663     0.000  316   -1   -1   -1
 105    -6.696     1.346     0.000  326   -1   -1   -1
 106    -6.641     2.366     0.000  278   -1   -1   -1
 107    -6.640     3.530     0.000  219   -1   -1   -1
 108    -6.615     5.762     0.000  108   -1   -1   -1
 109    -6.603    -4.391     0.000  606   -1   -1   -1
 110    -6.597     6.968     0.000   61   -1   -1   -1
 111    -6.563    -1.423     0.000  478   -1   -1   -1
 112    -6.549    -6.406     0.000  724   -1   -1   -1
 113    -6.518     7.605     0.000   31   -1   -1   -1
 114    -6.512     3.047     0.000  237   -1   -1   -1
 115    -6.505    -6.288     0.000  718   -1   -1   -1
 116    -6.500    -4.812     0.000  627   -1   -1   -1
 117    -6.452     0.130     0.000  391   -1   -1   -1
 118    -6.376     4.859     0.000  149   -1   -1   -1
 119    -6.370    -0.505     0.000  425   -1   -1   -1
 120    -6.315     0.091     0.000  394   -1   -1   -1
 121    -6.303    -7.938     0.000  814   -1   -1   -1
 122    -6.282    -1.689     0.000  487   -1   -1   -1
 123    -6.281    -5.893     0.000  689   -1   -1   -1
 124    -6.212     2.491     0.000  271   -1   -1   -1
 125    -6.185     4.865     0.000  148   -1   -1   -1
 126    -6.180    -5.312     0.000  651   -1   -1   -1
 127    -6.166     3.359     0.000  227   -1   -1   -1
 128    -6.164     2.727     0.000  255   -1   -1   -1
 129    -6.123    -7.711     0.000  799   -1   -1   -1
 130    -6.122     1.234     0.000  333   -1   -1   -1
 131    -6.120     7.343     0.000   41   -1   -1   -1
 132    -6.119    -4.730     0.000  623   -1   -1   -1
 133    -6.109    -1.100     0.000  459   -1   -1   -1
 134    -6.099    -6.699     0.000  748   -1   -1   -1
 135    -6.091     6.269     0.000   88   -1   -1   -1
 136    -6.051     3.692     0.000  206   -1   -1   -1
 137    -6.035     7.836     0.000   25   -1   -1   -1
 138    -6.018    -6.497     0.000  734   -1   -1   -1
 139    -5.993    -0.473     0.000  422   -1   -1   -1
 140    -5.984    -7.373     0.000  779   -1   -1   -1
 141    -5.980    -7.861     0.000  810   -1   -1   -1
 142    -5.969     6.797     0.000   68   -1   -1   -1
 143    -5.963     3.070     0.000  236   -1   -1   -1
 144    -5.941    -7.422     0.000  784   -1   -1   -1
 145    -5.924    -6.393     0.000  723   -1   -1   -1
 146    -5.922     4.842     0.000  150   -1   -1   -1
 147    -5.902    -0.034     0.000  402   -1   -1   -1
 148    -5.893    -5.952     0.000  695   -1   -1   -1
 149    -5.893    -1.692     0.000  488   -1   -1   -1
 150    -5.858    -1.956     0.000  499   -1   -1   -1
 151    -5.854     0.611     0.000  367   -1   -1   -1
 152    -5.845    -7.404     0.000  782   -1   -1   -1
 153    -5.842     4.685     0.000  160   -1   -1   -1
 154    -5.818    -4.615     0.000  616   -1   -1   -1
 155    -5.762    -4.143     0.000  591   -1   -1   -1
 156    -5.750    -5.926     0.000  693   -1   -1   -1
 157    -5.711     7.402     0.000   39   -1   -1   -1
 158    -5.696     1.908     0.000  308   -1   -1   -1
 159    -5.685     5.734     0.000  110   -1   -1   -1
 160    -5.666     0.738     0.000  355   -1   -1   -1
 161    -5.660    -0.896     0.000  446   -1   -1   -1
 162    -5.654    -1.802     0.000  494   -1   -1   -1
 163    -5.613     7.225     0.000   51   -1   -1   -1
 164    -5.610    -7.958     0.000  818   -1   -1   -1
 165    -5.598     0.287     0.000  384   -1   -1   -1
 166    -5.579     6.020     0.000   98   -1   -1   -1
 167    -5.560    -5.024     0.000  635   -1   -1   -1
 168    -5.554    -2.854     0.000  531   -1   -1   -1
 169    -5.540     2.664     0.000  259   -1   -1   -1
 170    -5.537    -0.687     0.000  434   -1   -1   -1
 171    -5.485    -7.471     0.000  787   -1   -1   -1
 172    -5.482     4.783     0.000  154   -1   -1   -1
 173    -5.462     5.211     0.000  130   -1   -1   -1
 174    -5.387    -8.099     0.000  828   -1   -1   -1
 175    -5.325     3.802     0.000  200   -1   -1   -1
 176    -5.321     2.039     0.000  299   -1   -1   -1
 177    -5.293     0.710     0.000  357   -1   -1   -1
 178    -5.292     2.065     0.000  295   -1   -1   -1
 179    -5.288    -1.424     0.000  479   -1   -1   -1
 180    -5.285    -3.100     0.000  547   -1   -1   -1
 181    -5.267    -4.707     0.000  621   -1   -1   -1
 182    -5.255     2.099     0.000  292   -1   -1   -1
 183    -5.242    -3.743     0.000  574   -1   -1   -1
 184    -5.216    -4.886     0.000  631   -1   -1   -1
 185    -5.195    -6.669     0.000  743   -1   -1   -1
 186    -5.171    -1.500     0.000  482   -1   -1   -1
 187    -5.138    -0.068     0.000  405   -1   -1   -1
 188    -5.122    -3.887     0.000  578   -1   -1   -1
 189    -5.093    -5.960     0.000  696   -1   -1   -1
 190    -5.083     7.262     0.000   46   -1   -1   -1
 191    -5.070    -0.004     0.000  400   -1   -1   -1
 192    -5.070     1.561     0.000  319   -1   -1   -1
 193    -5.064    -3.466     0.000  565   -1   -1   -1
 194    -5.055    -5.306     0.000  650   -1   -1   -1
 195    -5.046     0.535     0.000  370   -1   -1   -1
 196    -5.025    -4.323     0.000  602   -1   -1   -1
 197    -5.013     5.088     0.000  135   -1   -1   -1
 198    -4.997    -0.309     0.000  414   -1   -1   -1
 199    -4.983    -1.328     0.000  471   -1   -1   -1
 200    -4.971    -5.058     0.000  639   -1   -1   -1
 201    -4.951    -3.123     0.000  551   -1   -1   -1
 202    -4.949    -4.274     0.000  598   -1   -1   -1
 203    -4.947    -7.670     0.000  796   -1   -1   -1
 204    -4.947     3.720     0.000  205   -1   -1   -1
 205    -4.944     3.908     0.000  195   -1   -1   -1
 206    -4.943     8.387     0.000    0   -1   -1   -1
 207    -4.939    -4.106     0.000  587   -1   -1   -1
 208    -4.937     0.853     0.000  348   -1   -1   -1
 209    -4.924    -1.410     0.000  477   -1   -1   -1
 210    -4.918     8.219     0.000    9   -1   -1   -1
 211    -4.912     0.692     0.000  358   -1   -1   -1
 212    -4.892    -4.290     0.000  599   -1   -1   -1
 213    -4.858    -5.696     0.000  674   -1   -1   -1
 214    -4.851     1.649     0.000  317   -1   -1   -1
 215    -4.836     0.083     0.000  396   -1   -1   -1
 216    -4.829     0.427     0.000  380   -1   -1   -1
 217    -4.808    -5.873     0.000  688   -1   -1   -1
 218    -4.806    -7.508     0.000  790   -1   -1   -1
 219    -4.801    -5.015     0.000  633   -1   -1   -1
 220    -4.787     3.797     0.000  201   -1   -1   -1
 221    -4.719    -6.731     0.000  749   -1   -1   -1
 222    -4.712    -4.680     0.000  620   -1   -1   -1
 223    -4.694    -7.905     0.000  812   -1   -1   -1
 224    -4.694     4.433     0.000  174   -1   -1   -1
 225    -4.693     5.788     0.000  107   -1   -1   -1
 226    -4.684    -1.987     0.000  502   -1   -1   -1
 227    -4.682    -2.148     0.000  512   -1   -1   -1
 228    -4.665     2.666     0.000  258   -1   -1   -1
 229    -4.633    -0.344     0.000  416   -1   -1   -1
 230    -4.624     3.380     0.000  225   -1   -1   -1
 231    -4.622    -7.787     0.000  805   -1   -1   -1
 232    -4.610     2.519     0.000  269   -1   -1   -1
 233    -4.578     3.589     0.000  213   -1   -1   -1
 234    -4.540     2.586     0.000  267   -1   -1   -1
 235    -4.518    -4.141     0.000  590   -1   -1   -1
 236    -4.519     0.629     0.000  365   -1   -1   -1
 237    -4.499     2.187     0.000  287   -1   -1   -1
 238    -4.492    -4.350     0.000  604   -1   -1   -1
 239    -4.453    -0.337     0.000  415   -1   -1   -1
 240    -4.442    -4.444     0.000  609   -1   -1   -1
 241    -4.438    -6.045     0.000  703   -1   -1   -1
 242    -4.428    -5.899     0.000  691   -1   -1   -1
 243    -4.400     1.011     0.000  345   -1   -1   -1
 244    -4.369    -4.467     0.000  610   -1   -1   -1
 245    -4.355     3.475     0.000  220   -1   -1   -1
 246    -4.349     4.789     0.000  153   -1   -1   -1
 247    -4.346     7.383     0.000   40   -1   -1   -1
 248    -4.335     0.670     0.000  360   -1   -1   -1
 249    -4.325     1.189     0.000  335   -1   -1   -1
 250    -4.295     2.418     0.000  275   -1   -1   -1
 251    -4.286    -8.231     0.000  833   -1   -1   -1
 252    -4.281    -6.356     0.000  721   -1   -1   -1
 253    -4.264    -1.908     0.000  498   -1   -1   -1
 254    -4.259    -1.098     0.000  458   -1   -1   -1
 255    -4.212    -4.604     0.000  615   -1   -1   -1
 256    -4.173     7.668     0.000   28   -1   -1   -1
 257    -4.171    -0.430     0.000  419   -1   -1   -1
 258    -4.148    -4.749     0.000  624   -1   -1   -1
 259    -4.129     5.754     0.000  109   -1   -1   -1
 260    -4.103     2.092     0.000  293   -1   -1   -1
 261    -4.086     1.693     0.000  313   -1   -1   -1
 262    -4.076     3.415     0.000  222   -1   -1   -1
 263    -4.072     2.616     0.000  263   -1   -1   -1
 264    -4.061    -7.388     0.000  781   -1   -1   -1
 265    -4.030     5.379     0.000  119   -1   -1   -1
 266    -4.004    -8.097     0.000  827   -1   -1   -1
 267    -3.990    -1.979     0.000  501   -1   -1   -1
 268    -3.989     3.316     0.000  228   -1   -1   -1
 269    -3.974    -1.334     0.000  473   -1   -1   -1
 270    -3.965    -7.146     0.000  773   -1   -1   -1
 271    -3.945    -2.741     0.000  528   -1   -1   -1
 272    -3.926    -6.058     0.000  705   -1   -1   -1
 273    -3.821    -0.164     0.000  410   -1   -1   -1
 274    -3.812     8.308     0.000    4   -1   -1   -1
 275    -3.790    -7.774     0.000  802   -1   -1   -1
 276    -3.788     2.217     0.000  285   -1   -1   -1
 277    -3.776    -4.556     0.000  614   -1   -1   -1
 278    -3.766     7.900     0.000   22   -1   -1   -1
 279    -3.756    -4.301     0.000  600   -1   -1   -1
 280    -3.754    -1.188     0.000  463   -1   -1   -1
 281    -3.753    -7.195     0.000  775   -1   -1   -1
 282    -3.708    -6.958     0.000  764   -1   -1   -1
 283    -3.705     7.848     0.000   24   -1   -1   -1
 284    -3.702    -6.061     0.000  708   -1   -1   -1
 285    -3.668    -1.404     0.000  475   -1   -1   -1
 286    -3.658     0.970     0.000  346   -1   -1   -1
 287    -3.632     6.066     0.000   96   -1   -1   -1
 288    -3.600    -0.847     0.000  442   -1   -1   -1
 289    -3.578     7.952     0.000   21   -1   -1   -1
 290    -3.567     0.468     0.000  376   -1   -1   -1
 291    -3.553    -7.837     0.000  807   -1   -1   -1
 292    -3.552     6.377     0.000   86   -1   -1   -1
 293    -3.527     8.238     0.000    6   -1   -1   -1
 294    -3.517     1.259     0.000  331   -1   -1   -1
 295    -3.454     2.963     0.000  242   -1   -1   -1
 296    -3.416     0.180     0.000  389   -1   -1   -1
 297    -3.330     3.735     0.000  203   -1   -1   -1
 298    -3.325     5.461     0.000  116   -1   -1   -1
 299    -3.321     0.664     0.000  362   -1   -1   -1
 300    -3.255    -5.648     0.000  670   -1   -1   -1
 301    -3.227    -6.813     0.000  753   -1   -1   -1
 302    -3.212     4.871     0.000  147   -1   -1   -1
 303    -3.201    -4.378     0.000  605   -1   -1   -1
 304    -3.188     2.854     0.000  249   -1   -1   -1
 305    -3.138    -3.177     0.000  554   -1   -1   -1
 306    -3.112     2.949     0.000  244   -1   -1   -1
 307    -3.105    -0.063     0.000  404   -1   -1   -1
 308    -3.075    -1.973     0.000  500   -1   -1   -1
 309    -3.073    -5.863     0.000  686   -1   -1   -1
 310    -3.060     8.039     0.000   16   -1   -1   -1
 311    -3.033    -5.659     0.000  672   -1   -1   -1
 312    -3.004     3.681     0.000  207   -1   -1   -1
 313    -2.989    -5.463     0.000  662   -1   -1   -1
 314    -2.929    -8.122     0.000  830   -1   -1   -1
 315    -2.929     1.664     0.000  315   -1   -1   -1
 316    -2.928    -5.990     0.000  700   -1   -1   -1
 317    -2.921     4.613     0.000  166   -1   -1   -1
 318    -2.885     8.188     0.000   12   -1   -1   -1
 319    -2.879    -7.788     0.000  806   -1   -1   -1
 320    -2.866     7.262     0.000   47   -1   -1   -1
 321    -2.780    -7.477     0.000  788   -1   -1   -1
 322    -2.713    -4.098     0.000  586   -1   -1   -1
 323    -2.701     5.938     0.000  101   -1   -1   -1
 324    -2.683     6.832     0.000   67   -1   -1   -1
 325    -2.667    -5.738     0.000  679   -1   -1   -1
 326    -2.666     3.610     0.000  212   -1   -1   -1
 327    -2.602     3.019     0.000  239   -1   -1   -1
 328    -2.577    -2.236     0.000  515   -1   -1   -1
 329    -2.575    -1.080     0.000  456   -1   -1   -1
 330    -2.573     1.047     0.000  342   -1   -1   -1
 331    -2.548    -3.335     0.000  560   -1   -1   -1
 332    -2.506    -6.952     0.000  763   -1   -1   -1
 333    -2.484     6.978     0.000   60   -1   -1   -1
 334    -2.423    -0.358     0.000  417   -1   -1   -1
 335    -2.419    -5.736     0.000  678   -1   -1   -1
 336    -2.419    -6.084     0.000  709   -1   -1   -1
 337    -2.408    -2.475     0.000  520   -1   -1   -1
 338    -2.390     0.614     0.000  366   -1   -1   -1
 339    -2.380    -6.824     0.000  757   -1   -1   -1
 340    -2.376    -0.593     0.000  430   -1   -1   -1
 341    -2.330     4.914     0.000  145   -1   -1   -1
 342    -2.298    -5.513     0.000  667   -1   -1   -1
 343    -2.297    -2.052     0.000  506   -1   -1   -1
 344    -2.290    -6.436     0.000  730   -1   -1   -1
 345    -2.249     0.650     0.000  364   -1   -1   -1
 346    -2.206     5.598     0.000  115   -1   -1   -1
 347    -2.204     6.138     0.000   92   -1   -1   -1
 348    -2.200    -3.446     0.000  563   -1   -1   -1
 349    -2.113    -3.710     0.000  573   -1   -1   -1
 350    -2.101    -1.221     0.000  465   -1   -1   -1
 351    -2.094     2.024     0.000  301   -1   -1   -1
 352    -2.016     0.109     0.000  392   -1   -1   -1
 353    -2.009    -3.139     0.000  553   -1   -1   -1
 354    -2.007     7.251     0.000   49   -1   -1   -1
 355    -1.938    -8.087     0.000  826   -1   -1   -1
 356    -1.932    -4.258     0.000  595   -1   -1   -1
 357    -1.901     3.879     0.000  196   -1   -1   -1
 358    -1.819     3.913     0.000  194   -1   -1   -1
 359    -1.810     7.060     0.000   57   -1   -1   -1
 360    -1.794     2.191     0.000  286   -1   -1   -1
 361    -1.775     7.268     0.000   44   -1   -1   -1
 362    -1.685    -4.087     0.000  585   -1   -1   -1
 363    -1.671     7.460     0.000   37   -1   -1   -1
 364    -1.670     4.253     0.000  185   -1   -1   -1
 365    -1.667     8.028     0.000   17   -1   -1   -1
 366    -1.652    -2.165     0.000  513   -1   -1   -1
 367    -1.629    -5.537     0.000  668   -1   -1   -1
 368    -1.605     5.944     0.000  100   -1   -1   -1
 369    -1.600    -5.631     0.000  669   -1   -1   -1
 370    -1.573     4.350     0.000  180   -1   -1   -1
 371    -1.529    -5.056     0.000  638   -1   -1   -1
 372    -1.520     1.716     0.000  312   -1   -1   -1
 373    -1.458     5.070     0.000  136   -1   -1   -1
 374    -1.418     3.411     0.000  224   -1   -1   -1
 375    -1.413    -5.417     0.000  656   -1   -1   -1
 376    -1.361    -8.001     0.000  821   -1   -1   -1
 377    -1.330    -1.796     0.000  492   -1   -1   -1
 378    -1.320     4.734     0.000  157   -1   -1   -1
 379    -1.287     4.062     0.000  189   -1   -1   -1
 380    -1.279     5.314     0.000  120   -1   -1   -1
 381    -1.199     3.451     0.000  221   -1   -1   -1
 382    -1.124    -2.087     0.000  507   -1   -1   -1
 383    -1.111     3.733     0.000  204   -1   -1   -1
 384    -1.107     4.555     0.000  169   -1   -1   -1
 385    -1.103    -7.927     0.000  813   -1   -1   -1
 386    -1.089    -1.389     0.000  474   -1   -1   -1
 387    -1.019     4.479     0.000  171   -1   -1   -1
 388    -0.936     5.008     0.000  140   -1   -1   -1
 389    -0.852    -3.627     0.000  571   -1   -1   -1
 390    -0.805    -5.785     0.000  682   -1   -1   -1
 391    -0.716    -3.459     0.000  564   -1   -1   -1
 392    -0.689    -0.992     0.000  452   -1   -1   -1
 393    -0.670    -6.419     0.000  726   -1   -1   -1
 394    -0.667    -4.132     0.000  589   -1   -1   -1
 395    -0.626     4.270     0.000  184   -1   -1   -1
 396    -0.580    -2.724     0.000  525   -1   -1   -1
 397    -0.555    -6.540     0.000  737   -1   -1   -1
 398    -0.523    -2.727     0.000  526   -1   -1   -1
 399    -0.446    -5.174     0.000  647   -1   -1   -1
 400    -0.440    -2.960     0.000  541   -1   -1   -1
 401    -0.435    -2.857     0.000  532   -1   -1   -1
 402    -0.428    -5.723     0.000  677   -1   -1   -1
 403    -0.425    -5.450     0.000  661   -1   -1   -1
 404    -0.394    -0.499     0.000  424   -1   -1   -1
 405    -0.341    -1.003     0.000  453   -1   -1   -1
 406    -0.338    -2.001     0.000  504   -1   -1   -1
 407     0.008     1.085     0.000  340   -1   -1   -1
 408     0.155    -6.677     0.000  745   -1   -1   -1
 409     0.166    -7.008     0.000  768   -1   -1   -1
 410     0.198    -4.209     0.000  593   -1   -1   -1
 411     0.201     5.872     0.000  103   -1   -1   -1
 412     0.272    -1.468     0.000  481   -1   -1   -1
 413     0.285     0.252     0.000  386   -1   -1   -1
 414     0.440    -4.207     0.000  592   -1   -1   -1
 415     0.468     2.599     0.000  266   -1   -1   -1
 416     0.469     3.626     0.000  209   -1   -1   -1
 417     0.483     0.564     0.000  369   -1   -1   -1
 418     0.488     2.639     0.000  261   -1   -1   -1
 419     0.546     2.743     0.000  254   -1   -1   -1
 420     0.602     0.336     0.000  382   -1   -1   -1
 421     0.661     4.677     0.000  162   -1   -1   -1
 422     0.727    -5.407     0.000  655   -1   -1   -1
 423     0.731    -3.102     0.000  548   -1   -1   -1
 424     0.794     0.085     0.000  395   -1   -1   -1
 425     0.825    -0.572     0.000  427   -1   -1   -1
 426     0.904    -3.211     0.000  557   -1   -1   -1
 427     0.947     7.271     0.000   43   -1   -1   -1
 428     0.958    -6.423     0.000  727   -1   -1   -1
 429     0.961     4.466     0.000  173   -1   -1   -1
 430     0.967    -1.096     0.000  457   -1   -1   -1
 431     1.043     0.757     0.000  352   -1   -1   -1
 432     1.043    -6.672     0.000  744   -1   -1   -1
 433     1.090    -5.698     0.000  675   -1   -1   -1
 434     1.118     6.191     0.000   89   -1   -1   -1
 435     1.123     0.524     0.000  372   -1   -1   -1
 436     1.127    -3.821     0.000  575   -1   -1   -1
 437     1.205    -6.687     0.000  746   -1   -1   -1
 438     1.211    -3.837     0.000  576   -1   -1   -1
 439     1.248    -2.933     0.000  538   -1   -1   -1
 440     1.278    -6.834     0.000  758   -1   -1   -1
 441     1.296    -1.040     0.000  455   -1   -1   -1
 442     1.329     2.125     0.000  290   -1   -1   -1
 443     1.329     4.681     0.000  161   -1   -1   -1
 444     1.350     1.012     0.000  344   -1   -1   -1
 445     1.372    -4.709     0.000  622   -1   -1   -1
 446     1.387    -2.478     0.000  521   -1   -1   -1
 447     1.419    -3.533     0.000  569   -1   -1   -1
 448     1.423     1.058     0.000  341   -1   -1   -1
 449     1.450    -7.444     0.000  786   -1   -1   -1
 450     1.501     4.840     0.000  151   -1   -1   -1
 451     1.544     3.566     0.000  215   -1   -1   -1
 452     1.545    -2.929     0.000  536   -1   -1   -1
 453     1.559    -7.727     0.000  800   -1   -1   -1
 454     1.567     5.308     0.000  121   -1   -1   -1
 455     1.591    -6.493     0.000  733   -1   -1   -1
 456     1.602    -3.481     0.000  567   -1   -1   -1
 457     1.621     6.481     0.000   81   -1   -1   -1
 458     1.669     0.462     0.000  377   -1   -1   -1
 459     1.746    -2.622     0.000  522   -1   -1   -1
 460     1.757    -3.944     0.000  580   -1   -1   -1
 461     1.800    -6.427     0.000  728   -1   -1   -1
 462     1.807     1.097     0.000  339   -1   -1   -1
 463     1.842     7.620     0.000   30   -1   -1   -1
 464     1.850     5.188     0.000  131   -1   -1   -1
 465     1.855    -7.879     0.000  811   -1   -1   -1
 466     1.856    -3.898     0.000  579   -1   -1   -1
 467     1.857     0.501     0.000  373   -1   -1   -1
 468     1.866    -0.679     0.000  433   -1   -1   -1
 469     1.878    -6.783     0.000  751   -1   -1   -1
 470     1.893    -4.639     0.000  617   -1   -1   -1
 471     1.905    -2.096     0.000  510   -1   -1   -1
 472     1.911    -1.404     0.000  476   -1   -1   -1
 473     1.957     0.137     0.000  390   -1   -1   -1
 474     1.972     1.174     0.000  336   -1   -1   -1
 475     1.997     5.857     0.000  104   -1   -1   -1
 476     2.022     1.160     0.000  337   -1   -1   -1
 477     2.114     4.176     0.000  187   -1   -1   -1
 478     2.126    -7.950     0.000  816   -1   -1   -1
 479     2.129    -1.330     0.000  472   -1   -1   -1
 480     2.132    -3.629     0.000  572   -1   -1   -1
 481     2.132    -4.500     0.000  612   -1   -1   -1
 482     2.136     1.367     0.000  324   -1   -1   -1
 483     2.139     7.244     0.000   50   -1   -1   -1
 484     2.168     6.455     0.000   82   -1   -1   -1
 485     2.176    -0.101     0.000  407   -1   -1   -1
 486     2.183     0.494     0.000  374   -1   -1   -1
 487     2.212     4.497     0.000  170   -1   -1   -1
 488     2.230    -6.470     0.000  731   -1   -1   -1
 489     2.250    -3.029     0.000  543   -1   -1   -1
 490     2.268     5.842     0.000  105   -1   -1   -1
 491     2.272     4.381     0.000  178   -1   -1   -1
 492     2.286    -0.871     0.000  444   -1   -1   -1
 493     2.299    -6.660     0.000  741   -1   -1   -1
 494     2.300    -7.126     0.000  771   -1   -1   -1
 495     2.318     6.535     0.000   78   -1   -1   -1
 496     2.334    -7.353     0.000  777   -1   -1   -1
 497     2.337     0.753     0.000  353   -1   -1   -1
 498     2.351    -2.901     0.000  534   -1   -1   -1
 499     2.351     5.299     0.000  123   -1   -1   -1
 500     2.352     8.367     0.000    1   -1   -1   -1
 501     2.355    -5.695     0.000  673   -1   -1   -1
 502     2.388     5.152     0.000  132   -1   -1   -1
 503     2.389    -3.483     0.000  568   -1   -1   -1
 504     2.401     5.949     0.000   99   -1   -1   -1
 505     2.415    -3.566     0.000  570   -1   -1   -1
 506     2.470    -3.127     0.000  552   -1   -1   -1
 507     2.487     0.869     0.000  347   -1   -1   -1
 508     2.560     4.047     0.000  190   -1   -1   -1
 509     2.602    -3.122     0.000  550   -1   -1   -1
 510     2.636     2.431     0.000  274   -1   -1   -1
 511     2.641    -5.051     0.000  637   -1   -1   -1
 512     2.651     7.603     0.000   32   -1   -1   -1
 513     2.677     8.196     0.000   10   -1   -1   -1
 514     2.685    -6.322     0.000  719   -1   -1   -1
 515     2.698     5.720     0.000  111   -1   -1   -1
 516     2.761     2.544     0.000  268   -1   -1   -1
 517     2.772    -5.936     0.000  694   -1   -1   -1
 518     2.814    -3.407     0.000  561   -1   -1   -1
 519     2.823     7.953     0.000   20   -1   -1   -1
 520     2.837    -6.555     0.000  738   -1   -1   -1
 521     2.838     0.751     0.000  354   -1   -1   -1
 522     2.875     6.380     0.000   85   -1   -1   -1
 523     2.886     0.051     0.000  397   -1   -1   -1
 524     2.934     5.035     0.000  139   -1   -1   -1
 525     2.934    -1.572     0.000  485   -1   -1   -1
 526     2.966     7.147     0.000   55   -1   -1   -1
 527     3.038     0.654     0.000  363   -1   -1   -1
 528     3.042     2.723     0.000  256   -1   -1   -1
 529     3.047    -5.124     0.000  641   -1   -1   -1
 530     3.050    -5.900     0.000  692   -1   -1   -1
 531     3.079    -5.136     0.000  642   -1   -1   -1
 532     3.115    -1.157     0.000  462   -1   -1   -1
 533     3.120    -2.473     0.000  519   -1   -1   -1
 534     3.127     6.175     0.000   90   -1   -1   -1
 535     3.137     2.650     0.000  260   -1   -1   -1
 536     3.149    -6.817     0.000  755   -1   -1   -1
 537     3.167     2.818     0.000  251   -1   -1   -1
 538     3.182    -1.879     0.000  495   -1   -1   -1
 539     3.199     6.099     0.000   94   -1   -1   -1
 540     3.201    -7.078     0.000  769   -1   -1   -1
 541     3.211     8.233     0.000    7   -1   -1   -1
 542     3.280    -8.071     0.000  824   -1   -1   -1
 543     3.312    -1.301     0.000  469   -1   -1   -1
 544     3.323    -3.077     0.000  546   -1   -1   -1
 545     3.332    -7.127     0.000  772   -1   -1   -1
 546     3.415     6.650     0.000   71   -1   -1   -1
 547     3.416     2.958     0.000  243   -1   -1   -1
 548     3.472     2.822     0.000  250   -1   -1   -1
 549     3.477    -5.338     0.000  654   -1   -1   -1
 550     3.495     1.336     0.000  328   -1   -1   -1
 551     3.495    -2.038     0.000  505   -1   -1   -1
 552     3.495    -4.470     0.000  611   -1   -1   -1
 553     3.520     5.891     0.000  102   -1   -1   -1
 554     3.564    -3.191     0.000  555   -1   -1   -1
 555     3.579    -2.759     0.000  529   -1   -1   -1
 556     3.591    -0.460     0.000  421   -1   -1   -1
 557     3.599    -0.881     0.000  445   -1   -1   -1
 558     3.604    -6.943     0.000  762   -1   -1   -1
 559     3.629     5.303     0.000  122   -1   -1   -1
 560     3.633    -5.967     0.000  698   -1   -1   -1
 561     3.645    -6.043     0.000  702   -1   -1   -1
 562     3.647    -0.042     0.000  403   -1   -1   -1
 563     3.660    -6.958     0.000  765   -1   -1   -1
 564     3.664    -5.427     0.000  657   -1   -1   -1
 565     3.676     5.035     0.000  138   -1   -1   -1
 566     3.677     2.172     0.000  288   -1   -1   -1
 567     3.685     7.899     0.000   23   -1   -1   -1
 568     3.746     4.043     0.000  191   -1   -1   -1
 569     3.746    -5.873     0.000  687   -1   -1   -1
 570     3.751     2.603     0.000  265   -1   -1   -1
 571     3.811    -0.562     0.000  426   -1   -1   -1
 572     3.817     0.844     0.000  349   -1   -1   -1
 573     3.828    -6.972     0.000  766   -1   -1   -1
 574     3.840    -2.090     0.000  508   -1   -1   -1
 575     3.850    -1.798     0.000  493   -1   -1   -1
 576     3.852    -1.011     0.000  454   -1   -1   -1
 577     3.858    -2.221     0.000  514   -1   -1   -1
 578     3.865    -5.988     0.000  699   -1   -1   -1
 579     3.875    -7.178     0.000  774   -1   -1   -1
 580     3.881     0.481     0.000  375   -1   -1   -1
 581     3.884     4.925     0.000  144   -1   -1   -1
 582     3.890    -7.422     0.000  783   -1   -1   -1
 583     3.891     5.254     0.000  126   -1   -1   -1
 584     3.932    -7.678     0.000  798   -1   -1   -1
 585     3.939    -4.109     0.000  588   -1   -1   -1
 586     3.947    -1.240     0.000  467   -1   -1   -1
 587     3.958    -0.602     0.000  431   -1   -1   -1
 588     3.980     2.448     0.000  273   -1   -1   -1
 589     3.983    -5.315     0.000  652   -1   -1   -1
 590     4.009    -8.045     0.000  823   -1   -1   -1
 591     4.024     2.884     0.000  246   -1   -1   -1
 592     4.025    -7.785     0.000  804   -1   -1   -1
 593     4.033     8.101     0.000   14   -1   -1   -1
 594     4.038    -4.804     0.000  626   -1   -1   -1
 595     4.046    -1.725     0.000  490   -1   -1   -1
 596     4.071     3.042     0.000  238   -1   -1   -1
 597     4.096     4.911     0.000  146   -1   -1   -1
 598     4.107    -5.437     0.000  660   -1   -1   -1
 599     4.125     2.879     0.000  247   -1   -1   -1
 600     4.136     0.718     0.000  356   -1   -1   -1
 601     4.234    -6.804     0.000  752   -1   -1   -1
 602     4.241    -0.954     0.000  449   -1   -1   -1
 603     4.266    -8.318     0.000  839   -1   -1   -1
 604     4.290     4.706     0.000  159   -1   -1   -1
 605     4.303     2.246     0.000  282   -1   -1   -1
 606     4.305    -4.323     0.000  601   -1   -1   -1
 607     4.332     8.333     0.000    2   -1   -1   -1
 608     4.369    -1.999     0.000  503   -1   -1   -1
 609     4.383    -7.482     0.000  789   -1   -1   -1
 610     4.388     2.169     0.000  289   -1   -1   -1
 611     4.437    -2.092     0.000  509   -1   -1   -1
 612     4.440     7.794     0.000   26   -1   -1   -1
 613     4.444    -5.707     0.000  676   -1   -1   -1
 614     4.451    -1.699     0.000  489   -1   -1   -1
 615     4.463     4.634     0.000  165   -1   -1   -1
 616     4.470     2.977     0.000  241   -1   -1   -1
 617     4.484     0.787     0.000  351   -1   -1   -1
 618     4.494     8.012     0.000   18   -1   -1   -1
 619     4.521    -0.842     0.000  440   -1   -1   -1
 620     4.532     4.805     0.000  152   -1   -1   -1
 621     4.534     6.367     0.000   87   -1   -1   -1
 622     4.537     0.045     0.000  398   -1   -1   -1
 623     4.542    -7.756     0.000  801   -1   -1   -1
 624     4.551    -8.275     0.000  835   -1   -1   -1
 625     4.580    -4.847     0.000  628   -1   -1   -1
 626     4.610     6.428     0.000   83   -1   -1   -1
 627     4.611     2.636     0.000  262   -1   -1   -1
 628     4.649     3.296     0.000  229   -1   -1   -1
 629     4.676     1.881     0.000  309   -1   -1   -1
 630     4.677    -3.266     0.000  558   -1   -1   -1
 631     4.681     2.798     0.000  252   -1   -1   -1
 632     4.686     0.611     0.000  368   -1   -1   -1
 633     4.693    -6.430     0.000  729   -1   -1   -1
 634     4.717     1.155     0.000  338   -1   -1   -1
 635     4.745    -5.161     0.000  646   -1   -1   -1
 636     4.752    -7.081     0.000  770   -1   -1   -1
 637     4.765    -8.218     0.000  832   -1   -1   -1
 638     4.791     8.325     0.000    3   -1   -1   -1
 639     4.797     3.013     0.000  240   -1   -1   -1
 640     4.839    -4.086     0.000  584   -1   -1   -1
 641     4.930     0.333     0.000  383   -1   -1   -1
 642     4.933    -2.738     0.000  527   -1   -1   -1
 643     4.948     3.573     0.000  214   -1   -1   -1
 644     4.952     5.102     0.000  134   -1   -1   -1
 645     4.965     5.222     0.000  128   -1   -1   -1
 646     5.019     1.472     0.000  323   -1   -1   -1
 647     5.019    -7.245     0.000  776   -1   -1   -1
 648     5.038    -5.190     0.000  648   -1   -1   -1
 649     5.039    -2.879     0.000  533   -1   -1   -1
 650     5.059     8.114     0.000   13   -1   -1   -1
 651     5.060    -4.264     0.000  596   -1   -1   -1
 652     5.060     8.071     0.000   15   -1   -1   -1
 653     5.069    -8.316     0.000  838   -1   -1   -1
 654     5.098    -3.953     0.000  581   -1   -1   -1
 655     5.103    -5.743     0.000  680   -1   -1   -1
 656     5.107     7.198     0.000   52   -1   -1   -1
 657     5.114     6.917     0.000   63   -1   -1   -1
 658     5.118     1.993     0.000  302   -1   -1   -1
 659     5.168    -5.814     0.000  685   -1   -1   -1
 660     5.185    -7.591     0.000  794   -1   -1   -1
 661     5.199    -5.896     0.000  690   -1   -1   -1
 662     5.228     6.837     0.000   66   -1   -1   -1
 663     5.228     6.424     0.000   84   -1   -1   -1
 664     5.274     1.553     0.000  321   -1   -1   -1
 665     5.310    -3.103     0.000  549   -1   -1   -1
 666     5.326     2.375     0.000  277   -1   -1   -1
 667     5.398     5.809     0.000  106   -1   -1   -1
 668     5.413    -7.848     0.000  809   -1   -1   -1
 669     5.433     2.776     0.000  253   -1   -1   -1
 670     5.443    -2.944     0.000  539   -1   -1   -1
 671     5.448    -7.592     0.000  795   -1   -1   -1
 672     5.461     1.977     0.000  303   -1   -1   -1
 673     5.466     3.735     0.000  202   -1   -1   -1
 674     5.482    -5.747     0.000  681   -1   -1   -1
 675     5.488     1.362     0.000  325   -1   -1   -1
 676     5.491     6.040     0.000   97   -1   -1   -1
 677     5.557     2.033     0.000  300   -1   -1   -1
 678     5.575     4.469     0.000  172   -1   -1   -1
 679     5.608    -8.099     0.000  829   -1   -1   -1
 680     5.611    -5.044     0.000  636   -1   -1   -1
 681     5.641     6.967     0.000   62   -1   -1   -1
 682     5.674     3.917     0.000  193   -1   -1   -1
 683     5.686    -6.691     0.000  747   -1   -1   -1
 684     5.688    -0.646     0.000  432   -1   -1   -1
 685     5.712    -3.192     0.000  556   -1   -1   -1
 686     5.765     4.591     0.000  168   -1   -1   -1
 687     5.770    -8.072     0.000  825   -1   -1   -1
 688     5.777    -5.464     0.000  664   -1   -1   -1
 689     5.787    -5.794     0.000  683   -1   -1   -1
 690     5.829    -2.462     0.000  518   -1   -1   -1
 691     5.830     1.751     0.000  310   -1   -1   -1
 692     5.842    -0.992     0.000  451   -1   -1   -1
 693     5.890    -3.469     0.000  566   -1   -1   -1
 694     5.900     1.969     0.000  305   -1   -1   -1
 695     5.903    -0.756     0.000  438   -1   -1   -1
 696     5.906     5.054     0.000  137   -1   -1   -1
 697     5.922    -7.970     0.000  819   -1   -1   -1
 698     5.971    -7.369     0.000  778   -1   -1   -1
 699     5.991    -6.385     0.000  722   -1   -1   -1
 700     5.995     2.715     0.000  257   -1   -1   -1
 701     6.010    -6.488     0.000  732   -1   -1   -1
 702     6.020     3.555     0.000  217   -1   -1   -1
 703     6.027     0.217     0.000  387   -1   -1   -1
 704     6.037    -5.295     0.000  649   -1   -1   -1
 705     6.045    -4.336     0.000  603   -1   -1   -1
 706     6.056    -0.482     0.000  423   -1   -1   -1
 707     6.060     4.637     0.000  164   -1   -1   -1
 708     6.068    -1.727     0.000  491   -1   -1   -1
 709     6.068    -3.069     0.000  545   -1   -1   -1
 710     6.094    -5.435     0.000  659   -1   -1   -1
 711     6.096    -6.147     0.000  711   -1   -1   -1
 712     6.159     1.690     0.000  314   -1   -1   -1
 713     6.169     6.538     0.000   76   -1   -1   -1
 714     6.201     3.851     0.000  198   -1   -1   -1
 715     6.213     0.279     0.000  385   -1   -1   -1
 716     6.216    -4.224     0.000  594   -1   -1   -1
 717     6.219     3.183     0.000  233   -1   -1   -1
 718     6.225    -1.564     0.000  484   -1   -1   -1
 719     6.274    -6.655     0.000  740   -1   -1   -1
 720     6.283     7.264     0.000   45   -1   -1   -1
 721     6.316    -2.137     0.000  511   -1   -1   -1
 722     6.319    -2.949     0.000  540   -1   -1   -1
 723     6.334    -6.503     0.000  736   -1   -1   -1
 724     6.352     1.949     0.000  307   -1   -1   -1
 725     6.384     2.356     0.000  279   -1   -1   -1
 726     6.411     7.016     0.000   59   -1   -1   -1
 727     6.414    -4.272     0.000  597   -1   -1   -1
 728     6.420    -2.932     0.000  537   -1   -1   -1
 729     6.489    -4.883     0.000  630   -1   -1   -1
 730     6.535     6.898     0.000   64   -1   -1   -1
 731     6.549    -5.963     0.000  697   -1   -1   -1
 732     6.562     4.663     0.000  163   -1   -1   -1
 733     6.572    -1.314     0.000  470   -1   -1   -1
 734     6.596     2.121     0.000  291   -1   -1   -1
 735     6.607    -1.287     0.000  468   -1   -1   -1
 736     6.624    -0.584     0.000  429   -1   -1   -1
 737     6.633     2.867     0.000  248   -1   -1   -1
 738     6.646    -6.060     0.000  707   -1   -1   -1
 739     6.672    -5.141     0.000  643   -1   -1   -1
 740     6.682     5.638     0.000  113   -1   -1   -1
 741     6.693    -5.333     0.000  653   -1   -1   -1
 742     6.721     6.580     0.000   74   -1   -1   -1
 743     6.725     0.427     0.000  379   -1   -1   -1
 744     6.729    -6.226     0.000  714   -1   -1   -1
 745     6.734    -5.509     0.000  666   -1   -1   -1
 746     6.744     3.178     0.000  234   -1   -1   -1
 747     6.764    -1.890     0.000  496   -1   -1   -1
 748     6.765     3.295     0.000  230   -1   -1   -1
 749     6.770     2.049     0.000  297   -1   -1   -1
 750     6.799    -0.575     0.000  428   -1   -1   -1
 751     6.801     0.684     0.000  359   -1   -1   -1
 752     6.822    -6.059     0.000  706   -1   -1   -1
 753     6.825    -0.777     0.000  439   -1   -1   -1
 754     6.835    -7.673     0.000  797   -1   -1   -1
 755     6.848    -7.525     0.000  791   -1   -1   -1
 756     6.861     5.219     0.000  129   -1   -1   -1
 757     6.897     3.618     0.000  210   -1   -1   -1
 758     6.900    -8.013     0.000  822   -1   -1   -1
 759     6.905    -0.117     0.000  408   -1   -1   -1
 760     6.926    -0.918     0.000  448   -1   -1   -1
 761     6.931    -4.933     0.000  632   -1   -1   -1
 762     6.935    -2.652     0.000  523   -1   -1   -1
 763     6.937     6.172     0.000   91   -1   -1   -1
 764     6.942    -0.081     0.000  406   -1   -1   -1
 765     6.969    -0.691     0.000  435   -1   -1   -1
 766     6.981     2.082     0.000  294   -1   -1   -1
 767     6.982     0.431     0.000  378   -1   -1   -1
 768     7.023     3.415     0.000  223   -1   -1   -1
 769     7.026     6.628     0.000   73   -1   -1   -1
 770     7.028     2.240     0.000  283   -1   -1   -1
 771     7.050     2.040     0.000  298   -1   -1   -1
 772     7.053    -6.616     0.000  739   -1   -1   -1
 773     7.059    -5.801     0.000  684   -1   -1   -1
 774     7.080    -4.040     0.000  583   -1   -1   -1
 775     7.102    -6.005     0.000  701   -1   -1   -1
 776     7.133    -8.302     0.000  837   -1   -1   -1
 777     7.145     7.541     0.000   35   -1   -1   -1
 778     7.151     6.503     0.000   79   -1   -1   -1
 779     7.181     6.536     0.000   77   -1   -1   -1
 780     7.187    -6.176     0.000  712   -1   -1   -1
 781     7.213     0.191     0.000  388   -1   -1   -1
 782     7.230    -3.980     0.000  582   -1   -1   -1
 783     7.263     4.986     0.000  141   -1   -1   -1
 784     7.268     4.367     0.000  179   -1   -1   -1
 785     7.283    -4.406     0.000  607   -1   -1   -1
 786     7.291     6.740     0.000   69   -1   -1   -1
 787     7.309     4.308     0.000  182   -1   -1   -1
 788     7.315     5.624     0.000  114   -1   -1   -1
 789     7.329    -0.157     0.000  409   -1   -1   -1
 790     7.370     3.543     0.000  218   -1   -1   -1
 791     7.408    -6.415     0.000  725   -1   -1   -1
 792     7.427     2.062     0.000  296   -1   -1   -1
 793     7.492     5.265     0.000  124   -1   -1   -1
 794     7.497     4.777     0.000  155   -1   -1   -1
 795     7.506     4.420     0.000  175   -1   -1   -1
 796     7.549    -2.911     0.000  535   -1   -1   -1
 797     7.559    -8.418     0.000  841   -1   -1   -1
 798     7.573    -1.550     0.000  483   -1   -1   -1
 799     7.580     1.254     0.000  332   -1   -1   -1
 800     7.603     4.754     0.000  156   -1   -1   -1
 801     7.621     1.742     0.000  311   -1   -1   -1
 802     7.642     2.272     0.000  281   -1   -1   -1
 803     7.710     7.740     0.000   27   -1   -1   -1
 804     7.746    -7.939     0.000  815   -1   -1   -1
 805     7.764     8.250     0.000    5   -1   -1   -1
 806     7.774    -2.997     0.000  542   -1   -1   -1
 807     7.779     1.621     0.000  318   -1   -1   -1
 808     7.840     6.730     0.000   70   -1   -1   -1
 809     7.841    -0.863     0.000  443   -1   -1   -1
 810     7.888    -5.155     0.000  644   -1   -1   -1
 811     7.923    -5.018     0.000  634   -1   -1   -1
 812     7.991     7.149     0.000   54   -1   -1   -1
 813     8.008    -0.440     0.000  420   -1   -1   -1
 814     8.022    -6.812     0.000  754   -1   -1   -1
 815     8.024    -1.202     0.000  464   -1   -1   -1
 816     8.026    -6.891     0.000  759   -1   -1   -1
 817     8.033     1.019     0.000  343   -1   -1   -1
 818     8.037    -5.653     0.000  671   -1   -1   -1
 819     8.074     4.382     0.000  177   -1   -1   -1
 820     8.097     3.153     0.000  235   -1   -1   -1
 821     8.105    -1.122     0.000  461   -1   -1   -1
 822     8.133    -4.783     0.000  625   -1   -1   -1
 823     8.160    -4.547     0.000  613   -1   -1   -1
 824     8.177     2.497     0.000  270   -1   -1   -1
 825     8.183     3.231     0.000  232   -1   -1   -1
 826     8.185     4.606     0.000  167   -1   -1   -1
 827     8.233    -6.337     0.000  720   -1   -1   -1
 828     8.247    -7.847     0.000  808   -1   -1   -1
 829     8.255     7.257     0.000   48   -1   -1   -1
 830     8.272    -3.410     0.000  562   -1   -1   -1
 831     8.280    -6.055     0.000  704   -1   -1   -1
 832     8.308    -1.903     0.000  497   -1   -1   -1
 833     8.321    -7.379     0.000  780   -1   -1   -1
 834     8.323     5.264     0.000  125   -1   -1   -1
 835     8.335     7.033     0.000   58   -1   -1   -1
 836     8.348     1.334     0.000  329   -1   -1   -1
 837     8.348    -4.409     0.000  608   -1   -1   -1
 838     8.360     8.188     0.000   11   -1   -1   -1
 839     8.370     7.573     0.000   33   -1   -1   -1
 840     8.390    -8.280     0.000  836   -1   -1   -1
 841     8.404    -0.169     0.000  411   -1   -1   -1
 842     8.405     0.665     0.000  361   -1   -1   -1
