844
   1    -8.401     7.537     0.000   38   -1   -1   -1
   2    -8.381    -6.910     0.000  764   -1   -1   -1
   3    -8.374    -3.326     0.000  565   -1   -1   -1
   4    -8.353    -8.174     0.000  831   -1   -1   -1
   5    -8.343    -4.649     0.000  628   -1   -1   -1
   6    -8.300     0.534     0.000  371   -1   -1   -1
   7    -8.299    -1.589     0.000  486   -1   -1   -1
   8    -8.279     6.849     0.000   70   -1   -1   -1
   9    -8.242    -8.268     0.000  835   -1   -1   -1
  10    -8.228     4.227     0.000  192   -1   -1   -1
  11    -8.216     1.563     0.000  321   -1   -1   -1
  12    -8.208    -7.951     0.000  815   -1   -1   -1
  13    -8.187     1.511     0.000  324   -1   -1   -1
  14    -8.182    -3.058     0.000  548   -1   -1   -1
  15    -8.180     4.416     0.000  182   -1   -1   -1
  16    -8.139     6.490     0.000   85   -1   -1   -1
  17    -8.124    -2.522     0.000  527   -1   -1   -1
  18    -8.118     2.615     0.000  269   -1   -1   -1
  19    -8.078     1.347     0.000  328   -1   -1   -1
  20    -8.042     2.233     0.000  290   -1   -1   -1
  21    -8.037    -7.421     0.000  790   -1   -1   -1
  22    -8.012    -6.273     0.000  725   -1   -1   -1
  23    -8.002     6.564     0.000   81   -1   -1   -1
  24    -7.985    -3.840     0.000  584   -1   -1   -1
  25    -7.926    -0.967     0.000  454   -1   -1   -1
  26    -7.903     0.816     0.000  355   -1   -1   -1
  27    -7.896    -0.186     0.000  416   -1   -1   -1
  28    -7.887     2.323     0.000  286   -1   -1   -1
  29    -7.858     4.083     0.000  198   -1   -1   -1
  30    -7.851    -6.130     0.000  718   -1   -1   -1
  31    -7.835     3.837     0.000  210   -1   -1   -1
  32    -7.828     3.871     0.000  207   -1   -1   -1
  33    -7.825     7.175     0.000   51   -1   -1   -1
  34    -7.816    -4.866     0.000  641   -1   -1   -1
  35    -7.807    -6.186     0.000  722   -1   -1   -1
  36    -7.803     2.485     0.000  277   -1   -1   -1
  37    -7.799     4.986     0.000  147   -1   -1   -1
  38    -7.786    -2.769     0.000  538   -1   -1   -1
  39    -7.772    -5.120     0.000  652   -1   -1   -1
  40    -7.771    -5.171     0.000  657   -1   -1   -1
  41    -7.765    -6.277     0.000  726   -1   -1   -1
  42    -7.760     1.970     0.000  306   -1   -1   -1
  43    -7.757    -4.650     0.000  629   -1   -1   -1
  44    -7.754     7.142     0.000   54   -1   -1   -1
  45    -7.752     5.235     0.000  135   -1   -1   -1
  46    -7.751    -6.753     0.000  752   -1   -1   -1
  47    -7.731    -0.693     0.000  438   -1   -1   -1
  48    -7.693     7.113     0.000   55   -1   -1   -1
  49    -7.683     6.646     0.000   78   -1   -1   -1
  50    -7.585    -6.918     0.000  766   -1   -1   -1
  51    -7.578     0.412     0.000  380   -1   -1   -1
  52    -7.553    -0.010     0.000  404   -1   -1   -1
  53    -7.546    -0.700     0.000  439   -1   -1   -1
  54    -7.532     8.218     0.000   11   -1   -1   -1
  55    -7.523    -5.461     0.000  670   -1   -1   -1
  56    -7.514    -1.114     0.000  458   -1   -1   -1
  57    -7.482     7.990     0.000   18   -1   -1   -1
  58    -7.479     3.616     0.000  220   -1   -1   -1
  59    -7.419    -1.447     0.000  479   -1   -1   -1
  60    -7.399     3.675     0.000  217   -1   -1   -1
  61    -7.369    -5.415     0.000  667   -1   -1   -1
  62    -7.363    -6.227     0.000  724   -1   -1   -1
  63    -7.356     2.309     0.000  287   -1   -1   -1
  64    -7.329    -5.116     0.000  651   -1   -1   -1
  65    -7.325    -5.429     0.000  668   -1   -1   -1
  66    -7.313     3.850     0.000  209   -1   -1   -1
  67    -7.311     5.389     0.000  126   -1   -1   -1
  68    -7.294     0.092     0.000  394   -1   -1   -1
  69    -7.251     3.237     0.000  237   -1   -1   -1
  70    -7.248     6.134     0.000   97   -1   -1   -1
  71    -7.240    -8.393     0.000  843   -1   -1   -1
  72    -7.202    -7.987     0.000  820   -1   -1   -1
  73    -7.180    -7.568     0.000  796   -1   -1   -1
  74    -7.179     7.645     0.000   30   -1   -1   -1
  75    -7.163     6.079     0.000   99   -1   -1   -1
  76    -7.157     4.733     0.000  163   -1   -1   -1
  77    -7.154     4.037     0.000  200   -1   -1   -1
  78    -7.147    -8.144     0.000  829   -1   -1   -1
  79    -7.138     7.288     0.000   43   -1   -1   -1
  80    -7.138    -2.434     0.000  520   -1   -1   -1
  81    -7.128    -7.769     0.000  807   -1   -1   -1
  82    -7.096     4.982     0.000  148   -1   -1   -1
  83    -7.051    -5.455     0.000  669   -1   -1   -1
  84    -7.030     0.018     0.000  402   -1   -1   -1
  85    -7.021     1.958     0.000  307   -1   -1   -1
  86    -6.997    -6.812     0.000  760   -1   -1   -1
  87    -6.987    -2.426     0.000  519   -1   -1   -1
  88    -6.985     4.327     0.000  187   -1   -1   -1
  89    -6.978    -6.645     0.000  747   -1   -1   -1
  90    -6.976    -0.395     0.000  420   -1   -1   -1
  91    -6.961     5.107     0.000  141   -1   -1   -1
  92    -6.941    -2.717     0.000  536   -1   -1   -1
  93    -6.923     5.407     0.000  125   -1   -1   -1
  94    -6.915    -0.843     0.000  445   -1   -1   -1
  95    -6.899     2.893     0.000  252   -1   -1   -1
  96    -6.883    -1.227     0.000  464   -1   -1   -1
  97    -6.872    -6.494     0.000  737   -1   -1   -1
  98    -6.849     7.545     0.000   36   -1   -1   -1
  99    -6.807     1.302     0.000  332   -1   -1   -1
 100    -6.794    -5.477     0.000  674   -1   -1   -1
 101    -6.767     2.405     0.000  280   -1   -1   -1
 102    -6.744    -0.894     0.000  450   -1   -1   -1
 103    -6.741     7.612     0.000   31   -1   -1   -1
 104    -6.716     4.283     0.000  191   -1   -1   -1
 105    -6.714    -3.062     0.000  549   -1   -1   -1
 106    -6.694     1.662     0.000  317   -1   -1   -1
 107    -6.693     1.347     0.000  329   -1   -1   -1
 108    -6.642     2.366     0.000  282   -1   -1   -1
 109    -6.640     3.532     0.000  225   -1   -1   -1
 110    -6.613     5.763     0.000  112   -1   -1   -1
 111    -6.599    -4.384     0.000  612   -1   -1   -1
 112    -6.593     6.969     0.000   62   -1   -1   -1
 113    -6.550    -6.400     0.000  731   -1   -1   -1
 114    -6.518     7.608     0.000   32   -1   -1   -1
 115    -6.509     3.048     0.000  246   -1   -1   -1
 116    -6.506    -6.285     0.000  727   -1   -1   -1
 117    -6.496    -4.809     0.000  638   -1   -1   -1
 118    -6.444     0.130     0.000  392   -1   -1   -1
 119    -6.399    -3.586     0.000  574   -1   -1   -1
 120    -6.377     4.863     0.000  154   -1   -1   -1
 121    -6.357    -0.503     0.000  428   -1   -1   -1
 122    -6.312    -7.928     0.000  813   -1   -1   -1
 123    -6.306     0.091     0.000  395   -1   -1   -1
 124    -6.291    -5.035     0.000  647   -1   -1   -1
 125    -6.283    -5.885     0.000  696   -1   -1   -1
 126    -6.271    -1.684     0.000  490   -1   -1   -1
 127    -6.249     0.983     0.000  344   -1   -1   -1
 128    -6.209     2.492     0.000  276   -1   -1   -1
 129    -6.182     4.866     0.000  153   -1   -1   -1
 130    -6.176    -5.304     0.000  661   -1   -1   -1
 131    -6.164     3.360     0.000  232   -1   -1   -1
 132    -6.160     2.729     0.000  262   -1   -1   -1
 133    -6.126    -7.702     0.000  805   -1   -1   -1
 134    -6.116     7.345     0.000   41   -1   -1   -1
 135    -6.116     1.235     0.000  336   -1   -1   -1
 136    -6.084     6.270     0.000   93   -1   -1   -1
 137    -6.047     3.694     0.000  215   -1   -1   -1
 138    -6.023     7.837     0.000   23   -1   -1   -1
 139    -6.020    -6.497     0.000  738   -1   -1   -1
 140    -5.990    -7.839     0.000  808   -1   -1   -1
 141    -5.988    -7.368     0.000  785   -1   -1   -1
 142    -5.983    -0.471     0.000  426   -1   -1   -1
 143    -5.965     6.800     0.000   73   -1   -1   -1
 144    -5.962     3.071     0.000  244   -1   -1   -1
 145    -5.936    -7.407     0.000  789   -1   -1   -1
 146    -5.924    -6.387     0.000  730   -1   -1   -1
 147    -5.919     4.846     0.000  156   -1   -1   -1
 148    -5.895    -5.939     0.000  700   -1   -1   -1
 149    -5.895    -0.034     0.000  405   -1   -1   -1
 150    -5.880    -1.686     0.000  491   -1   -1   -1
 151    -5.852    -1.945     0.000  500   -1   -1   -1
 152    -5.848     0.608     0.000  368   -1   -1   -1
 153    -5.844    -7.395     0.000  787   -1   -1   -1
 154    -5.840     4.687     0.000  166   -1   -1   -1
 155    -5.753    -5.914     0.000  697   -1   -1   -1
 156    -5.751    -4.140     0.000  596   -1   -1   -1
 157    -5.714     7.403     0.000   39   -1   -1   -1
 158    -5.691     1.908     0.000  310   -1   -1   -1
 159    -5.678     5.738     0.000  114   -1   -1   -1
 160    -5.662     0.739     0.000  359   -1   -1   -1
 161    -5.655    -7.957     0.000  816   -1   -1   -1
 162    -5.649    -0.894     0.000  451   -1   -1   -1
 163    -5.646    -1.800     0.000  494   -1   -1   -1
 164    -5.608     7.229     0.000   49   -1   -1   -1
 165    -5.595     0.287     0.000  386   -1   -1   -1
 166    -5.575     6.024     0.000  103   -1   -1   -1
 167    -5.553    -5.011     0.000  644   -1   -1   -1
 168    -5.540     2.664     0.000  265   -1   -1   -1
 169    -5.524    -0.686     0.000  436   -1   -1   -1
 170    -5.479     4.784     0.000  160   -1   -1   -1
 171    -5.471    -7.482     0.000  794   -1   -1   -1
 172    -5.457     5.214     0.000  138   -1   -1   -1
 173    -5.405    -4.529     0.000  624   -1   -1   -1
 174    -5.388    -8.099     0.000  824   -1   -1   -1
 175    -5.385    -0.598     0.000  432   -1   -1   -1
 176    -5.327     3.800     0.000  211   -1   -1   -1
 177    -5.320    -1.416     0.000  476   -1   -1   -1
 178    -5.294    -3.094     0.000  554   -1   -1   -1
 179    -5.285     2.066     0.000  298   -1   -1   -1
 180    -5.254    -4.701     0.000  630   -1   -1   -1
 181    -5.243    -3.752     0.000  583   -1   -1   -1
 182    -5.197    -4.851     0.000  639   -1   -1   -1
 183    -5.183    -6.669     0.000  749   -1   -1   -1
 184    -5.168    -1.523     0.000  481   -1   -1   -1
 185    -5.145    -5.970     0.000  705   -1   -1   -1
 186    -5.145    -2.440     0.000  522   -1   -1   -1
 187    -5.127    -0.071     0.000  408   -1   -1   -1
 188    -5.120    -3.892     0.000  586   -1   -1   -1
 189    -5.079    -5.280     0.000  659   -1   -1   -1
 190    -5.077     7.270     0.000   44   -1   -1   -1
 191    -5.066    -0.004     0.000  403   -1   -1   -1
 192    -5.056     1.561     0.000  322   -1   -1   -1
 193    -5.048    -3.452     0.000  570   -1   -1   -1
 194    -5.041     0.534     0.000  372   -1   -1   -1
 195    -5.008     5.094     0.000  143   -1   -1   -1
 196    -5.001    -4.328     0.000  606   -1   -1   -1
 197    -4.989    -0.313     0.000  418   -1   -1   -1
 198    -4.968    -1.322     0.000  472   -1   -1   -1
 199    -4.957    -7.741     0.000  806   -1   -1   -1
 200    -4.947     3.723     0.000  214   -1   -1   -1
 201    -4.945     3.910     0.000  205   -1   -1   -1
 202    -4.934    -5.039     0.000  648   -1   -1   -1
 203    -4.927     8.376     0.000    1   -1   -1   -1
 204    -4.928     0.848     0.000  353   -1   -1   -1
 205    -4.915     8.220     0.000   10   -1   -1   -1
 206    -4.914    -1.406     0.000  475   -1   -1   -1
 207    -4.905     0.689     0.000  363   -1   -1   -1
 208    -4.900    -4.286     0.000  603   -1   -1   -1
 209    -4.865    -7.592     0.000  797   -1   -1   -1
 210    -4.864    -5.746     0.000  688   -1   -1   -1
 211    -4.845     1.646     0.000  318   -1   -1   -1
 212    -4.830     0.081     0.000  396   -1   -1   -1
 213    -4.806    -5.865     0.000  695   -1   -1   -1
 214    -4.794     3.799     0.000  212   -1   -1   -1
 215    -4.768    -5.034     0.000  646   -1   -1   -1
 216    -4.754    -7.974     0.000  818   -1   -1   -1
 217    -4.701    -6.771     0.000  755   -1   -1   -1
 218    -4.699     4.447     0.000  180   -1   -1   -1
 219    -4.689    -4.711     0.000  631   -1   -1   -1
 220    -4.684     5.786     0.000  111   -1   -1   -1
 221    -4.665    -2.173     0.000  512   -1   -1   -1
 222    -4.663     2.664     0.000  266   -1   -1   -1
 223    -4.626     3.380     0.000  231   -1   -1   -1
 224    -4.615    -0.348     0.000  419   -1   -1   -1
 225    -4.608     2.515     0.000  274   -1   -1   -1
 226    -4.594     3.587     0.000  221   -1   -1   -1
 227    -4.536     2.582     0.000  272   -1   -1   -1
 228    -4.511     0.629     0.000  366   -1   -1   -1
 229    -4.498     2.183     0.000  292   -1   -1   -1
 230    -4.483    -4.147     0.000  598   -1   -1   -1
 231    -4.466    -6.066     0.000  713   -1   -1   -1
 232    -4.464    -4.349     0.000  610   -1   -1   -1
 233    -4.432    -5.958     0.000  702   -1   -1   -1
 234    -4.428     0.875     0.000  351   -1   -1   -1
 235    -4.410    -4.453     0.000  620   -1   -1   -1
 236    -4.383     1.008     0.000  343   -1   -1   -1
 237    -4.372     0.696     0.000  362   -1   -1   -1
 238    -4.358     3.476     0.000  226   -1   -1   -1
 239    -4.343     7.391     0.000   40   -1   -1   -1
 240    -4.339    -4.478     0.000  622   -1   -1   -1
 241    -4.331    -6.409     0.000  732   -1   -1   -1
 242    -4.325    -8.232     0.000  833   -1   -1   -1
 243    -4.317     1.178     0.000  338   -1   -1   -1
 244    -4.317     0.658     0.000  365   -1   -1   -1
 245    -4.296     2.415     0.000  279   -1   -1   -1
 246    -4.249    -1.946     0.000  502   -1   -1   -1
 247    -4.232    -1.134     0.000  459   -1   -1   -1
 248    -4.174     7.669     0.000   28   -1   -1   -1
 249    -4.159    -2.453     0.000  523   -1   -1   -1
 250    -4.151    -0.443     0.000  424   -1   -1   -1
 251    -4.118     5.753     0.000  113   -1   -1   -1
 252    -4.116    -4.753     0.000  635   -1   -1   -1
 253    -4.096     2.094     0.000  296   -1   -1   -1
 254    -4.091    -8.121     0.000  826   -1   -1   -1
 255    -4.089     3.398     0.000  230   -1   -1   -1
 256    -4.078    -7.467     0.000  793   -1   -1   -1
 257    -4.077     1.672     0.000  316   -1   -1   -1
 258    -4.075     2.608     0.000  270   -1   -1   -1
 259    -4.052     5.642     0.000  117   -1   -1   -1
 260    -4.015    -4.743     0.000  633   -1   -1   -1
 261    -4.013     5.374     0.000  127   -1   -1   -1
 262    -3.992     3.295     0.000  236   -1   -1   -1
 263    -3.990    -2.010     0.000  504   -1   -1   -1
 264    -3.965    -2.776     0.000  539   -1   -1   -1
 265    -3.959    -7.204     0.000  779   -1   -1   -1
 266    -3.937    -6.093     0.000  717   -1   -1   -1
 267    -3.804     8.302     0.000    6   -1   -1   -1
 268    -3.799    -0.167     0.000  414   -1   -1   -1
 269    -3.789     2.206     0.000  291   -1   -1   -1
 270    -3.763    -6.160     0.000  720   -1   -1   -1
 271    -3.749    -7.268     0.000  782   -1   -1   -1
 272    -3.744    -1.215     0.000  463   -1   -1   -1
 273    -3.743    -4.574     0.000  626   -1   -1   -1
 274    -3.741    -3.613     0.000  576   -1   -1   -1
 275    -3.736    -4.317     0.000  604   -1   -1   -1
 276    -3.722     7.865     0.000   22   -1   -1   -1
 277    -3.695    -7.023     0.000  772   -1   -1   -1
 278    -3.647     0.935     0.000  349   -1   -1   -1
 279    -3.623     6.065     0.000  100   -1   -1   -1
 280    -3.585    -0.879     0.000  448   -1   -1   -1
 281    -3.568     7.944     0.000   20   -1   -1   -1
 282    -3.540     6.378     0.000   90   -1   -1   -1
 283    -3.527     8.228     0.000    9   -1   -1   -1
 284    -3.506     0.413     0.000  379   -1   -1   -1
 285    -3.503     1.191     0.000  337   -1   -1   -1
 286    -3.491     0.135     0.000  391   -1   -1   -1
 287    -3.420    -2.579     0.000  530   -1   -1   -1
 288    -3.417    -2.417     0.000  518   -1   -1   -1
 289    -3.407     0.146     0.000  390   -1   -1   -1
 290    -3.357     3.687     0.000  216   -1   -1   -1
 291    -3.324     5.457     0.000  124   -1   -1   -1
 292    -3.309     3.873     0.000  206   -1   -1   -1
 293    -3.276     0.590     0.000  370   -1   -1   -1
 294    -3.246     1.131     0.000  340   -1   -1   -1
 295    -3.237     2.790     0.000  259   -1   -1   -1
 296    -3.216     4.824     0.000  157   -1   -1   -1
 297    -3.180    -4.427     0.000  617   -1   -1   -1
 298    -3.120     2.747     0.000  261   -1   -1   -1
 299    -3.116    -3.224     0.000  560   -1   -1   -1
 300    -3.116    -1.643     0.000  488   -1   -1   -1
 301    -3.108     2.958     0.000  250   -1   -1   -1
 302    -3.082    -0.155     0.000  413   -1   -1   -1
 303    -3.069    -5.977     0.000  706   -1   -1   -1
 304    -3.061    -5.743     0.000  687   -1   -1   -1
 305    -3.060     8.031     0.000   16   -1   -1   -1
 306    -3.049     3.943     0.000  203   -1   -1   -1
 307    -3.044     3.616     0.000  219   -1   -1   -1
 308    -3.011    -5.596     0.000  680   -1   -1   -1
 309    -2.916    -6.090     0.000  716   -1   -1   -1
 310    -2.913     4.602     0.000  174   -1   -1   -1
 311    -2.880    -7.898     0.000  812   -1   -1   -1
 312    -2.868     8.139     0.000   13   -1   -1   -1
 313    -2.861     7.242     0.000   48   -1   -1   -1
 314    -2.776    -7.614     0.000  800   -1   -1   -1
 315    -2.708     5.879     0.000  106   -1   -1   -1
 316    -2.697     3.576     0.000  223   -1   -1   -1
 317    -2.690     6.799     0.000   74   -1   -1   -1
 318    -2.690    -4.217     0.000  599   -1   -1   -1
 319    -2.679    -5.834     0.000  693   -1   -1   -1
 320    -2.663    -5.535     0.000  678   -1   -1   -1
 321    -2.661     2.918     0.000  251   -1   -1   -1
 322    -2.614    -4.461     0.000  621   -1   -1   -1
 323    -2.612    -1.207     0.000  461   -1   -1   -1
 324    -2.603     8.370     0.000    2   -1   -1   -1
 325    -2.570    -2.315     0.000  517   -1   -1   -1
 326    -2.553     0.943     0.000  348   -1   -1   -1
 327    -2.549     6.833     0.000   72   -1   -1   -1
 328    -2.513    -7.114     0.000  774   -1   -1   -1
 329    -2.504    -3.404     0.000  568   -1   -1   -1
 330    -2.490     8.388     0.000    0   -1   -1   -1
 331    -2.461    -0.977     0.000  455   -1   -1   -1
 332    -2.447     0.503     0.000  374   -1   -1   -1
 333    -2.435    -5.959     0.000  703   -1   -1   -1
 334    -2.428    -0.404     0.000  421   -1   -1   -1
 335    -2.408    -2.549     0.000  528   -1   -1   -1
 336    -2.349    -6.967     0.000  768   -1   -1   -1
 337    -2.344    -0.653     0.000  435   -1   -1   -1
 338    -2.323     4.850     0.000  155   -1   -1   -1
 339    -2.319    -5.672     0.000  684   -1   -1   -1
 340    -2.284    -5.491     0.000  675   -1   -1   -1
 341    -2.254    -2.128     0.000  510   -1   -1   -1
 342    -2.222     1.255     0.000  335   -1   -1   -1
 343    -2.219     6.045     0.000  101   -1   -1   -1
 344    -2.186    -4.143     0.000  597   -1   -1   -1
 345    -2.184     5.458     0.000  123   -1   -1   -1
 346    -2.105    -3.875     0.000  585   -1   -1   -1
 347    -2.097    -1.421     0.000  477   -1   -1   -1
 348    -2.048     1.907     0.000  311   -1   -1   -1
 349    -2.022     7.095     0.000   56   -1   -1   -1
 350    -1.929    -4.431     0.000  618   -1   -1   -1
 351    -1.846     1.952     0.000  308   -1   -1   -1
 352    -1.838     3.734     0.000  213   -1   -1   -1
 353    -1.803     6.868     0.000   68   -1   -1   -1
 354    -1.777     7.032     0.000   59   -1   -1   -1
 355    -1.721    -2.704     0.000  534   -1   -1   -1
 356    -1.721     6.862     0.000   69   -1   -1   -1
 357    -1.708    -4.319     0.000  605   -1   -1   -1
 358    -1.682    -5.856     0.000  694   -1   -1   -1
 359    -1.675     4.662     0.000  169   -1   -1   -1
 360    -1.669     5.697     0.000  116   -1   -1   -1
 361    -1.660     4.098     0.000  196   -1   -1   -1
 362    -1.660     7.823     0.000   24   -1   -1   -1
 363    -1.645    -2.437     0.000  521   -1   -1   -1
 364    -1.626     7.307     0.000   42   -1   -1   -1
 365    -1.589     1.482     0.000  325   -1   -1   -1
 366    -1.554    -5.334     0.000  664   -1   -1   -1
 367    -1.488    -5.671     0.000  683   -1   -1   -1
 368    -1.414     4.886     0.000  152   -1   -1   -1
 369    -1.408    -1.581     0.000  485   -1   -1   -1
 370    -1.370    -8.222     0.000  832   -1   -1   -1
 371    -1.354     7.647     0.000   29   -1   -1   -1
 372    -1.284    -1.946     0.000  501   -1   -1   -1
 373    -1.256     3.155     0.000  242   -1   -1   -1
 374    -1.134     3.466     0.000  227   -1   -1   -1
 375    -1.093    -2.240     0.000  515   -1   -1   -1
 376    -1.091     0.961     0.000  346   -1   -1   -1
 377    -1.077    -8.122     0.000  827   -1   -1   -1
 378    -1.040    -1.656     0.000  489   -1   -1   -1
 379    -1.036     4.185     0.000  193   -1   -1   -1
 380    -0.955     4.696     0.000  165   -1   -1   -1
 381    -0.913    -3.936     0.000  587   -1   -1   -1
 382    -0.870    -7.675     0.000  802   -1   -1   -1
 383    -0.860    -6.006     0.000  708   -1   -1   -1
 384    -0.738    -3.721     0.000  581   -1   -1   -1
 385    -0.731    -6.604     0.000  744   -1   -1   -1
 386    -0.702    -4.385     0.000  613   -1   -1   -1
 387    -0.679    -1.256     0.000  468   -1   -1   -1
 388    -0.615    -3.112     0.000  555   -1   -1   -1
 389    -0.608     3.976     0.000  201   -1   -1   -1
 390    -0.518    -6.802     0.000  757   -1   -1   -1
 391    -0.507    -2.972     0.000  545   -1   -1   -1
 392    -0.483    -5.931     0.000  699   -1   -1   -1
 393    -0.461    -3.286     0.000  563   -1   -1   -1
 394    -0.448    -5.335     0.000  665   -1   -1   -1
 395    -0.392    -0.782     0.000  444   -1   -1   -1
 396    -0.335    -1.344     0.000  473   -1   -1   -1
 397    -0.335    -2.280     0.000  516   -1   -1   -1
 398    -0.021     0.762     0.000  357   -1   -1   -1
 399     0.041    -4.752     0.000  634   -1   -1   -1
 400     0.063    -6.763     0.000  754   -1   -1   -1
 401     0.096    -7.151     0.000  777   -1   -1   -1
 402     0.212    -4.372     0.000  611   -1   -1   -1
 403     0.238     5.582     0.000  122   -1   -1   -1
 404     0.304    -1.833     0.000  496   -1   -1   -1
 405     0.338    -0.057     0.000  407   -1   -1   -1
 406     0.364    -4.413     0.000  616   -1   -1   -1
 407     0.381     6.958     0.000   65   -1   -1   -1
 408     0.387     2.797     0.000  258   -1   -1   -1
 409     0.403     2.438     0.000  278   -1   -1   -1
 410     0.484     0.304     0.000  385   -1   -1   -1
 411     0.486     3.321     0.000  233   -1   -1   -1
 412     0.521    -4.031     0.000  592   -1   -1   -1
 413     0.630     4.519     0.000  177   -1   -1   -1
 414     0.637     0.069     0.000  397   -1   -1   -1
 415     0.656    -3.361     0.000  567   -1   -1   -1
 416     0.694    -5.508     0.000  676   -1   -1   -1
 417     0.706     6.994     0.000   61   -1   -1   -1
 418     0.790    -3.245     0.000  561   -1   -1   -1
 419     0.812    -0.125     0.000  411   -1   -1   -1
 420     0.880    -0.762     0.000  441   -1   -1   -1
 421     0.893     4.296     0.000  190   -1   -1   -1
 422     0.935    -3.329     0.000  566   -1   -1   -1
 423     0.941    -1.299     0.000  469   -1   -1   -1
 424     0.970     6.962     0.000   64   -1   -1   -1
 425     0.985    -6.564     0.000  743   -1   -1   -1
 426     1.000    -2.095     0.000  507   -1   -1   -1
 427     1.015     0.952     0.000  347   -1   -1   -1
 428     1.047     0.515     0.000  373   -1   -1   -1
 429     1.064    -6.796     0.000  756   -1   -1   -1
 430     1.156     0.272     0.000  387   -1   -1   -1
 431     1.159    -6.810     0.000  759   -1   -1   -1
 432     1.160    -4.005     0.000  590   -1   -1   -1
 433     1.243     2.328     0.000  285   -1   -1   -1
 434     1.255    -3.086     0.000  551   -1   -1   -1
 435     1.273    -1.248     0.000  466   -1   -1   -1
 436     1.277    -6.968     0.000  769   -1   -1   -1
 437     1.302    -4.780     0.000  636   -1   -1   -1
 438     1.377     0.897     0.000  350   -1   -1   -1
 439     1.389    -3.718     0.000  580   -1   -1   -1
 440     1.391    -2.681     0.000  533   -1   -1   -1
 441     1.432    -3.643     0.000  577   -1   -1   -1
 442     1.435    -7.561     0.000  795   -1   -1   -1
 443     1.511     5.264     0.000  132   -1   -1   -1
 444     1.531     3.440     0.000  228   -1   -1   -1
 445     1.551    -5.563     0.000  679   -1   -1   -1
 446     1.578    -3.090     0.000  552   -1   -1   -1
 447     1.592     6.403     0.000   89   -1   -1   -1
 448     1.594     2.115     0.000  295   -1   -1   -1
 449     1.613    -7.894     0.000  811   -1   -1   -1
 450     1.618    -3.595     0.000  575   -1   -1   -1
 451     1.672     0.344     0.000  382   -1   -1   -1
 452     1.769     0.982     0.000  345   -1   -1   -1
 453     1.770    -6.515     0.000  740   -1   -1   -1
 454     1.772    -4.081     0.000  594   -1   -1   -1
 455     1.791    -2.747     0.000  537   -1   -1   -1
 456     1.829     7.573     0.000   34   -1   -1   -1
 457     1.836     5.138     0.000  140   -1   -1   -1
 458     1.839    -4.731     0.000  632   -1   -1   -1
 459     1.849    -6.879     0.000  762   -1   -1   -1
 460     1.862     0.415     0.000  378   -1   -1   -1
 461     1.868    -0.774     0.000  442   -1   -1   -1
 462     1.874    -6.665     0.000  748   -1   -1   -1
 463     1.888    -4.029     0.000  591   -1   -1   -1
 464     1.901    -3.680     0.000  579   -1   -1   -1
 465     1.923     3.151     0.000  243   -1   -1   -1
 466     1.935     1.061     0.000  341   -1   -1   -1
 467     1.956    -2.232     0.000  514   -1   -1   -1
 468     1.968     5.825     0.000  109   -1   -1   -1
 469     1.978     0.054     0.000  399   -1   -1   -1
 470     1.996    -1.532     0.000  482   -1   -1   -1
 471     2.099    -1.208     0.000  462   -1   -1   -1
 472     2.111     4.113     0.000  194   -1   -1   -1
 473     2.119    -4.643     0.000  627   -1   -1   -1
 474     2.126     1.274     0.000  333   -1   -1   -1
 475     2.126    -3.735     0.000  582   -1   -1   -1
 476     2.127     7.243     0.000   47   -1   -1   -1
 477     2.129     6.413     0.000   88   -1   -1   -1
 478     2.139    -8.122     0.000  828   -1   -1   -1
 479     2.171    -0.194     0.000  417   -1   -1   -1
 480     2.171     4.494     0.000  178   -1   -1   -1
 481     2.172    -6.554     0.000  742   -1   -1   -1
 482     2.196     6.172     0.000   95   -1   -1   -1
 483     2.205     0.425     0.000  377   -1   -1   -1
 484     2.212    -1.460     0.000  480   -1   -1   -1
 485     2.222    -0.427     0.000  422   -1   -1   -1
 486     2.250     5.828     0.000  108   -1   -1   -1
 487     2.271    -6.745     0.000  751   -1   -1   -1
 488     2.288    -3.127     0.000  556   -1   -1   -1
 489     2.297     6.495     0.000   84   -1   -1   -1
 490     2.306     4.305     0.000  189   -1   -1   -1
 491     2.307    -0.980     0.000  456   -1   -1   -1
 492     2.323    -7.450     0.000  792   -1   -1   -1
 493     2.335    -2.996     0.000  547   -1   -1   -1
 494     2.346     5.259     0.000  133   -1   -1   -1
 495     2.355     0.743     0.000  358   -1   -1   -1
 496     2.360     8.334     0.000    3   -1   -1   -1
 497     2.369     5.142     0.000  139   -1   -1   -1
 498     2.380    -8.173     0.000  830   -1   -1   -1
 499     2.391     5.936     0.000  105   -1   -1   -1
 500     2.391     4.357     0.000  186   -1   -1   -1
 501     2.393    -3.563     0.000  573   -1   -1   -1
 502     2.404    -3.668     0.000  578   -1   -1   -1
 503     2.463    -3.193     0.000  558   -1   -1   -1
 504     2.504     5.348     0.000  128   -1   -1   -1
 505     2.504     4.369     0.000  184   -1   -1   -1
 506     2.531    -1.230     0.000  465   -1   -1   -1
 507     2.533     0.859     0.000  352   -1   -1   -1
 508     2.553     3.948     0.000  202   -1   -1   -1
 509     2.598    -3.197     0.000  559   -1   -1   -1
 510     2.624    -5.097     0.000  650   -1   -1   -1
 511     2.639     2.361     0.000  283   -1   -1   -1
 512     2.664     7.554     0.000   35   -1   -1   -1
 513     2.685    -6.459     0.000  735   -1   -1   -1
 514     2.696     5.709     0.000  115   -1   -1   -1
 515     2.766     2.537     0.000  273   -1   -1   -1
 516     2.795    -6.080     0.000  715   -1   -1   -1
 517     2.814    -6.608     0.000  745   -1   -1   -1
 518     2.823     7.953     0.000   19   -1   -1   -1
 519     2.869     0.020     0.000  401   -1   -1   -1
 520     2.875     6.372     0.000   92   -1   -1   -1
 521     2.877     0.703     0.000  361   -1   -1   -1
 522     2.918     4.946     0.000  149   -1   -1   -1
 523     2.924    -1.594     0.000  487   -1   -1   -1
 524     2.959     7.146     0.000   53   -1   -1   -1
 525     3.015    -5.957     0.000  701   -1   -1   -1
 526     3.022    -5.160     0.000  655   -1   -1   -1
 527     3.028     2.724     0.000  263   -1   -1   -1
 528     3.058     0.624     0.000  367   -1   -1   -1
 529     3.081     5.588     0.000  121   -1   -1   -1
 530     3.089    -2.513     0.000  526   -1   -1   -1
 531     3.092    -3.459     0.000  571   -1   -1   -1
 532     3.098     2.660     0.000  267   -1   -1   -1
 533     3.123     6.163     0.000   96   -1   -1   -1
 534     3.144    -6.913     0.000  765   -1   -1   -1
 535     3.150     2.826     0.000  256   -1   -1   -1
 536     3.157    -1.913     0.000  499   -1   -1   -1
 537     3.159    -8.293     0.000  837   -1   -1   -1
 538     3.169    -7.136     0.000  776   -1   -1   -1
 539     3.195     6.089     0.000   98   -1   -1   -1
 540     3.204     5.626     0.000  119   -1   -1   -1
 541     3.212     8.236     0.000    8   -1   -1   -1
 542     3.297    -1.304     0.000  470   -1   -1   -1
 543     3.300    -7.181     0.000  778   -1   -1   -1
 544     3.328    -5.603     0.000  681   -1   -1   -1
 545     3.393     2.963     0.000  249   -1   -1   -1
 546     3.412     6.647     0.000   77   -1   -1   -1
 547     3.443    -5.377     0.000  666   -1   -1   -1
 548     3.451     2.828     0.000  255   -1   -1   -1
 549     3.471    -2.069     0.000  506   -1   -1   -1
 550     3.482     1.335     0.000  331   -1   -1   -1
 551     3.504     5.878     0.000  107   -1   -1   -1
 552     3.511    -4.510     0.000  623   -1   -1   -1
 553     3.565    -3.278     0.000  562   -1   -1   -1
 554     3.570    -0.890     0.000  449   -1   -1   -1
 555     3.575    -6.967     0.000  767   -1   -1   -1
 556     3.578    -2.836     0.000  540   -1   -1   -1
 557     3.578    -0.465     0.000  425   -1   -1   -1
 558     3.602    -6.022     0.000  709   -1   -1   -1
 559     3.610     5.303     0.000  129   -1   -1   -1
 560     3.630    -5.469     0.000  673   -1   -1   -1
 561     3.637    -0.045     0.000  406   -1   -1   -1
 562     3.662    -7.050     0.000  773   -1   -1   -1
 563     3.665     5.034     0.000  145   -1   -1   -1
 564     3.669     2.130     0.000  293   -1   -1   -1
 565     3.680     7.897     0.000   21   -1   -1   -1
 566     3.718    -5.924     0.000  698   -1   -1   -1
 567     3.730     2.597     0.000  271   -1   -1   -1
 568     3.732     4.044     0.000  199   -1   -1   -1
 569     3.745    -2.556     0.000  529   -1   -1   -1
 570     3.776     7.709     0.000   27   -1   -1   -1
 571     3.789    -6.980     0.000  770   -1   -1   -1
 572     3.793    -7.697     0.000  804   -1   -1   -1
 573     3.801    -0.565     0.000  429   -1   -1   -1
 574     3.809     0.848     0.000  354   -1   -1   -1
 575     3.809    -2.110     0.000  509   -1   -1   -1
 576     3.820    -1.814     0.000  495   -1   -1   -1
 577     3.839    -2.226     0.000  513   -1   -1   -1
 578     3.845    -5.771     0.000  689   -1   -1   -1
 579     3.870     4.927     0.000  150   -1   -1   -1
 580     3.876     0.391     0.000  381   -1   -1   -1
 581     3.881     5.254     0.000  134   -1   -1   -1
 582     3.890    -7.264     0.000  781   -1   -1   -1
 583     3.898    -6.076     0.000  714   -1   -1   -1
 584     3.908    -7.400     0.000  788   -1   -1   -1
 585     3.929    -1.254     0.000  467   -1   -1   -1
 586     3.930    -0.640     0.000  433   -1   -1   -1
 587     3.963    -7.681     0.000  803   -1   -1   -1
 588     3.972    -4.138     0.000  595   -1   -1   -1
 589     3.976    -7.962     0.000  817   -1   -1   -1
 590     4.008    -7.447     0.000  791   -1   -1   -1
 591     4.012     4.109     0.000  195   -1   -1   -1
 592     4.015     2.893     0.000  253   -1   -1   -1
 593     4.017    -2.504     0.000  525   -1   -1   -1
 594     4.027    -8.050     0.000  822   -1   -1   -1
 595     4.029     8.102     0.000   14   -1   -1   -1
 596     4.058     3.052     0.000  245   -1   -1   -1
 597     4.078    -5.467     0.000  672   -1   -1   -1
 598     4.087     4.912     0.000  151   -1   -1   -1
 599     4.107     0.706     0.000  360   -1   -1   -1
 600     4.190    -6.870     0.000  761   -1   -1   -1
 601     4.222    -0.967     0.000  453   -1   -1   -1
 602     4.242    -8.337     0.000  840   -1   -1   -1
 603     4.279     4.706     0.000  164   -1   -1   -1
 604     4.285     2.244     0.000  289   -1   -1   -1
 605     4.290    -4.339     0.000  608   -1   -1   -1
 606     4.328     8.333     0.000    4   -1   -1   -1
 607     4.354    -1.999     0.000  503   -1   -1   -1
 608     4.400    -5.706     0.000  685   -1   -1   -1
 609     4.415    -2.107     0.000  508   -1   -1   -1
 610     4.425     4.657     0.000  170   -1   -1   -1
 611     4.433    -1.708     0.000  492   -1   -1   -1
 612     4.439     7.797     0.000   25   -1   -1   -1
 613     4.467     4.633     0.000  172   -1   -1   -1
 614     4.469     2.979     0.000  248   -1   -1   -1
 615     4.488     8.013     0.000   17   -1   -1   -1
 616     4.517    -0.853     0.000  446   -1   -1   -1
 617     4.530     6.372     0.000   91   -1   -1   -1
 618     4.532     0.047     0.000  400   -1   -1   -1
 619     4.537     4.815     0.000  158   -1   -1   -1
 620     4.555    -8.305     0.000  839   -1   -1   -1
 621     4.575    -4.866     0.000  640   -1   -1   -1
 622     4.603     2.638     0.000  268   -1   -1   -1
 623     4.604     6.425     0.000   87   -1   -1   -1
 624     4.638     0.061     0.000  398   -1   -1   -1
 625     4.643     3.300     0.000  234   -1   -1   -1
 626     4.667     1.881     0.000  312   -1   -1   -1
 627     4.667    -1.435     0.000  478   -1   -1   -1
 628     4.669    -6.425     0.000  734   -1   -1   -1
 629     4.673     2.803     0.000  257   -1   -1   -1
 630     4.678     0.602     0.000  369   -1   -1   -1
 631     4.713     0.768     0.000  356   -1   -1   -1
 632     4.732    -3.293     0.000  564   -1   -1   -1
 633     4.736    -5.165     0.000  656   -1   -1   -1
 634     4.738    -7.009     0.000  771   -1   -1   -1
 635     4.745     1.150     0.000  339   -1   -1   -1
 636     4.752    -7.129     0.000  775   -1   -1   -1
 637     4.788     8.326     0.000    5   -1   -1   -1
 638     4.792     3.019     0.000  247   -1   -1   -1
 639     4.810    -8.239     0.000  834   -1   -1   -1
 640     4.917     0.335     0.000  383   -1   -1   -1
 641     4.917    -2.711     0.000  535   -1   -1   -1
 642     4.944     5.103     0.000  142   -1   -1   -1
 643     4.948     3.576     0.000  222   -1   -1   -1
 644     4.959     5.224     0.000  136   -1   -1   -1
 645     4.997     0.308     0.000  384   -1   -1   -1
 646     4.999    -4.451     0.000  619   -1   -1   -1
 647     5.013     1.478     0.000  326   -1   -1   -1
 648     5.025    -5.191     0.000  658   -1   -1   -1
 649     5.056     8.087     0.000   15   -1   -1   -1
 650     5.063    -8.353     0.000  841   -1   -1   -1
 651     5.064    -4.271     0.000  602   -1   -1   -1
 652     5.076     4.663     0.000  168   -1   -1   -1
 653     5.094    -5.741     0.000  686   -1   -1   -1
 654     5.095    -3.956     0.000  588   -1   -1   -1
 655     5.103     7.198     0.000   50   -1   -1   -1
 656     5.111     6.918     0.000   66   -1   -1   -1
 657     5.113     1.996     0.000  303   -1   -1   -1
 658     5.132    -2.679     0.000  532   -1   -1   -1
 659     5.164    -5.810     0.000  692   -1   -1   -1
 660     5.164    -7.595     0.000  799   -1   -1   -1
 661     5.223     6.838     0.000   71   -1   -1   -1
 662     5.225     6.425     0.000   86   -1   -1   -1
 663     5.267     1.558     0.000  323   -1   -1   -1
 664     5.302     7.084     0.000   57   -1   -1   -1
 665     5.305    -3.092     0.000  553   -1   -1   -1
 666     5.325     2.383     0.000  281   -1   -1   -1
 667     5.393     5.809     0.000  110   -1   -1   -1
 668     5.411    -7.848     0.000  810   -1   -1   -1
 669     5.431     2.777     0.000  260   -1   -1   -1
 670     5.439    -2.937     0.000  543   -1   -1   -1
 671     5.445    -7.594     0.000  798   -1   -1   -1
 672     5.459     1.981     0.000  304   -1   -1   -1
 673     5.484     1.364     0.000  327   -1   -1   -1
 674     5.483     6.039     0.000  102   -1   -1   -1
 675     5.552     2.035     0.000  302   -1   -1   -1
 676     5.570     4.472     0.000  179   -1   -1   -1
 677     5.595    -5.049     0.000  649   -1   -1   -1
 678     5.605    -8.111     0.000  825   -1   -1   -1
 679     5.638     6.968     0.000   63   -1   -1   -1
 680     5.669     3.920     0.000  204   -1   -1   -1
 681     5.669    -6.680     0.000  750   -1   -1   -1
 682     5.683    -0.645     0.000  434   -1   -1   -1
 683     5.709    -3.188     0.000  557   -1   -1   -1
 684     5.759     4.594     0.000  175   -1   -1   -1
 685     5.764    -5.464     0.000  671   -1   -1   -1
 686     5.776    -5.793     0.000  691   -1   -1   -1
 687     5.777    -8.069     0.000  823   -1   -1   -1
 688     5.823    -2.459     0.000  524   -1   -1   -1
 689     5.828     1.755     0.000  313   -1   -1   -1
 690     5.840    -0.991     0.000  457   -1   -1   -1
 691     5.887    -3.465     0.000  572   -1   -1   -1
 692     5.892     1.975     0.000  305   -1   -1   -1
 693     5.896    -0.753     0.000  440   -1   -1   -1
 694     5.905     5.058     0.000  144   -1   -1   -1
 695     5.918    -7.975     0.000  819   -1   -1   -1
 696     5.961    -7.366     0.000  784   -1   -1   -1
 697     5.983    -6.381     0.000  729   -1   -1   -1
 698     5.991     2.716     0.000  264   -1   -1   -1
 699     6.000    -6.483     0.000  736   -1   -1   -1
 700     6.025     0.220     0.000  388   -1   -1   -1
 701     6.028    -5.294     0.000  660   -1   -1   -1
 702     6.039    -4.334     0.000  607   -1   -1   -1
 703     6.053    -0.480     0.000  427   -1   -1   -1
 704     6.057     4.639     0.000  171   -1   -1   -1
 705     6.059    -1.727     0.000  493   -1   -1   -1
 706     6.064    -3.065     0.000  550   -1   -1   -1
 707     6.087    -6.145     0.000  719   -1   -1   -1
 708     6.155     1.693     0.000  315   -1   -1   -1
 709     6.168     6.539     0.000   82   -1   -1   -1
 710     6.185    -4.340     0.000  609   -1   -1   -1
 711     6.203     3.857     0.000  208   -1   -1   -1
 712     6.213    -4.222     0.000  600   -1   -1   -1
 713     6.216     3.187     0.000  239   -1   -1   -1
 714     6.224    -1.563     0.000  484   -1   -1   -1
 715     6.280     7.267     0.000   45   -1   -1   -1
 716     6.310    -2.136     0.000  511   -1   -1   -1
 717     6.316    -2.947     0.000  544   -1   -1   -1
 718     6.327    -6.502     0.000  739   -1   -1   -1
 719     6.351     1.949     0.000  309   -1   -1   -1
 720     6.383     2.359     0.000  284   -1   -1   -1
 721     6.384    -6.549     0.000  741   -1   -1   -1
 722     6.406     7.014     0.000   60   -1   -1   -1
 723     6.412    -4.271     0.000  601   -1   -1   -1
 724     6.417    -2.929     0.000  542   -1   -1   -1
 725     6.474    -1.378     0.000  474   -1   -1   -1
 726     6.483    -4.881     0.000  642   -1   -1   -1
 727     6.531     6.896     0.000   67   -1   -1   -1
 728     6.536    -2.068     0.000  505   -1   -1   -1
 729     6.538    -5.962     0.000  704   -1   -1   -1
 730     6.545    -5.323     0.000  662   -1   -1   -1
 731     6.558     4.665     0.000  167   -1   -1   -1
 732     6.570    -1.313     0.000  471   -1   -1   -1
 733     6.596     2.124     0.000  294   -1   -1   -1
 734     6.620    -0.583     0.000  431   -1   -1   -1
 735     6.629     2.869     0.000  254   -1   -1   -1
 736     6.633    -6.054     0.000  712   -1   -1   -1
 737     6.666    -5.138     0.000  653   -1   -1   -1
 738     6.678     5.641     0.000  118   -1   -1   -1
 739     6.683    -5.331     0.000  663   -1   -1   -1
 740     6.718     6.580     0.000   80   -1   -1   -1
 741     6.720     0.430     0.000  376   -1   -1   -1
 742     6.722    -6.220     0.000  723   -1   -1   -1
 743     6.731    -5.508     0.000  677   -1   -1   -1
 744     6.742     3.180     0.000  240   -1   -1   -1
 745     6.760    -1.888     0.000  497   -1   -1   -1
 746     6.763     3.297     0.000  235   -1   -1   -1
 747     6.767     2.052     0.000  300   -1   -1   -1
 748     6.797    -0.572     0.000  430   -1   -1   -1
 749     6.810    -6.052     0.000  711   -1   -1   -1
 750     6.820    -0.775     0.000  443   -1   -1   -1
 751     6.824    -7.667     0.000  801   -1   -1   -1
 752     6.857     5.221     0.000  137   -1   -1   -1
 753     6.895     3.620     0.000  218   -1   -1   -1
 754     6.896    -8.005     0.000  821   -1   -1   -1
 755     6.900    -0.115     0.000  410   -1   -1   -1
 756     6.922    -0.916     0.000  452   -1   -1   -1
 757     6.927    -4.931     0.000  643   -1   -1   -1
 758     6.931    -2.650     0.000  531   -1   -1   -1
 759     6.936    -0.079     0.000  409   -1   -1   -1
 760     6.936     6.175     0.000   94   -1   -1   -1
 761     6.964    -0.689     0.000  437   -1   -1   -1
 762     6.978     2.082     0.000  297   -1   -1   -1
 763     6.980     0.433     0.000  375   -1   -1   -1
 764     7.021     3.417     0.000  229   -1   -1   -1
 765     7.022     6.631     0.000   79   -1   -1   -1
 766     7.041    -6.609     0.000  746   -1   -1   -1
 767     7.046     2.042     0.000  301   -1   -1   -1
 768     7.046    -5.790     0.000  690   -1   -1   -1
 769     7.078    -4.037     0.000  593   -1   -1   -1
 770     7.093    -6.002     0.000  707   -1   -1   -1
 771     7.116     5.994     0.000  104   -1   -1   -1
 772     7.125    -8.301     0.000  838   -1   -1   -1
 773     7.143     7.543     0.000   37   -1   -1   -1
 774     7.170     6.525     0.000   83   -1   -1   -1
 775     7.182    -6.172     0.000  721   -1   -1   -1
 776     7.211     0.193     0.000  389   -1   -1   -1
 777     7.235    -3.980     0.000  589   -1   -1   -1
 778     7.260     4.986     0.000  146   -1   -1   -1
 779     7.266     4.369     0.000  185   -1   -1   -1
 780     7.277    -4.402     0.000  614   -1   -1   -1
 781     7.278    -6.757     0.000  753   -1   -1   -1
 782     7.279     1.618     0.000  320   -1   -1   -1
 783     7.290     6.743     0.000   75   -1   -1   -1
 784     7.304     4.311     0.000  188   -1   -1   -1
 785     7.314     5.626     0.000  120   -1   -1   -1
 786     7.327    -7.235     0.000  780   -1   -1   -1
 787     7.328    -0.155     0.000  412   -1   -1   -1
 788     7.368     3.544     0.000  224   -1   -1   -1
 789     7.403    -6.411     0.000  733   -1   -1   -1
 790     7.424     2.065     0.000  299   -1   -1   -1
 791     7.489     5.265     0.000  130   -1   -1   -1
 792     7.494     4.779     0.000  161   -1   -1   -1
 793     7.501     4.422     0.000  181   -1   -1   -1
 794     7.528     4.576     0.000  176   -1   -1   -1
 795     7.541    -2.908     0.000  541   -1   -1   -1
 796     7.569    -1.548     0.000  483   -1   -1   -1
 797     7.577     1.256     0.000  334   -1   -1   -1
 798     7.579    -8.388     0.000  842   -1   -1   -1
 799     7.602     4.755     0.000  162   -1   -1   -1
 800     7.618     1.745     0.000  314   -1   -1   -1
 801     7.639     2.274     0.000  288   -1   -1   -1
 802     7.679     4.091     0.000  197   -1   -1   -1
 803     7.704     7.739     0.000   26   -1   -1   -1
 804     7.743    -7.933     0.000  814   -1   -1   -1
 805     7.762     8.253     0.000    7   -1   -1   -1
 806     7.770    -2.992     0.000  546   -1   -1   -1
 807     7.794     0.125     0.000  393   -1   -1   -1
 808     7.800     1.625     0.000  319   -1   -1   -1
 809     7.838     6.731     0.000   76   -1   -1   -1
 810     7.839    -0.862     0.000  447   -1   -1   -1
 811     7.890    -5.153     0.000  654   -1   -1   -1
 812     7.918    -5.016     0.000  645   -1   -1   -1
 813     7.990     7.151     0.000   52   -1   -1   -1
 814     8.005    -0.438     0.000  423   -1   -1   -1
 815     8.018    -6.807     0.000  758   -1   -1   -1
 816     8.020    -1.200     0.000  460   -1   -1   -1
 817     8.021    -6.886     0.000  763   -1   -1   -1
 818     8.027     1.020     0.000  342   -1   -1   -1
 819     8.035    -5.649     0.000  682   -1   -1   -1
 820     8.071     4.383     0.000  183   -1   -1   -1
 821     8.094     3.155     0.000  241   -1   -1   -1
 822     8.133    -4.781     0.000  637   -1   -1   -1
 823     8.156     2.492     0.000  275   -1   -1   -1
 824     8.156    -4.544     0.000  625   -1   -1   -1
 825     8.181     4.608     0.000  173   -1   -1   -1
 826     8.182     3.232     0.000  238   -1   -1   -1
 827     8.218    -7.282     0.000  783   -1   -1   -1
 828     8.221     4.791     0.000  159   -1   -1   -1
 829     8.231    -6.333     0.000  728   -1   -1   -1
 830     8.245    -7.841     0.000  809   -1   -1   -1
 831     8.253     7.259     0.000   46   -1   -1   -1
 832     8.269    -3.407     0.000  569   -1   -1   -1
 833     8.275    -6.051     0.000  710   -1   -1   -1
 834     8.302    -1.901     0.000  498   -1   -1   -1
 835     8.317    -7.372     0.000  786   -1   -1   -1
 836     8.321     5.265     0.000  131   -1   -1   -1
 837     8.335     7.036     0.000   58   -1   -1   -1
 838     8.345    -4.407     0.000  615   -1   -1   -1
 839     8.345     1.336     0.000  330   -1   -1   -1
 840     8.358     8.189     0.000   12   -1   -1   -1
 841     8.368     7.574     0.000   33   -1   -1   -1
 842     8.389    -8.271     0.000  836   -1   -1   -1
 843     8.402     0.667     0.000  364   -1   -1   -1
 844     8.403    -0.167     0.000  415   -1   -1   -1
