859
   1    -8.419    -2.152     0.000  522   -1   -1   -1
   2    -8.406    -5.289     0.000  675   -1   -1   -1
   3    -8.381     7.549     0.000   42   -1   -1   -1
   4    -8.381    -0.888     0.000  458   -1   -1   -1
   5    -8.373    -6.861     0.000  770   -1   -1   -1
   6    -8.354    -8.130     0.000  841   -1   -1   -1
   7    -8.341    -3.288     0.000  570   -1   -1   -1
   8    -8.309    -4.609     0.000  641   -1   -1   -1
   9    -8.271     1.219     0.000  337   -1   -1   -1
  10    -8.259     0.554     0.000  367   -1   -1   -1
  11    -8.257     6.857     0.000   65   -1   -1   -1
  12    -8.245    -8.231     0.000  849   -1   -1   -1
  13    -8.211    -7.912     0.000  828   -1   -1   -1
  14    -8.185     1.577     0.000  319   -1   -1   -1
  15    -8.159     4.438     0.000  176   -1   -1   -1
  16    -8.154     1.526     0.000  323   -1   -1   -1
  17    -8.143    -3.023     0.000  559   -1   -1   -1
  18    -8.123     6.499     0.000   78   -1   -1   -1
  19    -8.090     2.631     0.000  259   -1   -1   -1
  20    -8.080    -2.488     0.000  534   -1   -1   -1
  21    -8.047     1.361     0.000  329   -1   -1   -1
  22    -8.038    -7.378     0.000  799   -1   -1   -1
  23    -8.019    -0.828     0.000  453   -1   -1   -1
  24    -8.015     2.247     0.000  278   -1   -1   -1
  25    -7.996    -6.221     0.000  733   -1   -1   -1
  26    -7.984     6.580     0.000   76   -1   -1   -1
  27    -7.945    -3.798     0.000  593   -1   -1   -1
  28    -7.934     5.675     0.000  105   -1   -1   -1
  29    -7.908    -6.950     0.000  778   -1   -1   -1
  30    -7.881    -0.942     0.000  461   -1   -1   -1
  31    -7.862     2.333     0.000  274   -1   -1   -1
  32    -7.861     0.831     0.000  354   -1   -1   -1
  33    -7.853    -8.427     0.000  857   -1   -1   -1
  34    -7.845    -0.168     0.000  412   -1   -1   -1
  35    -7.838    -6.088     0.000  721   -1   -1   -1
  36    -7.833     4.101     0.000  187   -1   -1   -1
  37    -7.812     3.878     0.000  199   -1   -1   -1
  38    -7.790    -6.135     0.000  724   -1   -1   -1
  39    -7.783    -4.816     0.000  652   -1   -1   -1
  40    -7.782     5.002     0.000  145   -1   -1   -1
  41    -7.772     2.499     0.000  268   -1   -1   -1
  42    -7.749    -6.225     0.000  734   -1   -1   -1
  43    -7.742    -2.734     0.000  544   -1   -1   -1
  44    -7.739    -6.699     0.000  763   -1   -1   -1
  45    -7.737    -5.109     0.000  664   -1   -1   -1
  46    -7.731     7.147     0.000   53   -1   -1   -1
  47    -7.729     1.987     0.000  299   -1   -1   -1
  48    -7.729     5.248     0.000  128   -1   -1   -1
  49    -7.720    -4.606     0.000  640   -1   -1   -1
  50    -7.680    -0.673     0.000  442   -1   -1   -1
  51    -7.659     6.657     0.000   71   -1   -1   -1
  52    -7.590     4.961     0.000  149   -1   -1   -1
  53    -7.579    -6.865     0.000  771   -1   -1   -1
  54    -7.520     8.241     0.000    9   -1   -1   -1
  55    -7.503     0.009     0.000  398   -1   -1   -1
  56    -7.496    -0.682     0.000  443   -1   -1   -1
  57    -7.493    -5.409     0.000  681   -1   -1   -1
  58    -7.464    -1.090     0.000  469   -1   -1   -1
  59    -7.460     8.000     0.000   19   -1   -1   -1
  60    -7.457     3.632     0.000  208   -1   -1   -1
  61    -7.386     3.994     0.000  192   -1   -1   -1
  62    -7.364    -1.423     0.000  488   -1   -1   -1
  63    -7.362     3.692     0.000  206   -1   -1   -1
  64    -7.345    -6.166     0.000  727   -1   -1   -1
  65    -7.326     2.321     0.000  275   -1   -1   -1
  66    -7.296    -5.054     0.000  662   -1   -1   -1
  67    -7.294    -5.375     0.000  678   -1   -1   -1
  68    -7.292     3.868     0.000  200   -1   -1   -1
  69    -7.283     5.408     0.000  120   -1   -1   -1
  70    -7.279    -8.356     0.000  853   -1   -1   -1
  71    -7.235    -7.935     0.000  829   -1   -1   -1
  72    -7.228     3.255     0.000  229   -1   -1   -1
  73    -7.224     6.148     0.000   87   -1   -1   -1
  74    -7.180    -8.093     0.000  839   -1   -1   -1
  75    -7.152    -7.714     0.000  814   -1   -1   -1
  76    -7.151     7.662     0.000   33   -1   -1   -1
  77    -7.135     6.095     0.000   89   -1   -1   -1
  78    -7.128     4.751     0.000  163   -1   -1   -1
  79    -7.127     4.054     0.000  189   -1   -1   -1
  80    -7.110     7.299     0.000   47   -1   -1   -1
  81    -7.094    -2.396     0.000  531   -1   -1   -1
  82    -7.087     7.465     0.000   43   -1   -1   -1
  83    -7.072     4.998     0.000  146   -1   -1   -1
  84    -7.018    -5.389     0.000  679   -1   -1   -1
  85    -6.996    -6.747     0.000  764   -1   -1   -1
  86    -6.992     1.970     0.000  300   -1   -1   -1
  87    -6.982    -6.558     0.000  751   -1   -1   -1
  88    -6.980     0.035     0.000  397   -1   -1   -1
  89    -6.963    -6.600     0.000  754   -1   -1   -1
  90    -6.953     4.345     0.000  181   -1   -1   -1
  91    -6.939    -2.386     0.000  530   -1   -1   -1
  92    -6.932     5.122     0.000  140   -1   -1   -1
  93    -6.914    -0.379     0.000  420   -1   -1   -1
  94    -6.896     3.380     0.000  223   -1   -1   -1
  95    -6.893    -2.678     0.000  542   -1   -1   -1
  96    -6.893     5.428     0.000  118   -1   -1   -1
  97    -6.874     2.907     0.000  248   -1   -1   -1
  98    -6.867    -6.424     0.000  740   -1   -1   -1
  99    -6.852    -0.821     0.000  452   -1   -1   -1
 100    -6.831    -7.462     0.000  801   -1   -1   -1
 101    -6.821    -1.202     0.000  476   -1   -1   -1
 102    -6.819     7.555     0.000   40   -1   -1   -1
 103    -6.764    -5.403     0.000  680   -1   -1   -1
 104    -6.764     1.310     0.000  333   -1   -1   -1
 105    -6.739     2.420     0.000  270   -1   -1   -1
 106    -6.711     7.613     0.000   37   -1   -1   -1
 107    -6.701     3.576     0.000  210   -1   -1   -1
 108    -6.652     1.674     0.000  312   -1   -1   -1
 109    -6.651     1.355     0.000  330   -1   -1   -1
 110    -6.617     3.556     0.000  213   -1   -1   -1
 111    -6.611     2.389     0.000  272   -1   -1   -1
 112    -6.575     5.782     0.000  101   -1   -1   -1
 113    -6.561     6.980     0.000   62   -1   -1   -1
 114    -6.542    -4.334     0.000  620   -1   -1   -1
 115    -6.504    -6.204     0.000  731   -1   -1   -1
 116    -6.485     7.620     0.000   36   -1   -1   -1
 117    -6.485    -1.387     0.000  486   -1   -1   -1
 118    -6.481     3.065     0.000  242   -1   -1   -1
 119    -6.444    -4.750     0.000  647   -1   -1   -1
 120    -6.390    -7.791     0.000  817   -1   -1   -1
 121    -6.388     0.141     0.000  388   -1   -1   -1
 122    -6.358    -3.560     0.000  587   -1   -1   -1
 123    -6.351     3.526     0.000  216   -1   -1   -1
 124    -6.349     4.892     0.000  153   -1   -1   -1
 125    -6.307     8.138     0.000   12   -1   -1   -1
 126    -6.294    -0.492     0.000  427   -1   -1   -1
 127    -6.274    -5.792     0.000  702   -1   -1   -1
 128    -6.237     0.098     0.000  391   -1   -1   -1
 129    -6.229    -8.205     0.000  846   -1   -1   -1
 130    -6.228     0.331     0.000  379   -1   -1   -1
 131    -6.195     0.984     0.000  350   -1   -1   -1
 132    -6.191    -1.641     0.000  502   -1   -1   -1
 133    -6.182     2.505     0.000  265   -1   -1   -1
 134    -6.149     4.887     0.000  154   -1   -1   -1
 135    -6.149     3.381     0.000  222   -1   -1   -1
 136    -6.137    -7.589     0.000  807   -1   -1   -1
 137    -6.135     2.739     0.000  255   -1   -1   -1
 138    -6.126    -5.220     0.000  669   -1   -1   -1
 139    -6.075     7.357     0.000   46   -1   -1   -1
 140    -6.075     1.242     0.000  335   -1   -1   -1
 141    -6.070    -7.099     0.000  783   -1   -1   -1
 142    -6.047     6.286     0.000   82   -1   -1   -1
 143    -6.035    -4.650     0.000  644   -1   -1   -1
 144    -6.028     3.719     0.000  205   -1   -1   -1
 145    -6.025    -1.073     0.000  467   -1   -1   -1
 146    -5.990     7.849     0.000   24   -1   -1   -1
 147    -5.959     2.491     0.000  269   -1   -1   -1
 148    -5.952    -7.620     0.000  810   -1   -1   -1
 149    -5.947     3.089     0.000  239   -1   -1   -1
 150    -5.932    -4.614     0.000  642   -1   -1   -1
 151    -5.927     6.815     0.000   68   -1   -1   -1
 152    -5.919    -6.845     0.000  768   -1   -1   -1
 153    -5.899    -0.467     0.000  425   -1   -1   -1
 154    -5.885     4.872     0.000  156   -1   -1   -1
 155    -5.851    -5.833     0.000  706   -1   -1   -1
 156    -5.828    -0.035     0.000  401   -1   -1   -1
 157    -5.806     4.713     0.000  165   -1   -1   -1
 158    -5.766    -1.637     0.000  501   -1   -1   -1
 159    -5.750    -5.772     0.000  701   -1   -1   -1
 160    -5.746    -1.864     0.000  511   -1   -1   -1
 161    -5.724    -4.568     0.000  637   -1   -1   -1
 162    -5.661     7.412     0.000   45   -1   -1   -1
 163    -5.656     1.911     0.000  304   -1   -1   -1
 164    -5.644    -4.131     0.000  604   -1   -1   -1
 165    -5.631     5.755     0.000  102   -1   -1   -1
 166    -5.615     0.739     0.000  356   -1   -1   -1
 167    -5.608    -7.839     0.000  818   -1   -1   -1
 168    -5.570     7.242     0.000   50   -1   -1   -1
 169    -5.555    -2.568     0.000  537   -1   -1   -1
 170    -5.539    -0.892     0.000  459   -1   -1   -1
 171    -5.531     6.043     0.000   93   -1   -1   -1
 172    -5.530     0.277     0.000  382   -1   -1   -1
 173    -5.527    -1.762     0.000  507   -1   -1   -1
 174    -5.521     2.673     0.000  257   -1   -1   -1
 175    -5.464    -3.109     0.000  564   -1   -1   -1
 176    -5.443    -4.893     0.000  656   -1   -1   -1
 177    -5.433    -6.406     0.000  739   -1   -1   -1
 178    -5.413    -0.692     0.000  444   -1   -1   -1
 179    -5.413    -1.258     0.000  477   -1   -1   -1
 180    -5.406     5.240     0.000  132   -1   -1   -1
 181    -5.322    -2.364     0.000  528   -1   -1   -1
 182    -5.320     3.839     0.000  201   -1   -1   -1
 183    -5.290    -0.618     0.000  436   -1   -1   -1
 184    -5.279    -4.523     0.000  633   -1   -1   -1
 185    -5.254     2.066     0.000  293   -1   -1   -1
 186    -5.247    -3.854     0.000  595   -1   -1   -1
 187    -5.244    -8.086     0.000  838   -1   -1   -1
 188    -5.215     0.685     0.000  358   -1   -1   -1
 189    -5.092     0.131     0.000  389   -1   -1   -1
 190    -5.078    -6.650     0.000  758   -1   -1   -1
 191    -5.075    -4.699     0.000  646   -1   -1   -1
 192    -5.072    -3.885     0.000  596   -1   -1   -1
 193    -5.026    -0.105     0.000  406   -1   -1   -1
 194    -5.011    -0.028     0.000  400   -1   -1   -1
 195    -5.009     1.558     0.000  320   -1   -1   -1
 196    -5.002    -4.957     0.000  659   -1   -1   -1
 197    -4.996     0.518     0.000  370   -1   -1   -1
 198    -4.966     3.982     0.000  193   -1   -1   -1
 199    -4.940    -5.707     0.000  694   -1   -1   -1
 200    -4.932    -3.306     0.000  572   -1   -1   -1
 201    -4.932     3.769     0.000  204   -1   -1   -1
 202    -4.932     5.126     0.000  139   -1   -1   -1
 203    -4.919    -0.353     0.000  419   -1   -1   -1
 204    -4.904    -4.274     0.000  614   -1   -1   -1
 205    -4.883    -8.154     0.000  844   -1   -1   -1
 206    -4.879     8.380     0.000    1   -1   -1   -1
 207    -4.875     1.594     0.000  318   -1   -1   -1
 208    -4.860     8.227     0.000   10   -1   -1   -1
 209    -4.858     0.813     0.000  355   -1   -1   -1
 210    -4.855     3.883     0.000  197   -1   -1   -1
 211    -4.828     0.654     0.000  359   -1   -1   -1
 212    -4.823    -1.369     0.000  484   -1   -1   -1
 213    -4.811     1.619     0.000  315   -1   -1   -1
 214    -4.808    -3.628     0.000  591   -1   -1   -1
 215    -4.801    -3.349     0.000  575   -1   -1   -1
 216    -4.776    -6.846     0.000  769   -1   -1   -1
 217    -4.776     0.050     0.000  395   -1   -1   -1
 218    -4.745    -3.334     0.000  573   -1   -1   -1
 219    -4.729     0.378     0.000  377   -1   -1   -1
 220    -4.713     3.570     0.000  211   -1   -1   -1
 221    -4.711    -4.409     0.000  629   -1   -1   -1
 222    -4.676     4.582     0.000  172   -1   -1   -1
 223    -4.653     2.640     0.000  258   -1   -1   -1
 224    -4.630     3.422     0.000  221   -1   -1   -1
 225    -4.626    -4.377     0.000  626   -1   -1   -1
 226    -4.613     5.789     0.000  100   -1   -1   -1
 227    -4.564    -4.401     0.000  628   -1   -1   -1
 228    -4.545     2.538     0.000  263   -1   -1   -1
 229    -4.529    -7.163     0.000  786   -1   -1   -1
 230    -4.507     2.161     0.000  282   -1   -1   -1
 231    -4.503    -2.526     0.000  535   -1   -1   -1
 232    -4.502    -5.269     0.000  671   -1   -1   -1
 233    -4.477    -5.137     0.000  666   -1   -1   -1
 234    -4.473     0.574     0.000  365   -1   -1   -1
 235    -4.451    -1.303     0.000  480   -1   -1   -1
 236    -4.445    -6.472     0.000  745   -1   -1   -1
 237    -4.433    -6.891     0.000  773   -1   -1   -1
 238    -4.422    -6.341     0.000  736   -1   -1   -1
 239    -4.405    -5.457     0.000  683   -1   -1   -1
 240    -4.354     3.539     0.000  214   -1   -1   -1
 241    -4.353    -1.465     0.000  492   -1   -1   -1
 242    -4.333    -4.792     0.000  650   -1   -1   -1
 243    -4.292     1.068     0.000  344   -1   -1   -1
 244    -4.264     1.014     0.000  346   -1   -1   -1
 245    -4.251    -0.799     0.000  450   -1   -1   -1
 246    -4.188     0.540     0.000  369   -1   -1   -1
 247    -4.158     3.285     0.000  228   -1   -1   -1
 248    -4.141    -1.777     0.000  508   -1   -1   -1
 249    -4.139    -0.588     0.000  433   -1   -1   -1
 250    -4.109     2.617     0.000  262   -1   -1   -1
 251    -4.085    -4.914     0.000  657   -1   -1   -1
 252    -4.077    -1.518     0.000  494   -1   -1   -1
 253    -4.061    -4.580     0.000  638   -1   -1   -1
 254    -4.037    -4.362     0.000  624   -1   -1   -1
 255    -4.014     1.527     0.000  322   -1   -1   -1
 256    -4.011    -1.679     0.000  504   -1   -1   -1
 257    -4.005     5.704     0.000  104   -1   -1   -1
 258    -3.989    -8.262     0.000  850   -1   -1   -1
 259    -3.984    -7.722     0.000  815   -1   -1   -1
 260    -3.964     3.929     0.000  196   -1   -1   -1
 261    -3.899     5.207     0.000  134   -1   -1   -1
 262    -3.884    -7.180     0.000  788   -1   -1   -1
 263    -3.864     2.906     0.000  249   -1   -1   -1
 264    -3.860     5.299     0.000  125   -1   -1   -1
 265    -3.851    -4.278     0.000  615   -1   -1   -1
 266    -3.805    -0.512     0.000  428   -1   -1   -1
 267    -3.743    -5.472     0.000  686   -1   -1   -1
 268    -3.738     7.466     0.000   44   -1   -1   -1
 269    -3.736     8.250     0.000    8   -1   -1   -1
 270    -3.733    -0.282     0.000  417   -1   -1   -1
 271    -3.728     4.873     0.000  155   -1   -1   -1
 272    -3.709    -0.647     0.000  438   -1   -1   -1
 273    -3.681     8.373     0.000    3   -1   -1   -1
 274    -3.626     7.805     0.000   27   -1   -1   -1
 275    -3.611     7.728     0.000   30   -1   -1   -1
 276    -3.608    -8.049     0.000  836   -1   -1   -1
 277    -3.599     7.766     0.000   28   -1   -1   -1
 278    -3.562    -1.556     0.000  496   -1   -1   -1
 279    -3.535    -0.326     0.000  418   -1   -1   -1
 280    -3.524     6.069     0.000   91   -1   -1   -1
 281    -3.505    -3.019     0.000  557   -1   -1   -1
 282    -3.489    -6.796     0.000  765   -1   -1   -1
 283    -3.454     0.598     0.000  362   -1   -1   -1
 284    -3.450     2.986     0.000  247   -1   -1   -1
 285    -3.448     0.255     0.000  383   -1   -1   -1
 286    -3.418     8.377     0.000    2   -1   -1   -1
 287    -3.413    -3.397     0.000  581   -1   -1   -1
 288    -3.412     6.363     0.000   81   -1   -1   -1
 289    -3.409    -1.665     0.000  503   -1   -1   -1
 290    -3.394     7.811     0.000   25   -1   -1   -1
 291    -3.390    -1.178     0.000  474   -1   -1   -1
 292    -3.352    -4.803     0.000  651   -1   -1   -1
 293    -3.333    -4.542     0.000  635   -1   -1   -1
 294    -3.319     2.303     0.000  276   -1   -1   -1
 295    -3.288     5.335     0.000  124   -1   -1   -1
 296    -3.288     5.441     0.000  117   -1   -1   -1
 297    -3.270    -0.018     0.000  399   -1   -1   -1
 298    -3.242     6.155     0.000   86   -1   -1   -1
 299    -3.209    -6.689     0.000  762   -1   -1   -1
 300    -3.207     5.842     0.000   96   -1   -1   -1
 301    -3.198     2.069     0.000  290   -1   -1   -1
 302    -3.165    -0.426     0.000  423   -1   -1   -1
 303    -3.057     7.898     0.000   22   -1   -1   -1
 304    -3.028     0.590     0.000  363   -1   -1   -1
 305    -2.983    -1.088     0.000  468   -1   -1   -1
 306    -2.982     3.061     0.000  243   -1   -1   -1
 307    -2.979    -1.392     0.000  487   -1   -1   -1
 308    -2.978     1.889     0.000  305   -1   -1   -1
 309    -2.976    -3.108     0.000  563   -1   -1   -1
 310    -2.931    -5.278     0.000  672   -1   -1   -1
 311    -2.902    -2.960     0.000  554   -1   -1   -1
 312    -2.896     1.234     0.000  336   -1   -1   -1
 313    -2.891    -0.860     0.000  456   -1   -1   -1
 314    -2.887    -7.193     0.000  791   -1   -1   -1
 315    -2.883    -1.316     0.000  482   -1   -1   -1
 316    -2.875    -7.911     0.000  827   -1   -1   -1
 317    -2.845     0.300     0.000  381   -1   -1   -1
 318    -2.811    -4.233     0.000  609   -1   -1   -1
 319    -2.779     4.192     0.000  183   -1   -1   -1
 320    -2.775     7.924     0.000   20   -1   -1   -1
 321    -2.763    -3.424     0.000  582   -1   -1   -1
 322    -2.761     8.382     0.000    0   -1   -1   -1
 323    -2.753     5.569     0.000  113   -1   -1   -1
 324    -2.750     8.039     0.000   16   -1   -1   -1
 325    -2.728    -4.890     0.000  655   -1   -1   -1
 326    -2.698    -7.118     0.000  784   -1   -1   -1
 327    -2.688     6.135     0.000   88   -1   -1   -1
 328    -2.686     6.635     0.000   73   -1   -1   -1
 329    -2.669    -5.698     0.000  693   -1   -1   -1
 330    -2.647     6.989     0.000   60   -1   -1   -1
 331    -2.644    -7.187     0.000  790   -1   -1   -1
 332    -2.641     3.229     0.000  231   -1   -1   -1
 333    -2.621     6.250     0.000   83   -1   -1   -1
 334    -2.617     1.174     0.000  338   -1   -1   -1
 335    -2.584    -1.474     0.000  493   -1   -1   -1
 336    -2.529    -6.950     0.000  777   -1   -1   -1
 337    -2.513     2.099     0.000  287   -1   -1   -1
 338    -2.493    -3.070     0.000  562   -1   -1   -1
 339    -2.487    -6.564     0.000  753   -1   -1   -1
 340    -2.445    -3.526     0.000  586   -1   -1   -1
 341    -2.246    -4.341     0.000  622   -1   -1   -1
 342    -2.207    -6.466     0.000  743   -1   -1   -1
 343    -2.202    -0.470     0.000  426   -1   -1   -1
 344    -2.194    -1.755     0.000  506   -1   -1   -1
 345    -2.163    -1.617     0.000  500   -1   -1   -1
 346    -2.146     7.554     0.000   41   -1   -1   -1
 347    -2.024    -6.377     0.000  738   -1   -1   -1
 348    -2.023     4.115     0.000  186   -1   -1   -1
 349    -2.011     5.587     0.000  112   -1   -1   -1
 350    -1.986    -2.964     0.000  555   -1   -1   -1
 351    -1.982     0.501     0.000  371   -1   -1   -1
 352    -1.982    -2.141     0.000  521   -1   -1   -1
 353    -1.973    -4.246     0.000  610   -1   -1   -1
 354    -1.966     3.792     0.000  203   -1   -1   -1
 355    -1.920     0.061     0.000  394   -1   -1   -1
 356    -1.919     5.424     0.000  119   -1   -1   -1
 357    -1.917    -1.975     0.000  515   -1   -1   -1
 358    -1.907    -2.376     0.000  529   -1   -1   -1
 359    -1.903    -5.986     0.000  714   -1   -1   -1
 360    -1.900     0.561     0.000  366   -1   -1   -1
 361    -1.882     0.615     0.000  361   -1   -1   -1
 362    -1.819     1.616     0.000  316   -1   -1   -1
 363    -1.714     2.022     0.000  296   -1   -1   -1
 364    -1.705     5.516     0.000  114   -1   -1   -1
 365    -1.695     5.192     0.000  135   -1   -1   -1
 366    -1.651     5.642     0.000  110   -1   -1   -1
 367    -1.647    -5.097     0.000  663   -1   -1   -1
 368    -1.636    -4.336     0.000  621   -1   -1   -1
 369    -1.631    -7.908     0.000  825   -1   -1   -1
 370    -1.606     3.531     0.000  215   -1   -1   -1
 371    -1.585    -6.920     0.000  774   -1   -1   -1
 372    -1.580    -0.270     0.000  416   -1   -1   -1
 373    -1.566     5.131     0.000  138   -1   -1   -1
 374    -1.487     5.515     0.000  116   -1   -1   -1
 375    -1.453    -4.304     0.000  616   -1   -1   -1
 376    -1.451    -1.435     0.000  489   -1   -1   -1
 377    -1.447     1.366     0.000  328   -1   -1   -1
 378    -1.427    -3.338     0.000  574   -1   -1   -1
 379    -1.355    -2.097     0.000  519   -1   -1   -1
 380    -1.352     1.526     0.000  324   -1   -1   -1
 381    -1.349     1.011     0.000  347   -1   -1   -1
 382    -1.227     0.900     0.000  353   -1   -1   -1
 383    -1.119    -6.993     0.000  780   -1   -1   -1
 384    -1.068    -1.579     0.000  497   -1   -1   -1
 385    -1.059    -2.853     0.000  547   -1   -1   -1
 386    -1.027    -3.261     0.000  569   -1   -1   -1
 387    -0.979     4.521     0.000  173   -1   -1   -1
 388    -0.920    -6.169     0.000  728   -1   -1   -1
 389    -0.920    -3.360     0.000  577   -1   -1   -1
 390    -0.714     5.652     0.000  108   -1   -1   -1
 391    -0.692     1.168     0.000  339   -1   -1   -1
 392    -0.679    -3.354     0.000  576   -1   -1   -1
 393    -0.663     4.979     0.000  147   -1   -1   -1
 394    -0.595    -5.503     0.000  688   -1   -1   -1
 395    -0.535    -5.615     0.000  690   -1   -1   -1
 396    -0.511    -3.370     0.000  578   -1   -1   -1
 397    -0.489    -7.323     0.000  797   -1   -1   -1
 398    -0.455     5.667     0.000  106   -1   -1   -1
 399    -0.430     0.334     0.000  378   -1   -1   -1
 400    -0.390     3.077     0.000  240   -1   -1   -1
 401    -0.249    -3.519     0.000  585   -1   -1   -1
 402    -0.206     4.369     0.000  179   -1   -1   -1
 403    -0.160    -1.310     0.000  481   -1   -1   -1
 404    -0.109    -4.520     0.000  632   -1   -1   -1
 405    -0.102     0.119     0.000  390   -1   -1   -1
 406    -0.089    -2.269     0.000  525   -1   -1   -1
 407    -0.078    -6.658     0.000  760   -1   -1   -1
 408    -0.019    -2.549     0.000  536   -1   -1   -1
 409    -0.019     1.948     0.000  302   -1   -1   -1
 410     0.064     5.874     0.000   95   -1   -1   -1
 411     0.205    -0.881     0.000  457   -1   -1   -1
 412     0.240    -7.195     0.000  792   -1   -1   -1
 413     0.402    -8.068     0.000  837   -1   -1   -1
 414     0.462    -2.191     0.000  523   -1   -1   -1
 415     0.592     3.805     0.000  202   -1   -1   -1
 416     0.606    -5.970     0.000  712   -1   -1   -1
 417     0.631     4.273     0.000  182   -1   -1   -1
 418     0.658    -6.838     0.000  766   -1   -1   -1
 419     0.698     6.935     0.000   63   -1   -1   -1
 420     0.725    -6.219     0.000  732   -1   -1   -1
 421     0.737     3.621     0.000  209   -1   -1   -1
 422     0.753     7.026     0.000   58   -1   -1   -1
 423     0.766    -4.318     0.000  617   -1   -1   -1
 424     0.833    -6.652     0.000  759   -1   -1   -1
 425     0.934     4.182     0.000  184   -1   -1   -1
 426     0.951     1.417     0.000  326   -1   -1   -1
 427     0.968     7.630     0.000   35   -1   -1   -1
 428     0.978     0.463     0.000  372   -1   -1   -1
 429     0.984     4.353     0.000  180   -1   -1   -1
 430     1.043    -6.542     0.000  750   -1   -1   -1
 431     1.072     6.615     0.000   74   -1   -1   -1
 432     1.129    -3.141     0.000  565   -1   -1   -1
 433     1.146    -5.806     0.000  704   -1   -1   -1
 434     1.234     1.005     0.000  348   -1   -1   -1
 435     1.237    -7.418     0.000  800   -1   -1   -1
 436     1.241     3.290     0.000  227   -1   -1   -1
 437     1.242     4.965     0.000  148   -1   -1   -1
 438     1.270     5.184     0.000  136   -1   -1   -1
 439     1.306     6.994     0.000   59   -1   -1   -1
 440     1.309     1.355     0.000  331   -1   -1   -1
 441     1.382    -3.942     0.000  598   -1   -1   -1
 442     1.385     3.526     0.000  217   -1   -1   -1
 443     1.390    -3.018     0.000  556   -1   -1   -1
 444     1.392    -2.793     0.000  545   -1   -1   -1
 445     1.423     2.124     0.000  284   -1   -1   -1
 446     1.443    -5.881     0.000  707   -1   -1   -1
 447     1.456    -6.883     0.000  772   -1   -1   -1
 448     1.460    -1.198     0.000  475   -1   -1   -1
 449     1.466    -7.908     0.000  826   -1   -1   -1
 450     1.489     2.505     0.000  266   -1   -1   -1
 451     1.497     1.826     0.000  307   -1   -1   -1
 452     1.524    -4.838     0.000  653   -1   -1   -1
 453     1.544    -4.142     0.000  605   -1   -1   -1
 454     1.589    -7.874     0.000  821   -1   -1   -1
 455     1.589    -6.980     0.000  779   -1   -1   -1
 456     1.592     5.736     0.000  103   -1   -1   -1
 457     1.633     2.501     0.000  267   -1   -1   -1
 458     1.641     4.708     0.000  166   -1   -1   -1
 459     1.645    -5.962     0.000  710   -1   -1   -1
 460     1.659    -0.651     0.000  439   -1   -1   -1
 461     1.667    -0.179     0.000  413   -1   -1   -1
 462     1.719     2.177     0.000  281   -1   -1   -1
 463     1.719    -6.449     0.000  741   -1   -1   -1
 464     1.740    -1.025     0.000  464   -1   -1   -1
 465     1.755    -5.709     0.000  695   -1   -1   -1
 466     1.765    -5.459     0.000  684   -1   -1   -1
 467     1.765     5.350     0.000  123   -1   -1   -1
 468     1.782     8.071     0.000   15   -1   -1   -1
 469     1.783    -2.328     0.000  527   -1   -1   -1
 470     1.786    -7.684     0.000  813   -1   -1   -1
 471     1.788    -7.125     0.000  785   -1   -1   -1
 472     1.792     6.839     0.000   67   -1   -1   -1
 473     1.816    -6.160     0.000  726   -1   -1   -1
 474     1.857    -7.044     0.000  781   -1   -1   -1
 475     1.887    -5.004     0.000  661   -1   -1   -1
 476     1.897    -0.413     0.000  421   -1   -1   -1
 477     1.925    -0.801     0.000  451   -1   -1   -1
 478     1.928    -3.587     0.000  590   -1   -1   -1
 479     1.937     3.499     0.000  218   -1   -1   -1
 480     1.958     0.455     0.000  373   -1   -1   -1
 481     1.969    -4.081     0.000  602   -1   -1   -1
 482     1.979     1.646     0.000  314   -1   -1   -1
 483     1.986    -6.098     0.000  722   -1   -1   -1
 484     2.025    -3.225     0.000  568   -1   -1   -1
 485     2.027    -7.568     0.000  805   -1   -1   -1
 486     2.039     5.588     0.000  111   -1   -1   -1
 487     2.057     5.136     0.000  137   -1   -1   -1
 488     2.066     0.044     0.000  396   -1   -1   -1
 489     2.070     7.107     0.000   54   -1   -1   -1
 490     2.090    -1.450     0.000  490   -1   -1   -1
 491     2.091     3.195     0.000  235   -1   -1   -1
 492     2.121    -3.503     0.000  584   -1   -1   -1
 493     2.133    -7.169     0.000  787   -1   -1   -1
 494     2.142     5.944     0.000   94   -1   -1   -1
 495     2.153    -0.546     0.000  430   -1   -1   -1
 496     2.211     4.953     0.000  150   -1   -1   -1
 497     2.216     0.994     0.000  349   -1   -1   -1
 498     2.217     1.943     0.000  303   -1   -1   -1
 499     2.240    -7.499     0.000  803   -1   -1   -1
 500     2.246     7.672     0.000   32   -1   -1   -1
 501     2.252     4.094     0.000  188   -1   -1   -1
 502     2.264    -0.153     0.000  410   -1   -1   -1
 503     2.266    -2.078     0.000  518   -1   -1   -1
 504     2.297     5.391     0.000  121   -1   -1   -1
 505     2.318    -5.639     0.000  691   -1   -1   -1
 506     2.356    -6.069     0.000  720   -1   -1   -1
 507     2.363    -0.044     0.000  402   -1   -1   -1
 508     2.400    -7.509     0.000  804   -1   -1   -1
 509     2.401     3.932     0.000  195   -1   -1   -1
 510     2.403     4.815     0.000  158   -1   -1   -1
 511     2.414     2.786     0.000  253   -1   -1   -1
 512     2.414     5.390     0.000  122   -1   -1   -1
 513     2.449    -4.248     0.000  611   -1   -1   -1
 514     2.464     0.384     0.000  376   -1   -1   -1
 515     2.500     3.348     0.000  224   -1   -1   -1
 516     2.551    -7.356     0.000  798   -1   -1   -1
 517     2.566    -0.187     0.000  414   -1   -1   -1
 518     2.571    -3.928     0.000  597   -1   -1   -1
 519     2.578    -4.552     0.000  636   -1   -1   -1
 520     2.590     3.460     0.000  219   -1   -1   -1
 521     2.601    -2.600     0.000  538   -1   -1   -1
 522     2.619    -3.844     0.000  594   -1   -1   -1
 523     2.672    -6.004     0.000  715   -1   -1   -1
 524     2.697    -6.563     0.000  752   -1   -1   -1
 525     2.705     1.157     0.000  340   -1   -1   -1
 526     2.741     2.101     0.000  286   -1   -1   -1
 527     2.758    -5.147     0.000  667   -1   -1   -1
 528     2.761     7.887     0.000   23   -1   -1   -1
 529     2.772     4.751     0.000  162   -1   -1   -1
 530     2.783     2.026     0.000  294   -1   -1   -1
 531     2.794    -0.160     0.000  411   -1   -1   -1
 532     2.799     7.636     0.000   34   -1   -1   -1
 533     2.856    -1.860     0.000  510   -1   -1   -1
 534     2.900     4.011     0.000  191   -1   -1   -1
 535     2.913    -1.053     0.000  466   -1   -1   -1
 536     2.914     1.963     0.000  301   -1   -1   -1
 537     2.914     5.809     0.000   99   -1   -1   -1
 538     2.963    -3.296     0.000  571   -1   -1   -1
 539     2.997    -1.615     0.000  499   -1   -1   -1
 540     3.041    -2.899     0.000  551   -1   -1   -1
 541     3.058    -4.533     0.000  634   -1   -1   -1
 542     3.067     2.851     0.000  252   -1   -1   -1
 543     3.096    -7.946     0.000  831   -1   -1   -1
 544     3.122     6.073     0.000   90   -1   -1   -1
 545     3.127    -5.285     0.000  674   -1   -1   -1
 546     3.139    -0.799     0.000  449   -1   -1   -1
 547     3.140    -1.323     0.000  483   -1   -1   -1
 548     3.141    -7.953     0.000  832   -1   -1   -1
 549     3.159     0.935     0.000  352   -1   -1   -1
 550     3.176     3.012     0.000  245   -1   -1   -1
 551     3.190     8.274     0.000    6   -1   -1   -1
 552     3.225    -1.026     0.000  465   -1   -1   -1
 553     3.261    -4.682     0.000  645   -1   -1   -1
 554     3.273    -8.413     0.000  855   -1   -1   -1
 555     3.292    -2.420     0.000  532   -1   -1   -1
 556     3.296    -5.931     0.000  708   -1   -1   -1
 557     3.306    -6.606     0.000  756   -1   -1   -1
 558     3.330    -7.481     0.000  802   -1   -1   -1
 559     3.372     6.642     0.000   72   -1   -1   -1
 560     3.394    -4.051     0.000  601   -1   -1   -1
 561     3.417     5.239     0.000  133   -1   -1   -1
 562     3.441     5.825     0.000   97   -1   -1   -1
 563     3.451     2.624     0.000  260   -1   -1   -1
 564     3.467    -5.748     0.000  698   -1   -1   -1
 565     3.472    -0.527     0.000  429   -1   -1   -1
 566     3.483    -6.499     0.000  747   -1   -1   -1
 567     3.546     5.020     0.000  143   -1   -1   -1
 568     3.550     1.087     0.000  342   -1   -1   -1
 569     3.561    -0.048     0.000  403   -1   -1   -1
 570     3.566    -2.005     0.000  516   -1   -1   -1
 571     3.571    -3.577     0.000  588   -1   -1   -1
 572     3.580    -2.611     0.000  539   -1   -1   -1
 573     3.586    -0.831     0.000  454   -1   -1   -1
 574     3.591    -1.143     0.000  471   -1   -1   -1
 575     3.595     4.054     0.000  190   -1   -1   -1
 576     3.608     0.186     0.000  386   -1   -1   -1
 577     3.612     3.196     0.000  234   -1   -1   -1
 578     3.651     7.902     0.000   21   -1   -1   -1
 579     3.659    -2.318     0.000  526   -1   -1   -1
 580     3.665    -7.608     0.000  808   -1   -1   -1
 581     3.671    -3.580     0.000  589   -1   -1   -1
 582     3.671     0.981     0.000  351   -1   -1   -1
 583     3.693    -0.613     0.000  434   -1   -1   -1
 584     3.696    -3.022     0.000  558   -1   -1   -1
 585     3.709    -2.873     0.000  548   -1   -1   -1
 586     3.710    -4.183     0.000  607   -1   -1   -1
 587     3.723    -5.743     0.000  697   -1   -1   -1
 588     3.735    -1.382     0.000  485   -1   -1   -1
 589     3.735     7.705     0.000   31   -1   -1   -1
 590     3.768     4.937     0.000  151   -1   -1   -1
 591     3.775    -7.649     0.000  811   -1   -1   -1
 592     3.784     5.246     0.000  130   -1   -1   -1
 593     3.811     1.773     0.000  309   -1   -1   -1
 594     3.825    -1.914     0.000  514   -1   -1   -1
 595     3.863     3.008     0.000  246   -1   -1   -1
 596     3.888     4.123     0.000  185   -1   -1   -1
 597     3.890    -0.110     0.000  407   -1   -1   -1
 598     3.913     3.135     0.000  238   -1   -1   -1
 599     3.929    -7.849     0.000  819   -1   -1   -1
 600     3.929    -7.984     0.000  833   -1   -1   -1
 601     3.939    -5.675     0.000  692   -1   -1   -1
 602     3.970    -0.715     0.000  446   -1   -1   -1
 603     3.983    -1.158     0.000  472   -1   -1   -1
 604     3.988     4.917     0.000  152   -1   -1   -1
 605     3.988     8.106     0.000   13   -1   -1   -1
 606     4.067    -1.130     0.000  470   -1   -1   -1
 607     4.068     0.585     0.000  364   -1   -1   -1
 608     4.068    -7.281     0.000  794   -1   -1   -1
 609     4.127    -6.172     0.000  729   -1   -1   -1
 610     4.136    -6.032     0.000  718   -1   -1   -1
 611     4.154    -4.597     0.000  639   -1   -1   -1
 612     4.157    -8.108     0.000  840   -1   -1   -1
 613     4.171    -5.964     0.000  711   -1   -1   -1
 614     4.172    -2.257     0.000  524   -1   -1   -1
 615     4.172    -4.256     0.000  613   -1   -1   -1
 616     4.187     2.185     0.000  280   -1   -1   -1
 617     4.197     4.731     0.000  164   -1   -1   -1
 618     4.207    -2.029     0.000  517   -1   -1   -1
 619     4.210    -6.688     0.000  761   -1   -1   -1
 620     4.212    -8.433     0.000  858   -1   -1   -1
 621     4.216    -7.907     0.000  824   -1   -1   -1
 622     4.231    -4.353     0.000  623   -1   -1   -1
 623     4.253    -1.811     0.000  509   -1   -1   -1
 624     4.260    -4.085     0.000  603   -1   -1   -1
 625     4.293     8.344     0.000    4   -1   -1   -1
 626     4.308    -4.460     0.000  630   -1   -1   -1
 627     4.319    -8.151     0.000  843   -1   -1   -1
 628     4.330    -1.612     0.000  498   -1   -1   -1
 629     4.349     2.195     0.000  279   -1   -1   -1
 630     4.354    -6.927     0.000  775   -1   -1   -1
 631     4.380     4.655     0.000  169   -1   -1   -1
 632     4.401     7.806     0.000   26   -1   -1   -1
 633     4.437     3.027     0.000  244   -1   -1   -1
 634     4.439    -1.006     0.000  463   -1   -1   -1
 635     4.443     4.823     0.000  157   -1   -1   -1
 636     4.451     8.024     0.000   17   -1   -1   -1
 637     4.465    -4.151     0.000  606   -1   -1   -1
 638     4.471     0.061     0.000  393   -1   -1   -1
 639     4.476     6.366     0.000   80   -1   -1   -1
 640     4.482    -7.098     0.000  782   -1   -1   -1
 641     4.533     8.016     0.000   18   -1   -1   -1
 642     4.551     1.874     0.000  306   -1   -1   -1
 643     4.560     3.339     0.000  225   -1   -1   -1
 644     4.564     0.646     0.000  360   -1   -1   -1
 645     4.566    -2.709     0.000  543   -1   -1   -1
 646     4.569    -1.459     0.000  491   -1   -1   -1
 647     4.573     2.675     0.000  256   -1   -1   -1
 648     4.587     0.076     0.000  392   -1   -1   -1
 649     4.613     2.868     0.000  251   -1   -1   -1
 650     4.626     2.620     0.000  261   -1   -1   -1
 651     4.662    -5.196     0.000  668   -1   -1   -1
 652     4.662    -3.371     0.000  579   -1   -1   -1
 653     4.696     0.541     0.000  368   -1   -1   -1
 654     4.728     3.071     0.000  241   -1   -1   -1
 655     4.751     8.333     0.000    5   -1   -1   -1
 656     4.819    -7.619     0.000  809   -1   -1   -1
 657     4.883     5.121     0.000  141   -1   -1   -1
 658     4.890    -5.226     0.000  670   -1   -1   -1
 659     4.901     5.247     0.000  129   -1   -1   -1
 660     4.914     1.071     0.000  343   -1   -1   -1
 661     4.915     1.535     0.000  321   -1   -1   -1
 662     4.942    -2.797     0.000  546   -1   -1   -1
 663     4.952    -6.519     0.000  749   -1   -1   -1
 664     4.964    -4.915     0.000  658   -1   -1   -1
 665     5.012    -3.458     0.000  583   -1   -1   -1
 666     5.022    -2.904     0.000  552   -1   -1   -1
 667     5.022     8.095     0.000   14   -1   -1   -1
 668     5.027    -8.220     0.000  847   -1   -1   -1
 669     5.035    -5.766     0.000  699   -1   -1   -1
 670     5.036    -2.620     0.000  540   -1   -1   -1
 671     5.063     2.025     0.000  295   -1   -1   -1
 672     5.066     7.209     0.000   51   -1   -1   -1
 673     5.073     6.930     0.000   64   -1   -1   -1
 674     5.160    -5.804     0.000  703   -1   -1   -1
 675     5.178     6.436     0.000   79   -1   -1   -1
 676     5.182     6.842     0.000   66   -1   -1   -1
 677     5.203    -3.024     0.000  560   -1   -1   -1
 678     5.220     1.601     0.000  317   -1   -1   -1
 679     5.253     7.075     0.000   55   -1   -1   -1
 680     5.266    -7.886     0.000  822   -1   -1   -1
 681     5.278     2.418     0.000  271   -1   -1   -1
 682     5.318    -6.947     0.000  776   -1   -1   -1
 683     5.333    -7.654     0.000  812   -1   -1   -1
 684     5.343     5.822     0.000   98   -1   -1   -1
 685     5.356    -2.880     0.000  549   -1   -1   -1
 686     5.361    -7.773     0.000  816   -1   -1   -1
 687     5.377    -0.092     0.000  405   -1   -1   -1
 688     5.425     2.008     0.000  297   -1   -1   -1
 689     5.444     6.057     0.000   92   -1   -1   -1
 690     5.446    -6.622     0.000  757   -1   -1   -1
 691     5.447     1.401     0.000  327   -1   -1   -1
 692     5.477    -7.897     0.000  823   -1   -1   -1
 693     5.514     2.067     0.000  291   -1   -1   -1
 694     5.526     4.500     0.000  174   -1   -1   -1
 695     5.583    -8.222     0.000  848   -1   -1   -1
 696     5.604     6.982     0.000   61   -1   -1   -1
 697     5.621     3.945     0.000  194   -1   -1   -1
 698     5.637    -0.636     0.000  437   -1   -1   -1
 699     5.643    -5.811     0.000  705   -1   -1   -1
 700     5.660    -3.149     0.000  566   -1   -1   -1
 701     5.673    -5.459     0.000  685   -1   -1   -1
 702     5.714     4.613     0.000  171   -1   -1   -1
 703     5.752    -2.434     0.000  533   -1   -1   -1
 704     5.789    -0.980     0.000  462   -1   -1   -1
 705     5.794     1.778     0.000  308   -1   -1   -1
 706     5.842    -7.989     0.000  834   -1   -1   -1
 707     5.855    -6.346     0.000  737   -1   -1   -1
 708     5.856     1.999     0.000  298   -1   -1   -1
 709     5.856    -6.452     0.000  742   -1   -1   -1
 710     5.860     5.076     0.000  142   -1   -1   -1
 711     5.865    -8.389     0.000  854   -1   -1   -1
 712     5.867    -7.322     0.000  796   -1   -1   -1
 713     5.868    -0.745     0.000  447   -1   -1   -1
 714     5.950    -5.283     0.000  673   -1   -1   -1
 715     5.953     2.747     0.000  254   -1   -1   -1
 716     5.971    -6.136     0.000  725   -1   -1   -1
 717     5.986    -4.320     0.000  618   -1   -1   -1
 718     5.991     0.238     0.000  384   -1   -1   -1
 719     6.007    -1.709     0.000  505   -1   -1   -1
 720     6.011    -5.423     0.000  682   -1   -1   -1
 721     6.016    -3.031     0.000  561   -1   -1   -1
 722     6.017     4.659     0.000  168   -1   -1   -1
 723     6.033    -0.463     0.000  424   -1   -1   -1
 724     6.121     1.723     0.000  311   -1   -1   -1
 725     6.126    -4.325     0.000  619   -1   -1   -1
 726     6.142    -6.605     0.000  755   -1   -1   -1
 727     6.162     3.879     0.000  198   -1   -1   -1
 728     6.166    -4.207     0.000  608   -1   -1   -1
 729     6.182     3.212     0.000  232   -1   -1   -1
 730     6.184     0.307     0.000  380   -1   -1   -1
 731     6.216    -6.467     0.000  744   -1   -1   -1
 732     6.252     7.279     0.000   48   -1   -1   -1
 733     6.253    -2.117     0.000  520   -1   -1   -1
 734     6.266    -2.913     0.000  553   -1   -1   -1
 735     6.268    -6.508     0.000  748   -1   -1   -1
 736     6.346     2.383     0.000  273   -1   -1   -1
 737     6.364    -4.253     0.000  612   -1   -1   -1
 738     6.379     7.029     0.000   57   -1   -1   -1
 739     6.423    -4.868     0.000  654   -1   -1   -1
 740     6.459    -5.938     0.000  709   -1   -1   -1
 741     6.471    -5.309     0.000  677   -1   -1   -1
 742     6.488     5.515     0.000  115   -1   -1   -1
 743     6.523    -1.297     0.000  479   -1   -1   -1
 744     6.524     4.685     0.000  167   -1   -1   -1
 745     6.547    -6.034     0.000  719   -1   -1   -1
 746     6.557    -1.269     0.000  478   -1   -1   -1
 747     6.566     2.141     0.000  283   -1   -1   -1
 748     6.596    -0.568     0.000  432   -1   -1   -1
 749     6.599     2.893     0.000  250   -1   -1   -1
 750     6.601    -5.116     0.000  665   -1   -1   -1
 751     6.617    -5.306     0.000  676   -1   -1   -1
 752     6.635    -6.191     0.000  730   -1   -1   -1
 753     6.650     5.657     0.000  107   -1   -1   -1
 754     6.660    -5.485     0.000  687   -1   -1   -1
 755     6.696     6.600     0.000   75   -1   -1   -1
 756     6.699     0.454     0.000  374   -1   -1   -1
 757     6.709     3.204     0.000  233   -1   -1   -1
 758     6.716    -1.869     0.000  512   -1   -1   -1
 759     6.732    -6.026     0.000  717   -1   -1   -1
 760     6.735     3.322     0.000  226   -1   -1   -1
 761     6.737     2.076     0.000  289   -1   -1   -1
 762     6.765    -0.552     0.000  431   -1   -1   -1
 763     6.766    -3.790     0.000  592   -1   -1   -1
 764     6.785    -0.754     0.000  448   -1   -1   -1
 765     6.819    -4.751     0.000  648   -1   -1   -1
 766     6.834     5.242     0.000  131   -1   -1   -1
 767     6.833    -7.942     0.000  830   -1   -1   -1
 768     6.867     3.640     0.000  207   -1   -1   -1
 769     6.883    -2.624     0.000  541   -1   -1   -1
 770     6.888    -0.894     0.000  460   -1   -1   -1
 771     6.900    -0.064     0.000  404   -1   -1   -1
 772     6.914     6.193     0.000   85   -1   -1   -1
 773     6.922    -0.669     0.000  441   -1   -1   -1
 774     6.947     0.452     0.000  375   -1   -1   -1
 775     6.961     2.108     0.000  285   -1   -1   -1
 776     6.980    -5.767     0.000  700   -1   -1   -1
 777     6.984    -8.414     0.000  856   -1   -1   -1
 778     6.990     3.437     0.000  220   -1   -1   -1
 779     7.018     2.066     0.000  292   -1   -1   -1
 780     7.023    -5.970     0.000  713   -1   -1   -1
 781     7.029    -4.013     0.000  600   -1   -1   -1
 782     7.047    -8.320     0.000  851   -1   -1   -1
 783     7.114    -6.135     0.000  723   -1   -1   -1
 784     7.125     7.559     0.000   39   -1   -1   -1
 785     7.127     6.514     0.000   77   -1   -1   -1
 786     7.128    -3.154     0.000  567   -1   -1   -1
 787     7.179     0.214     0.000  385   -1   -1   -1
 788     7.181    -3.950     0.000  599   -1   -1   -1
 789     7.232    -4.377     0.000  627   -1   -1   -1
 790     7.232     5.004     0.000  144   -1   -1   -1
 791     7.236     4.390     0.000  178   -1   -1   -1
 792     7.256    -7.180     0.000  789   -1   -1   -1
 793     7.262     6.755     0.000   69   -1   -1   -1
 794     7.289     5.643     0.000  109   -1   -1   -1
 795     7.297    -0.132     0.000  408   -1   -1   -1
 796     7.333    -8.001     0.000  835   -1   -1   -1
 797     7.343     3.563     0.000  212   -1   -1   -1
 798     7.353    -0.667     0.000  440   -1   -1   -1
 799     7.357     1.432     0.000  325   -1   -1   -1
 800     7.395     2.085     0.000  288   -1   -1   -1
 801     7.423    -5.723     0.000  696   -1   -1   -1
 802     7.464     5.283     0.000  126   -1   -1   -1
 803     7.465     4.796     0.000  160   -1   -1   -1
 804     7.480     4.440     0.000  175   -1   -1   -1
 805     7.503    -2.883     0.000  550   -1   -1   -1
 806     7.514    -8.332     0.000  852   -1   -1   -1
 807     7.528    -1.528     0.000  495   -1   -1   -1
 808     7.553     1.278     0.000  334   -1   -1   -1
 809     7.583     4.770     0.000  161   -1   -1   -1
 810     7.592     1.767     0.000  310   -1   -1   -1
 811     7.612     2.296     0.000  277   -1   -1   -1
 812     7.684    -8.136     0.000  842   -1   -1   -1
 813     7.687     7.758     0.000   29   -1   -1   -1
 814     7.692    -7.862     0.000  820   -1   -1   -1
 815     7.747     8.268     0.000    7   -1   -1   -1
 816     7.770     0.143     0.000  387   -1   -1   -1
 817     7.773     1.649     0.000  313   -1   -1   -1
 818     7.805    -0.838     0.000  455   -1   -1   -1
 819     7.818     6.743     0.000   70   -1   -1   -1
 820     7.871    -4.983     0.000  660   -1   -1   -1
 821     7.972    -6.838     0.000  767   -1   -1   -1
 822     7.973    -0.710     0.000  445   -1   -1   -1
 823     7.973     7.163     0.000   52   -1   -1   -1
 824     7.974    -0.419     0.000  422   -1   -1   -1
 825     7.986    -5.611     0.000  689   -1   -1   -1
 826     7.989    -1.177     0.000  473   -1   -1   -1
 827     8.005     1.039     0.000  345   -1   -1   -1
 828     8.012    -7.570     0.000  806   -1   -1   -1
 829     8.040    -0.614     0.000  435   -1   -1   -1
 830     8.054     4.398     0.000  177   -1   -1   -1
 831     8.070     3.178     0.000  236   -1   -1   -1
 832     8.082     3.144     0.000  237   -1   -1   -1
 833     8.096    -4.751     0.000  649   -1   -1   -1
 834     8.107    -0.221     0.000  415   -1   -1   -1
 835     8.115    -4.512     0.000  631   -1   -1   -1
 836     8.156     2.518     0.000  264   -1   -1   -1
 837     8.160     4.627     0.000  170   -1   -1   -1
 838     8.162     3.248     0.000  230   -1   -1   -1
 839     8.177    -7.229     0.000  793   -1   -1   -1
 840     8.184    -6.288     0.000  735   -1   -1   -1
 841     8.192     6.218     0.000   84   -1   -1   -1
 842     8.198     4.813     0.000  159   -1   -1   -1
 843     8.210    -6.485     0.000  746   -1   -1   -1
 844     8.232    -6.013     0.000  716   -1   -1   -1
 845     8.234    -3.381     0.000  580   -1   -1   -1
 846     8.238     7.275     0.000   49   -1   -1   -1
 847     8.272    -1.878     0.000  513   -1   -1   -1
 848     8.277    -7.315     0.000  795   -1   -1   -1
 849     8.302     5.279     0.000  127   -1   -1   -1
 850     8.307    -4.374     0.000  625   -1   -1   -1
 851     8.319     7.044     0.000   56   -1   -1   -1
 852     8.323     1.354     0.000  332   -1   -1   -1
 853     8.343     7.596     0.000   38   -1   -1   -1
 854     8.347     8.200     0.000   11   -1   -1   -1
 855     8.367    -8.196     0.000  845   -1   -1   -1
 856     8.372    -0.148     0.000  409   -1   -1   -1
 857     8.377     0.685     0.000  357   -1   -1   -1
 858     8.389    -4.617     0.000  643   -1   -1   -1
 859     8.407     1.110     0.000  341   -1   -1   -1
