850
   1    -8.424    -3.443     0.000  575   -1   -1   -1
   2    -8.417    -2.150     0.000  522   -1   -1   -1
   3    -8.380     7.550     0.000   37   -1   -1   -1
   4    -8.379    -0.886     0.000  459   -1   -1   -1
   5    -8.371    -6.859     0.000  766   -1   -1   -1
   6    -8.354    -8.127     0.000  836   -1   -1   -1
   7    -8.340    -3.287     0.000  566   -1   -1   -1
   8    -8.308    -4.606     0.000  637   -1   -1   -1
   9    -8.269     1.221     0.000  342   -1   -1   -1
  10    -8.257     6.857     0.000   62   -1   -1   -1
  11    -8.255     0.555     0.000  372   -1   -1   -1
  12    -8.251    -1.562     0.000  499   -1   -1   -1
  13    -8.246    -8.230     0.000  842   -1   -1   -1
  14    -8.211    -7.909     0.000  822   -1   -1   -1
  15    -8.184     1.578     0.000  323   -1   -1   -1
  16    -8.156     4.437     0.000  170   -1   -1   -1
  17    -8.153     1.527     0.000  327   -1   -1   -1
  18    -8.141    -3.021     0.000  556   -1   -1   -1
  19    -8.122     6.498     0.000   78   -1   -1   -1
  20    -8.087     2.630     0.000  260   -1   -1   -1
  21    -8.079    -2.486     0.000  534   -1   -1   -1
  22    -8.047     1.363     0.000  333   -1   -1   -1
  23    -8.038    -7.373     0.000  793   -1   -1   -1
  24    -8.013     2.247     0.000  279   -1   -1   -1
  25    -7.994    -6.219     0.000  727   -1   -1   -1
  26    -7.982     6.579     0.000   74   -1   -1   -1
  27    -7.942    -3.796     0.000  589   -1   -1   -1
  28    -7.935     5.677     0.000  108   -1   -1   -1
  29    -7.908    -6.948     0.000  772   -1   -1   -1
  30    -7.879    -0.941     0.000  463   -1   -1   -1
  31    -7.859     0.831     0.000  358   -1   -1   -1
  32    -7.858     2.334     0.000  275   -1   -1   -1
  33    -7.845    -0.167     0.000  417   -1   -1   -1
  34    -7.839    -6.086     0.000  717   -1   -1   -1
  35    -7.832     4.102     0.000  180   -1   -1   -1
  36    -7.810     3.879     0.000  195   -1   -1   -1
  37    -7.781     5.003     0.000  141   -1   -1   -1
  38    -7.780    -4.812     0.000  650   -1   -1   -1
  39    -7.772     2.499     0.000  267   -1   -1   -1
  40    -7.759    -6.198     0.000  724   -1   -1   -1
  41    -7.739    -6.697     0.000  758   -1   -1   -1
  42    -7.739    -2.733     0.000  541   -1   -1   -1
  43    -7.734    -5.109     0.000  661   -1   -1   -1
  44    -7.730     7.151     0.000   51   -1   -1   -1
  45    -7.727     1.988     0.000  303   -1   -1   -1
  46    -7.727     5.248     0.000  127   -1   -1   -1
  47    -7.718    -4.603     0.000  636   -1   -1   -1
  48    -7.679    -0.671     0.000  445   -1   -1   -1
  49    -7.660     6.656     0.000   69   -1   -1   -1
  50    -7.589     4.962     0.000  143   -1   -1   -1
  51    -7.578    -6.863     0.000  768   -1   -1   -1
  52    -7.520     8.241     0.000    8   -1   -1   -1
  53    -7.500     0.011     0.000  402   -1   -1   -1
  54    -7.494    -0.680     0.000  446   -1   -1   -1
  55    -7.490    -5.406     0.000  679   -1   -1   -1
  56    -7.462    -1.089     0.000  471   -1   -1   -1
  57    -7.459     8.000     0.000   19   -1   -1   -1
  58    -7.456     3.633     0.000  206   -1   -1   -1
  59    -7.383     3.996     0.000  188   -1   -1   -1
  60    -7.362     3.693     0.000  203   -1   -1   -1
  61    -7.362    -1.421     0.000  489   -1   -1   -1
  62    -7.344    -6.164     0.000  721   -1   -1   -1
  63    -7.326     2.321     0.000  276   -1   -1   -1
  64    -7.293    -5.053     0.000  658   -1   -1   -1
  65    -7.292    -5.372     0.000  676   -1   -1   -1
  66    -7.291     3.869     0.000  196   -1   -1   -1
  67    -7.281     5.408     0.000  119   -1   -1   -1
  68    -7.280    -8.352     0.000  847   -1   -1   -1
  69    -7.250     0.108     0.000  396   -1   -1   -1
  70    -7.236    -7.935     0.000  824   -1   -1   -1
  71    -7.227     3.255     0.000  226   -1   -1   -1
  72    -7.222     6.148     0.000   88   -1   -1   -1
  73    -7.175    -0.832     0.000  455   -1   -1   -1
  74    -7.154    -7.712     0.000  811   -1   -1   -1
  75    -7.151     7.662     0.000   29   -1   -1   -1
  76    -7.133     6.096     0.000   91   -1   -1   -1
  77    -7.127     4.751     0.000  157   -1   -1   -1
  78    -7.125     4.055     0.000  185   -1   -1   -1
  79    -7.109     7.299     0.000   45   -1   -1   -1
  80    -7.090    -2.395     0.000  529   -1   -1   -1
  81    -7.088     7.467     0.000   39   -1   -1   -1
  82    -7.070     4.997     0.000  142   -1   -1   -1
  83    -7.016    -5.385     0.000  677   -1   -1   -1
  84    -6.995    -6.744     0.000  761   -1   -1   -1
  85    -6.989     1.971     0.000  304   -1   -1   -1
  86    -6.982    -6.555     0.000  747   -1   -1   -1
  87    -6.977     0.037     0.000  401   -1   -1   -1
  88    -6.972     4.447     0.000  168   -1   -1   -1
  89    -6.962    -6.596     0.000  751   -1   -1   -1
  90    -6.954     4.346     0.000  175   -1   -1   -1
  91    -6.939    -2.384     0.000  527   -1   -1   -1
  92    -6.930     5.123     0.000  133   -1   -1   -1
  93    -6.893     3.380     0.000  221   -1   -1   -1
  94    -6.891     5.429     0.000  118   -1   -1   -1
  95    -6.890    -2.675     0.000  539   -1   -1   -1
  96    -6.872     2.907     0.000  249   -1   -1   -1
  97    -6.866    -6.422     0.000  736   -1   -1   -1
  98    -6.849    -0.821     0.000  454   -1   -1   -1
  99    -6.830    -7.457     0.000  798   -1   -1   -1
 100    -6.820    -1.200     0.000  477   -1   -1   -1
 101    -6.818     7.555     0.000   36   -1   -1   -1
 102    -6.763     1.311     0.000  337   -1   -1   -1
 103    -6.762    -5.401     0.000  678   -1   -1   -1
 104    -6.738     2.421     0.000  271   -1   -1   -1
 105    -6.708     7.619     0.000   32   -1   -1   -1
 106    -6.700     3.576     0.000  208   -1   -1   -1
 107    -6.672    -3.017     0.000  554   -1   -1   -1
 108    -6.650     1.674     0.000  318   -1   -1   -1
 109    -6.649     1.356     0.000  334   -1   -1   -1
 110    -6.617     3.557     0.000  210   -1   -1   -1
 111    -6.609     2.389     0.000  273   -1   -1   -1
 112    -6.574     5.782     0.000  103   -1   -1   -1
 113    -6.559     6.980     0.000   57   -1   -1   -1
 114    -6.538    -4.331     0.000  612   -1   -1   -1
 115    -6.501    -6.198     0.000  725   -1   -1   -1
 116    -6.485     7.620     0.000   31   -1   -1   -1
 117    -6.481     3.065     0.000  240   -1   -1   -1
 118    -6.439    -4.748     0.000  647   -1   -1   -1
 119    -6.391    -7.784     0.000  815   -1   -1   -1
 120    -6.389     0.139     0.000  394   -1   -1   -1
 121    -6.351     3.527     0.000  212   -1   -1   -1
 122    -6.349     4.893     0.000  147   -1   -1   -1
 123    -6.306     8.137     0.000   12   -1   -1   -1
 124    -6.293    -0.493     0.000  430   -1   -1   -1
 125    -6.272    -5.788     0.000  697   -1   -1   -1
 126    -6.265    -7.811     0.000  816   -1   -1   -1
 127    -6.235     0.099     0.000  397   -1   -1   -1
 128    -6.227     0.332     0.000  385   -1   -1   -1
 129    -6.186    -1.638     0.000  504   -1   -1   -1
 130    -6.181     2.506     0.000  266   -1   -1   -1
 131    -6.148     3.382     0.000  220   -1   -1   -1
 132    -6.145     4.889     0.000  148   -1   -1   -1
 133    -6.138    -4.569     0.000  632   -1   -1   -1
 134    -6.137    -7.581     0.000  804   -1   -1   -1
 135    -6.135     2.740     0.000  255   -1   -1   -1
 136    -6.122    -5.216     0.000  666   -1   -1   -1
 137    -6.073     7.358     0.000   44   -1   -1   -1
 138    -6.073     1.243     0.000  341   -1   -1   -1
 139    -6.067    -7.094     0.000  778   -1   -1   -1
 140    -6.046     6.287     0.000   82   -1   -1   -1
 141    -6.034    -4.646     0.000  640   -1   -1   -1
 142    -6.027     3.720     0.000  201   -1   -1   -1
 143    -6.017    -1.073     0.000  469   -1   -1   -1
 144    -5.990     7.850     0.000   23   -1   -1   -1
 145    -5.957     2.492     0.000  268   -1   -1   -1
 146    -5.947     3.091     0.000  238   -1   -1   -1
 147    -5.941    -7.614     0.000  806   -1   -1   -1
 148    -5.924     6.815     0.000   64   -1   -1   -1
 149    -5.915    -6.842     0.000  764   -1   -1   -1
 150    -5.896    -0.467     0.000  428   -1   -1   -1
 151    -5.883     4.872     0.000  149   -1   -1   -1
 152    -5.845    -5.824     0.000  700   -1   -1   -1
 153    -5.826    -0.035     0.000  406   -1   -1   -1
 154    -5.805     4.714     0.000  159   -1   -1   -1
 155    -5.760    -1.635     0.000  503   -1   -1   -1
 156    -5.748    -5.762     0.000  693   -1   -1   -1
 157    -5.740    -1.861     0.000  512   -1   -1   -1
 158    -5.718    -4.567     0.000  630   -1   -1   -1
 159    -5.660     7.415     0.000   43   -1   -1   -1
 160    -5.655     1.912     0.000  308   -1   -1   -1
 161    -5.636    -4.133     0.000  599   -1   -1   -1
 162    -5.628     5.755     0.000  104   -1   -1   -1
 163    -5.627    -7.852     0.000  817   -1   -1   -1
 164    -5.613     0.740     0.000  363   -1   -1   -1
 165    -5.565     7.242     0.000   48   -1   -1   -1
 166    -5.561    -2.573     0.000  536   -1   -1   -1
 167    -5.532    -0.892     0.000  460   -1   -1   -1
 168    -5.529     0.276     0.000  387   -1   -1   -1
 169    -5.526     6.043     0.000   96   -1   -1   -1
 170    -5.522    -1.761     0.000  509   -1   -1   -1
 171    -5.520     2.675     0.000  257   -1   -1   -1
 172    -5.501    -6.500     0.000  741   -1   -1   -1
 173    -5.492    -6.076     0.000  716   -1   -1   -1
 174    -5.462    -3.107     0.000  562   -1   -1   -1
 175    -5.434    -4.889     0.000  653   -1   -1   -1
 176    -5.434    -6.419     0.000  735   -1   -1   -1
 177    -5.412    -1.252     0.000  478   -1   -1   -1
 178    -5.408    -0.694     0.000  447   -1   -1   -1
 179    -5.403     5.241     0.000  129   -1   -1   -1
 180    -5.375    -7.375     0.000  794   -1   -1   -1
 181    -5.320     3.842     0.000  197   -1   -1   -1
 182    -5.320    -2.357     0.000  526   -1   -1   -1
 183    -5.292    -4.602     0.000  635   -1   -1   -1
 184    -5.285    -0.621     0.000  440   -1   -1   -1
 185    -5.274    -8.127     0.000  835   -1   -1   -1
 186    -5.274    -4.527     0.000  627   -1   -1   -1
 187    -5.252     2.065     0.000  295   -1   -1   -1
 188    -5.247    -3.861     0.000  590   -1   -1   -1
 189    -5.212     0.685     0.000  365   -1   -1   -1
 190    -5.086     0.133     0.000  395   -1   -1   -1
 191    -5.073    -6.643     0.000  757   -1   -1   -1
 192    -5.069    -4.701     0.000  645   -1   -1   -1
 193    -5.067    -3.880     0.000  592   -1   -1   -1
 194    -5.022    -0.108     0.000  413   -1   -1   -1
 195    -5.009    -0.029     0.000  405   -1   -1   -1
 196    -5.008     1.559     0.000  325   -1   -1   -1
 197    -4.995    -4.976     0.000  656   -1   -1   -1
 198    -4.994     0.519     0.000  376   -1   -1   -1
 199    -4.964     3.984     0.000  189   -1   -1   -1
 200    -4.948    -5.698     0.000  687   -1   -1   -1
 201    -4.931     3.772     0.000  199   -1   -1   -1
 202    -4.928    -3.317     0.000  567   -1   -1   -1
 203    -4.927     5.127     0.000  132   -1   -1   -1
 204    -4.918    -8.147     0.000  839   -1   -1   -1
 205    -4.917    -0.354     0.000  425   -1   -1   -1
 206    -4.873     1.593     0.000  322   -1   -1   -1
 207    -4.872     8.382     0.000    0   -1   -1   -1
 208    -4.858     8.226     0.000   10   -1   -1   -1
 209    -4.854     3.892     0.000  193   -1   -1   -1
 210    -4.826     0.652     0.000  367   -1   -1   -1
 211    -4.820    -1.379     0.000  486   -1   -1   -1
 212    -4.810     1.618     0.000  319   -1   -1   -1
 213    -4.809    -3.647     0.000  586   -1   -1   -1
 214    -4.797    -6.861     0.000  767   -1   -1   -1
 215    -4.773     0.048     0.000  400   -1   -1   -1
 216    -4.728    -3.337     0.000  570   -1   -1   -1
 217    -4.726     0.377     0.000  383   -1   -1   -1
 218    -4.693    -4.417     0.000  622   -1   -1   -1
 219    -4.671     4.586     0.000  166   -1   -1   -1
 220    -4.653     2.640     0.000  258   -1   -1   -1
 221    -4.629     3.423     0.000  218   -1   -1   -1
 222    -4.606     5.785     0.000  102   -1   -1   -1
 223    -4.563    -4.402     0.000  619   -1   -1   -1
 224    -4.549     2.529     0.000  264   -1   -1   -1
 225    -4.519    -7.184     0.000  783   -1   -1   -1
 226    -4.507     2.161     0.000  282   -1   -1   -1
 227    -4.488    -2.551     0.000  535   -1   -1   -1
 228    -4.483    -5.297     0.000  672   -1   -1   -1
 229    -4.473     0.569     0.000  371   -1   -1   -1
 230    -4.465    -5.166     0.000  663   -1   -1   -1
 231    -4.446    -1.304     0.000  483   -1   -1   -1
 232    -4.443    -6.907     0.000  769   -1   -1   -1
 233    -4.442    -6.490     0.000  740   -1   -1   -1
 234    -4.412    -6.338     0.000  732   -1   -1   -1
 235    -4.382    -5.486     0.000  683   -1   -1   -1
 236    -4.352     3.542     0.000  211   -1   -1   -1
 237    -4.347     0.812     0.000  359   -1   -1   -1
 238    -4.347    -1.484     0.000  493   -1   -1   -1
 239    -4.266     1.007     0.000  352   -1   -1   -1
 240    -4.256     1.107     0.000  347   -1   -1   -1
 241    -4.190    -4.742     0.000  646   -1   -1   -1
 242    -4.182     0.533     0.000  375   -1   -1   -1
 243    -4.159     3.283     0.000  225   -1   -1   -1
 244    -4.141    -0.613     0.000  438   -1   -1   -1
 245    -4.109     2.620     0.000  262   -1   -1   -1
 246    -4.074    -1.536     0.000  498   -1   -1   -1
 247    -4.065    -4.921     0.000  655   -1   -1   -1
 248    -4.041    -4.589     0.000  633   -1   -1   -1
 249    -4.018    -4.372     0.000  616   -1   -1   -1
 250    -4.014    -1.694     0.000  508   -1   -1   -1
 251    -4.012     1.524     0.000  328   -1   -1   -1
 252    -4.000     5.701     0.000  106   -1   -1   -1
 253    -3.994    -7.747     0.000  813   -1   -1   -1
 254    -3.973    -8.274     0.000  844   -1   -1   -1
 255    -3.969     2.016     0.000  300   -1   -1   -1
 256    -3.961     3.906     0.000  192   -1   -1   -1
 257    -3.897     5.208     0.000  131   -1   -1   -1
 258    -3.884    -7.200     0.000  785   -1   -1   -1
 259    -3.850     2.153     0.000  283   -1   -1   -1
 260    -3.848     5.295     0.000  124   -1   -1   -1
 261    -3.837    -4.291     0.000  608   -1   -1   -1
 262    -3.815    -0.503     0.000  431   -1   -1   -1
 263    -3.743    -5.486     0.000  682   -1   -1   -1
 264    -3.736     7.452     0.000   42   -1   -1   -1
 265    -3.734     8.246     0.000    7   -1   -1   -1
 266    -3.704    -0.658     0.000  442   -1   -1   -1
 267    -3.680     8.372     0.000    1   -1   -1   -1
 268    -3.625     4.707     0.000  160   -1   -1   -1
 269    -3.609     7.771     0.000   26   -1   -1   -1
 270    -3.594    -8.087     0.000  833   -1   -1   -1
 271    -3.551    -1.575     0.000  500   -1   -1   -1
 272    -3.531    -0.340     0.000  424   -1   -1   -1
 273    -3.519     6.063     0.000   94   -1   -1   -1
 274    -3.506    -6.846     0.000  765   -1   -1   -1
 275    -3.495    -3.028     0.000  557   -1   -1   -1
 276    -3.463     0.206     0.000  391   -1   -1   -1
 277    -3.449     0.589     0.000  369   -1   -1   -1
 278    -3.441     2.992     0.000  246   -1   -1   -1
 279    -3.406     6.359     0.000   81   -1   -1   -1
 280    -3.398    -3.424     0.000  574   -1   -1   -1
 281    -3.397    -1.680     0.000  505   -1   -1   -1
 282    -3.392     7.808     0.000   24   -1   -1   -1
 283    -3.328    -4.819     0.000  651   -1   -1   -1
 284    -3.320     2.281     0.000  278   -1   -1   -1
 285    -3.310    -4.554     0.000  629   -1   -1   -1
 286    -3.284     5.441     0.000  117   -1   -1   -1
 287    -3.257    -0.027     0.000  404   -1   -1   -1
 288    -3.241     6.146     0.000   89   -1   -1   -1
 289    -3.220    -6.737     0.000  760   -1   -1   -1
 290    -3.219     5.840     0.000   98   -1   -1   -1
 291    -3.211    -1.408     0.000  488   -1   -1   -1
 292    -3.199     2.034     0.000  298   -1   -1   -1
 293    -3.188    -0.290     0.000  423   -1   -1   -1
 294    -3.156    -0.470     0.000  429   -1   -1   -1
 295    -3.078     3.806     0.000  198   -1   -1   -1
 296    -3.054     0.547     0.000  373   -1   -1   -1
 297    -3.054     7.894     0.000   22   -1   -1   -1
 298    -2.981    -3.164     0.000  564   -1   -1   -1
 299    -2.976     3.061     0.000  241   -1   -1   -1
 300    -2.976    -1.130     0.000  472   -1   -1   -1
 301    -2.971    -1.435     0.000  490   -1   -1   -1
 302    -2.964     1.854     0.000  311   -1   -1   -1
 303    -2.911    -5.302     0.000  673   -1   -1   -1
 304    -2.909     1.191     0.000  343   -1   -1   -1
 305    -2.889    -0.900     0.000  462   -1   -1   -1
 306    -2.889    -7.975     0.000  827   -1   -1   -1
 307    -2.886    -7.251     0.000  788   -1   -1   -1
 308    -2.870    -1.345     0.000  485   -1   -1   -1
 309    -2.855     0.662     0.000  366   -1   -1   -1
 310    -2.855     8.077     0.000   15   -1   -1   -1
 311    -2.852     0.262     0.000  388   -1   -1   -1
 312    -2.844     2.994     0.000  245   -1   -1   -1
 313    -2.811    -4.277     0.000  607   -1   -1   -1
 314    -2.796     5.548     0.000  112   -1   -1   -1
 315    -2.776     7.897     0.000   21   -1   -1   -1
 316    -2.767     8.009     0.000   17   -1   -1   -1
 317    -2.762     8.351     0.000    2   -1   -1   -1
 318    -2.761    -3.471     0.000  578   -1   -1   -1
 319    -2.760     4.151     0.000  178   -1   -1   -1
 320    -2.740     5.536     0.000  113   -1   -1   -1
 321    -2.723     6.134     0.000   90   -1   -1   -1
 322    -2.706     1.611     0.000  320   -1   -1   -1
 323    -2.700    -7.178     0.000  781   -1   -1   -1
 324    -2.692     6.076     0.000   92   -1   -1   -1
 325    -2.676    -5.756     0.000  690   -1   -1   -1
 326    -2.646     6.960     0.000   58   -1   -1   -1
 327    -2.640     3.208     0.000  230   -1   -1   -1
 328    -2.635     1.125     0.000  345   -1   -1   -1
 329    -2.622     6.216     0.000   85   -1   -1   -1
 330    -2.588    -1.535     0.000  497   -1   -1   -1
 331    -2.537    -6.638     0.000  756   -1   -1   -1
 332    -2.521    -7.017     0.000  774   -1   -1   -1
 333    -2.521     2.053     0.000  296   -1   -1   -1
 334    -2.479    -3.103     0.000  561   -1   -1   -1
 335    -2.430    -3.582     0.000  583   -1   -1   -1
 336    -2.430     4.084     0.000  182   -1   -1   -1
 337    -2.232    -4.408     0.000  620   -1   -1   -1
 338    -2.231    -6.566     0.000  749   -1   -1   -1
 339    -2.214    -6.503     0.000  742   -1   -1   -1
 340    -2.206    -0.519     0.000  433   -1   -1   -1
 341    -2.180    -1.796     0.000  510   -1   -1   -1
 342    -2.172    -1.682     0.000  506   -1   -1   -1
 343    -2.165     7.454     0.000   41   -1   -1   -1
 344    -2.041    -6.462     0.000  738   -1   -1   -1
 345    -2.009     4.059     0.000  184   -1   -1   -1
 346    -2.002     5.500     0.000  115   -1   -1   -1
 347    -2.002     6.250     0.000   83   -1   -1   -1
 348    -1.985     0.425     0.000  380   -1   -1   -1
 349    -1.984    -2.203     0.000  524   -1   -1   -1
 350    -1.979    -6.037     0.000  713   -1   -1   -1
 351    -1.949     3.741     0.000  200   -1   -1   -1
 352    -1.941    -0.047     0.000  409   -1   -1   -1
 353    -1.935    -4.337     0.000  613   -1   -1   -1
 354    -1.933     5.333     0.000  122   -1   -1   -1
 355    -1.927     0.461     0.000  377   -1   -1   -1
 356    -1.911    -6.062     0.000  715   -1   -1   -1
 357    -1.892    -2.020     0.000  518   -1   -1   -1
 358    -1.888    -2.411     0.000  530   -1   -1   -1
 359    -1.854     1.479     0.000  329   -1   -1   -1
 360    -1.841     2.930     0.000  247   -1   -1   -1
 361    -1.722     5.458     0.000  116   -1   -1   -1
 362    -1.704     1.945     0.000  307   -1   -1   -1
 363    -1.695     5.116     0.000  135   -1   -1   -1
 364    -1.668    -8.071     0.000  832   -1   -1   -1
 365    -1.656     5.595     0.000  111   -1   -1   -1
 366    -1.635    -5.239     0.000  668   -1   -1   -1
 367    -1.622     3.448     0.000  216   -1   -1   -1
 368    -1.611    -7.068     0.000  776   -1   -1   -1
 369    -1.604    -4.477     0.000  624   -1   -1   -1
 370    -1.581     5.019     0.000  138   -1   -1   -1
 371    -1.462    -4.447     0.000  623   -1   -1   -1
 372    -1.448     1.272     0.000  339   -1   -1   -1
 373    -1.434    -1.521     0.000  495   -1   -1   -1
 374    -1.407    -3.448     0.000  576   -1   -1   -1
 375    -1.370    -2.180     0.000  523   -1   -1   -1
 376    -1.359     0.887     0.000  356   -1   -1   -1
 377    -1.355     1.445     0.000  330   -1   -1   -1
 378    -1.296    -4.182     0.000  602   -1   -1   -1
 379    -1.248     0.777     0.000  362   -1   -1   -1
 380    -1.182    -7.100     0.000  779   -1   -1   -1
 381    -1.084    -2.980     0.000  552   -1   -1   -1
 382    -1.054    -3.401     0.000  573   -1   -1   -1
 383    -1.037    -1.691     0.000  507   -1   -1   -1
 384    -1.023     0.785     0.000  361   -1   -1   -1
 385    -0.991     4.376     0.000  174   -1   -1   -1
 386    -0.948    -6.292     0.000  730   -1   -1   -1
 387    -0.924    -3.508     0.000  580   -1   -1   -1
 388    -0.704     1.027     0.000  351   -1   -1   -1
 389    -0.686    -3.499     0.000  579   -1   -1   -1
 390    -0.657     4.818     0.000  152   -1   -1   -1
 391    -0.538    -7.394     0.000  796   -1   -1   -1
 392    -0.520    -3.520     0.000  581   -1   -1   -1
 393    -0.443     0.170     0.000  392   -1   -1   -1
 394    -0.399     2.912     0.000  248   -1   -1   -1
 395    -0.260    -3.668     0.000  587   -1   -1   -1
 396    -0.224     4.209     0.000  177   -1   -1   -1
 397    -0.130    -1.463     0.000  492   -1   -1   -1
 398    -0.115    -2.429     0.000  531   -1   -1   -1
 399    -0.111    -0.042     0.000  407   -1   -1   -1
 400    -0.099    -4.664     0.000  641   -1   -1   -1
 401    -0.084    -6.753     0.000  762   -1   -1   -1
 402    -0.020    -2.734     0.000  542   -1   -1   -1
 403    -0.014     1.794     0.000  312   -1   -1   -1
 404     0.071     5.713     0.000  105   -1   -1   -1
 405     0.186    -1.006     0.000  465   -1   -1   -1
 406     0.204    -7.251     0.000  789   -1   -1   -1
 407     0.385    -8.130     0.000  837   -1   -1   -1
 408     0.446    -2.338     0.000  525   -1   -1   -1
 409     0.455    -1.318     0.000  484   -1   -1   -1
 410     0.577     3.640     0.000  205   -1   -1   -1
 411     0.617     4.089     0.000  181   -1   -1   -1
 412     0.661    -6.926     0.000  770   -1   -1   -1
 413     0.691     6.739     0.000   68   -1   -1   -1
 414     0.709    -6.309     0.000  731   -1   -1   -1
 415     0.752     3.457     0.000  215   -1   -1   -1
 416     0.775     6.868     0.000   61   -1   -1   -1
 417     0.785    -4.362     0.000  615   -1   -1   -1
 418     0.907     4.036     0.000  187   -1   -1   -1
 419     0.955     4.251     0.000  176   -1   -1   -1
 420     0.980     1.326     0.000  336   -1   -1   -1
 421     0.982     0.399     0.000  381   -1   -1   -1
 422     0.982     7.491     0.000   38   -1   -1   -1
 423     1.015    -6.607     0.000  753   -1   -1   -1
 424     1.016    -5.976     0.000  705   -1   -1   -1
 425     1.048     6.528     0.000   76   -1   -1   -1
 426     1.181    -3.241     0.000  565   -1   -1   -1
 427     1.216     3.240     0.000  228   -1   -1   -1
 428     1.241     4.845     0.000  150   -1   -1   -1
 429     1.290     6.908     0.000   60   -1   -1   -1
 430     1.292     1.262     0.000  340   -1   -1   -1
 431     1.295     5.056     0.000  137   -1   -1   -1
 432     1.366    -0.517     0.000  432   -1   -1   -1
 433     1.369    -3.094     0.000  560   -1   -1   -1
 434     1.380     3.470     0.000  213   -1   -1   -1
 435     1.394    -4.017     0.000  596   -1   -1   -1
 436     1.407    -2.850     0.000  544   -1   -1   -1
 437     1.415     2.052     0.000  297   -1   -1   -1
 438     1.429    -5.961     0.000  703   -1   -1   -1
 439     1.438    -1.266     0.000  480   -1   -1   -1
 440     1.441    -6.942     0.000  771   -1   -1   -1
 441     1.443    -7.956     0.000  826   -1   -1   -1
 442     1.465     2.491     0.000  269   -1   -1   -1
 443     1.501     1.771     0.000  314   -1   -1   -1
 444     1.573    -7.930     0.000  823   -1   -1   -1
 445     1.576    -7.046     0.000  775   -1   -1   -1
 446     1.583     5.697     0.000  107   -1   -1   -1
 447     1.604     2.458     0.000  270   -1   -1   -1
 448     1.635    -6.002     0.000  708   -1   -1   -1
 449     1.651    -0.243     0.000  422   -1   -1   -1
 450     1.655    -8.167     0.000  840   -1   -1   -1
 451     1.663     2.150     0.000  284   -1   -1   -1
 452     1.678    -0.737     0.000  449   -1   -1   -1
 453     1.710    -6.521     0.000  744   -1   -1   -1
 454     1.714     2.110     0.000  288   -1   -1   -1
 455     1.733    -1.085     0.000  470   -1   -1   -1
 456     1.746    -5.757     0.000  691   -1   -1   -1
 457     1.762     5.318     0.000  123   -1   -1   -1
 458     1.767    -7.723     0.000  812   -1   -1   -1
 459     1.772    -7.185     0.000  784   -1   -1   -1
 460     1.775     6.775     0.000   65   -1   -1   -1
 461     1.776    -5.518     0.000  684   -1   -1   -1
 462     1.794    -5.063     0.000  659   -1   -1   -1
 463     1.797     8.007     0.000   18   -1   -1   -1
 464     1.807    -2.390     0.000  528   -1   -1   -1
 465     1.808    -6.205     0.000  726   -1   -1   -1
 466     1.842    -7.085     0.000  777   -1   -1   -1
 467     1.897    -5.074     0.000  660   -1   -1   -1
 468     1.930     3.461     0.000  214   -1   -1   -1
 469     1.933    -0.843     0.000  458   -1   -1   -1
 470     1.942     0.380     0.000  382   -1   -1   -1
 471     1.975    -4.144     0.000  600   -1   -1   -1
 472     1.987    -6.170     0.000  722   -1   -1   -1
 473     1.997     1.569     0.000  324   -1   -1   -1
 474     2.017    -7.591     0.000  805   -1   -1   -1
 475     2.034    -3.324     0.000  569   -1   -1   -1
 476     2.052    -0.007     0.000  403   -1   -1   -1
 477     2.070     7.074     0.000   53   -1   -1   -1
 478     2.094     3.171     0.000  234   -1   -1   -1
 479     2.095    -1.513     0.000  494   -1   -1   -1
 480     2.121    -7.217     0.000  786   -1   -1   -1
 481     2.138    -3.546     0.000  582   -1   -1   -1
 482     2.156     5.939     0.000   97   -1   -1   -1
 483     2.179    -0.576     0.000  436   -1   -1   -1
 484     2.203     4.939     0.000  144   -1   -1   -1
 485     2.223     0.956     0.000  353   -1   -1   -1
 486     2.241     1.900     0.000  309   -1   -1   -1
 487     2.242    -7.546     0.000  800   -1   -1   -1
 488     2.251     4.069     0.000  183   -1   -1   -1
 489     2.264     7.653     0.000   30   -1   -1   -1
 490     2.268    -0.183     0.000  419   -1   -1   -1
 491     2.272     8.232     0.000    9   -1   -1   -1
 492     2.292     5.377     0.000  121   -1   -1   -1
 493     2.311    -5.696     0.000  686   -1   -1   -1
 494     2.368    -0.080     0.000  411   -1   -1   -1
 495     2.369    -6.121     0.000  718   -1   -1   -1
 496     2.388    -7.574     0.000  803   -1   -1   -1
 497     2.398     4.784     0.000  155   -1   -1   -1
 498     2.399     2.787     0.000  253   -1   -1   -1
 499     2.414     2.118     0.000  287   -1   -1   -1
 500     2.418     5.378     0.000  120   -1   -1   -1
 501     2.460    -4.303     0.000  609   -1   -1   -1
 502     2.470     0.368     0.000  384   -1   -1   -1
 503     2.532    -4.416     0.000  621   -1   -1   -1
 504     2.539    -7.384     0.000  795   -1   -1   -1
 505     2.573    -3.967     0.000  594   -1   -1   -1
 506     2.583    -4.569     0.000  631   -1   -1   -1
 507     2.587     3.418     0.000  219   -1   -1   -1
 508     2.592    -0.192     0.000  420   -1   -1   -1
 509     2.619    -3.871     0.000  591   -1   -1   -1
 510     2.659    -6.031     0.000  711   -1   -1   -1
 511     2.683    -6.592     0.000  750   -1   -1   -1
 512     2.715     1.144     0.000  344   -1   -1   -1
 513     2.718    -1.260     0.000  479   -1   -1   -1
 514     2.729     2.105     0.000  290   -1   -1   -1
 515     2.761    -4.593     0.000  634   -1   -1   -1
 516     2.765     4.723     0.000  158   -1   -1   -1
 517     2.769    -5.174     0.000  664   -1   -1   -1
 518     2.795     7.614     0.000   33   -1   -1   -1
 519     2.798     1.970     0.000  305   -1   -1   -1
 520     2.798    -0.172     0.000  418   -1   -1   -1
 521     2.802     2.134     0.000  286   -1   -1   -1
 522     2.851    -1.875     0.000  514   -1   -1   -1
 523     2.900     3.966     0.000  190   -1   -1   -1
 524     2.900    -5.714     0.000  688   -1   -1   -1
 525     2.903    -1.072     0.000  468   -1   -1   -1
 526     2.908     1.960     0.000  306   -1   -1   -1
 527     2.920    -7.551     0.000  801   -1   -1   -1
 528     2.920     5.801     0.000  101   -1   -1   -1
 529     2.943    -3.317     0.000  568   -1   -1   -1
 530     3.016    -1.621     0.000  502   -1   -1   -1
 531     3.028    -2.922     0.000  551   -1   -1   -1
 532     3.066     2.805     0.000  252   -1   -1   -1
 533     3.067    -4.543     0.000  628   -1   -1   -1
 534     3.088    -7.996     0.000  830   -1   -1   -1
 535     3.125     6.073     0.000   93   -1   -1   -1
 536     3.131    -5.296     0.000  671   -1   -1   -1
 537     3.133    -0.806     0.000  453   -1   -1   -1
 538     3.143    -8.014     0.000  831   -1   -1   -1
 539     3.160     0.910     0.000  355   -1   -1   -1
 540     3.165     3.014     0.000  243   -1   -1   -1
 541     3.167    -4.700     0.000  644   -1   -1   -1
 542     3.185     8.275     0.000    5   -1   -1   -1
 543     3.203     0.786     0.000  360   -1   -1   -1
 544     3.213    -1.027     0.000  467   -1   -1   -1
 545     3.268    -4.685     0.000  643   -1   -1   -1
 546     3.280    -2.883     0.000  547   -1   -1   -1
 547     3.280    -5.956     0.000  702   -1   -1   -1
 548     3.288    -2.438     0.000  533   -1   -1   -1
 549     3.293    -6.634     0.000  755   -1   -1   -1
 550     3.294     7.455     0.000   40   -1   -1   -1
 551     3.327    -7.525     0.000  799   -1   -1   -1
 552     3.336    -5.265     0.000  669   -1   -1   -1
 553     3.371     6.644     0.000   72   -1   -1   -1
 554     3.394    -4.058     0.000  597   -1   -1   -1
 555     3.409     5.234     0.000  130   -1   -1   -1
 556     3.437     2.633     0.000  259   -1   -1   -1
 557     3.441     5.822     0.000   99   -1   -1   -1
 558     3.451    -5.772     0.000  696   -1   -1   -1
 559     3.461    -7.410     0.000  797   -1   -1   -1
 560     3.467    -0.530     0.000  434   -1   -1   -1
 561     3.475    -6.529     0.000  746   -1   -1   -1
 562     3.539     5.019     0.000  139   -1   -1   -1
 563     3.555    -2.017     0.000  517   -1   -1   -1
 564     3.557     1.046     0.000  349   -1   -1   -1
 565     3.558    -0.046     0.000  408   -1   -1   -1
 566     3.565    -0.841     0.000  457   -1   -1   -1
 567     3.575    -2.616     0.000  537   -1   -1   -1
 568     3.577    -3.610     0.000  584   -1   -1   -1
 569     3.577    -1.145     0.000  474   -1   -1   -1
 570     3.588     4.053     0.000  186   -1   -1   -1
 571     3.603     3.102     0.000  237   -1   -1   -1
 572     3.605     3.197     0.000  232   -1   -1   -1
 573     3.639    -7.626     0.000  807   -1   -1   -1
 574     3.649     7.902     0.000   20   -1   -1   -1
 575     3.682     0.948     0.000  354   -1   -1   -1
 576     3.689    -0.615     0.000  439   -1   -1   -1
 577     3.698    -2.897     0.000  548   -1   -1   -1
 578     3.701    -5.759     0.000  692   -1   -1   -1
 579     3.704    -3.045     0.000  559   -1   -1   -1
 580     3.708     0.860     0.000  357   -1   -1   -1
 581     3.721    -1.388     0.000  487   -1   -1   -1
 582     3.728    -4.212     0.000  604   -1   -1   -1
 583     3.731     7.703     0.000   28   -1   -1   -1
 584     3.758     4.934     0.000  145   -1   -1   -1
 585     3.758     3.712     0.000  202   -1   -1   -1
 586     3.769    -7.660     0.000  810   -1   -1   -1
 587     3.777     5.243     0.000  128   -1   -1   -1
 588     3.801     1.763     0.000  316   -1   -1   -1
 589     3.824    -1.923     0.000  516   -1   -1   -1
 590     3.852     3.009     0.000  244   -1   -1   -1
 591     3.882     4.122     0.000  179   -1   -1   -1
 592     3.890    -0.144     0.000  415   -1   -1   -1
 593     3.907     3.138     0.000  236   -1   -1   -1
 594     3.913    -7.991     0.000  829   -1   -1   -1
 595     3.917    -7.868     0.000  819   -1   -1   -1
 596     3.958    -0.758     0.000  452   -1   -1   -1
 597     3.971    -1.167     0.000  475   -1   -1   -1
 598     3.982     4.917     0.000  146   -1   -1   -1
 599     3.987     8.108     0.000   13   -1   -1   -1
 600     4.061    -1.138     0.000  473   -1   -1   -1
 601     4.069    -7.276     0.000  790   -1   -1   -1
 602     4.083     0.575     0.000  370   -1   -1   -1
 603     4.123    -6.042     0.000  714   -1   -1   -1
 604     4.137     6.654     0.000   70   -1   -1   -1
 605     4.142    -4.611     0.000  638   -1   -1   -1
 606     4.142    -6.224     0.000  728   -1   -1   -1
 607     4.157    -5.979     0.000  706   -1   -1   -1
 608     4.170    -4.269     0.000  606   -1   -1   -1
 609     4.174    -8.145     0.000  838   -1   -1   -1
 610     4.176     2.180     0.000  281   -1   -1   -1
 611     4.195    -6.728     0.000  759   -1   -1   -1
 612     4.202    -2.033     0.000  519   -1   -1   -1
 613     4.214    -7.909     0.000  821   -1   -1   -1
 614     4.241    -4.359     0.000  614   -1   -1   -1
 615     4.246    -1.816     0.000  511   -1   -1   -1
 616     4.260    -4.097     0.000  598   -1   -1   -1
 617     4.293     8.349     0.000    3   -1   -1   -1
 618     4.317    -4.479     0.000  625   -1   -1   -1
 619     4.318    -1.619     0.000  501   -1   -1   -1
 620     4.348     2.196     0.000  280   -1   -1   -1
 621     4.373     4.657     0.000  163   -1   -1   -1
 622     4.400     7.806     0.000   25   -1   -1   -1
 623     4.436     3.029     0.000  242   -1   -1   -1
 624     4.437    -1.015     0.000  466   -1   -1   -1
 625     4.437     4.824     0.000  151   -1   -1   -1
 626     4.440     4.435     0.000  171   -1   -1   -1
 627     4.450     8.024     0.000   16   -1   -1   -1
 628     4.457    -5.980     0.000  707   -1   -1   -1
 629     4.469     0.062     0.000  399   -1   -1   -1
 630     4.473     6.365     0.000   80   -1   -1   -1
 631     4.475    -4.162     0.000  601   -1   -1   -1
 632     4.483    -7.112     0.000  780   -1   -1   -1
 633     4.501    -4.666     0.000  642   -1   -1   -1
 634     4.535     3.338     0.000  223   -1   -1   -1
 635     4.548    -2.725     0.000  540   -1   -1   -1
 636     4.550     1.874     0.000  310   -1   -1   -1
 637     4.566    -1.461     0.000  491   -1   -1   -1
 638     4.571     2.679     0.000  256   -1   -1   -1
 639     4.572     3.346     0.000  222   -1   -1   -1
 640     4.578     0.638     0.000  368   -1   -1   -1
 641     4.586     0.076     0.000  398   -1   -1   -1
 642     4.615     2.872     0.000  251   -1   -1   -1
 643     4.628     2.630     0.000  261   -1   -1   -1
 644     4.660    -5.199     0.000  665   -1   -1   -1
 645     4.668    -3.374     0.000  571   -1   -1   -1
 646     4.698     0.542     0.000  374   -1   -1   -1
 647     4.724     3.072     0.000  239   -1   -1   -1
 648     4.749     8.333     0.000    4   -1   -1   -1
 649     4.800    -3.645     0.000  585   -1   -1   -1
 650     4.824    -7.644     0.000  808   -1   -1   -1
 651     4.881     5.120     0.000  134   -1   -1   -1
 652     4.884    -5.226     0.000  667   -1   -1   -1
 653     4.899     3.620     0.000  207   -1   -1   -1
 654     4.900     5.249     0.000  126   -1   -1   -1
 655     4.904     1.075     0.000  348   -1   -1   -1
 656     4.907     1.537     0.000  326   -1   -1   -1
 657     4.936    -2.792     0.000  543   -1   -1   -1
 658     4.941    -6.522     0.000  745   -1   -1   -1
 659     4.964    -4.919     0.000  654   -1   -1   -1
 660     5.011    -3.458     0.000  577   -1   -1   -1
 661     5.020     8.095     0.000   14   -1   -1   -1
 662     5.031    -5.769     0.000  695   -1   -1   -1
 663     5.060     2.026     0.000  299   -1   -1   -1
 664     5.064     7.209     0.000   49   -1   -1   -1
 665     5.071     6.930     0.000   59   -1   -1   -1
 666     5.159    -5.806     0.000  698   -1   -1   -1
 667     5.176     6.437     0.000   79   -1   -1   -1
 668     5.181     6.843     0.000   63   -1   -1   -1
 669     5.193    -3.018     0.000  555   -1   -1   -1
 670     5.218     1.601     0.000  321   -1   -1   -1
 671     5.252     7.076     0.000   52   -1   -1   -1
 672     5.279     2.421     0.000  272   -1   -1   -1
 673     5.296     2.596     0.000  263   -1   -1   -1
 674     5.303    -6.953     0.000  773   -1   -1   -1
 675     5.319    -7.655     0.000  809   -1   -1   -1
 676     5.342     5.822     0.000  100   -1   -1   -1
 677     5.350    -2.877     0.000  545   -1   -1   -1
 678     5.376    -0.089     0.000  412   -1   -1   -1
 679     5.425     2.009     0.000  301   -1   -1   -1
 680     5.433    -6.624     0.000  754   -1   -1   -1
 681     5.443     6.057     0.000   95   -1   -1   -1
 682     5.445     1.403     0.000  332   -1   -1   -1
 683     5.468    -7.892     0.000  820   -1   -1   -1
 684     5.512     2.069     0.000  293   -1   -1   -1
 685     5.523     4.501     0.000  167   -1   -1   -1
 686     5.586    -8.230     0.000  843   -1   -1   -1
 687     5.603     6.983     0.000   56   -1   -1   -1
 688     5.619     3.947     0.000  191   -1   -1   -1
 689     5.634    -0.636     0.000  441   -1   -1   -1
 690     5.637    -5.813     0.000  699   -1   -1   -1
 691     5.659    -3.148     0.000  563   -1   -1   -1
 692     5.670    -5.461     0.000  680   -1   -1   -1
 693     5.712     4.614     0.000  165   -1   -1   -1
 694     5.746    -2.434     0.000  532   -1   -1   -1
 695     5.791    -0.983     0.000  464   -1   -1   -1
 696     5.793     1.780     0.000  313   -1   -1   -1
 697     5.841    -7.982     0.000  828   -1   -1   -1
 698     5.845    -6.346     0.000  733   -1   -1   -1
 699     5.849    -6.452     0.000  737   -1   -1   -1
 700     5.854     2.002     0.000  302   -1   -1   -1
 701     5.858     5.077     0.000  136   -1   -1   -1
 702     5.861    -7.318     0.000  792   -1   -1   -1
 703     5.865    -8.392     0.000  848   -1   -1   -1
 704     5.868    -0.744     0.000  450   -1   -1   -1
 705     5.945    -5.283     0.000  670   -1   -1   -1
 706     5.951     2.750     0.000  254   -1   -1   -1
 707     5.964    -6.136     0.000  720   -1   -1   -1
 708     5.984    -4.320     0.000  610   -1   -1   -1
 709     5.991     0.238     0.000  389   -1   -1   -1
 710     6.013    -3.029     0.000  558   -1   -1   -1
 711     6.013     4.660     0.000  162   -1   -1   -1
 712     6.032    -0.462     0.000  427   -1   -1   -1
 713     6.118     1.723     0.000  317   -1   -1   -1
 714     6.123    -4.324     0.000  611   -1   -1   -1
 715     6.136    -6.604     0.000  752   -1   -1   -1
 716     6.159     3.880     0.000  194   -1   -1   -1
 717     6.164    -4.207     0.000  603   -1   -1   -1
 718     6.180     3.213     0.000  229   -1   -1   -1
 719     6.184     0.308     0.000  386   -1   -1   -1
 720     6.209    -6.462     0.000  739   -1   -1   -1
 721     6.251     7.280     0.000   46   -1   -1   -1
 722     6.252    -2.118     0.000  521   -1   -1   -1
 723     6.265    -2.912     0.000  550   -1   -1   -1
 724     6.267    -6.509     0.000  743   -1   -1   -1
 725     6.343     2.387     0.000  274   -1   -1   -1
 726     6.362    -4.253     0.000  605   -1   -1   -1
 727     6.364    -2.901     0.000  549   -1   -1   -1
 728     6.377     7.030     0.000   55   -1   -1   -1
 729     6.420    -4.868     0.000  652   -1   -1   -1
 730     6.453    -5.937     0.000  701   -1   -1   -1
 731     6.469    -5.309     0.000  675   -1   -1   -1
 732     6.488     5.515     0.000  114   -1   -1   -1
 733     6.521    -1.296     0.000  482   -1   -1   -1
 734     6.522     4.686     0.000  161   -1   -1   -1
 735     6.546    -6.036     0.000  712   -1   -1   -1
 736     6.554    -1.269     0.000  481   -1   -1   -1
 737     6.559     2.149     0.000  285   -1   -1   -1
 738     6.597     2.894     0.000  250   -1   -1   -1
 739     6.598    -5.116     0.000  662   -1   -1   -1
 740     6.614    -5.306     0.000  674   -1   -1   -1
 741     6.631    -6.191     0.000  723   -1   -1   -1
 742     6.649     5.658     0.000  109   -1   -1   -1
 743     6.653    -5.481     0.000  681   -1   -1   -1
 744     6.695     6.599     0.000   73   -1   -1   -1
 745     6.697     0.455     0.000  378   -1   -1   -1
 746     6.706     3.205     0.000  231   -1   -1   -1
 747     6.713    -1.868     0.000  513   -1   -1   -1
 748     6.726    -6.025     0.000  710   -1   -1   -1
 749     6.734     3.323     0.000  224   -1   -1   -1
 750     6.735     2.078     0.000  292   -1   -1   -1
 751     6.764    -3.787     0.000  588   -1   -1   -1
 752     6.765    -0.552     0.000  435   -1   -1   -1
 753     6.783    -0.753     0.000  451   -1   -1   -1
 754     6.817    -4.750     0.000  648   -1   -1   -1
 755     6.835    -7.942     0.000  825   -1   -1   -1
 756     6.866     3.641     0.000  204   -1   -1   -1
 757     6.883    -2.622     0.000  538   -1   -1   -1
 758     6.886    -0.893     0.000  461   -1   -1   -1
 759     6.888     6.169     0.000   87   -1   -1   -1
 760     6.899    -0.063     0.000  410   -1   -1   -1
 761     6.917    -0.668     0.000  444   -1   -1   -1
 762     6.917     6.200     0.000   86   -1   -1   -1
 763     6.946     0.453     0.000  379   -1   -1   -1
 764     6.958     2.109     0.000  289   -1   -1   -1
 765     6.971    -6.564     0.000  748   -1   -1   -1
 766     6.979    -5.768     0.000  694   -1   -1   -1
 767     6.982    -8.415     0.000  849   -1   -1   -1
 768     6.988     3.438     0.000  217   -1   -1   -1
 769     7.000     6.648     0.000   71   -1   -1   -1
 770     7.017     2.068     0.000  294   -1   -1   -1
 771     7.022    -5.970     0.000  704   -1   -1   -1
 772     7.028    -4.012     0.000  595   -1   -1   -1
 773     7.045    -8.323     0.000  846   -1   -1   -1
 774     7.111    -6.134     0.000  719   -1   -1   -1
 775     7.124     7.559     0.000   35   -1   -1   -1
 776     7.126     6.515     0.000   77   -1   -1   -1
 777     7.153     6.555     0.000   75   -1   -1   -1
 778     7.178     0.215     0.000  390   -1   -1   -1
 779     7.178    -3.949     0.000  593   -1   -1   -1
 780     7.228    -4.376     0.000  618   -1   -1   -1
 781     7.232     5.005     0.000  140   -1   -1   -1
 782     7.236     4.390     0.000  173   -1   -1   -1
 783     7.251    -7.178     0.000  782   -1   -1   -1
 784     7.260     6.757     0.000   66   -1   -1   -1
 785     7.287     5.644     0.000  110   -1   -1   -1
 786     7.296    -0.130     0.000  414   -1   -1   -1
 787     7.342     3.564     0.000  209   -1   -1   -1
 788     7.346    -6.365     0.000  734   -1   -1   -1
 789     7.352     1.434     0.000  331   -1   -1   -1
 790     7.353    -0.666     0.000  443   -1   -1   -1
 791     7.394     2.086     0.000  291   -1   -1   -1
 792     7.418    -5.721     0.000  689   -1   -1   -1
 793     7.464     4.797     0.000  154   -1   -1   -1
 794     7.475     5.289     0.000  125   -1   -1   -1
 795     7.479     4.441     0.000  169   -1   -1   -1
 796     7.503    -2.882     0.000  546   -1   -1   -1
 797     7.521    -8.320     0.000  845   -1   -1   -1
 798     7.527    -1.527     0.000  496   -1   -1   -1
 799     7.551     1.277     0.000  338   -1   -1   -1
 800     7.582     4.771     0.000  156   -1   -1   -1
 801     7.592     1.768     0.000  315   -1   -1   -1
 802     7.610     2.297     0.000  277   -1   -1   -1
 803     7.683    -8.119     0.000  834   -1   -1   -1
 804     7.686     7.759     0.000   27   -1   -1   -1
 805     7.690    -7.859     0.000  818   -1   -1   -1
 806     7.746     8.268     0.000    6   -1   -1   -1
 807     7.765     0.144     0.000  393   -1   -1   -1
 808     7.804    -0.837     0.000  456   -1   -1   -1
 809     7.817     6.744     0.000   67   -1   -1   -1
 810     7.868    -4.981     0.000  657   -1   -1   -1
 811     7.880    -2.981     0.000  553   -1   -1   -1
 812     7.892    -2.091     0.000  520   -1   -1   -1
 813     7.971    -0.708     0.000  448   -1   -1   -1
 814     7.970    -6.835     0.000  763   -1   -1   -1
 815     7.973    -0.418     0.000  426   -1   -1   -1
 816     7.973     7.163     0.000   50   -1   -1   -1
 817     7.986    -5.611     0.000  685   -1   -1   -1
 818     7.987    -1.176     0.000  476   -1   -1   -1
 819     8.004     1.040     0.000  350   -1   -1   -1
 820     8.009    -7.568     0.000  802   -1   -1   -1
 821     8.036    -0.612     0.000  437   -1   -1   -1
 822     8.053     4.399     0.000  172   -1   -1   -1
 823     8.068     3.178     0.000  233   -1   -1   -1
 824     8.081     3.145     0.000  235   -1   -1   -1
 825     8.091    -4.751     0.000  649   -1   -1   -1
 826     8.106    -0.220     0.000  421   -1   -1   -1
 827     8.112    -4.511     0.000  626   -1   -1   -1
 828     8.156     2.518     0.000  265   -1   -1   -1
 829     8.159     4.627     0.000  164   -1   -1   -1
 830     8.160     3.249     0.000  227   -1   -1   -1
 831     8.174    -7.226     0.000  787   -1   -1   -1
 832     8.183    -6.287     0.000  729   -1   -1   -1
 833     8.190     6.219     0.000   84   -1   -1   -1
 834     8.196     4.814     0.000  153   -1   -1   -1
 835     8.206    -7.776     0.000  814   -1   -1   -1
 836     8.230    -6.010     0.000  709   -1   -1   -1
 837     8.233    -3.380     0.000  572   -1   -1   -1
 838     8.236     7.276     0.000   47   -1   -1   -1
 839     8.270    -1.877     0.000  515   -1   -1   -1
 840     8.274    -7.313     0.000  791   -1   -1   -1
 841     8.306    -4.373     0.000  617   -1   -1   -1
 842     8.319     7.044     0.000   54   -1   -1   -1
 843     8.322     1.355     0.000  335   -1   -1   -1
 844     8.342     7.597     0.000   34   -1   -1   -1
 845     8.346     8.201     0.000   11   -1   -1   -1
 846     8.365    -8.192     0.000  841   -1   -1   -1
 847     8.371    -0.146     0.000  416   -1   -1   -1
 848     8.376     0.686     0.000  364   -1   -1   -1
 849     8.387    -4.615     0.000  639   -1   -1   -1
 850     8.403     1.109     0.000  346   -1   -1   -1
