857
   1    -8.436    -3.460     0.000  584   -1   -1   -1
   2    -8.425    -5.311     0.000  671   -1   -1   -1
   3    -8.394    -0.892     0.000  459   -1   -1   -1
   4    -8.388     7.547     0.000   38   -1   -1   -1
   5    -8.377    -6.872     0.000  770   -1   -1   -1
   6    -8.351    -8.143     0.000  835   -1   -1   -1
   7    -8.349    -3.299     0.000  577   -1   -1   -1
   8    -8.323    -4.616     0.000  635   -1   -1   -1
   9    -8.282     1.214     0.000  347   -1   -1   -1
  10    -8.268     0.551     0.000  375   -1   -1   -1
  11    -8.263     6.855     0.000   63   -1   -1   -1
  12    -8.245    -8.240     0.000  844   -1   -1   -1
  13    -8.211     4.240     0.000  188   -1   -1   -1
  14    -8.210    -7.922     0.000  826   -1   -1   -1
  15    -8.189     1.575     0.000  328   -1   -1   -1
  16    -8.164     4.429     0.000  178   -1   -1   -1
  17    -8.164     1.524     0.000  333   -1   -1   -1
  18    -8.152    -3.030     0.000  561   -1   -1   -1
  19    -8.122     6.498     0.000   75   -1   -1   -1
  20    -8.103     2.627     0.000  260   -1   -1   -1
  21    -8.092    -2.498     0.000  532   -1   -1   -1
  22    -8.057     1.358     0.000  340   -1   -1   -1
  23    -8.037    -7.388     0.000  795   -1   -1   -1
  24    -8.021     2.246     0.000  286   -1   -1   -1
  25    -7.999    -6.236     0.000  728   -1   -1   -1
  26    -7.988     6.576     0.000   73   -1   -1   -1
  27    -7.956    -3.807     0.000  597   -1   -1   -1
  28    -7.925     5.669     0.000  112   -1   -1   -1
  29    -7.911    -6.965     0.000  775   -1   -1   -1
  30    -7.894    -0.947     0.000  462   -1   -1   -1
  31    -7.871     0.827     0.000  362   -1   -1   -1
  32    -7.867     2.332     0.000  282   -1   -1   -1
  33    -7.861    -0.171     0.000  415   -1   -1   -1
  34    -7.854    -6.102     0.000  719   -1   -1   -1
  35    -7.843     4.094     0.000  193   -1   -1   -1
  36    -7.812     3.874     0.000  202   -1   -1   -1
  37    -7.811     7.185     0.000   50   -1   -1   -1
  38    -7.794    -6.150     0.000  722   -1   -1   -1
  39    -7.791    -4.826     0.000  645   -1   -1   -1
  40    -7.784     5.000     0.000  149   -1   -1   -1
  41    -7.783     2.494     0.000  269   -1   -1   -1
  42    -7.756    -6.238     0.000  729   -1   -1   -1
  43    -7.753    -2.742     0.000  542   -1   -1   -1
  44    -7.746    -5.108     0.000  660   -1   -1   -1
  45    -7.743    -6.713     0.000  761   -1   -1   -1
  46    -7.736     7.146     0.000   51   -1   -1   -1
  47    -7.736     1.982     0.000  310   -1   -1   -1
  48    -7.735     5.247     0.000  137   -1   -1   -1
  49    -7.728    -4.616     0.000  634   -1   -1   -1
  50    -7.694    -0.678     0.000  445   -1   -1   -1
  51    -7.676     7.126     0.000   52   -1   -1   -1
  52    -7.661     6.653     0.000   70   -1   -1   -1
  53    -7.582    -6.879     0.000  771   -1   -1   -1
  54    -7.543     0.426     0.000  382   -1   -1   -1
  55    -7.514     0.009     0.000  404   -1   -1   -1
  56    -7.512    -3.932     0.000  603   -1   -1   -1
  57    -7.507    -0.685     0.000  446   -1   -1   -1
  58    -7.500    -5.420     0.000  680   -1   -1   -1
  59    -7.478    -1.094     0.000  470   -1   -1   -1
  60    -7.466     7.995     0.000   16   -1   -1   -1
  61    -7.463     3.628     0.000  214   -1   -1   -1
  62    -7.386     3.985     0.000  197   -1   -1   -1
  63    -7.383     3.690     0.000  211   -1   -1   -1
  64    -7.378    -1.427     0.000  489   -1   -1   -1
  65    -7.361     1.735     0.000  320   -1   -1   -1
  66    -7.350    -6.182     0.000  724   -1   -1   -1
  67    -7.339     2.319     0.000  283   -1   -1   -1
  68    -7.306    -5.073     0.000  657   -1   -1   -1
  69    -7.302    -5.385     0.000  677   -1   -1   -1
  70    -7.297     3.864     0.000  204   -1   -1   -1
  71    -7.293     5.400     0.000  129   -1   -1   -1
  72    -7.269    -8.370     0.000  854   -1   -1   -1
  73    -7.234     3.251     0.000  232   -1   -1   -1
  74    -7.227     6.148     0.000   88   -1   -1   -1
  75    -7.193    -7.522     0.000  800   -1   -1   -1
  76    -7.191    -0.840     0.000  454   -1   -1   -1
  77    -7.170    -8.108     0.000  834   -1   -1   -1
  78    -7.159     7.654     0.000   31   -1   -1   -1
  79    -7.145    -7.730     0.000  813   -1   -1   -1
  80    -7.144     6.091     0.000   90   -1   -1   -1
  81    -7.138     4.051     0.000  195   -1   -1   -1
  82    -7.135     4.748     0.000  167   -1   -1   -1
  83    -7.117     7.298     0.000   43   -1   -1   -1
  84    -7.106    -2.406     0.000  528   -1   -1   -1
  85    -7.096     7.464     0.000   39   -1   -1   -1
  86    -7.078     4.995     0.000  151   -1   -1   -1
  87    -7.028    -5.404     0.000  678   -1   -1   -1
  88    -6.998    -6.762     0.000  764   -1   -1   -1
  89    -6.997     0.028     0.000  402   -1   -1   -1
  90    -6.996     1.965     0.000  311   -1   -1   -1
  91    -6.976    -6.593     0.000  754   -1   -1   -1
  92    -6.968     4.340     0.000  184   -1   -1   -1
  93    -6.954    -2.394     0.000  526   -1   -1   -1
  94    -6.939     5.119     0.000  144   -1   -1   -1
  95    -6.935     5.467     0.000  125   -1   -1   -1
  96    -6.906    -2.686     0.000  541   -1   -1   -1
  97    -6.899     5.419     0.000  128   -1   -1   -1
  98    -6.882    -7.005     0.000  777   -1   -1   -1
  99    -6.880     2.903     0.000  246   -1   -1   -1
 100    -6.871    -6.441     0.000  739   -1   -1   -1
 101    -6.868    -0.825     0.000  453   -1   -1   -1
 102    -6.838    -1.207     0.000  477   -1   -1   -1
 103    -6.829     7.553     0.000   37   -1   -1   -1
 104    -6.827    -7.490     0.000  799   -1   -1   -1
 105    -6.773     1.307     0.000  343   -1   -1   -1
 106    -6.773    -5.422     0.000  681   -1   -1   -1
 107    -6.745     2.417     0.000  273   -1   -1   -1
 108    -6.727     7.617     0.000   33   -1   -1   -1
 109    -6.713     3.572     0.000  217   -1   -1   -1
 110    -6.700     4.300     0.000  187   -1   -1   -1
 111    -6.684    -3.031     0.000  562   -1   -1   -1
 112    -6.663     1.672     0.000  324   -1   -1   -1
 113    -6.660     1.356     0.000  341   -1   -1   -1
 114    -6.624     2.381     0.000  278   -1   -1   -1
 115    -6.621     3.547     0.000  220   -1   -1   -1
 116    -6.584     5.779     0.000  106   -1   -1   -1
 117    -6.569     6.977     0.000   58   -1   -1   -1
 118    -6.557    -4.343     0.000  618   -1   -1   -1
 119    -6.546    -6.340     0.000  734   -1   -1   -1
 120    -6.509    -6.224     0.000  727   -1   -1   -1
 121    -6.494     7.616     0.000   34   -1   -1   -1
 122    -6.490     3.063     0.000  240   -1   -1   -1
 123    -6.458    -4.762     0.000  643   -1   -1   -1
 124    -6.403     0.143     0.000  395   -1   -1   -1
 125    -6.378    -7.830     0.000  819   -1   -1   -1
 126    -6.367    -6.603     0.000  755   -1   -1   -1
 127    -6.351     3.522     0.000  221   -1   -1   -1
 128    -6.350     4.885     0.000  157   -1   -1   -1
 129    -6.319     8.137     0.000   10   -1   -1   -1
 130    -6.310    -0.493     0.000  430   -1   -1   -1
 131    -6.300     6.409     0.000   79   -1   -1   -1
 132    -6.279    -5.814     0.000  705   -1   -1   -1
 133    -6.254     0.098     0.000  397   -1   -1   -1
 134    -6.243     0.333     0.000  387   -1   -1   -1
 135    -6.214    -1.650     0.000  500   -1   -1   -1
 136    -6.208     0.985     0.000  356   -1   -1   -1
 137    -6.204    -8.257     0.000  846   -1   -1   -1
 138    -6.189     2.501     0.000  268   -1   -1   -1
 139    -6.153     4.885     0.000  156   -1   -1   -1
 140    -6.152     3.377     0.000  226   -1   -1   -1
 141    -6.143    -7.615     0.000  806   -1   -1   -1
 142    -6.141    -5.240     0.000  668   -1   -1   -1
 143    -6.140     2.737     0.000  254   -1   -1   -1
 144    -6.086     7.354     0.000   41   -1   -1   -1
 145    -6.086     1.238     0.000  346   -1   -1   -1
 146    -6.078    -7.116     0.000  781   -1   -1   -1
 147    -6.060     6.283     0.000   84   -1   -1   -1
 148    -6.042    -1.077     0.000  468   -1   -1   -1
 149    -6.038     3.713     0.000  209   -1   -1   -1
 150    -6.005    -7.316     0.000  791   -1   -1   -1
 151    -5.989    -7.664     0.000  810   -1   -1   -1
 152    -5.964     2.483     0.000  270   -1   -1   -1
 153    -5.948     3.085     0.000  238   -1   -1   -1
 154    -5.936     6.812     0.000   65   -1   -1   -1
 155    -5.917    -0.467     0.000  428   -1   -1   -1
 156    -5.896     4.866     0.000  159   -1   -1   -1
 157    -5.889    -7.336     0.000  794   -1   -1   -1
 158    -5.873    -5.853     0.000  707   -1   -1   -1
 159    -5.872    -4.732     0.000  639   -1   -1   -1
 160    -5.844    -0.035     0.000  406   -1   -1   -1
 161    -5.819     4.706     0.000  168   -1   -1   -1
 162    -5.795    -1.647     0.000  499   -1   -1   -1
 163    -5.775    -1.881     0.000  513   -1   -1   -1
 164    -5.757    -5.811     0.000  704   -1   -1   -1
 165    -5.678     7.406     0.000   40   -1   -1   -1
 166    -5.672    -4.130     0.000  608   -1   -1   -1
 167    -5.666     1.910     0.000  313   -1   -1   -1
 168    -5.643     5.751     0.000  107   -1   -1   -1
 169    -5.627     0.738     0.000  365   -1   -1   -1
 170    -5.576     7.239     0.000   47   -1   -1   -1
 171    -5.565    -0.889     0.000  458   -1   -1   -1
 172    -5.554    -1.772     0.000  506   -1   -1   -1
 173    -5.547    -2.528     0.000  534   -1   -1   -1
 174    -5.544     0.272     0.000  389   -1   -1   -1
 175    -5.542     6.040     0.000   93   -1   -1   -1
 176    -5.528    -7.758     0.000  816   -1   -1   -1
 177    -5.524     2.667     0.000  257   -1   -1   -1
 178    -5.488    -3.113     0.000  567   -1   -1   -1
 179    -5.478    -4.918     0.000  650   -1   -1   -1
 180    -5.449     4.807     0.000  163   -1   -1   -1
 181    -5.439    -0.690     0.000  447   -1   -1   -1
 182    -5.437    -8.356     0.000  852   -1   -1   -1
 183    -5.435    -6.504     0.000  748   -1   -1   -1
 184    -5.429    -1.295     0.000  482   -1   -1   -1
 185    -5.426    -6.330     0.000  733   -1   -1   -1
 186    -5.420     5.235     0.000  140   -1   -1   -1
 187    -5.325    -3.045     0.000  565   -1   -1   -1
 188    -5.325     3.824     0.000  206   -1   -1   -1
 189    -5.321    -2.403     0.000  527   -1   -1   -1
 190    -5.313    -0.612     0.000  440   -1   -1   -1
 191    -5.312    -4.518     0.000  628   -1   -1   -1
 192    -5.259     2.065     0.000  302   -1   -1   -1
 193    -5.246    -3.828     0.000  598   -1   -1   -1
 194    -5.124    -4.686     0.000  637   -1   -1   -1
 195    -5.100    -6.668     0.000  760   -1   -1   -1
 196    -5.100    -1.751     0.000  505   -1   -1   -1
 197    -5.097     0.132     0.000  396   -1   -1   -1
 198    -5.095    -7.984     0.000  830   -1   -1   -1
 199    -5.090    -3.899     0.000  601   -1   -1   -1
 200    -5.049    -5.068     0.000  656   -1   -1   -1
 201    -5.049    -0.096     0.000  410   -1   -1   -1
 202    -5.047     7.292     0.000   44   -1   -1   -1
 203    -5.040    -4.860     0.000  646   -1   -1   -1
 204    -5.020    -0.023     0.000  405   -1   -1   -1
 205    -5.020     1.561     0.000  331   -1   -1   -1
 206    -5.006     0.523     0.000  376   -1   -1   -1
 207    -4.963     3.956     0.000  199   -1   -1   -1
 208    -4.954     5.121     0.000  143   -1   -1   -1
 209    -4.939     3.755     0.000  207   -1   -1   -1
 210    -4.935    -0.343     0.000  423   -1   -1   -1
 211    -4.912    -4.226     0.000  613   -1   -1   -1
 212    -4.889    -3.374     0.000  578   -1   -1   -1
 213    -4.887     8.384     0.000    0   -1   -1   -1
 214    -4.884     1.600     0.000  326   -1   -1   -1
 215    -4.872     8.224     0.000    7   -1   -1   -1
 216    -4.872     0.820     0.000  364   -1   -1   -1
 217    -4.853    -1.349     0.000  486   -1   -1   -1
 218    -4.850     3.856     0.000  205   -1   -1   -1
 219    -4.844     0.662     0.000  368   -1   -1   -1
 220    -4.817    -3.295     0.000  576   -1   -1   -1
 221    -4.793    -4.378     0.000  622   -1   -1   -1
 222    -4.788    -3.531     0.000  587   -1   -1   -1
 223    -4.787     0.060     0.000  399   -1   -1   -1
 224    -4.750     0.391     0.000  383   -1   -1   -1
 225    -4.715    -8.184     0.000  837   -1   -1   -1
 226    -4.697     4.553     0.000  174   -1   -1   -1
 227    -4.686     3.557     0.000  219   -1   -1   -1
 228    -4.680    -6.766     0.000  765   -1   -1   -1
 229    -4.679    -4.352     0.000  619   -1   -1   -1
 230    -4.654     2.641     0.000  259   -1   -1   -1
 231    -4.648    -5.805     0.000  702   -1   -1   -1
 232    -4.633     3.407     0.000  225   -1   -1   -1
 233    -4.631     5.784     0.000  105   -1   -1   -1
 234    -4.629     2.158     0.000  294   -1   -1   -1
 235    -4.603    -5.154     0.000  663   -1   -1   -1
 236    -4.565    -7.065     0.000  780   -1   -1   -1
 237    -4.563     2.523     0.000  266   -1   -1   -1
 238    -4.559    -3.072     0.000  566   -1   -1   -1
 239    -4.532    -5.006     0.000  654   -1   -1   -1
 240    -4.510    -5.339     0.000  674   -1   -1   -1
 241    -4.504     2.162     0.000  293   -1   -1   -1
 242    -4.502    -1.278     0.000  481   -1   -1   -1
 243    -4.495    -0.399     0.000  425   -1   -1   -1
 244    -4.476     0.596     0.000  372   -1   -1   -1
 245    -4.458    -6.378     0.000  737   -1   -1   -1
 246    -4.449    -6.248     0.000  730   -1   -1   -1
 247    -4.366     0.827     0.000  363   -1   -1   -1
 248    -4.361     3.519     0.000  222   -1   -1   -1
 249    -4.296    -0.760     0.000  450   -1   -1   -1
 250    -4.277     1.039     0.000  354   -1   -1   -1
 251    -4.269     1.125     0.000  351   -1   -1   -1
 252    -4.218     0.571     0.000  374   -1   -1   -1
 253    -4.177     7.662     0.000   30   -1   -1   -1
 254    -4.160    -4.534     0.000  630   -1   -1   -1
 255    -4.153    -6.744     0.000  763   -1   -1   -1
 256    -4.143     3.310     0.000  230   -1   -1   -1
 257    -4.136    -6.655     0.000  759   -1   -1   -1
 258    -4.133    -4.316     0.000  616   -1   -1   -1
 259    -4.103     2.610     0.000  262   -1   -1   -1
 260    -4.097    -1.422     0.000  488   -1   -1   -1
 261    -4.084    -1.685     0.000  501   -1   -1   -1
 262    -4.072    -4.586     0.000  633   -1   -1   -1
 263    -4.042     2.556     0.000  264   -1   -1   -1
 264    -4.029     5.716     0.000  110   -1   -1   -1
 265    -4.023     1.563     0.000  330   -1   -1   -1
 266    -4.015    -8.252     0.000  845   -1   -1   -1
 267    -3.998    -1.605     0.000  497   -1   -1   -1
 268    -3.995     2.038     0.000  305   -1   -1   -1
 269    -3.952    -7.578     0.000  804   -1   -1   -1
 270    -3.918     5.212     0.000  142   -1   -1   -1
 271    -3.895     5.317     0.000  130   -1   -1   -1
 272    -3.875     2.890     0.000  247   -1   -1   -1
 273    -3.830     2.157     0.000  295   -1   -1   -1
 274    -3.803    -7.848     0.000  820   -1   -1   -1
 275    -3.754    -0.531     0.000  433   -1   -1   -1
 276    -3.747     8.258     0.000    6   -1   -1   -1
 277    -3.721    -2.296     0.000  523   -1   -1   -1
 278    -3.705    -0.593     0.000  438   -1   -1   -1
 279    -3.691    -7.866     0.000  821   -1   -1   -1
 280    -3.677     0.382     0.000  384   -1   -1   -1
 281    -3.632     7.796     0.000   24   -1   -1   -1
 282    -3.615    -1.464     0.000  491   -1   -1   -1
 283    -3.583    -0.255     0.000  419   -1   -1   -1
 284    -3.582    -3.863     0.000  600   -1   -1   -1
 285    -3.554     6.074     0.000   91   -1   -1   -1
 286    -3.483     0.648     0.000  370   -1   -1   -1
 287    -3.475     2.977     0.000  245   -1   -1   -1
 288    -3.473    -3.277     0.000  575   -1   -1   -1
 289    -3.469    -4.734     0.000  640   -1   -1   -1
 290    -3.453    -4.485     0.000  627   -1   -1   -1
 291    -3.453    -1.613     0.000  498   -1   -1   -1
 292    -3.447     6.375     0.000   81   -1   -1   -1
 293    -3.434     2.175     0.000  291   -1   -1   -1
 294    -3.427    -7.695     0.000  812   -1   -1   -1
 295    -3.410    -6.538     0.000  751   -1   -1   -1
 296    -3.400     0.516     0.000  377   -1   -1   -1
 297    -3.387     7.832     0.000   21   -1   -1   -1
 298    -3.323     0.020     0.000  403   -1   -1   -1
 299    -3.319     2.426     0.000  272   -1   -1   -1
 300    -3.317     4.302     0.000  186   -1   -1   -1
 301    -3.311     5.434     0.000  127   -1   -1   -1
 302    -3.292    -8.313     0.000  848   -1   -1   -1
 303    -3.262     6.194     0.000   86   -1   -1   -1
 304    -3.245    -0.238     0.000  417   -1   -1   -1
 305    -3.199     2.230     0.000  288   -1   -1   -1
 306    -3.161    -6.463     0.000  744   -1   -1   -1
 307    -3.150     1.677     0.000  323   -1   -1   -1
 308    -3.139    -2.967     0.000  559   -1   -1   -1
 309    -3.060     7.928     0.000   18   -1   -1   -1
 310    -3.044     2.089     0.000  299   -1   -1   -1
 311    -3.023    -2.917     0.000  556   -1   -1   -1
 312    -3.022    -5.144     0.000  662   -1   -1   -1
 313    -3.019     3.065     0.000  239   -1   -1   -1
 314    -3.015    -2.114     0.000  518   -1   -1   -1
 315    -3.006    -0.864     0.000  457   -1   -1   -1
 316    -2.999    -1.163     0.000  473   -1   -1   -1
 317    -2.950    -1.186     0.000  476   -1   -1   -1
 318    -2.944    -2.887     0.000  552   -1   -1   -1
 319    -2.905    -2.753     0.000  543   -1   -1   -1
 320    -2.901    -0.642     0.000  443   -1   -1   -1
 321    -2.887    -6.907     0.000  772   -1   -1   -1
 322    -2.883    -0.527     0.000  432   -1   -1   -1
 323    -2.881     0.836     0.000  361   -1   -1   -1
 324    -2.877    -4.747     0.000  641   -1   -1   -1
 325    -2.843    -0.574     0.000  436   -1   -1   -1
 326    -2.837    -1.303     0.000  484   -1   -1   -1
 327    -2.832     1.447     0.000  335   -1   -1   -1
 328    -2.788    -3.196     0.000  572   -1   -1   -1
 329    -2.769    -0.328     0.000  421   -1   -1   -1
 330    -2.759    -3.504     0.000  586   -1   -1   -1
 331    -2.757     8.078     0.000   13   -1   -1   -1
 332    -2.738     1.564     0.000  329   -1   -1   -1
 333    -2.729     5.728     0.000  109   -1   -1   -1
 334    -2.717     6.678     0.000   69   -1   -1   -1
 335    -2.716     6.337     0.000   83   -1   -1   -1
 336    -2.703     7.104     0.000   53   -1   -1   -1
 337    -2.699    -6.781     0.000  767   -1   -1   -1
 338    -2.679     8.159     0.000    9   -1   -1   -1
 339    -2.660     3.330     0.000  228   -1   -1   -1
 340    -2.642     7.856     0.000   20   -1   -1   -1
 341    -2.623    -5.415     0.000  679   -1   -1   -1
 342    -2.605     6.441     0.000   76   -1   -1   -1
 343    -2.596    -8.207     0.000  840   -1   -1   -1
 344    -2.559    -1.172     0.000  474   -1   -1   -1
 345    -2.545     4.383     0.000  182   -1   -1   -1
 346    -2.542     0.660     0.000  369   -1   -1   -1
 347    -2.523    -3.262     0.000  574   -1   -1   -1
 348    -2.523     1.421     0.000  337   -1   -1   -1
 349    -2.513    -5.172     0.000  664   -1   -1   -1
 350    -2.468     2.357     0.000  280   -1   -1   -1
 351    -2.417    -0.381     0.000  424   -1   -1   -1
 352    -2.341    -3.167     0.000  570   -1   -1   -1
 353    -2.340     0.347     0.000  385   -1   -1   -1
 354    -2.249     5.873     0.000  100   -1   -1   -1
 355    -2.219    -5.316     0.000  673   -1   -1   -1
 356    -2.209     0.234     0.000  390   -1   -1   -1
 357    -2.199     5.220     0.000  141   -1   -1   -1
 358    -2.182     0.463     0.000  378   -1   -1   -1
 359    -2.153    -1.328     0.000  485   -1   -1   -1
 360    -2.147    -3.862     0.000  599   -1   -1   -1
 361    -2.144    -5.952     0.000  713   -1   -1   -1
 362    -2.117    -0.256     0.000  420   -1   -1   -1
 363    -2.102     5.596     0.000  118   -1   -1   -1
 364    -2.094     4.402     0.000  180   -1   -1   -1
 365    -2.039     7.976     0.000   17   -1   -1   -1
 366    -2.017    -1.744     0.000  503   -1   -1   -1
 367    -1.999    -2.207     0.000  520   -1   -1   -1
 368    -1.974     0.889     0.000  358   -1   -1   -1
 369    -1.952     5.626     0.000  116   -1   -1   -1
 370    -1.924    -5.903     0.000  710   -1   -1   -1
 371    -1.875     5.940     0.000   98   -1   -1   -1
 372    -1.840    -5.555     0.000  686   -1   -1   -1
 373    -1.789     0.594     0.000  373   -1   -1   -1
 374    -1.782     2.121     0.000  297   -1   -1   -1
 375    -1.753     5.613     0.000  117   -1   -1   -1
 376    -1.736     2.412     0.000  274   -1   -1   -1
 377    -1.725     1.158     0.000  349   -1   -1   -1
 378    -1.710    -3.678     0.000  591   -1   -1   -1
 379    -1.698    -0.938     0.000  461   -1   -1   -1
 380    -1.696    -4.423     0.000  625   -1   -1   -1
 381    -1.679     5.883     0.000   99   -1   -1   -1
 382    -1.639     2.242     0.000  287   -1   -1   -1
 383    -1.580    -8.343     0.000  851   -1   -1   -1
 384    -1.531     3.938     0.000  201   -1   -1   -1
 385    -1.526    -1.024     0.000  466   -1   -1   -1
 386    -1.460    -2.783     0.000  547   -1   -1   -1
 387    -1.447     1.859     0.000  316   -1   -1   -1
 388    -1.447    -7.129     0.000  782   -1   -1   -1
 389    -1.439    -6.206     0.000  726   -1   -1   -1
 390    -1.435    -3.641     0.000  589   -1   -1   -1
 391    -1.413    -7.914     0.000  825   -1   -1   -1
 392    -1.307     1.960     0.000  312   -1   -1   -1
 393    -1.222    -1.025     0.000  467   -1   -1   -1
 394    -1.174    -3.214     0.000  573   -1   -1   -1
 395    -1.089     2.395     0.000  277   -1   -1   -1
 396    -0.960    -1.268     0.000  479   -1   -1   -1
 397    -0.931    -2.220     0.000  522   -1   -1   -1
 398    -0.920     5.282     0.000  131   -1   -1   -1
 399    -0.871    -2.764     0.000  546   -1   -1   -1
 400    -0.818    -6.488     0.000  747   -1   -1   -1
 401    -0.789    -5.628     0.000  689   -1   -1   -1
 402    -0.783     6.387     0.000   80   -1   -1   -1
 403    -0.768    -7.552     0.000  802   -1   -1   -1
 404    -0.705    -5.764     0.000  698   -1   -1   -1
 405    -0.686     5.785     0.000  104   -1   -1   -1
 406    -0.668    -2.595     0.000  536   -1   -1   -1
 407    -0.610    -1.592     0.000  496   -1   -1   -1
 408    -0.565    -7.222     0.000  787   -1   -1   -1
 409    -0.561    -8.158     0.000  836   -1   -1   -1
 410    -0.525    -4.715     0.000  638   -1   -1   -1
 411    -0.465    -2.614     0.000  537   -1   -1   -1
 412    -0.310     1.140     0.000  350   -1   -1   -1
 413    -0.193     2.164     0.000  292   -1   -1   -1
 414    -0.170    -3.796     0.000  596   -1   -1   -1
 415    -0.166     5.269     0.000  134   -1   -1   -1
 416    -0.058     0.950     0.000  357   -1   -1   -1
 417    -0.054    -6.174     0.000  723   -1   -1   -1
 418    -0.048     2.731     0.000  255   -1   -1   -1
 419    -0.015    -1.747     0.000  504   -1   -1   -1
 420     0.280    -5.684     0.000  693   -1   -1   -1
 421     0.403    -6.919     0.000  773   -1   -1   -1
 422     0.430    -6.371     0.000  736   -1   -1   -1
 423     0.474    -7.749     0.000  815   -1   -1   -1
 424     0.571     7.694     0.000   29   -1   -1   -1
 425     0.593    -1.532     0.000  492   -1   -1   -1
 426     0.639     4.503     0.000  175   -1   -1   -1
 427     0.659     7.786     0.000   25   -1   -1   -1
 428     0.670    -6.448     0.000  740   -1   -1   -1
 429     0.703    -1.879     0.000  512   -1   -1   -1
 430     0.756    -3.461     0.000  585   -1   -1   -1
 431     0.879    -6.992     0.000  776   -1   -1   -1
 432     0.921     1.459     0.000  334   -1   -1   -1
 433     0.930     6.952     0.000   59   -1   -1   -1
 434     0.942     1.694     0.000  322   -1   -1   -1
 435     1.017    -5.380     0.000  676   -1   -1   -1
 436     1.028     4.866     0.000  160   -1   -1   -1
 437     1.056    -4.546     0.000  631   -1   -1   -1
 438     1.106     4.945     0.000  153   -1   -1   -1
 439     1.171    -6.275     0.000  731   -1   -1   -1
 440     1.188    -7.577     0.000  803   -1   -1   -1
 441     1.199     6.945     0.000   60   -1   -1   -1
 442     1.220    -7.281     0.000  789   -1   -1   -1
 443     1.229     5.690     0.000  111   -1   -1   -1
 444     1.265     3.962     0.000  198   -1   -1   -1
 445     1.287    -0.247     0.000  418   -1   -1   -1
 446     1.290    -3.589     0.000  588   -1   -1   -1
 447     1.305     7.800     0.000   22   -1   -1   -1
 448     1.324    -0.057     0.000  408   -1   -1   -1
 449     1.324    -2.494     0.000  531   -1   -1   -1
 450     1.345    -7.134     0.000  783   -1   -1   -1
 451     1.370     3.507     0.000  223   -1   -1   -1
 452     1.410    -4.354     0.000  620   -1   -1   -1
 453     1.417     1.813     0.000  317   -1   -1   -1
 454     1.424     5.832     0.000  102   -1   -1   -1
 455     1.436     7.350     0.000   42   -1   -1   -1
 456     1.454     2.464     0.000  271   -1   -1   -1
 457     1.477    -1.256     0.000  478   -1   -1   -1
 458     1.507    -5.535     0.000  685   -1   -1   -1
 459     1.541    -1.991     0.000  516   -1   -1   -1
 460     1.546    -6.564     0.000  752   -1   -1   -1
 461     1.560    -3.786     0.000  595   -1   -1   -1
 462     1.561    -0.840     0.000  455   -1   -1   -1
 463     1.583    -7.660     0.000  809   -1   -1   -1
 464     1.613     3.724     0.000  208   -1   -1   -1
 465     1.644     5.960     0.000   97   -1   -1   -1
 466     1.658    -4.773     0.000  644   -1   -1   -1
 467     1.664    -7.614     0.000  805   -1   -1   -1
 468     1.666    -6.643     0.000  758   -1   -1   -1
 469     1.689    -5.750     0.000  696   -1   -1   -1
 470     1.693     4.824     0.000  162   -1   -1   -1
 471     1.725     0.147     0.000  394   -1   -1   -1
 472     1.742    -5.636     0.000  691   -1   -1   -1
 473     1.749     2.531     0.000  265   -1   -1   -1
 474     1.777     2.721     0.000  256   -1   -1   -1
 475     1.792    -5.507     0.000  684   -1   -1   -1
 476     1.796    -3.175     0.000  571   -1   -1   -1
 477     1.798    -5.081     0.000  658   -1   -1   -1
 478     1.806     5.512     0.000  122   -1   -1   -1
 479     1.885    -0.580     0.000  437   -1   -1   -1
 480     1.890    -7.143     0.000  785   -1   -1   -1
 481     1.925    -0.337     0.000  422   -1   -1   -1
 482     1.928    -5.212     0.000  666   -1   -1   -1
 483     1.936    -6.821     0.000  768   -1   -1   -1
 484     1.937    -3.746     0.000  594   -1   -1   -1
 485     1.988    -5.740     0.000  695   -1   -1   -1
 486     1.989     3.711     0.000  210   -1   -1   -1
 487     1.990    -8.094     0.000  833   -1   -1   -1
 488     2.002     1.906     0.000  314   -1   -1   -1
 489     2.005    -2.761     0.000  545   -1   -1   -1
 490     2.035     3.305     0.000  231   -1   -1   -1
 491     2.047     5.997     0.000   96   -1   -1   -1
 492     2.072    -7.426     0.000  796   -1   -1   -1
 493     2.085     7.235     0.000   48   -1   -1   -1
 494     2.088     5.660     0.000  113   -1   -1   -1
 495     2.088    -1.146     0.000  472   -1   -1   -1
 496     2.093     6.025     0.000   95   -1   -1   -1
 497     2.123     0.334     0.000  386   -1   -1   -1
 498     2.147    -1.777     0.000  507   -1   -1   -1
 499     2.197    -6.929     0.000  774   -1   -1   -1
 500     2.251     8.337     0.000    2   -1   -1   -1
 501     2.252     5.015     0.000  148   -1   -1   -1
 502     2.266    -4.946     0.000  651   -1   -1   -1
 503     2.275     5.735     0.000  108   -1   -1   -1
 504     2.293     4.080     0.000  194   -1   -1   -1
 505     2.314     6.202     0.000   85   -1   -1   -1
 506     2.316    -8.329     0.000  849   -1   -1   -1
 507     2.318    -5.844     0.000  706   -1   -1   -1
 508     2.335     5.471     0.000  124   -1   -1   -1
 509     2.368    -5.374     0.000  675   -1   -1   -1
 510     2.368    -3.921     0.000  602   -1   -1   -1
 511     2.400     7.629     0.000   32   -1   -1   -1
 512     2.405     5.465     0.000  126   -1   -1   -1
 513     2.438     4.968     0.000  152   -1   -1   -1
 514     2.454     0.432     0.000  381   -1   -1   -1
 515     2.490     2.787     0.000  252   -1   -1   -1
 516     2.502    -4.197     0.000  610   -1   -1   -1
 517     2.550    -3.744     0.000  593   -1   -1   -1
 518     2.552    -4.440     0.000  626   -1   -1   -1
 519     2.555     6.702     0.000   68   -1   -1   -1
 520     2.570     3.673     0.000  212   -1   -1   -1
 521     2.594    -2.366     0.000  525   -1   -1   -1
 522     2.600    -3.668     0.000  590   -1   -1   -1
 523     2.622    -7.489     0.000  798   -1   -1   -1
 524     2.669     1.241     0.000  345   -1   -1   -1
 525     2.689     5.545     0.000  120   -1   -1   -1
 526     2.709     2.307     0.000  284   -1   -1   -1
 527     2.718    -5.007     0.000  655   -1   -1   -1
 528     2.726    -2.526     0.000  533   -1   -1   -1
 529     2.741    -5.876     0.000  709   -1   -1   -1
 530     2.747     4.183     0.000  190   -1   -1   -1
 531     2.772    -6.404     0.000  738   -1   -1   -1
 532     2.778     2.397     0.000  276   -1   -1   -1
 533     2.794    -0.102     0.000  411   -1   -1   -1
 534     2.796     2.095     0.000  298   -1   -1   -1
 535     2.804     7.740     0.000   27   -1   -1   -1
 536     2.816     4.881     0.000  158   -1   -1   -1
 537     2.873    -1.787     0.000  509   -1   -1   -1
 538     2.885    -7.135     0.000  784   -1   -1   -1
 539     2.898     4.241     0.000  189   -1   -1   -1
 540     2.936    -1.532     0.000  493   -1   -1   -1
 541     2.948    -0.980     0.000  464   -1   -1   -1
 542     2.957     2.015     0.000  307   -1   -1   -1
 543     2.975     5.521     0.000  121   -1   -1   -1
 544     3.020     2.882     0.000  249   -1   -1   -1
 545     3.097    -2.793     0.000  548   -1   -1   -1
 546     3.098    -5.216     0.000  667   -1   -1   -1
 547     3.115     6.104     0.000   89   -1   -1   -1
 548     3.131    -7.680     0.000  811   -1   -1   -1
 549     3.132    -7.735     0.000  814   -1   -1   -1
 550     3.132     5.561     0.000  119   -1   -1   -1
 551     3.148     6.026     0.000   94   -1   -1   -1
 552     3.175    -0.762     0.000  451   -1   -1   -1
 553     3.195     8.265     0.000    5   -1   -1   -1
 554     3.196    -4.651     0.000  636   -1   -1   -1
 555     3.213     0.853     0.000  360   -1   -1   -1
 556     3.235     3.002     0.000  243   -1   -1   -1
 557     3.273    -2.831     0.000  550   -1   -1   -1
 558     3.294     2.880     0.000  250   -1   -1   -1
 559     3.323    -2.321     0.000  524   -1   -1   -1
 560     3.360    -4.019     0.000  606   -1   -1   -1
 561     3.364    -8.212     0.000  841   -1   -1   -1
 562     3.364    -4.208     0.000  611   -1   -1   -1
 563     3.375    -5.811     0.000  703   -1   -1   -1
 564     3.377    -6.462     0.000  742   -1   -1   -1
 565     3.384     6.642     0.000   71   -1   -1   -1
 566     3.439     4.361     0.000  183   -1   -1   -1
 567     3.456     5.843     0.000  101   -1   -1   -1
 568     3.460     5.264     0.000  135   -1   -1   -1
 569     3.493    -0.510     0.000  431   -1   -1   -1
 570     3.521    -3.412     0.000  581   -1   -1   -1
 571     3.534     2.597     0.000  263   -1   -1   -1
 572     3.536    -6.350     0.000  735   -1   -1   -1
 573     3.547    -5.629     0.000  690   -1   -1   -1
 574     3.575     5.024     0.000  147   -1   -1   -1
 575     3.576    -0.049     0.000  407   -1   -1   -1
 576     3.619    -2.583     0.000  535   -1   -1   -1
 577     3.620    -1.951     0.000  515   -1   -1   -1
 578     3.625    -3.387     0.000  579   -1   -1   -1
 579     3.629     4.049     0.000  196   -1   -1   -1
 580     3.639     1.163     0.000  348   -1   -1   -1
 581     3.659     7.904     0.000   19   -1   -1   -1
 582     3.665    -2.884     0.000  551   -1   -1   -1
 583     3.690    -0.773     0.000  452   -1   -1   -1
 584     3.717    -0.600     0.000  439   -1   -1   -1
 585     3.730     0.855     0.000  359   -1   -1   -1
 586     3.744     7.707     0.000   28   -1   -1   -1
 587     3.773    -2.754     0.000  544   -1   -1   -1
 588     3.785    -7.540     0.000  801   -1   -1   -1
 589     3.787    -1.350     0.000  487   -1   -1   -1
 590     3.788    -7.628     0.000  807   -1   -1   -1
 591     3.793     4.936     0.000  154   -1   -1   -1
 592     3.793    -6.463     0.000  743   -1   -1   -1
 593     3.810     5.253     0.000  136   -1   -1   -1
 594     3.825    -5.676     0.000  692   -1   -1   -1
 595     3.878    -1.871     0.000  510   -1   -1   -1
 596     3.908     2.984     0.000  244   -1   -1   -1
 597     3.954     3.115     0.000  237   -1   -1   -1
 598     3.982    -7.770     0.000  817   -1   -1   -1
 599     4.000     8.106     0.000   11   -1   -1   -1
 600     4.002    -0.489     0.000  429   -1   -1   -1
 601     4.006     0.616     0.000  371   -1   -1   -1
 602     4.008    -5.607     0.000  687   -1   -1   -1
 603     4.013     4.918     0.000  155   -1   -1   -1
 604     4.043    -7.304     0.000  790   -1   -1   -1
 605     4.065    -7.910     0.000  824   -1   -1   -1
 606     4.108    -1.083     0.000  469   -1   -1   -1
 607     4.116    -8.337     0.000  850   -1   -1   -1
 608     4.174    -4.314     0.000  615   -1   -1   -1
 609     4.184     2.346     0.000  281   -1   -1   -1
 610     4.206     2.205     0.000  289   -1   -1   -1
 611     4.207    -5.979     0.000  715   -1   -1   -1
 612     4.221    -5.873     0.000  708   -1   -1   -1
 613     4.222    -2.219     0.000  521   -1   -1   -1
 614     4.243    -2.017     0.000  517   -1   -1   -1
 615     4.247    -6.731     0.000  762   -1   -1   -1
 616     4.255    -7.948     0.000  827   -1   -1   -1
 617     4.272    -4.373     0.000  621   -1   -1   -1
 618     4.273    -4.059     0.000  607   -1   -1   -1
 619     4.294    -6.480     0.000  746   -1   -1   -1
 620     4.301    -1.781     0.000  508   -1   -1   -1
 621     4.303     8.341     0.000    1   -1   -1   -1
 622     4.354     2.187     0.000  290   -1   -1   -1
 623     4.365    -1.583     0.000  495   -1   -1   -1
 624     4.402     4.651     0.000  171   -1   -1   -1
 625     4.409     7.799     0.000   23   -1   -1   -1
 626     4.450    -0.961     0.000  463   -1   -1   -1
 627     4.451     3.013     0.000  242   -1   -1   -1
 628     4.463     8.021     0.000   14   -1   -1   -1
 629     4.468     4.825     0.000  161   -1   -1   -1
 630     4.468    -7.032     0.000  778   -1   -1   -1
 631     4.485     6.363     0.000   82   -1   -1   -1
 632     4.487     0.059     0.000  400   -1   -1   -1
 633     4.502    -4.991     0.000  652   -1   -1   -1
 634     4.513    -4.566     0.000  632   -1   -1   -1
 635     4.536     8.010     0.000   15   -1   -1   -1
 636     4.563     6.429     0.000   78   -1   -1   -1
 637     4.581     1.884     0.000  315   -1   -1   -1
 638     4.586     2.666     0.000  258   -1   -1   -1
 639     4.588     3.331     0.000  227   -1   -1   -1
 640     4.590    -1.452     0.000  490   -1   -1   -1
 641     4.602     0.074     0.000  398   -1   -1   -1
 642     4.629     2.610     0.000  261   -1   -1   -1
 643     4.634     2.848     0.000  251   -1   -1   -1
 644     4.664    -2.661     0.000  540   -1   -1   -1
 645     4.678    -5.187     0.000  665   -1   -1   -1
 646     4.685    -3.161     0.000  569   -1   -1   -1
 647     4.750     3.058     0.000  241   -1   -1   -1
 648     4.750    -7.948     0.000  828   -1   -1   -1
 649     4.760     8.331     0.000    3   -1   -1   -1
 650     4.768    -3.678     0.000  592   -1   -1   -1
 651     4.784     4.142     0.000  191   -1   -1   -1
 652     4.808    -7.486     0.000  797   -1   -1   -1
 653     4.901     5.115     0.000  145   -1   -1   -1
 654     4.914     1.086     0.000  353   -1   -1   -1
 655     4.916     3.609     0.000  215   -1   -1   -1
 656     4.917     5.241     0.000  138   -1   -1   -1
 657     4.944     1.526     0.000  332   -1   -1   -1
 658     4.968    -2.816     0.000  549   -1   -1   -1
 659     4.980    -4.897     0.000  648   -1   -1   -1
 660     4.991    -3.448     0.000  583   -1   -1   -1
 661     5.008    -8.230     0.000  843   -1   -1   -1
 662     5.015    -6.504     0.000  749   -1   -1   -1
 663     5.031     8.095     0.000   12   -1   -1   -1
 664     5.045    -5.754     0.000  697   -1   -1   -1
 665     5.046    -5.908     0.000  711   -1   -1   -1
 666     5.065    -2.921     0.000  557   -1   -1   -1
 667     5.066    -2.636     0.000  539   -1   -1   -1
 668     5.074     2.019     0.000  306   -1   -1   -1
 669     5.076     7.207     0.000   49   -1   -1   -1
 670     5.082     6.928     0.000   61   -1   -1   -1
 671     5.156    -5.793     0.000  700   -1   -1   -1
 672     5.193     6.842     0.000   64   -1   -1   -1
 673     5.195     6.441     0.000   77   -1   -1   -1
 674     5.232     1.590     0.000  327   -1   -1   -1
 675     5.244    -3.040     0.000  564   -1   -1   -1
 676     5.267     7.079     0.000   54   -1   -1   -1
 677     5.294     2.410     0.000  275   -1   -1   -1
 678     5.356     5.819     0.000  103   -1   -1   -1
 679     5.382    -2.890     0.000  554   -1   -1   -1
 680     5.388    -7.638     0.000  808   -1   -1   -1
 681     5.405    -7.793     0.000  818   -1   -1   -1
 682     5.431     2.001     0.000  308   -1   -1   -1
 683     5.454     6.053     0.000   92   -1   -1   -1
 684     5.456     1.391     0.000  339   -1   -1   -1
 685     5.484    -7.906     0.000  823   -1   -1   -1
 686     5.504     1.417     0.000  338   -1   -1   -1
 687     5.504    -5.099     0.000  659   -1   -1   -1
 688     5.508    -6.623     0.000  757   -1   -1   -1
 689     5.522     2.057     0.000  304   -1   -1   -1
 690     5.537     4.493     0.000  176   -1   -1   -1
 691     5.577     0.048     0.000  401   -1   -1   -1
 692     5.586    -8.196     0.000  839   -1   -1   -1
 693     5.614     6.978     0.000   57   -1   -1   -1
 694     5.634     3.939     0.000  200   -1   -1   -1
 695     5.647    -0.639     0.000  442   -1   -1   -1
 696     5.674    -3.160     0.000  568   -1   -1   -1
 697     5.675    -5.804     0.000  701   -1   -1   -1
 698     5.695    -5.457     0.000  682   -1   -1   -1
 699     5.726     4.609     0.000  173   -1   -1   -1
 700     5.773    -2.438     0.000  529   -1   -1   -1
 701     5.799    -0.982     0.000  465   -1   -1   -1
 702     5.805     1.775     0.000  318   -1   -1   -1
 703     5.835    -8.016     0.000  831   -1   -1   -1
 704     5.859    -3.439     0.000  582   -1   -1   -1
 705     5.869     1.995     0.000  309   -1   -1   -1
 706     5.873    -0.748     0.000  448   -1   -1   -1
 707     5.873    -8.369     0.000  853   -1   -1   -1
 708     5.875     5.075     0.000  146   -1   -1   -1
 709     5.891    -7.332     0.000  793   -1   -1   -1
 710     5.895    -6.454     0.000  741   -1   -1   -1
 711     5.949    -4.135     0.000  609   -1   -1   -1
 712     5.963     2.741     0.000  253   -1   -1   -1
 713     5.970    -5.284     0.000  669   -1   -1   -1
 714     5.983     3.578     0.000  216   -1   -1   -1
 715     5.998     0.230     0.000  391   -1   -1   -1
 716     5.998    -4.324     0.000  617   -1   -1   -1
 717     5.999    -6.136     0.000  720   -1   -1   -1
 718     6.019    -1.710     0.000  502   -1   -1   -1
 719     6.023     4.653     0.000  170   -1   -1   -1
 720     6.027    -3.039     0.000  563   -1   -1   -1
 721     6.036    -0.465     0.000  427   -1   -1   -1
 722     6.132     1.714     0.000  321   -1   -1   -1
 723     6.170     3.872     0.000  203   -1   -1   -1
 724     6.172    -6.611     0.000  756   -1   -1   -1
 725     6.180    -4.210     0.000  612   -1   -1   -1
 726     6.188     0.295     0.000  388   -1   -1   -1
 727     6.190     3.205     0.000  234   -1   -1   -1
 728     6.240    -6.467     0.000  745   -1   -1   -1
 729     6.255     7.276     0.000   45   -1   -1   -1
 730     6.269    -2.121     0.000  519   -1   -1   -1
 731     6.284    -2.921     0.000  558   -1   -1   -1
 732     6.303    -6.520     0.000  750   -1   -1   -1
 733     6.351     2.378     0.000  279   -1   -1   -1
 734     6.377    -2.907     0.000  555   -1   -1   -1
 735     6.378    -4.256     0.000  614   -1   -1   -1
 736     6.385     7.026     0.000   56   -1   -1   -1
 737     6.438    -4.870     0.000  647   -1   -1   -1
 738     6.477    -5.942     0.000  712   -1   -1   -1
 739     6.484     4.121     0.000  192   -1   -1   -1
 740     6.490    -5.311     0.000  672   -1   -1   -1
 741     6.494     5.505     0.000  123   -1   -1   -1
 742     6.514     6.913     0.000   62   -1   -1   -1
 743     6.532     4.679     0.000  169   -1   -1   -1
 744     6.537    -1.300     0.000  483   -1   -1   -1
 745     6.565     2.142     0.000  296   -1   -1   -1
 746     6.566    -1.272     0.000  480   -1   -1   -1
 747     6.568     0.211     0.000  392   -1   -1   -1
 748     6.573    -6.039     0.000  718   -1   -1   -1
 749     6.601    -0.570     0.000  435   -1   -1   -1
 750     6.607     2.886     0.000  248   -1   -1   -1
 751     6.617    -5.122     0.000  661   -1   -1   -1
 752     6.633    -5.309     0.000  670   -1   -1   -1
 753     6.659     5.653     0.000  114   -1   -1   -1
 754     6.660    -6.201     0.000  725   -1   -1   -1
 755     6.678    -5.491     0.000  683   -1   -1   -1
 756     6.701     6.596     0.000   72   -1   -1   -1
 757     6.703     0.449     0.000  379   -1   -1   -1
 758     6.715     3.200     0.000  235   -1   -1   -1
 759     6.725    -1.873     0.000  511   -1   -1   -1
 760     6.742     3.315     0.000  229   -1   -1   -1
 761     6.742     2.070     0.000  301   -1   -1   -1
 762     6.758    -6.035     0.000  717   -1   -1   -1
 763     6.770     0.701     0.000  366   -1   -1   -1
 764     6.770    -0.557     0.000  434   -1   -1   -1
 765     6.793    -0.760     0.000  449   -1   -1   -1
 766     6.835     5.236     0.000  139   -1   -1   -1
 767     6.849    -7.956     0.000  829   -1   -1   -1
 768     6.873     3.635     0.000  213   -1   -1   -1
 769     6.882    -4.912     0.000  649   -1   -1   -1
 770     6.897    -0.899     0.000  460   -1   -1   -1
 771     6.897    -2.632     0.000  538   -1   -1   -1
 772     6.909    -0.071     0.000  409   -1   -1   -1
 773     6.920     6.188     0.000   87   -1   -1   -1
 774     6.934    -0.674     0.000  444   -1   -1   -1
 775     6.954     0.448     0.000  380   -1   -1   -1
 776     6.994    -6.581     0.000  753   -1   -1   -1
 777     6.996    -5.771     0.000  699   -1   -1   -1
 778     6.999     3.431     0.000  224   -1   -1   -1
 779     6.999    -8.420     0.000  856   -1   -1   -1
 780     7.026     2.061     0.000  303   -1   -1   -1
 781     7.041    -4.019     0.000  605   -1   -1   -1
 782     7.041    -5.976     0.000  714   -1   -1   -1
 783     7.062    -8.307     0.000  847   -1   -1   -1
 784     7.066    -0.179     0.000  416   -1   -1   -1
 785     7.129     7.555     0.000   36   -1   -1   -1
 786     7.131    -6.144     0.000  721   -1   -1   -1
 787     7.158     6.548     0.000   74   -1   -1   -1
 788     7.190     0.210     0.000  393   -1   -1   -1
 789     7.192    -3.956     0.000  604   -1   -1   -1
 790     7.241    -4.382     0.000  624   -1   -1   -1
 791     7.241     4.999     0.000  150   -1   -1   -1
 792     7.243     4.383     0.000  181   -1   -1   -1
 793     7.265     6.753     0.000   66   -1   -1   -1
 794     7.272    -0.134     0.000  412   -1   -1   -1
 795     7.275    -7.193     0.000  786   -1   -1   -1
 796     7.284     4.321     0.000  185   -1   -1   -1
 797     7.296     5.638     0.000  115   -1   -1   -1
 798     7.305    -0.138     0.000  413   -1   -1   -1
 799     7.349     3.559     0.000  218   -1   -1   -1
 800     7.351    -8.020     0.000  832   -1   -1   -1
 801     7.367     1.428     0.000  336   -1   -1   -1
 802     7.400     2.080     0.000  300   -1   -1   -1
 803     7.436    -5.727     0.000  694   -1   -1   -1
 804     7.472     5.280     0.000  132   -1   -1   -1
 805     7.474     4.793     0.000  165   -1   -1   -1
 806     7.488     4.437     0.000  177   -1   -1   -1
 807     7.498    -8.408     0.000  855   -1   -1   -1
 808     7.512    -2.888     0.000  553   -1   -1   -1
 809     7.540    -1.532     0.000  494   -1   -1   -1
 810     7.561     1.277     0.000  344   -1   -1   -1
 811     7.586     4.767     0.000  166   -1   -1   -1
 812     7.596     1.761     0.000  319   -1   -1   -1
 813     7.619     2.291     0.000  285   -1   -1   -1
 814     7.668    -8.187     0.000  838   -1   -1   -1
 815     7.687     7.749     0.000   26   -1   -1   -1
 816     7.704    -7.878     0.000  822   -1   -1   -1
 817     7.738    -2.972     0.000  560   -1   -1   -1
 818     7.750     8.265     0.000    4   -1   -1   -1
 819     7.783     1.641     0.000  325   -1   -1   -1
 820     7.790    -7.063     0.000  779   -1   -1   -1
 821     7.820    -0.845     0.000  456   -1   -1   -1
 822     7.821     6.740     0.000   67   -1   -1   -1
 823     7.883    -4.991     0.000  653   -1   -1   -1
 824     7.982    -6.768     0.000  766   -1   -1   -1
 825     7.983    -0.423     0.000  426   -1   -1   -1
 826     7.986    -6.850     0.000  769   -1   -1   -1
 827     7.996    -1.182     0.000  475   -1   -1   -1
 828     8.002    -5.622     0.000  688   -1   -1   -1
 829     8.006     1.035     0.000  355   -1   -1   -1
 830     8.052    -0.619     0.000  441   -1   -1   -1
 831     8.071     4.407     0.000  179   -1   -1   -1
 832     8.074    -1.104     0.000  471   -1   -1   -1
 833     8.077     3.169     0.000  236   -1   -1   -1
 834     8.102    -4.752     0.000  642   -1   -1   -1
 835     8.124    -4.520     0.000  629   -1   -1   -1
 836     8.146     2.509     0.000  267   -1   -1   -1
 837     8.166     4.623     0.000  172   -1   -1   -1
 838     8.170     3.246     0.000  233   -1   -1   -1
 839     8.188    -7.241     0.000  788   -1   -1   -1
 840     8.199    -6.302     0.000  732   -1   -1   -1
 841     8.204     4.804     0.000  164   -1   -1   -1
 842     8.242    -3.388     0.000  580   -1   -1   -1
 843     8.242    -6.020     0.000  716   -1   -1   -1
 844     8.242     7.272     0.000   46   -1   -1   -1
 845     8.283    -1.883     0.000  514   -1   -1   -1
 846     8.286    -7.328     0.000  792   -1   -1   -1
 847     8.306     5.277     0.000  133   -1   -1   -1
 848     8.317    -4.381     0.000  623   -1   -1   -1
 849     8.325     7.045     0.000   55   -1   -1   -1
 850     8.328     1.351     0.000  342   -1   -1   -1
 851     8.349     8.198     0.000    8   -1   -1   -1
 852     8.355     7.593     0.000   35   -1   -1   -1
 853     8.380    -8.214     0.000  842   -1   -1   -1
 854     8.382     0.681     0.000  367   -1   -1   -1
 855     8.383    -0.154     0.000  414   -1   -1   -1
 856     8.417     1.107     0.000  352   -1   -1   -1
 857     8.423    -2.468     0.000  530   -1   -1   -1
