867
   1    -8.396     7.539     0.000   39   -1   -1   -1
   2    -8.380    -6.896     0.000  773   -1   -1   -1
   3    -8.366    -3.313     0.000  573   -1   -1   -1
   4    -8.351    -8.160     0.000  849   -1   -1   -1
   5    -8.339    -4.636     0.000  636   -1   -1   -1
   6    -8.298     1.209     0.000  348   -1   -1   -1
   7    -8.286     0.541     0.000  379   -1   -1   -1
   8    -8.284    -1.581     0.000  498   -1   -1   -1
   9    -8.271     6.850     0.000   66   -1   -1   -1
  10    -8.243    -8.256     0.000  854   -1   -1   -1
  11    -8.227     4.229     0.000  192   -1   -1   -1
  12    -8.209    -7.938     0.000  832   -1   -1   -1
  13    -8.197     1.552     0.000  335   -1   -1   -1
  14    -8.172    -3.045     0.000  558   -1   -1   -1
  15    -8.170     4.421     0.000  186   -1   -1   -1
  16    -8.138     6.494     0.000   81   -1   -1   -1
  17    -8.113     2.619     0.000  279   -1   -1   -1
  18    -8.112    -2.509     0.000  535   -1   -1   -1
  19    -8.069     1.350     0.000  340   -1   -1   -1
  20    -8.052    -0.844     0.000  462   -1   -1   -1
  21    -8.037    -7.412     0.000  802   -1   -1   -1
  22    -8.034     2.239     0.000  299   -1   -1   -1
  23    -8.006    -6.258     0.000  734   -1   -1   -1
  24    -7.993     6.569     0.000   78   -1   -1   -1
  25    -7.974    -3.825     0.000  593   -1   -1   -1
  26    -7.949     5.664     0.000  119   -1   -1   -1
  27    -7.912    -0.958     0.000  469   -1   -1   -1
  28    -7.889     0.820     0.000  359   -1   -1   -1
  29    -7.881     2.322     0.000  295   -1   -1   -1
  30    -7.880    -0.180     0.000  421   -1   -1   -1
  31    -7.855    -5.337     0.000  681   -1   -1   -1
  32    -7.845     4.091     0.000  199   -1   -1   -1
  33    -7.826     3.867     0.000  212   -1   -1   -1
  34    -7.816    -6.159     0.000  726   -1   -1   -1
  35    -7.806    -4.849     0.000  647   -1   -1   -1
  36    -7.797     4.992     0.000  153   -1   -1   -1
  37    -7.793     2.490     0.000  288   -1   -1   -1
  38    -7.773    -2.757     0.000  548   -1   -1   -1
  39    -7.763    -6.261     0.000  735   -1   -1   -1
  40    -7.763    -5.132     0.000  666   -1   -1   -1
  41    -7.750     1.974     0.000  317   -1   -1   -1
  42    -7.749    -6.738     0.000  763   -1   -1   -1
  43    -7.747     5.235     0.000  138   -1   -1   -1
  44    -7.747    -4.636     0.000  637   -1   -1   -1
  45    -7.744     7.144     0.000   56   -1   -1   -1
  46    -7.714    -0.687     0.000  454   -1   -1   -1
  47    -7.694     7.120     0.000   58   -1   -1   -1
  48    -7.681     6.650     0.000   74   -1   -1   -1
  49    -7.608     4.949     0.000  155   -1   -1   -1
  50    -7.585    -6.903     0.000  774   -1   -1   -1
  51    -7.537    -0.003     0.000  409   -1   -1   -1
  52    -7.533     8.231     0.000    6   -1   -1   -1
  53    -7.531    -0.695     0.000  455   -1   -1   -1
  54    -7.499    -1.106     0.000  473   -1   -1   -1
  55    -7.473     7.994     0.000   20   -1   -1   -1
  56    -7.473     3.621     0.000  225   -1   -1   -1
  57    -7.432     3.848     0.000  215   -1   -1   -1
  58    -7.404     3.981     0.000  206   -1   -1   -1
  59    -7.403    -1.439     0.000  492   -1   -1   -1
  60    -7.379     3.679     0.000  222   -1   -1   -1
  61    -7.360    -6.209     0.000  731   -1   -1   -1
  62    -7.320    -5.102     0.000  664   -1   -1   -1
  63    -7.317    -5.411     0.000  682   -1   -1   -1
  64    -7.308     3.854     0.000  214   -1   -1   -1
  65    -7.301     5.396     0.000  131   -1   -1   -1
  66    -7.276     0.096     0.000  400   -1   -1   -1
  67    -7.253    -8.390     0.000  860   -1   -1   -1
  68    -7.245     6.139     0.000   98   -1   -1   -1
  69    -7.245     3.241     0.000  244   -1   -1   -1
  70    -7.217    -7.974     0.000  834   -1   -1   -1
  71    -7.173     7.650     0.000   33   -1   -1   -1
  72    -7.156     6.085     0.000  100   -1   -1   -1
  73    -7.154    -8.134     0.000  844   -1   -1   -1
  74    -7.146     4.738     0.000  168   -1   -1   -1
  75    -7.142     4.040     0.000  202   -1   -1   -1
  76    -7.138    -7.756     0.000  820   -1   -1   -1
  77    -7.129     7.293     0.000   47   -1   -1   -1
  78    -7.126    -2.422     0.000  527   -1   -1   -1
  79    -7.108     7.452     0.000   40   -1   -1   -1
  80    -7.092     4.987     0.000  154   -1   -1   -1
  81    -7.042    -5.435     0.000  686   -1   -1   -1
  82    -7.014     0.022     0.000  408   -1   -1   -1
  83    -7.013     1.959     0.000  318   -1   -1   -1
  84    -6.997    -6.793     0.000  768   -1   -1   -1
  85    -6.988     4.430     0.000  184   -1   -1   -1
  86    -6.979    -6.623     0.000  756   -1   -1   -1
  87    -6.974    -2.413     0.000  526   -1   -1   -1
  88    -6.972     4.335     0.000  189   -1   -1   -1
  89    -6.957    -0.390     0.000  431   -1   -1   -1
  90    -6.950     5.111     0.000  144   -1   -1   -1
  91    -6.927    -2.704     0.000  547   -1   -1   -1
  92    -6.914     5.412     0.000  130   -1   -1   -1
  93    -6.910     3.371     0.000  235   -1   -1   -1
  94    -6.896    -0.836     0.000  461   -1   -1   -1
  95    -6.895     2.893     0.000  261   -1   -1   -1
  96    -6.877    -7.040     0.000  780   -1   -1   -1
  97    -6.873    -6.475     0.000  747   -1   -1   -1
  98    -6.865    -1.217     0.000  477   -1   -1   -1
  99    -6.842     7.549     0.000   37   -1   -1   -1
 100    -6.819    -7.524     0.000  808   -1   -1   -1
 101    -6.794     1.302     0.000  345   -1   -1   -1
 102    -6.786    -5.455     0.000  687   -1   -1   -1
 103    -6.759     2.409     0.000  290   -1   -1   -1
 104    -6.740     7.624     0.000   34   -1   -1   -1
 105    -6.724    -0.886     0.000  464   -1   -1   -1
 106    -6.718     3.561     0.000  228   -1   -1   -1
 107    -6.681     1.667     0.000  328   -1   -1   -1
 108    -6.679     1.349     0.000  341   -1   -1   -1
 109    -6.634     3.541     0.000  230   -1   -1   -1
 110    -6.631     2.371     0.000  293   -1   -1   -1
 111    -6.601     5.771     0.000  113   -1   -1   -1
 112    -6.583     6.973     0.000   62   -1   -1   -1
 113    -6.582    -4.367     0.000  617   -1   -1   -1
 114    -6.550    -6.376     0.000  741   -1   -1   -1
 115    -6.535    -1.409     0.000  491   -1   -1   -1
 116    -6.509    -6.258     0.000  733   -1   -1   -1
 117    -6.506     7.613     0.000   35   -1   -1   -1
 118    -6.499     3.056     0.000  253   -1   -1   -1
 119    -6.482    -4.789     0.000  644   -1   -1   -1
 120    -6.425     0.138     0.000  398   -1   -1   -1
 121    -6.360     4.873     0.000  160   -1   -1   -1
 122    -6.341    -0.498     0.000  442   -1   -1   -1
 123    -6.340    -7.895     0.000  828   -1   -1   -1
 124    -6.337     8.135     0.000   12   -1   -1   -1
 125    -6.286    -5.857     0.000  705   -1   -1   -1
 126    -6.286     0.095     0.000  401   -1   -1   -1
 127    -6.261     0.329     0.000  390   -1   -1   -1
 128    -6.251    -1.669     0.000  501   -1   -1   -1
 129    -6.240    -7.904     0.000  829   -1   -1   -1
 130    -6.231     0.983     0.000  355   -1   -1   -1
 131    -6.199     2.494     0.000  287   -1   -1   -1
 132    -6.188    -4.603     0.000  632   -1   -1   -1
 133    -6.170     4.874     0.000  159   -1   -1   -1
 134    -6.165    -5.277     0.000  677   -1   -1   -1
 135    -6.163     3.364     0.000  236   -1   -1   -1
 136    -6.152     2.732     0.000  271   -1   -1   -1
 137    -6.139    -7.670     0.000  818   -1   -1   -1
 138    -6.104     7.350     0.000   46   -1   -1   -1
 139    -6.103     1.236     0.000  347   -1   -1   -1
 140    -6.073     6.277     0.000   94   -1   -1   -1
 141    -6.043     3.698     0.000  221   -1   -1   -1
 142    -6.020     7.843     0.000   27   -1   -1   -1
 143    -6.008    -7.770     0.000  821   -1   -1   -1
 144    -5.999    -7.346     0.000  795   -1   -1   -1
 145    -5.961     3.076     0.000  251   -1   -1   -1
 146    -5.955    -0.468     0.000  437   -1   -1   -1
 147    -5.953     6.804     0.000   68   -1   -1   -1
 148    -5.938    -6.366     0.000  740   -1   -1   -1
 149    -5.923    -7.375     0.000  800   -1   -1   -1
 150    -5.912     4.852     0.000  161   -1   -1   -1
 151    -5.909    -4.758     0.000  640   -1   -1   -1
 152    -5.885    -5.902     0.000  709   -1   -1   -1
 153    -5.874    -0.035     0.000  413   -1   -1   -1
 154    -5.867    -6.149     0.000  725   -1   -1   -1
 155    -5.853    -7.378     0.000  801   -1   -1   -1
 156    -5.847    -1.669     0.000  502   -1   -1   -1
 157    -5.834     4.697     0.000  170   -1   -1   -1
 158    -5.826     0.609     0.000  375   -1   -1   -1
 159    -5.823    -1.918     0.000  512   -1   -1   -1
 160    -5.787    -4.593     0.000  631   -1   -1   -1
 161    -5.765    -7.915     0.000  831   -1   -1   -1
 162    -5.759    -5.876     0.000  706   -1   -1   -1
 163    -5.719    -4.132     0.000  603   -1   -1   -1
 164    -5.695     7.403     0.000   43   -1   -1   -1
 165    -5.681     1.908     0.000  319   -1   -1   -1
 166    -5.666     5.744     0.000  114   -1   -1   -1
 167    -5.644     0.738     0.000  363   -1   -1   -1
 168    -5.615    -0.892     0.000  465   -1   -1   -1
 169    -5.612    -1.786     0.000  506   -1   -1   -1
 170    -5.595     7.233     0.000   53   -1   -1   -1
 171    -5.581    -2.466     0.000  531   -1   -1   -1
 172    -5.570     0.281     0.000  393   -1   -1   -1
 173    -5.562     6.028     0.000  105   -1   -1   -1
 174    -5.531     2.667     0.000  274   -1   -1   -1
 175    -5.528    -4.972     0.000  657   -1   -1   -1
 176    -5.528    -3.116     0.000  564   -1   -1   -1
 177    -5.489    -0.685     0.000  453   -1   -1   -1
 178    -5.467     4.796     0.000  164   -1   -1   -1
 179    -5.458    -7.585     0.000  810   -1   -1   -1
 180    -5.445     5.223     0.000  141   -1   -1   -1
 181    -5.419     5.266     0.000  136   -1   -1   -1
 182    -5.409    -1.383     0.000  489   -1   -1   -1
 183    -5.380    -8.147     0.000  846   -1   -1   -1
 184    -5.354    -0.605     0.000  447   -1   -1   -1
 185    -5.327     3.809     0.000  218   -1   -1   -1
 186    -5.314    -3.059     0.000  561   -1   -1   -1
 187    -5.310    -6.000     0.000  714   -1   -1   -1
 188    -5.274     2.064     0.000  309   -1   -1   -1
 189    -5.259     0.700     0.000  366   -1   -1   -1
 190    -5.244    -3.778     0.000  590   -1   -1   -1
 191    -5.240    -2.456     0.000  530   -1   -1   -1
 192    -5.203    -4.687     0.000  638   -1   -1   -1
 193    -5.194    -1.601     0.000  499   -1   -1   -1
 194    -5.148    -6.681     0.000  761   -1   -1   -1
 195    -5.128    -4.797     0.000  645   -1   -1   -1
 196    -5.112    -3.902     0.000  595   -1   -1   -1
 197    -5.098    -5.192     0.000  671   -1   -1   -1
 198    -5.094    -0.079     0.000  417   -1   -1   -1
 199    -5.061     7.282     0.000   48   -1   -1   -1
 200    -5.044    -0.012     0.000  410   -1   -1   -1
 201    -5.040     1.559     0.000  333   -1   -1   -1
 202    -5.025     0.532     0.000  380   -1   -1   -1
 203    -4.994    -3.420     0.000  580   -1   -1   -1
 204    -4.989     5.111     0.000  145   -1   -1   -1
 205    -4.985    -7.873     0.000  825   -1   -1   -1
 206    -4.966    -0.325     0.000  429   -1   -1   -1
 207    -4.959     3.927     0.000  210   -1   -1   -1
 208    -4.959    -4.353     0.000  616   -1   -1   -1
 209    -4.945     3.734     0.000  220   -1   -1   -1
 210    -4.924    -4.340     0.000  615   -1   -1   -1
 211    -4.913    -1.332     0.000  485   -1   -1   -1
 212    -4.908     8.378     0.000    0   -1   -1   -1
 213    -4.896     8.224     0.000    7   -1   -1   -1
 214    -4.881    -1.400     0.000  490   -1   -1   -1
 215    -4.880    -2.823     0.000  552   -1   -1   -1
 216    -4.876     0.678     0.000  367   -1   -1   -1
 217    -4.848    -4.298     0.000  610   -1   -1   -1
 218    -4.832     1.637     0.000  329   -1   -1   -1
 219    -4.822     3.816     0.000  216   -1   -1   -1
 220    -4.820    -5.824     0.000  704   -1   -1   -1
 221    -4.811     0.074     0.000  404   -1   -1   -1
 222    -4.806    -5.032     0.000  661   -1   -1   -1
 223    -4.790     0.410     0.000  385   -1   -1   -1
 224    -4.787    -4.315     0.000  611   -1   -1   -1
 225    -4.708     4.489     0.000  182   -1   -1   -1
 226    -4.665    -5.134     0.000  667   -1   -1   -1
 227    -4.661     5.786     0.000  111   -1   -1   -1
 228    -4.658     2.655     0.000  275   -1   -1   -1
 229    -4.646    -6.889     0.000  772   -1   -1   -1
 230    -4.643     2.192     0.000  301   -1   -1   -1
 231    -4.636     3.575     0.000  227   -1   -1   -1
 232    -4.629     3.389     0.000  234   -1   -1   -1
 233    -4.627    -4.812     0.000  646   -1   -1   -1
 234    -4.581     2.517     0.000  285   -1   -1   -1
 235    -4.564    -0.367     0.000  430   -1   -1   -1
 236    -4.499     2.171     0.000  303   -1   -1   -1
 237    -4.493     0.620     0.000  374   -1   -1   -1
 238    -4.484    -6.567     0.000  753   -1   -1   -1
 239    -4.464    -8.229     0.000  852   -1   -1   -1
 240    -4.452    -6.140     0.000  724   -1   -1   -1
 241    -4.432    -6.772     0.000  766   -1   -1   -1
 242    -4.400     0.857     0.000  358   -1   -1   -1
 243    -4.366    -4.375     0.000  618   -1   -1   -1
 244    -4.364     3.488     0.000  232   -1   -1   -1
 245    -4.341     0.653     0.000  371   -1   -1   -1
 246    -4.335    -2.778     0.000  550   -1   -1   -1
 247    -4.328     1.021     0.000  354   -1   -1   -1
 248    -4.327     7.407     0.000   42   -1   -1   -1
 249    -4.323    -4.477     0.000  625   -1   -1   -1
 250    -4.302     2.408     0.000  291   -1   -1   -1
 251    -4.296     1.159     0.000  349   -1   -1   -1
 252    -4.280     0.627     0.000  373   -1   -1   -1
 253    -4.252    -6.427     0.000  745   -1   -1   -1
 254    -4.240    -4.512     0.000  627   -1   -1   -1
 255    -4.217    -2.069     0.000  515   -1   -1   -1
 256    -4.164    -1.246     0.000  478   -1   -1   -1
 257    -4.126    -2.541     0.000  537   -1   -1   -1
 258    -4.113     3.356     0.000  237   -1   -1   -1
 259    -4.083     2.600     0.000  281   -1   -1   -1
 260    -4.082     5.744     0.000  115   -1   -1   -1
 261    -4.057     2.068     0.000  308   -1   -1   -1
 262    -4.046     1.626     0.000  331   -1   -1   -1
 263    -4.037     5.651     0.000  120   -1   -1   -1
 264    -4.035    -6.540     0.000  752   -1   -1   -1
 265    -4.012    -4.769     0.000  642   -1   -1   -1
 266    -4.010     3.259     0.000  243   -1   -1   -1
 267    -4.007    -1.499     0.000  495   -1   -1   -1
 268    -3.973    -6.209     0.000  730   -1   -1   -1
 269    -3.963     5.364     0.000  132   -1   -1   -1
 270    -3.955    -7.955     0.000  833   -1   -1   -1
 271    -3.952     5.204     0.000  142   -1   -1   -1
 272    -3.926    -7.367     0.000  798   -1   -1   -1
 273    -3.872     2.867     0.000  264   -1   -1   -1
 274    -3.836    -8.155     0.000  847   -1   -1   -1
 275    -3.802     2.183     0.000  302   -1   -1   -1
 276    -3.798    -7.318     0.000  793   -1   -1   -1
 277    -3.794    -8.194     0.000  851   -1   -1   -1
 278    -3.781     8.281     0.000    3   -1   -1   -1
 279    -3.755    -7.501     0.000  806   -1   -1   -1
 280    -3.722    -0.186     0.000  422   -1   -1   -1
 281    -3.711     7.869     0.000   26   -1   -1   -1
 282    -3.708    -2.135     0.000  518   -1   -1   -1
 283    -3.699    -1.311     0.000  483   -1   -1   -1
 284    -3.684    -3.699     0.000  584   -1   -1   -1
 285    -3.674    -7.257     0.000  790   -1   -1   -1
 286    -3.658     7.818     0.000   28   -1   -1   -1
 287    -3.646    -4.628     0.000  635   -1   -1   -1
 288    -3.632    -4.386     0.000  620   -1   -1   -1
 289    -3.597     0.809     0.000  360   -1   -1   -1
 290    -3.520     8.195     0.000    9   -1   -1   -1
 291    -3.508     6.380     0.000   87   -1   -1   -1
 292    -3.484     2.961     0.000  259   -1   -1   -1
 293    -3.437    -8.419     0.000  864   -1   -1   -1
 294    -3.424     0.087     0.000  403   -1   -1   -1
 295    -3.404     7.889     0.000   25   -1   -1   -1
 296    -3.393    -2.599     0.000  540   -1   -1   -1
 297    -3.362     0.022     0.000  407   -1   -1   -1
 298    -3.359     0.238     0.000  394   -1   -1   -1
 299    -3.343    -2.646     0.000  544   -1   -1   -1
 300    -3.324     0.882     0.000  357   -1   -1   -1
 301    -3.323     3.928     0.000  209   -1   -1   -1
 302    -3.316     5.452     0.000  129   -1   -1   -1
 303    -3.303     2.655     0.000  276   -1   -1   -1
 304    -3.260     4.619     0.000  176   -1   -1   -1
 305    -3.227    -2.764     0.000  549   -1   -1   -1
 306    -3.195     2.541     0.000  284   -1   -1   -1
 307    -3.165    -6.067     0.000  718   -1   -1   -1
 308    -3.135     0.341     0.000  389   -1   -1   -1
 309    -3.110     2.484     0.000  289   -1   -1   -1
 310    -3.096    -4.579     0.000  630   -1   -1   -1
 311    -3.091     2.002     0.000  314   -1   -1   -1
 312    -3.091     6.150     0.000   96   -1   -1   -1
 313    -3.088     3.884     0.000  211   -1   -1   -1
 314    -3.085     3.013     0.000  255   -1   -1   -1
 315    -3.058    -7.646     0.000  815   -1   -1   -1
 316    -3.058     7.998     0.000   19   -1   -1   -1
 317    -3.048    -3.376     0.000  575   -1   -1   -1
 318    -3.045    -5.949     0.000  710   -1   -1   -1
 319    -3.037    -0.433     0.000  433   -1   -1   -1
 320    -2.925    -5.746     0.000  697   -1   -1   -1
 321    -2.917    -0.248     0.000  428   -1   -1   -1
 322    -2.903    -2.796     0.000  551   -1   -1   -1
 323    -2.897     4.559     0.000  181   -1   -1   -1
 324    -2.893    -6.405     0.000  743   -1   -1   -1
 325    -2.845    -3.272     0.000  570   -1   -1   -1
 326    -2.831     7.188     0.000   55   -1   -1   -1
 327    -2.818     7.978     0.000   21   -1   -1   -1
 328    -2.805     2.651     0.000  277   -1   -1   -1
 329    -2.789    -0.491     0.000  441   -1   -1   -1
 330    -2.762    -7.995     0.000  837   -1   -1   -1
 331    -2.716     5.718     0.000  118   -1   -1   -1
 332    -2.708     6.424     0.000   85   -1   -1   -1
 333    -2.694     3.491     0.000  231   -1   -1   -1
 334    -2.676    -6.181     0.000  728   -1   -1   -1
 335    -2.670     6.723     0.000   73   -1   -1   -1
 336    -2.652    -4.870     0.000  652   -1   -1   -1
 337    -2.628    -8.054     0.000  840   -1   -1   -1
 338    -2.615    -4.562     0.000  629   -1   -1   -1
 339    -2.569     0.220     0.000  396   -1   -1   -1
 340    -2.554     8.208     0.000    8   -1   -1   -1
 341    -2.544    -7.593     0.000  811   -1   -1   -1
 342    -2.476     7.919     0.000   23   -1   -1   -1
 343    -2.470     8.181     0.000   11   -1   -1   -1
 344    -2.450    -3.636     0.000  583   -1   -1   -1
 345    -2.432     1.869     0.000  322   -1   -1   -1
 346    -2.428    -3.720     0.000  585   -1   -1   -1
 347    -2.416    -1.135     0.000  474   -1   -1   -1
 348    -2.408     0.675     0.000  368   -1   -1   -1
 349    -2.393    -5.217     0.000  673   -1   -1   -1
 350    -2.385    -6.274     0.000  736   -1   -1   -1
 351    -2.380    -6.645     0.000  759   -1   -1   -1
 352    -2.317     1.040     0.000  352   -1   -1   -1
 353    -2.264    -3.345     0.000  574   -1   -1   -1
 354    -2.261     2.817     0.000  268   -1   -1   -1
 355    -2.256    -7.415     0.000  803   -1   -1   -1
 356    -2.233     5.724     0.000  117   -1   -1   -1
 357    -2.213     1.347     0.000  342   -1   -1   -1
 358    -2.199    -4.609     0.000  633   -1   -1   -1
 359    -2.160    -2.423     0.000  528   -1   -1   -1
 360    -2.157     5.013     0.000  150   -1   -1   -1
 361    -2.122    -2.286     0.000  524   -1   -1   -1
 362    -2.109    -2.080     0.000  516   -1   -1   -1
 363    -2.086     6.622     0.000   76   -1   -1   -1
 364    -2.063    -7.039     0.000  779   -1   -1   -1
 365    -2.001     6.308     0.000   92   -1   -1   -1
 366    -1.956     1.556     0.000  334   -1   -1   -1
 367    -1.889    -0.060     0.000  416   -1   -1   -1
 368    -1.853    -6.743     0.000  765   -1   -1   -1
 369    -1.801     6.426     0.000   84   -1   -1   -1
 370    -1.783     0.729     0.000  364   -1   -1   -1
 371    -1.780    -4.975     0.000  658   -1   -1   -1
 372    -1.756     6.340     0.000   90   -1   -1   -1
 373    -1.742    -6.526     0.000  751   -1   -1   -1
 374    -1.741     3.265     0.000  242   -1   -1   -1
 375    -1.734     4.160     0.000  196   -1   -1   -1
 376    -1.709     1.876     0.000  321   -1   -1   -1
 377    -1.640    -3.069     0.000  562   -1   -1   -1
 378    -1.640    -6.114     0.000  721   -1   -1   -1
 379    -1.611    -3.226     0.000  569   -1   -1   -1
 380    -1.608    -7.218     0.000  789   -1   -1   -1
 381    -1.584    -3.894     0.000  594   -1   -1   -1
 382    -1.568     3.235     0.000  246   -1   -1   -1
 383    -1.512    -0.450     0.000  435   -1   -1   -1
 384    -1.439     2.300     0.000  297   -1   -1   -1
 385    -1.267    -2.234     0.000  521   -1   -1   -1
 386    -1.239    -8.167     0.000  850   -1   -1   -1
 387    -1.228     4.197     0.000  194   -1   -1   -1
 388    -1.215     2.672     0.000  273   -1   -1   -1
 389    -1.170    -5.182     0.000  670   -1   -1   -1
 390    -1.113    -4.853     0.000  649   -1   -1   -1
 391    -1.110    -6.734     0.000  762   -1   -1   -1
 392    -1.072     3.331     0.000  238   -1   -1   -1
 393    -0.990     3.762     0.000  219   -1   -1   -1
 394    -0.797    -0.522     0.000  443   -1   -1   -1
 395    -0.788    -5.156     0.000  668   -1   -1   -1
 396    -0.749    -7.840     0.000  822   -1   -1   -1
 397    -0.711     7.265     0.000   50   -1   -1   -1
 398    -0.690    -4.191     0.000  606   -1   -1   -1
 399    -0.650    -3.747     0.000  587   -1   -1   -1
 400    -0.642    -6.643     0.000  758   -1   -1   -1
 401    -0.528    -4.338     0.000  614   -1   -1   -1
 402    -0.514    -3.762     0.000  588   -1   -1   -1
 403    -0.483    -5.789     0.000  700   -1   -1   -1
 404    -0.402    -3.223     0.000  568   -1   -1   -1
 405    -0.382    -7.604     0.000  812   -1   -1   -1
 406    -0.269    -2.349     0.000  525   -1   -1   -1
 407    -0.238    -7.108     0.000  783   -1   -1   -1
 408    -0.229    -6.572     0.000  754   -1   -1   -1
 409    -0.141     4.172     0.000  195   -1   -1   -1
 410    -0.137    -7.567     0.000  809   -1   -1   -1
 411    -0.055    -0.247     0.000  427   -1   -1   -1
 412     0.063    -6.074     0.000  719   -1   -1   -1
 413     0.195    -7.437     0.000  804   -1   -1   -1
 414     0.197     4.609     0.000  178   -1   -1   -1
 415     0.198     1.843     0.000  323   -1   -1   -1
 416     0.259    -4.852     0.000  648   -1   -1   -1
 417     0.541    -4.734     0.000  639   -1   -1   -1
 418     0.547     3.816     0.000  217   -1   -1   -1
 419     0.556    -6.291     0.000  737   -1   -1   -1
 420     0.582    -1.488     0.000  494   -1   -1   -1
 421     0.611     5.986     0.000  106   -1   -1   -1
 422     0.671    -5.887     0.000  708   -1   -1   -1
 423     0.725    -0.702     0.000  456   -1   -1   -1
 424     0.740    -4.092     0.000  602   -1   -1   -1
 425     0.750    -4.771     0.000  643   -1   -1   -1
 426     0.768    -2.257     0.000  523   -1   -1   -1
 427     0.816     0.395     0.000  386   -1   -1   -1
 428     0.943    -7.892     0.000  827   -1   -1   -1
 429     0.965    -2.540     0.000  536   -1   -1   -1
 430     1.042     6.113     0.000   99   -1   -1   -1
 431     1.045    -1.365     0.000  486   -1   -1   -1
 432     1.047    -0.207     0.000  424   -1   -1   -1
 433     1.071    -6.963     0.000  776   -1   -1   -1
 434     1.096    -5.074     0.000  662   -1   -1   -1
 435     1.097     2.965     0.000  258   -1   -1   -1
 436     1.108    -2.472     0.000  532   -1   -1   -1
 437     1.130    -7.142     0.000  785   -1   -1   -1
 438     1.131     2.316     0.000  296   -1   -1   -1
 439     1.152     5.857     0.000  109   -1   -1   -1
 440     1.176     2.792     0.000  270   -1   -1   -1
 441     1.189    -3.765     0.000  589   -1   -1   -1
 442     1.263    -6.807     0.000  769   -1   -1   -1
 443     1.269    -0.443     0.000  434   -1   -1   -1
 444     1.269    -4.384     0.000  619   -1   -1   -1
 445     1.294    -2.547     0.000  538   -1   -1   -1
 446     1.309    -0.219     0.000  425   -1   -1   -1
 447     1.310     0.471     0.000  382   -1   -1   -1
 448     1.335     3.947     0.000  207   -1   -1   -1
 449     1.360    -7.997     0.000  838   -1   -1   -1
 450     1.405     4.011     0.000  205   -1   -1   -1
 451     1.413    -8.334     0.000  859   -1   -1   -1
 452     1.424     7.390     0.000   44   -1   -1   -1
 453     1.449    -0.459     0.000  436   -1   -1   -1
 454     1.456    -5.812     0.000  703   -1   -1   -1
 455     1.470     3.089     0.000  250   -1   -1   -1
 456     1.488    -4.138     0.000  604   -1   -1   -1
 457     1.537    -3.155     0.000  566   -1   -1   -1
 458     1.539     7.922     0.000   22   -1   -1   -1
 459     1.604    -4.864     0.000  651   -1   -1   -1
 460     1.644     0.562     0.000  377   -1   -1   -1
 461     1.649    -1.686     0.000  503   -1   -1   -1
 462     1.668     2.599     0.000  282   -1   -1   -1
 463     1.680    -5.018     0.000  660   -1   -1   -1
 464     1.699    -6.774     0.000  767   -1   -1   -1
 465     1.700    -3.919     0.000  597   -1   -1   -1
 466     1.719    -0.015     0.000  411   -1   -1   -1
 467     1.723    -4.945     0.000  656   -1   -1   -1
 468     1.725    -5.990     0.000  712   -1   -1   -1
 469     1.736     1.496     0.000  337   -1   -1   -1
 470     1.753     7.375     0.000   45   -1   -1   -1
 471     1.772    -7.170     0.000  786   -1   -1   -1
 472     1.774     0.364     0.000  388   -1   -1   -1
 473     1.785     5.009     0.000  151   -1   -1   -1
 474     1.814    -4.467     0.000  624   -1   -1   -1
 475     1.838     0.705     0.000  365   -1   -1   -1
 476     1.853     0.484     0.000  381   -1   -1   -1
 477     1.865    -3.146     0.000  565   -1   -1   -1
 478     1.874    -6.937     0.000  775   -1   -1   -1
 479     1.897     5.724     0.000  116   -1   -1   -1
 480     1.921    -5.236     0.000  674   -1   -1   -1
 481     1.963     6.297     0.000   93   -1   -1   -1
 482     1.986     2.883     0.000  262   -1   -1   -1
 483     1.990    -4.446     0.000  623   -1   -1   -1
 484     1.995     0.367     0.000  387   -1   -1   -1
 485     2.009     4.038     0.000  203   -1   -1   -1
 486     2.031     6.327     0.000   91   -1   -1   -1
 487     2.040     4.426     0.000  185   -1   -1   -1
 488     2.064    -5.090     0.000  663   -1   -1   -1
 489     2.070    -7.524     0.000  807   -1   -1   -1
 490     2.113     0.955     0.000  356   -1   -1   -1
 491     2.113     7.253     0.000   52   -1   -1   -1
 492     2.122    -1.370     0.000  487   -1   -1   -1
 493     2.135     6.081     0.000  101   -1   -1   -1
 494     2.143    -4.041     0.000  601   -1   -1   -1
 495     2.146    -0.668     0.000  450   -1   -1   -1
 496     2.175    -0.482     0.000  440   -1   -1   -1
 497     2.180    -7.875     0.000  826   -1   -1   -1
 498     2.193    -7.021     0.000  777   -1   -1   -1
 499     2.194     4.326     0.000  190   -1   -1   -1
 500     2.195     5.775     0.000  112   -1   -1   -1
 501     2.216     6.399     0.000   86   -1   -1   -1
 502     2.246    -1.879     0.000  509   -1   -1   -1
 503     2.289    -7.850     0.000  824   -1   -1   -1
 504     2.302    -3.309     0.000  571   -1   -1   -1
 505     2.328     5.129     0.000  143   -1   -1   -1
 506     2.329    -5.429     0.000  684   -1   -1   -1
 507     2.348     5.869     0.000  107   -1   -1   -1
 508     2.349     6.029     0.000  104   -1   -1   -1
 509     2.377    -3.394     0.000  577   -1   -1   -1
 510     2.409     0.642     0.000  372   -1   -1   -1
 511     2.409     5.612     0.000  124   -1   -1   -1
 512     2.410    -1.289     0.000  480   -1   -1   -1
 513     2.417    -1.865     0.000  508   -1   -1   -1
 514     2.427     4.064     0.000  200   -1   -1   -1
 515     2.439    -3.825     0.000  592   -1   -1   -1
 516     2.497    -3.408     0.000  579   -1   -1   -1
 517     2.518    -3.310     0.000  572   -1   -1   -1
 518     2.519     3.678     0.000  223   -1   -1   -1
 519     2.551     4.035     0.000  204   -1   -1   -1
 520     2.572    -5.255     0.000  676   -1   -1   -1
 521     2.598     6.798     0.000   69   -1   -1   -1
 522     2.625     2.796     0.000  269   -1   -1   -1
 523     2.632     2.169     0.000  304   -1   -1   -1
 524     2.644     4.883     0.000  158   -1   -1   -1
 525     2.684     8.058     0.000   16   -1   -1   -1
 526     2.687     7.446     0.000   41   -1   -1   -1
 527     2.743     5.643     0.000  122   -1   -1   -1
 528     2.764    -8.072     0.000  843   -1   -1   -1
 529     2.834    -0.059     0.000  415   -1   -1   -1
 530     2.847    -6.496     0.000  750   -1   -1   -1
 531     2.855    -1.509     0.000  496   -1   -1   -1
 532     2.876     6.348     0.000   89   -1   -1   -1
 533     2.896    -1.664     0.000  500   -1   -1   -1
 534     2.898     4.671     0.000  171   -1   -1   -1
 535     2.900     0.065     0.000  405   -1   -1   -1
 536     2.910    -5.238     0.000  675   -1   -1   -1
 537     2.911     5.048     0.000  148   -1   -1   -1
 538     2.912    -6.131     0.000  722   -1   -1   -1
 539     2.949     7.130     0.000   57   -1   -1   -1
 540     2.997    -2.624     0.000  542   -1   -1   -1
 541     3.042     5.573     0.000  126   -1   -1   -1
 542     3.045    -1.188     0.000  475   -1   -1   -1
 543     3.056    -7.323     0.000  794   -1   -1   -1
 544     3.095    -2.030     0.000  514   -1   -1   -1
 545     3.112     2.851     0.000  266   -1   -1   -1
 546     3.113     6.140     0.000   97   -1   -1   -1
 547     3.138    -7.191     0.000  787   -1   -1   -1
 548     3.159    -3.908     0.000  596   -1   -1   -1
 549     3.161     4.214     0.000  193   -1   -1   -1
 550     3.175     6.059     0.000  102   -1   -1   -1
 551     3.177     5.607     0.000  125   -1   -1   -1
 552     3.209     8.244     0.000    5   -1   -1   -1
 553     3.218    -7.374     0.000  799   -1   -1   -1
 554     3.229    -8.397     0.000  861   -1   -1   -1
 555     3.245    -4.140     0.000  605   -1   -1   -1
 556     3.250    -1.312     0.000  484   -1   -1   -1
 557     3.271     2.609     0.000  280   -1   -1   -1
 558     3.333     2.979     0.000  257   -1   -1   -1
 559     3.349    -5.502     0.000  690   -1   -1   -1
 560     3.386     2.854     0.000  265   -1   -1   -1
 561     3.400     6.641     0.000   75   -1   -1   -1
 562     3.404    -2.168     0.000  519   -1   -1   -1
 563     3.448     1.327     0.000  344   -1   -1   -1
 564     3.473    -0.927     0.000  468   -1   -1   -1
 565     3.480     5.861     0.000  108   -1   -1   -1
 566     3.509    -6.196     0.000  729   -1   -1   -1
 567     3.525    -5.602     0.000  692   -1   -1   -1
 568     3.541    -0.481     0.000  439   -1   -1   -1
 569     3.545    -4.623     0.000  634   -1   -1   -1
 570     3.551     5.296     0.000  133   -1   -1   -1
 571     3.577    -3.548     0.000  582   -1   -1   -1
 572     3.584    -3.058     0.000  560   -1   -1   -1
 573     3.610    -0.048     0.000  414   -1   -1   -1
 574     3.630     5.030     0.000  149   -1   -1   -1
 575     3.641    -6.093     0.000  720   -1   -1   -1
 576     3.654     2.587     0.000  283   -1   -1   -1
 577     3.668    -7.033     0.000  778   -1   -1   -1
 578     3.675     7.904     0.000   24   -1   -1   -1
 579     3.680    -5.423     0.000  683   -1   -1   -1
 580     3.690    -6.422     0.000  744   -1   -1   -1
 581     3.695     4.047     0.000  201   -1   -1   -1
 582     3.705    -2.177     0.000  520   -1   -1   -1
 583     3.739    -1.862     0.000  507   -1   -1   -1
 584     3.741    -2.622     0.000  541   -1   -1   -1
 585     3.760     7.709     0.000   32   -1   -1   -1
 586     3.767    -0.577     0.000  445   -1   -1   -1
 587     3.769    -1.058     0.000  472   -1   -1   -1
 588     3.781    -2.245     0.000  522   -1   -1   -1
 589     3.789    -7.660     0.000  816   -1   -1   -1
 590     3.816    -6.040     0.000  716   -1   -1   -1
 591     3.816     6.732     0.000   72   -1   -1   -1
 592     3.841     4.933     0.000  156   -1   -1   -1
 593     3.854    -0.712     0.000  457   -1   -1   -1
 594     3.854     5.254     0.000  137   -1   -1   -1
 595     3.874     0.088     0.000  402   -1   -1   -1
 596     3.878    -1.293     0.000  481   -1   -1   -1
 597     3.921    -2.580     0.000  539   -1   -1   -1
 598     3.930    -7.488     0.000  805   -1   -1   -1
 599     3.961    -7.355     0.000  796   -1   -1   -1
 600     3.969     4.113     0.000  198   -1   -1   -1
 601     3.978     2.926     0.000  260   -1   -1   -1
 602     3.985    -5.554     0.000  691   -1   -1   -1
 603     4.004    -8.157     0.000  848   -1   -1   -1
 604     4.017     0.670     0.000  370   -1   -1   -1
 605     4.018     3.071     0.000  252   -1   -1   -1
 606     4.018     8.103     0.000   14   -1   -1   -1
 607     4.020    -7.697     0.000  819   -1   -1   -1
 608     4.031    -0.023     0.000  412   -1   -1   -1
 609     4.058     4.917     0.000  157   -1   -1   -1
 610     4.060    -4.215     0.000  607   -1   -1   -1
 611     4.081    -8.045     0.000  839   -1   -1   -1
 612     4.089    -7.085     0.000  782   -1   -1   -1
 613     4.175    -1.014     0.000  471   -1   -1   -1
 614     4.188    -8.399     0.000  863   -1   -1   -1
 615     4.251     2.227     0.000  300   -1   -1   -1
 616     4.257     4.708     0.000  169   -1   -1   -1
 617     4.290    -5.726     0.000  694   -1   -1   -1
 618     4.310    -2.003     0.000  513   -1   -1   -1
 619     4.318     8.337     0.000    1   -1   -1   -1
 620     4.323    -5.880     0.000  707   -1   -1   -1
 621     4.382    -1.734     0.000  505   -1   -1   -1
 622     4.424     7.794     0.000   29   -1   -1   -1
 623     4.430     4.649     0.000  173   -1   -1   -1
 624     4.462     2.992     0.000  256   -1   -1   -1
 625     4.464     0.756     0.000  362   -1   -1   -1
 626     4.481     8.018     0.000   17   -1   -1   -1
 627     4.485    -0.897     0.000  466   -1   -1   -1
 628     4.507     4.814     0.000  162   -1   -1   -1
 629     4.511     0.052     0.000  406   -1   -1   -1
 630     4.511     6.366     0.000   88   -1   -1   -1
 631     4.529    -8.399     0.000  862   -1   -1   -1
 632     4.548    -4.914     0.000  654   -1   -1   -1
 633     4.556     8.006     0.000   18   -1   -1   -1
 634     4.566     0.545     0.000  378   -1   -1   -1
 635     4.590     6.429     0.000   82   -1   -1   -1
 636     4.599     2.648     0.000  278   -1   -1   -1
 637     4.607    -3.003     0.000  557   -1   -1   -1
 638     4.621     3.312     0.000  239   -1   -1   -1
 639     4.632     1.886     0.000  320   -1   -1   -1
 640     4.636    -1.442     0.000  493   -1   -1   -1
 641     4.656     2.824     0.000  267   -1   -1   -1
 642     4.661    -7.115     0.000  784   -1   -1   -1
 643     4.664     0.577     0.000  376   -1   -1   -1
 644     4.669    -3.729     0.000  586   -1   -1   -1
 645     4.708    -5.172     0.000  669   -1   -1   -1
 646     4.725     0.766     0.000  361   -1   -1   -1
 647     4.764    -6.861     0.000  770   -1   -1   -1
 648     4.777     8.329     0.000    2   -1   -1   -1
 649     4.778     3.035     0.000  254   -1   -1   -1
 650     4.783    -7.283     0.000  792   -1   -1   -1
 651     4.817     4.130     0.000  197   -1   -1   -1
 652     4.823     1.127     0.000  350   -1   -1   -1
 653     4.837    -2.652     0.000  545   -1   -1   -1
 654     4.875    -3.385     0.000  576   -1   -1   -1
 655     4.900    -8.261     0.000  855   -1   -1   -1
 656     4.930     5.109     0.000  146   -1   -1   -1
 657     4.932     3.589     0.000  226   -1   -1   -1
 658     4.942     5.231     0.000  139   -1   -1   -1
 659     4.981     0.329     0.000  391   -1   -1   -1
 660     4.984    -5.199     0.000  672   -1   -1   -1
 661     4.985    -4.479     0.000  626   -1   -1   -1
 662     4.992     1.501     0.000  336   -1   -1   -1
 663     4.994     3.311     0.000  240   -1   -1   -1
 664     5.008    -2.848     0.000  553   -1   -1   -1
 665     5.010    -4.860     0.000  650   -1   -1   -1
 666     5.029    -8.436     0.000  865   -1   -1   -1
 667     5.043     8.113     0.000   13   -1   -1   -1
 668     5.048     8.073     0.000   15   -1   -1   -1
 669     5.076    -3.965     0.000  598   -1   -1   -1
 670     5.076    -5.742     0.000  695   -1   -1   -1
 671     5.093     7.203     0.000   54   -1   -1   -1
 672     5.096     2.004     0.000  313   -1   -1   -1
 673     5.098     6.922     0.000   64   -1   -1   -1
 674     5.105    -2.659     0.000  546   -1   -1   -1
 675     5.127    -6.481     0.000  748   -1   -1   -1
 676     5.156    -5.794     0.000  701   -1   -1   -1
 677     5.210     6.429     0.000   83   -1   -1   -1
 678     5.212     6.840     0.000   67   -1   -1   -1
 679     5.238    -2.497     0.000  534   -1   -1   -1
 680     5.255     1.573     0.000  332   -1   -1   -1
 681     5.285    -3.070     0.000  563   -1   -1   -1
 682     5.291     7.086     0.000   59   -1   -1   -1
 683     5.311     2.392     0.000  292   -1   -1   -1
 684     5.379     5.815     0.000  110   -1   -1   -1
 685     5.420    -2.919     0.000  555   -1   -1   -1
 686     5.422    -7.843     0.000  823   -1   -1   -1
 687     5.429    -7.608     0.000  813   -1   -1   -1
 688     5.447     1.989     0.000  315   -1   -1   -1
 689     5.452    -5.765     0.000  698   -1   -1   -1
 690     5.473     6.046     0.000  103   -1   -1   -1
 691     5.473     1.375     0.000  339   -1   -1   -1
 692     5.541     2.043     0.000  312   -1   -1   -1
 693     5.559     4.483     0.000  183   -1   -1   -1
 694     5.592    -8.145     0.000  845   -1   -1   -1
 695     5.616    -6.649     0.000  760   -1   -1   -1
 696     5.629     6.972     0.000   63   -1   -1   -1
 697     5.654     3.928     0.000  208   -1   -1   -1
 698     5.667    -0.643     0.000  449   -1   -1   -1
 699     5.693    -3.177     0.000  567   -1   -1   -1
 700     5.736    -5.794     0.000  702   -1   -1   -1
 701     5.738    -5.456     0.000  688   -1   -1   -1
 702     5.746     4.599     0.000  179   -1   -1   -1
 703     5.798    -8.055     0.000  842   -1   -1   -1
 704     5.805    -2.448     0.000  529   -1   -1   -1
 705     5.819     1.760     0.000  324   -1   -1   -1
 706     5.832    -0.992     0.000  470   -1   -1   -1
 707     5.872    -3.457     0.000  581   -1   -1   -1
 708     5.884    -8.325     0.000  858   -1   -1   -1
 709     5.885    -0.750     0.000  459   -1   -1   -1
 710     5.885    -7.990     0.000  836   -1   -1   -1
 711     5.888     1.981     0.000  316   -1   -1   -1
 712     5.891     5.063     0.000  147   -1   -1   -1
 713     5.945    -6.365     0.000  739   -1   -1   -1
 714     5.959    -6.466     0.000  746   -1   -1   -1
 715     5.979     2.728     0.000  272   -1   -1   -1
 716     6.005    -5.288     0.000  678   -1   -1   -1
 717     6.015     0.224     0.000  395   -1   -1   -1
 718     6.023    -4.332     0.000  612   -1   -1   -1
 719     6.041    -1.720     0.000  504   -1   -1   -1
 720     6.044     4.644     0.000  175   -1   -1   -1
 721     6.045    -0.473     0.000  438   -1   -1   -1
 722     6.050    -3.055     0.000  559   -1   -1   -1
 723     6.051    -6.138     0.000  723   -1   -1   -1
 724     6.064    -5.430     0.000  685   -1   -1   -1
 725     6.145     1.702     0.000  327   -1   -1   -1
 726     6.154     6.540     0.000   79   -1   -1   -1
 727     6.169    -4.335     0.000  613   -1   -1   -1
 728     6.189     3.862     0.000  213   -1   -1   -1
 729     6.192     4.647     0.000  174   -1   -1   -1
 730     6.199    -4.217     0.000  608   -1   -1   -1
 731     6.205     0.284     0.000  392   -1   -1   -1
 732     6.206     3.194     0.000  247   -1   -1   -1
 733     6.235    -6.635     0.000  757   -1   -1   -1
 734     6.269     7.273     0.000   49   -1   -1   -1
 735     6.294    -6.484     0.000  749   -1   -1   -1
 736     6.295    -2.133     0.000  517   -1   -1   -1
 737     6.302    -2.933     0.000  556   -1   -1   -1
 738     6.369     2.364     0.000  294   -1   -1   -1
 739     6.395     7.019     0.000   61   -1   -1   -1
 740     6.396    -4.265     0.000  609   -1   -1   -1
 741     6.462    -1.371     0.000  488   -1   -1   -1
 742     6.466    -4.878     0.000  653   -1   -1   -1
 743     6.514    -5.952     0.000  711   -1   -1   -1
 744     6.516     5.507     0.000  128   -1   -1   -1
 745     6.525    -5.313     0.000  679   -1   -1   -1
 746     6.533     6.912     0.000   65   -1   -1   -1
 747     6.548     4.671     0.000  172   -1   -1   -1
 748     6.554    -1.309     0.000  482   -1   -1   -1
 749     6.579     2.131     0.000  305   -1   -1   -1
 750     6.589    -1.280     0.000  479   -1   -1   -1
 751     6.615    -0.580     0.000  446   -1   -1   -1
 752     6.621     2.876     0.000  263   -1   -1   -1
 753     6.646    -5.129     0.000  665   -1   -1   -1
 754     6.665    -5.319     0.000  680   -1   -1   -1
 755     6.672     5.645     0.000  121   -1   -1   -1
 756     6.697    -6.212     0.000  732   -1   -1   -1
 757     6.706    -5.493     0.000  689   -1   -1   -1
 758     6.713     6.587     0.000   77   -1   -1   -1
 759     6.716     0.438     0.000  384   -1   -1   -1
 760     6.734     3.189     0.000  248   -1   -1   -1
 761     6.748    -1.881     0.000  510   -1   -1   -1
 762     6.753     3.306     0.000  241   -1   -1   -1
 763     6.757     2.059     0.000  310   -1   -1   -1
 764     6.782    -0.566     0.000  444   -1   -1   -1
 765     6.793    -6.046     0.000  717   -1   -1   -1
 766     6.800    -3.803     0.000  591   -1   -1   -1
 767     6.800    -7.662     0.000  817   -1   -1   -1
 768     6.808    -0.770     0.000  460   -1   -1   -1
 769     6.850     5.227     0.000  140   -1   -1   -1
 770     6.878    -7.985     0.000  835   -1   -1   -1
 771     6.885     3.625     0.000  224   -1   -1   -1
 772     6.910    -4.923     0.000  655   -1   -1   -1
 773     6.912    -0.909     0.000  467   -1   -1   -1
 774     6.915    -2.640     0.000  543   -1   -1   -1
 775     6.925    -0.081     0.000  418   -1   -1   -1
 776     6.932     6.182     0.000   95   -1   -1   -1
 777     6.952    -0.682     0.000  452   -1   -1   -1
 778     6.967     0.440     0.000  383   -1   -1   -1
 779     6.983     2.093     0.000  306   -1   -1   -1
 780     7.014     3.422     0.000  233   -1   -1   -1
 781     7.024    -6.599     0.000  755   -1   -1   -1
 782     7.029    -5.787     0.000  699   -1   -1   -1
 783     7.039     2.049     0.000  311   -1   -1   -1
 784     7.039    -8.436     0.000  866   -1   -1   -1
 785     7.063    -4.029     0.000  600   -1   -1   -1
 786     7.073    -5.990     0.000  713   -1   -1   -1
 787     7.097    -8.298     0.000  856   -1   -1   -1
 788     7.138     7.546     0.000   38   -1   -1   -1
 789     7.157     6.529     0.000   80   -1   -1   -1
 790     7.162    -6.161     0.000  727   -1   -1   -1
 791     7.201     0.200     0.000  397   -1   -1   -1
 792     7.212    -3.967     0.000  599   -1   -1   -1
 793     7.246     4.993     0.000  152   -1   -1   -1
 794     7.258     4.376     0.000  188   -1   -1   -1
 795     7.261    -6.741     0.000  764   -1   -1   -1
 796     7.264    -4.396     0.000  621   -1   -1   -1
 797     7.283     6.748     0.000   70   -1   -1   -1
 798     7.297     4.317     0.000  191   -1   -1   -1
 799     7.306    -7.217     0.000  788   -1   -1   -1
 800     7.307     5.632     0.000  123   -1   -1   -1
 801     7.312    -0.146     0.000  419   -1   -1   -1
 802     7.345     5.545     0.000  127   -1   -1   -1
 803     7.361     3.551     0.000  229   -1   -1   -1
 804     7.381    -8.055     0.000  841   -1   -1   -1
 805     7.384     1.416     0.000  338   -1   -1   -1
 806     7.385    -0.680     0.000  451   -1   -1   -1
 807     7.387    -6.398     0.000  742   -1   -1   -1
 808     7.412     2.071     0.000  307   -1   -1   -1
 809     7.460    -5.743     0.000  696   -1   -1   -1
 810     7.467     4.771     0.000  166   -1   -1   -1
 811     7.482     5.268     0.000  135   -1   -1   -1
 812     7.488    -0.192     0.000  423   -1   -1   -1
 813     7.497     4.792     0.000  165   -1   -1   -1
 814     7.519     4.583     0.000  180   -1   -1   -1
 815     7.533    -2.901     0.000  554   -1   -1   -1
 816     7.559    -1.542     0.000  497   -1   -1   -1
 817     7.573     1.252     0.000  346   -1   -1   -1
 818     7.598     4.759     0.000  167   -1   -1   -1
 819     7.609     1.753     0.000  325   -1   -1   -1
 820     7.625    -8.305     0.000  857   -1   -1   -1
 821     7.632     2.281     0.000  298   -1   -1   -1
 822     7.682     7.732     0.000   31   -1   -1   -1
 823     7.713     7.755     0.000   30   -1   -1   -1
 824     7.728    -7.911     0.000  830   -1   -1   -1
 825     7.757     8.259     0.000    4   -1   -1   -1
 826     7.789     1.632     0.000  330   -1   -1   -1
 827     7.789     0.134     0.000  399   -1   -1   -1
 828     7.811    -7.082     0.000  781   -1   -1   -1
 829     7.830     6.734     0.000   71   -1   -1   -1
 830     7.831    -0.853     0.000  463   -1   -1   -1
 831     7.903    -5.006     0.000  659   -1   -1   -1
 832     7.990    -0.721     0.000  458   -1   -1   -1
 833     7.998    -0.431     0.000  432   -1   -1   -1
 834     8.008    -6.873     0.000  771   -1   -1   -1
 835     8.010    -1.192     0.000  476   -1   -1   -1
 836     8.020    -5.638     0.000  693   -1   -1   -1
 837     8.022     1.026     0.000  353   -1   -1   -1
 838     8.040    -7.612     0.000  814   -1   -1   -1
 839     8.066     4.390     0.000  187   -1   -1   -1
 840     8.068    -0.627     0.000  448   -1   -1   -1
 841     8.086     3.160     0.000  249   -1   -1   -1
 842     8.116    -4.767     0.000  641   -1   -1   -1
 843     8.127    -0.232     0.000  426   -1   -1   -1
 844     8.143    -4.534     0.000  628   -1   -1   -1
 845     8.161     1.713     0.000  326   -1   -1   -1
 846     8.171     2.504     0.000  286   -1   -1   -1
 847     8.171     3.235     0.000  245   -1   -1   -1
 848     8.175     4.614     0.000  177   -1   -1   -1
 849     8.205    -7.264     0.000  791   -1   -1   -1
 850     8.210     4.800     0.000  163   -1   -1   -1
 851     8.217    -6.319     0.000  738   -1   -1   -1
 852     8.247     7.263     0.000   51   -1   -1   -1
 853     8.260    -3.399     0.000  578   -1   -1   -1
 854     8.262    -6.037     0.000  715   -1   -1   -1
 855     8.298    -1.894     0.000  511   -1   -1   -1
 856     8.307    -7.355     0.000  797   -1   -1   -1
 857     8.312     5.270     0.000  134   -1   -1   -1
 858     8.333    -4.396     0.000  622   -1   -1   -1
 859     8.333     7.042     0.000   60   -1   -1   -1
 860     8.339     1.341     0.000  343   -1   -1   -1
 861     8.353     8.192     0.000   10   -1   -1   -1
 862     8.360     7.578     0.000   36   -1   -1   -1
 863     8.387    -8.250     0.000  853   -1   -1   -1
 864     8.393    -0.160     0.000  420   -1   -1   -1
 865     8.395     0.672     0.000  369   -1   -1   -1
 866     8.423     1.097     0.000  351   -1   -1   -1
 867     8.441    -2.480     0.000  533   -1   -1   -1
