865
   1    -8.399     7.536     0.000   43   -1   -1   -1
   2    -8.381    -6.907     0.000  777   -1   -1   -1
   3    -8.373    -3.324     0.000  574   -1   -1   -1
   4    -8.354    -8.172     0.000  847   -1   -1   -1
   5    -8.342    -4.648     0.000  640   -1   -1   -1
   6    -8.305     1.203     0.000  351   -1   -1   -1
   7    -8.300     0.535     0.000  382   -1   -1   -1
   8    -8.277     6.850     0.000   71   -1   -1   -1
   9    -8.243    -8.267     0.000  851   -1   -1   -1
  10    -8.227     4.227     0.000  200   -1   -1   -1
  11    -8.215     1.563     0.000  335   -1   -1   -1
  12    -8.209    -7.947     0.000  832   -1   -1   -1
  13    -8.186     1.512     0.000  338   -1   -1   -1
  14    -8.180    -3.056     0.000  557   -1   -1   -1
  15    -8.179     4.417     0.000  189   -1   -1   -1
  16    -8.139     6.491     0.000   89   -1   -1   -1
  17    -8.121    -2.522     0.000  533   -1   -1   -1
  18    -8.119     2.614     0.000  281   -1   -1   -1
  19    -8.078     1.347     0.000  342   -1   -1   -1
  20    -8.041     2.234     0.000  304   -1   -1   -1
  21    -8.037    -7.421     0.000  805   -1   -1   -1
  22    -8.011    -6.271     0.000  742   -1   -1   -1
  23    -8.000     6.567     0.000   86   -1   -1   -1
  24    -7.984    -3.837     0.000  594   -1   -1   -1
  25    -7.938     5.653     0.000  119   -1   -1   -1
  26    -7.925    -0.965     0.000  459   -1   -1   -1
  27    -7.914    -6.994     0.000  783   -1   -1   -1
  28    -7.901     0.816     0.000  366   -1   -1   -1
  29    -7.895    -0.187     0.000  421   -1   -1   -1
  30    -7.886     2.322     0.000  299   -1   -1   -1
  31    -7.856     4.085     0.000  204   -1   -1   -1
  32    -7.851    -6.132     0.000  732   -1   -1   -1
  33    -7.830     3.841     0.000  218   -1   -1   -1
  34    -7.830     3.877     0.000  215   -1   -1   -1
  35    -7.824     7.176     0.000   57   -1   -1   -1
  36    -7.815    -4.863     0.000  655   -1   -1   -1
  37    -7.807    -6.184     0.000  738   -1   -1   -1
  38    -7.802     2.484     0.000  289   -1   -1   -1
  39    -7.799     4.987     0.000  152   -1   -1   -1
  40    -7.785    -2.767     0.000  543   -1   -1   -1
  41    -7.768    -5.162     0.000  669   -1   -1   -1
  42    -7.765    -6.274     0.000  743   -1   -1   -1
  43    -7.758     1.971     0.000  319   -1   -1   -1
  44    -7.756    -4.649     0.000  641   -1   -1   -1
  45    -7.753     7.141     0.000   59   -1   -1   -1
  46    -7.752     5.235     0.000  138   -1   -1   -1
  47    -7.751    -6.750     0.000  768   -1   -1   -1
  48    -7.729    -0.692     0.000  446   -1   -1   -1
  49    -7.693     7.113     0.000   61   -1   -1   -1
  50    -7.682     6.647     0.000   82   -1   -1   -1
  51    -7.610     4.948     0.000  155   -1   -1   -1
  52    -7.585    -6.916     0.000  778   -1   -1   -1
  53    -7.574     0.415     0.000  388   -1   -1   -1
  54    -7.552    -0.008     0.000  410   -1   -1   -1
  55    -7.542    -0.699     0.000  447   -1   -1   -1
  56    -7.538     8.226     0.000   10   -1   -1   -1
  57    -7.523    -5.460     0.000  683   -1   -1   -1
  58    -7.513    -1.112     0.000  465   -1   -1   -1
  59    -7.483     3.615     0.000  228   -1   -1   -1
  60    -7.479     7.990     0.000   23   -1   -1   -1
  61    -7.415    -1.445     0.000  484   -1   -1   -1
  62    -7.398     3.681     0.000  224   -1   -1   -1
  63    -7.375    -5.418     0.000  680   -1   -1   -1
  64    -7.363    -6.224     0.000  741   -1   -1   -1
  65    -7.356     2.310     0.000  300   -1   -1   -1
  66    -7.330    -5.112     0.000  665   -1   -1   -1
  67    -7.324    -5.426     0.000  681   -1   -1   -1
  68    -7.313     3.850     0.000  217   -1   -1   -1
  69    -7.310     5.391     0.000  129   -1   -1   -1
  70    -7.295     0.093     0.000  402   -1   -1   -1
  71    -7.250     3.238     0.000  245   -1   -1   -1
  72    -7.246     6.134     0.000  102   -1   -1   -1
  73    -7.242    -8.391     0.000  864   -1   -1   -1
  74    -7.206    -7.985     0.000  836   -1   -1   -1
  75    -7.182    -7.565     0.000  811   -1   -1   -1
  76    -7.177     7.646     0.000   37   -1   -1   -1
  77    -7.163     6.080     0.000  104   -1   -1   -1
  78    -7.161     5.092     0.000  147   -1   -1   -1
  79    -7.155     4.734     0.000  172   -1   -1   -1
  80    -7.153     4.038     0.000  208   -1   -1   -1
  81    -7.148    -8.143     0.000  846   -1   -1   -1
  82    -7.139    -2.432     0.000  525   -1   -1   -1
  83    -7.137     7.290     0.000   48   -1   -1   -1
  84    -7.127    -7.767     0.000  823   -1   -1   -1
  85    -7.095     4.983     0.000  153   -1   -1   -1
  86    -7.050    -5.452     0.000  682   -1   -1   -1
  87    -7.030     0.017     0.000  406   -1   -1   -1
  88    -7.017     1.958     0.000  320   -1   -1   -1
  89    -6.997    -6.809     0.000  773   -1   -1   -1
  90    -6.987     4.329     0.000  192   -1   -1   -1
  91    -6.986    -2.422     0.000  524   -1   -1   -1
  92    -6.978    -6.641     0.000  764   -1   -1   -1
  93    -6.973    -0.395     0.000  427   -1   -1   -1
  94    -6.959     5.108     0.000  144   -1   -1   -1
  95    -6.939    -2.716     0.000  541   -1   -1   -1
  96    -6.922     5.408     0.000  128   -1   -1   -1
  97    -6.914     3.371     0.000  240   -1   -1   -1
  98    -6.913    -0.841     0.000  451   -1   -1   -1
  99    -6.898     2.894     0.000  263   -1   -1   -1
 100    -6.879    -1.227     0.000  469   -1   -1   -1
 101    -6.873    -6.491     0.000  754   -1   -1   -1
 102    -6.870    -7.058     0.000  787   -1   -1   -1
 103    -6.848     7.545     0.000   40   -1   -1   -1
 104    -6.811    -7.536     0.000  810   -1   -1   -1
 105    -6.804     1.302     0.000  346   -1   -1   -1
 106    -6.792    -5.473     0.000  687   -1   -1   -1
 107    -6.765     2.406     0.000  292   -1   -1   -1
 108    -6.741    -0.892     0.000  455   -1   -1   -1
 109    -6.736    -0.248     0.000  425   -1   -1   -1
 110    -6.715     4.284     0.000  198   -1   -1   -1
 111    -6.712    -3.060     0.000  558   -1   -1   -1
 112    -6.692     1.663     0.000  330   -1   -1   -1
 113    -6.691     1.347     0.000  343   -1   -1   -1
 114    -6.642     2.367     0.000  294   -1   -1   -1
 115    -6.639     3.533     0.000  234   -1   -1   -1
 116    -6.611     5.765     0.000  116   -1   -1   -1
 117    -6.596    -4.381     0.000  621   -1   -1   -1
 118    -6.591     6.970     0.000   66   -1   -1   -1
 119    -6.550    -6.395     0.000  748   -1   -1   -1
 120    -6.518     7.609     0.000   38   -1   -1   -1
 121    -6.507     3.050     0.000  254   -1   -1   -1
 122    -6.505    -6.280     0.000  744   -1   -1   -1
 123    -6.493    -4.805     0.000  650   -1   -1   -1
 124    -6.441     0.130     0.000  400   -1   -1   -1
 125    -6.395    -3.582     0.000  584   -1   -1   -1
 126    -6.377     4.864     0.000  161   -1   -1   -1
 127    -6.357    -0.503     0.000  434   -1   -1   -1
 128    -6.337     8.127     0.000   16   -1   -1   -1
 129    -6.318    -7.922     0.000  829   -1   -1   -1
 130    -6.303     0.092     0.000  403   -1   -1   -1
 131    -6.283    -5.880     0.000  712   -1   -1   -1
 132    -6.268    -1.681     0.000  496   -1   -1   -1
 133    -6.246     0.983     0.000  359   -1   -1   -1
 134    -6.206     2.492     0.000  288   -1   -1   -1
 135    -6.202    -4.620     0.000  639   -1   -1   -1
 136    -6.180     4.867     0.000  160   -1   -1   -1
 137    -6.174    -5.300     0.000  675   -1   -1   -1
 138    -6.164     3.360     0.000  241   -1   -1   -1
 139    -6.158     2.729     0.000  272   -1   -1   -1
 140    -6.130    -7.697     0.000  822   -1   -1   -1
 141    -6.114     7.346     0.000   47   -1   -1   -1
 142    -6.114     1.236     0.000  348   -1   -1   -1
 143    -6.105    -4.714     0.000  643   -1   -1   -1
 144    -6.094    -1.094     0.000  464   -1   -1   -1
 145    -6.080     6.272     0.000   98   -1   -1   -1
 146    -6.046     3.695     0.000  223   -1   -1   -1
 147    -6.021    -6.497     0.000  755   -1   -1   -1
 148    -6.021     7.840     0.000   29   -1   -1   -1
 149    -5.995    -7.830     0.000  826   -1   -1   -1
 150    -5.987    -7.364     0.000  799   -1   -1   -1
 151    -5.980    -0.470     0.000  432   -1   -1   -1
 152    -5.962     6.800     0.000   76   -1   -1   -1
 153    -5.961     3.071     0.000  251   -1   -1   -1
 154    -5.934    -7.402     0.000  804   -1   -1   -1
 155    -5.930    -6.386     0.000  747   -1   -1   -1
 156    -5.918     4.848     0.000  162   -1   -1   -1
 157    -5.895    -5.937     0.000  715   -1   -1   -1
 158    -5.892    -0.035     0.000  411   -1   -1   -1
 159    -5.876    -1.682     0.000  497   -1   -1   -1
 160    -5.847    -1.942     0.000  507   -1   -1   -1
 161    -5.844    -7.393     0.000  803   -1   -1   -1
 162    -5.844     0.609     0.000  378   -1   -1   -1
 163    -5.839     4.688     0.000  174   -1   -1   -1
 164    -5.807    -4.606     0.000  637   -1   -1   -1
 165    -5.754    -5.909     0.000  714   -1   -1   -1
 166    -5.747    -4.139     0.000  603   -1   -1   -1
 167    -5.716     7.406     0.000   45   -1   -1   -1
 168    -5.689     1.908     0.000  322   -1   -1   -1
 169    -5.676     5.740     0.000  118   -1   -1   -1
 170    -5.675    -7.953     0.000  834   -1   -1   -1
 171    -5.657     0.739     0.000  368   -1   -1   -1
 172    -5.642    -0.894     0.000  456   -1   -1   -1
 173    -5.637    -1.796     0.000  502   -1   -1   -1
 174    -5.608     7.232     0.000   54   -1   -1   -1
 175    -5.587     0.285     0.000  395   -1   -1   -1
 176    -5.575     6.025     0.000  107   -1   -1   -1
 177    -5.548    -5.007     0.000  660   -1   -1   -1
 178    -5.540     2.664     0.000  277   -1   -1   -1
 179    -5.520    -0.686     0.000  444   -1   -1   -1
 180    -5.476     4.784     0.000  168   -1   -1   -1
 181    -5.467    -7.492     0.000  807   -1   -1   -1
 182    -5.455     5.216     0.000  141   -1   -1   -1
 183    -5.386    -8.102     0.000  844   -1   -1   -1
 184    -5.375    -0.599     0.000  438   -1   -1   -1
 185    -5.334    -1.413     0.000  482   -1   -1   -1
 186    -5.330     3.806     0.000  219   -1   -1   -1
 187    -5.297    -3.093     0.000  561   -1   -1   -1
 188    -5.282     2.065     0.000  311   -1   -1   -1
 189    -5.246    -4.700     0.000  642   -1   -1   -1
 190    -5.243    -3.756     0.000  591   -1   -1   -1
 191    -5.185    -4.835     0.000  652   -1   -1   -1
 192    -5.181    -6.673     0.000  766   -1   -1   -1
 193    -5.169    -1.537     0.000  487   -1   -1   -1
 194    -5.169    -5.974     0.000  718   -1   -1   -1
 195    -5.162    -2.448     0.000  528   -1   -1   -1
 196    -5.121    -0.072     0.000  414   -1   -1   -1
 197    -5.117    -3.896     0.000  596   -1   -1   -1
 198    -5.087    -5.265     0.000  673   -1   -1   -1
 199    -5.075     7.273     0.000   49   -1   -1   -1
 200    -5.061    -0.006     0.000  409   -1   -1   -1
 201    -5.056     1.560     0.000  337   -1   -1   -1
 202    -5.041    -3.445     0.000  577   -1   -1   -1
 203    -5.038     0.534     0.000  383   -1   -1   -1
 204    -5.007     5.097     0.000  146   -1   -1   -1
 205    -4.990    -4.331     0.000  615   -1   -1   -1
 206    -4.985    -0.315     0.000  426   -1   -1   -1
 207    -4.957    -7.773     0.000  824   -1   -1   -1
 208    -4.946     3.725     0.000  222   -1   -1   -1
 209    -4.945     3.911     0.000  212   -1   -1   -1
 210    -4.925     8.380     0.000    0   -1   -1   -1
 211    -4.914    -5.032     0.000  662   -1   -1   -1
 212    -4.913    -4.280     0.000  613   -1   -1   -1
 213    -4.911     8.222     0.000   12   -1   -1   -1
 214    -4.909    -1.404     0.000  479   -1   -1   -1
 215    -4.900     0.687     0.000  371   -1   -1   -1
 216    -4.889    -7.626     0.000  815   -1   -1   -1
 217    -4.879    -2.791     0.000  544   -1   -1   -1
 218    -4.867    -5.766     0.000  703   -1   -1   -1
 219    -4.852    -4.299     0.000  614   -1   -1   -1
 220    -4.842     1.644     0.000  332   -1   -1   -1
 221    -4.827     0.080     0.000  404   -1   -1   -1
 222    -4.813     0.418     0.000  387   -1   -1   -1
 223    -4.806    -5.857     0.000  711   -1   -1   -1
 224    -4.801     3.800     0.000  220   -1   -1   -1
 225    -4.787    -8.007     0.000  839   -1   -1   -1
 226    -4.751    -5.048     0.000  663   -1   -1   -1
 227    -4.696     4.455     0.000  186   -1   -1   -1
 228    -4.693    -6.791     0.000  770   -1   -1   -1
 229    -4.685     5.786     0.000  115   -1   -1   -1
 230    -4.680    -4.726     0.000  645   -1   -1   -1
 231    -4.662     2.661     0.000  278   -1   -1   -1
 232    -4.626     3.381     0.000  238   -1   -1   -1
 233    -4.604     2.513     0.000  286   -1   -1   -1
 234    -4.601     3.581     0.000  230   -1   -1   -1
 235    -4.534     2.579     0.000  284   -1   -1   -1
 236    -4.509     0.627     0.000  375   -1   -1   -1
 237    -4.499     2.179     0.000  306   -1   -1   -1
 238    -4.465    -4.158     0.000  606   -1   -1   -1
 239    -4.451    -4.357     0.000  620   -1   -1   -1
 240    -4.435    -5.987     0.000  720   -1   -1   -1
 241    -4.401    -4.455     0.000  627   -1   -1   -1
 242    -4.375     1.009     0.000  357   -1   -1   -1
 243    -4.360     3.477     0.000  235   -1   -1   -1
 244    -4.358    -6.432     0.000  752   -1   -1   -1
 245    -4.337     7.393     0.000   46   -1   -1   -1
 246    -4.336     4.799     0.000  165   -1   -1   -1
 247    -4.324    -4.485     0.000  629   -1   -1   -1
 248    -4.315     1.176     0.000  352   -1   -1   -1
 249    -4.315     0.656     0.000  374   -1   -1   -1
 250    -4.297     2.414     0.000  291   -1   -1   -1
 251    -4.284    -6.961     0.000  781   -1   -1   -1
 252    -4.242    -1.966     0.000  508   -1   -1   -1
 253    -4.217    -1.152     0.000  466   -1   -1   -1
 254    -4.174     7.670     0.000   36   -1   -1   -1
 255    -4.170    -4.569     0.000  635   -1   -1   -1
 256    -4.155    -2.466     0.000  530   -1   -1   -1
 257    -4.110     5.752     0.000  117   -1   -1   -1
 258    -4.098    -4.757     0.000  646   -1   -1   -1
 259    -4.090    -7.502     0.000  808   -1   -1   -1
 260    -4.090     3.393     0.000  237   -1   -1   -1
 261    -4.076     2.605     0.000  282   -1   -1   -1
 262    -4.070     1.665     0.000  329   -1   -1   -1
 263    -4.046     2.619     0.000  280   -1   -1   -1
 264    -4.017    -4.786     0.000  649   -1   -1   -1
 265    -4.008     5.368     0.000  131   -1   -1   -1
 266    -3.993     3.286     0.000  244   -1   -1   -1
 267    -3.989    -1.406     0.000  481   -1   -1   -1
 268    -3.988    -2.028     0.000  512   -1   -1   -1
 269    -3.959    -6.410     0.000  750   -1   -1   -1
 270    -3.952    -7.232     0.000  794   -1   -1   -1
 271    -3.942    -6.110     0.000  729   -1   -1   -1
 272    -3.939     4.322     0.000  193   -1   -1   -1
 273    -3.867     4.299     0.000  197   -1   -1   -1
 274    -3.799     8.303     0.000    7   -1   -1   -1
 275    -3.791     2.202     0.000  305   -1   -1   -1
 276    -3.787    -6.200     0.000  739   -1   -1   -1
 277    -3.786    -0.171     0.000  420   -1   -1   -1
 278    -3.748     7.887     0.000   28   -1   -1   -1
 279    -3.745    -7.305     0.000  798   -1   -1   -1
 280    -3.736    -3.631     0.000  586   -1   -1   -1
 281    -3.734    -1.229     0.000  470   -1   -1   -1
 282    -3.729    -4.581     0.000  636   -1   -1   -1
 283    -3.707    -4.331     0.000  616   -1   -1   -1
 284    -3.699    -7.059     0.000  788   -1   -1   -1
 285    -3.688     7.838     0.000   30   -1   -1   -1
 286    -3.673    -8.000     0.000  837   -1   -1   -1
 287    -3.640     0.915     0.000  361   -1   -1   -1
 288    -3.622     6.066     0.000  105   -1   -1   -1
 289    -3.573     8.379     0.000    1   -1   -1   -1
 290    -3.558     7.936     0.000   26   -1   -1   -1
 291    -3.538     6.378     0.000   94   -1   -1   -1
 292    -3.521     8.223     0.000   11   -1   -1   -1
 293    -3.498     1.168     0.000  353   -1   -1   -1
 294    -3.481     0.381     0.000  390   -1   -1   -1
 295    -3.469     2.961     0.000  261   -1   -1   -1
 296    -3.438    -8.306     0.000  856   -1   -1   -1
 297    -3.414    -2.447     0.000  527   -1   -1   -1
 298    -3.398     0.129     0.000  401   -1   -1   -1
 299    -3.373     3.664     0.000  225   -1   -1   -1
 300    -3.323     5.456     0.000  126   -1   -1   -1
 301    -3.312     3.883     0.000  214   -1   -1   -1
 302    -3.287     2.775     0.000  270   -1   -1   -1
 303    -3.279    -5.812     0.000  709   -1   -1   -1
 304    -3.276    -2.665     0.000  539   -1   -1   -1
 305    -3.263     1.090     0.000  355   -1   -1   -1
 306    -3.252     0.551     0.000  381   -1   -1   -1
 307    -3.222     4.782     0.000  169   -1   -1   -1
 308    -3.203     4.871     0.000  159   -1   -1   -1
 309    -3.197     2.740     0.000  271   -1   -1   -1
 310    -3.170    -4.452     0.000  625   -1   -1   -1
 311    -3.130    -1.679     0.000  495   -1   -1   -1
 312    -3.121     2.704     0.000  275   -1   -1   -1
 313    -3.106     2.964     0.000  260   -1   -1   -1
 314    -3.105    -3.247     0.000  569   -1   -1   -1
 315    -3.081    -5.793     0.000  705   -1   -1   -1
 316    -3.075    -0.199     0.000  422   -1   -1   -1
 317    -3.067     3.584     0.000  229   -1   -1   -1
 318    -3.059     8.027     0.000   21   -1   -1   -1
 319    -3.056     3.933     0.000  210   -1   -1   -1
 320    -3.018    -5.654     0.000  697   -1   -1   -1
 321    -3.005     6.320     0.000   97   -1   -1   -1
 322    -2.912     4.596     0.000  179   -1   -1   -1
 323    -2.911    -6.141     0.000  733   -1   -1   -1
 324    -2.909     1.656     0.000  331   -1   -1   -1
 325    -2.860     8.113     0.000   17   -1   -1   -1
 326    -2.859     7.231     0.000   55   -1   -1   -1
 327    -2.774    -7.679     0.000  819   -1   -1   -1
 328    -2.713     5.855     0.000  111   -1   -1   -1
 329    -2.694     3.563     0.000  232   -1   -1   -1
 330    -2.690     6.785     0.000   77   -1   -1   -1
 331    -2.689     2.870     0.000  265   -1   -1   -1
 332    -2.681    -5.882     0.000  713   -1   -1   -1
 333    -2.678    -4.271     0.000  611   -1   -1   -1
 334    -2.677    -5.598     0.000  692   -1   -1   -1
 335    -2.637    -1.257     0.000  472   -1   -1   -1
 336    -2.624    -4.537     0.000  633   -1   -1   -1
 337    -2.590     8.350     0.000    3   -1   -1   -1
 338    -2.578     6.763     0.000   79   -1   -1   -1
 339    -2.577    -2.362     0.000  523   -1   -1   -1
 340    -2.536     0.894     0.000  362   -1   -1   -1
 341    -2.521    -7.193     0.000  791   -1   -1   -1
 342    -2.501     8.044     0.000   20   -1   -1   -1
 343    -2.500    -3.458     0.000  579   -1   -1   -1
 344    -2.485     8.357     0.000    2   -1   -1   -1
 345    -2.466     0.459     0.000  384   -1   -1   -1
 346    -2.457    -1.006     0.000  462   -1   -1   -1
 347    -2.445    -0.150     0.000  417   -1   -1   -1
 348    -2.435    -6.070     0.000  728   -1   -1   -1
 349    -2.430    -0.430     0.000  428   -1   -1   -1
 350    -2.404    -2.581     0.000  537   -1   -1   -1
 351    -2.335    -7.037     0.000  786   -1   -1   -1
 352    -2.332    -5.762     0.000  702   -1   -1   -1
 353    -2.327    -0.684     0.000  442   -1   -1   -1
 354    -2.322     4.818     0.000  164   -1   -1   -1
 355    -2.305    -5.623     0.000  694   -1   -1   -1
 356    -2.237    -2.171     0.000  519   -1   -1   -1
 357    -2.234     1.216     0.000  350   -1   -1   -1
 358    -2.223     5.994     0.000  108   -1   -1   -1
 359    -2.184    -4.211     0.000  608   -1   -1   -1
 360    -2.181    -2.990     0.000  554   -1   -1   -1
 361    -2.173     5.383     0.000  130   -1   -1   -1
 362    -2.106    -3.959     0.000  597   -1   -1   -1
 363    -2.095    -1.541     0.000  488   -1   -1   -1
 364    -2.037     7.001     0.000   65   -1   -1   -1
 365    -2.030     1.859     0.000  324   -1   -1   -1
 366    -2.017    -1.653     0.000  494   -1   -1   -1
 367    -1.931    -4.515     0.000  631   -1   -1   -1
 368    -1.867     1.841     0.000  325   -1   -1   -1
 369    -1.823     3.649     0.000  226   -1   -1   -1
 370    -1.793     6.825     0.000   73   -1   -1   -1
 371    -1.734     6.780     0.000   78   -1   -1   -1
 372    -1.720    -4.436     0.000  624   -1   -1   -1
 373    -1.712    -6.003     0.000  722   -1   -1   -1
 374    -1.700    -2.747     0.000  542   -1   -1   -1
 375    -1.688     5.600     0.000  123   -1   -1   -1
 376    -1.687     4.576     0.000  182   -1   -1   -1
 377    -1.668     7.714     0.000   34   -1   -1   -1
 378    -1.668     3.991     0.000  209   -1   -1   -1
 379    -1.653     2.241     0.000  303   -1   -1   -1
 380    -1.642    -2.564     0.000  536   -1   -1   -1
 381    -1.623     1.358     0.000  341   -1   -1   -1
 382    -1.601     7.234     0.000   53   -1   -1   -1
 383    -1.569    -5.464     0.000  685   -1   -1   -1
 384    -1.531    -5.814     0.000  710   -1   -1   -1
 385    -1.398    -1.687     0.000  498   -1   -1   -1
 386    -1.384     4.789     0.000  167   -1   -1   -1
 387    -1.384     5.504     0.000  125   -1   -1   -1
 388    -1.376    -8.332     0.000  860   -1   -1   -1
 389    -1.301    -8.312     0.000  858   -1   -1   -1
 390    -1.286     3.006     0.000  257   -1   -1   -1
 391    -1.260    -2.026     0.000  511   -1   -1   -1
 392    -1.176     4.104     0.000  203   -1   -1   -1
 393    -1.105     0.834     0.000  364   -1   -1   -1
 394    -1.071    -2.312     0.000  522   -1   -1   -1
 395    -1.065    -8.206     0.000  848   -1   -1   -1
 396    -1.045     4.043     0.000  207   -1   -1   -1
 397    -1.022    -1.774     0.000  501   -1   -1   -1
 398    -0.963     4.543     0.000  183   -1   -1   -1
 399    -0.945    -4.088     0.000  600   -1   -1   -1
 400    -0.943    -4.608     0.000  638   -1   -1   -1
 401    -0.903    -6.127     0.000  731   -1   -1   -1
 402    -0.884    -7.787     0.000  825   -1   -1   -1
 403    -0.756    -6.686     0.000  767   -1   -1   -1
 404    -0.751    -3.852     0.000  595   -1   -1   -1
 405    -0.716    -4.507     0.000  630   -1   -1   -1
 406    -0.673    -1.377     0.000  478   -1   -1   -1
 407    -0.628    -3.295     0.000  570   -1   -1   -1
 408    -0.591    -1.618     0.000  493   -1   -1   -1
 409    -0.568    -2.861     0.000  547   -1   -1   -1
 410    -0.508    -6.047     0.000  723   -1   -1   -1
 411    -0.470    -3.454     0.000  578   -1   -1   -1
 412    -0.447    -5.415     0.000  679   -1   -1   -1
 413    -0.440    -5.732     0.000  699   -1   -1   -1
 414    -0.345    -2.441     0.000  526   -1   -1   -1
 415    -0.332    -1.510     0.000  485   -1   -1   -1
 416    -0.196     4.964     0.000  154   -1   -1   -1
 417    -0.120     2.349     0.000  297   -1   -1   -1
 418    -0.036     0.582     0.000  380   -1   -1   -1
 419     0.011    -6.807     0.000  772   -1   -1   -1
 420     0.037    -4.836     0.000  653   -1   -1   -1
 421     0.055    -7.208     0.000  792   -1   -1   -1
 422     0.219    -4.453     0.000  626   -1   -1   -1
 423     0.246     5.423     0.000  127   -1   -1   -1
 424     0.329    -2.000     0.000  510   -1   -1   -1
 425     0.329     2.709     0.000  274   -1   -1   -1
 426     0.360    -0.202     0.000  423   -1   -1   -1
 427     0.361     6.818     0.000   74   -1   -1   -1
 428     0.369     2.350     0.000  296   -1   -1   -1
 429     0.497     3.165     0.000  249   -1   -1   -1
 430     0.519    -4.168     0.000  607   -1   -1   -1
 431     0.626     4.420     0.000  188   -1   -1   -1
 432     0.653    -0.058     0.000  413   -1   -1   -1
 433     0.666     6.855     0.000   69   -1   -1   -1
 434     0.671    -3.468     0.000  582   -1   -1   -1
 435     0.682    -5.568     0.000  691   -1   -1   -1
 436     0.824    -3.314     0.000  572   -1   -1   -1
 437     0.854     4.166     0.000  201   -1   -1   -1
 438     0.910    -0.878     0.000  454   -1   -1   -1
 439     0.910    -5.535     0.000  690   -1   -1   -1
 440     0.923    -1.406     0.000  480   -1   -1   -1
 441     0.933     3.063     0.000  252   -1   -1   -1
 442     0.953    -3.390     0.000  575   -1   -1   -1
 443     0.985     6.811     0.000   75   -1   -1   -1
 444     0.999    -6.635     0.000  762   -1   -1   -1
 445     1.016    -2.124     0.000  517   -1   -1   -1
 446     1.047     0.399     0.000  389   -1   -1   -1
 447     1.078    -6.856     0.000  774   -1   -1   -1
 448     1.136    -4.093     0.000  601   -1   -1   -1
 449     1.171     0.150     0.000  399   -1   -1   -1
 450     1.252    -2.252     0.000  521   -1   -1   -1
 451     1.261    -1.353     0.000  477   -1   -1   -1
 452     1.261    -3.166     0.000  563   -1   -1   -1
 453     1.263    -4.820     0.000  651   -1   -1   -1
 454     1.277    -7.035     0.000  785   -1   -1   -1
 455     1.368     0.830     0.000  365   -1   -1   -1
 456     1.371     6.854     0.000   70   -1   -1   -1
 457     1.378    -3.795     0.000  593   -1   -1   -1
 458     1.396    -2.792     0.000  545   -1   -1   -1
 459     1.428    -7.624     0.000  814   -1   -1   -1
 460     1.439    -3.725     0.000  589   -1   -1   -1
 461     1.487     5.237     0.000  137   -1   -1   -1
 462     1.489     8.134     0.000   15   -1   -1   -1
 463     1.526     3.377     0.000  239   -1   -1   -1
 464     1.526    -5.611     0.000  693   -1   -1   -1
 465     1.595    -7.953     0.000  833   -1   -1   -1
 466     1.597    -3.172     0.000  564   -1   -1   -1
 467     1.610     2.009     0.000  315   -1   -1   -1
 468     1.678     0.288     0.000  394   -1   -1   -1
 469     1.743     0.918     0.000  360   -1   -1   -1
 470     1.754     3.038     0.000  255   -1   -1   -1
 471     1.757    -6.559     0.000  759   -1   -1   -1
 472     1.779    -4.146     0.000  604   -1   -1   -1
 473     1.807    -2.813     0.000  546   -1   -1   -1
 474     1.815    -4.772     0.000  647   -1   -1   -1
 475     1.819     7.545     0.000   41   -1   -1   -1
 476     1.824     0.617     0.000  376   -1   -1   -1
 477     1.830     5.116     0.000  143   -1   -1   -1
 478     1.835    -6.927     0.000  779   -1   -1   -1
 479     1.849    -8.024     0.000  840   -1   -1   -1
 480     1.858    -0.838     0.000  450   -1   -1   -1
 481     1.867     0.366     0.000  391   -1   -1   -1
 482     1.904    -4.099     0.000  602   -1   -1   -1
 483     1.915     0.998     0.000  358   -1   -1   -1
 484     1.931    -3.755     0.000  590   -1   -1   -1
 485     1.955     5.808     0.000  114   -1   -1   -1
 486     1.990     0.012     0.000  407   -1   -1   -1
 487     2.044    -1.598     0.000  491   -1   -1   -1
 488     2.081    -7.653     0.000  817   -1   -1   -1
 489     2.097    -1.236     0.000  471   -1   -1   -1
 490     2.110     6.399     0.000   93   -1   -1   -1
 491     2.112     4.084     0.000  205   -1   -1   -1
 492     2.113    -4.717     0.000  644   -1   -1   -1
 493     2.121     1.223     0.000  349   -1   -1   -1
 494     2.126    -3.787     0.000  592   -1   -1   -1
 495     2.127     7.243     0.000   52   -1   -1   -1
 496     2.146    -6.590     0.000  760   -1   -1   -1
 497     2.159     4.483     0.000  184   -1   -1   -1
 498     2.168    -0.247     0.000  424   -1   -1   -1
 499     2.186     6.152     0.000  101   -1   -1   -1
 500     2.205    -0.462     0.000  430   -1   -1   -1
 501     2.243     5.817     0.000  112   -1   -1   -1
 502     2.256    -7.302     0.000  796   -1   -1   -1
 503     2.256    -1.532     0.000  486   -1   -1   -1
 504     2.259    -6.789     0.000  769   -1   -1   -1
 505     2.285     6.480     0.000   90   -1   -1   -1
 506     2.303    -3.176     0.000  565   -1   -1   -1
 507     2.318    -7.513     0.000  809   -1   -1   -1
 508     2.319    -1.030     0.000  463   -1   -1   -1
 509     2.323     4.268     0.000  199   -1   -1   -1
 510     2.326    -3.044     0.000  556   -1   -1   -1
 511     2.342     5.239     0.000  136   -1   -1   -1
 512     2.362     0.733     0.000  369   -1   -1   -1
 513     2.363     5.129     0.000  142   -1   -1   -1
 514     2.364     8.317     0.000    6   -1   -1   -1
 515     2.386     5.925     0.000  109   -1   -1   -1
 516     2.398    -3.716     0.000  588   -1   -1   -1
 517     2.405    -3.614     0.000  585   -1   -1   -1
 518     2.410     4.307     0.000  196   -1   -1   -1
 519     2.467    -3.214     0.000  567   -1   -1   -1
 520     2.505     4.320     0.000  194   -1   -1   -1
 521     2.551     0.855     0.000  363   -1   -1   -1
 522     2.551     3.899     0.000  213   -1   -1   -1
 523     2.582    -1.290     0.000  474   -1   -1   -1
 524     2.591    -3.233     0.000  568   -1   -1   -1
 525     2.617    -5.121     0.000  666   -1   -1   -1
 526     2.639     2.326     0.000  298   -1   -1   -1
 527     2.668     7.533     0.000   44   -1   -1   -1
 528     2.679     8.139     0.000   14   -1   -1   -1
 529     2.683    -6.522     0.000  757   -1   -1   -1
 530     2.684     5.041     0.000  149   -1   -1   -1
 531     2.772     2.536     0.000  285   -1   -1   -1
 532     2.802    -6.146     0.000  735   -1   -1   -1
 533     2.809    -6.639     0.000  763   -1   -1   -1
 534     2.821     7.955     0.000   25   -1   -1   -1
 535     2.861     0.005     0.000  408   -1   -1   -1
 536     2.878     6.378     0.000   95   -1   -1   -1
 537     2.893     0.679     0.000  372   -1   -1   -1
 538     2.916     4.905     0.000  158   -1   -1   -1
 539     2.917    -1.605     0.000  492   -1   -1   -1
 540     2.954     7.141     0.000   60   -1   -1   -1
 541     2.998    -5.984     0.000  719   -1   -1   -1
 542     3.001    -5.173     0.000  671   -1   -1   -1
 543     3.059     2.686     0.000  276   -1   -1   -1
 544     3.068     0.610     0.000  377   -1   -1   -1
 545     3.072    -2.531     0.000  534   -1   -1   -1
 546     3.074     5.581     0.000  124   -1   -1   -1
 547     3.084    -3.462     0.000  580   -1   -1   -1
 548     3.099    -1.173     0.000  467   -1   -1   -1
 549     3.125     6.160     0.000  100   -1   -1   -1
 550     3.140     2.827     0.000  267   -1   -1   -1
 551     3.142    -6.958     0.000  780   -1   -1   -1
 552     3.145    -1.926     0.000  506   -1   -1   -1
 553     3.151    -7.162     0.000  790   -1   -1   -1
 554     3.179    -8.308     0.000  857   -1   -1   -1
 555     3.187     6.083     0.000  103   -1   -1   -1
 556     3.198    -3.545     0.000  583   -1   -1   -1
 557     3.200     5.622     0.000  122   -1   -1   -1
 558     3.212     8.237     0.000    9   -1   -1   -1
 559     3.286    -7.213     0.000  793   -1   -1   -1
 560     3.292    -1.305     0.000  475   -1   -1   -1
 561     3.309    -3.165     0.000  562   -1   -1   -1
 562     3.313    -8.253     0.000  850   -1   -1   -1
 563     3.330    -5.646     0.000  695   -1   -1   -1
 564     3.382     2.966     0.000  259   -1   -1   -1
 565     3.412     6.642     0.000   83   -1   -1   -1
 566     3.427    -5.399     0.000  678   -1   -1   -1
 567     3.438     2.831     0.000  266   -1   -1   -1
 568     3.461    -2.084     0.000  514   -1   -1   -1
 569     3.478     1.335     0.000  345   -1   -1   -1
 570     3.501     5.875     0.000  110   -1   -1   -1
 571     3.520    -4.529     0.000  632   -1   -1   -1
 572     3.554    -0.898     0.000  457   -1   -1   -1
 573     3.567    -3.315     0.000  573   -1   -1   -1
 574     3.572    -0.466     0.000  431   -1   -1   -1
 575     3.576    -2.873     0.000  549   -1   -1   -1
 576     3.586    -6.050     0.000  725   -1   -1   -1
 577     3.600     5.301     0.000  132   -1   -1   -1
 578     3.613    -5.490     0.000  688   -1   -1   -1
 579     3.634    -0.046     0.000  412   -1   -1   -1
 580     3.649    -6.174     0.000  737   -1   -1   -1
 581     3.659     5.033     0.000  150   -1   -1   -1
 582     3.667     2.114     0.000  308   -1   -1   -1
 583     3.678     7.897     0.000   27   -1   -1   -1
 584     3.706    -5.949     0.000  716   -1   -1   -1
 585     3.716     2.598     0.000  283   -1   -1   -1
 586     3.726     4.045     0.000  206   -1   -1   -1
 587     3.738    -2.554     0.000  535   -1   -1   -1
 588     3.755    -2.516     0.000  532   -1   -1   -1
 589     3.771    -6.982     0.000  782   -1   -1   -1
 590     3.776     7.709     0.000   35   -1   -1   -1
 591     3.791    -7.691     0.000  821   -1   -1   -1
 592     3.792    -2.121     0.000  516   -1   -1   -1
 593     3.795    -0.568     0.000  435   -1   -1   -1
 594     3.808    -1.821     0.000  503   -1   -1   -1
 595     3.825    -2.230     0.000  520   -1   -1   -1
 596     3.842    -5.812     0.000  708   -1   -1   -1
 597     3.867     4.929     0.000  156   -1   -1   -1
 598     3.874     0.340     0.000  392   -1   -1   -1
 599     3.877     5.255     0.000  135   -1   -1   -1
 600     3.896    -7.302     0.000  797   -1   -1   -1
 601     3.917    -6.124     0.000  730   -1   -1   -1
 602     3.920    -7.391     0.000  802   -1   -1   -1
 603     3.920    -0.660     0.000  441   -1   -1   -1
 604     3.922    -1.258     0.000  473   -1   -1   -1
 605     3.974     2.424     0.000  290   -1   -1   -1
 606     3.978    -7.682     0.000  820   -1   -1   -1
 607     3.988    -4.151     0.000  605   -1   -1   -1
 608     3.999    -7.459     0.000  806   -1   -1   -1
 609     4.005    -2.516     0.000  531   -1   -1   -1
 610     4.006     4.112     0.000  202   -1   -1   -1
 611     4.009     2.897     0.000  262   -1   -1   -1
 612     4.020    -4.881     0.000  658   -1   -1   -1
 613     4.027     8.103     0.000   18   -1   -1   -1
 614     4.036    -8.052     0.000  841   -1   -1   -1
 615     4.043     0.255     0.000  396   -1   -1   -1
 616     4.053     3.054     0.000  253   -1   -1   -1
 617     4.058    -5.471     0.000  686   -1   -1   -1
 618     4.084     4.917     0.000  157   -1   -1   -1
 619     4.087     0.702     0.000  370   -1   -1   -1
 620     4.174    -6.904     0.000  776   -1   -1   -1
 621     4.217    -0.975     0.000  460   -1   -1   -1
 622     4.234    -8.347     0.000  861   -1   -1   -1
 623     4.279     4.709     0.000  173   -1   -1   -1
 624     4.280     2.242     0.000  302   -1   -1   -1
 625     4.283    -4.350     0.000  619   -1   -1   -1
 626     4.327     8.334     0.000    4   -1   -1   -1
 627     4.350    -2.000     0.000  509   -1   -1   -1
 628     4.378    -5.706     0.000  698   -1   -1   -1
 629     4.404    -2.111     0.000  515   -1   -1   -1
 630     4.428    -1.711     0.000  499   -1   -1   -1
 631     4.438     7.803     0.000   31   -1   -1   -1
 632     4.450     4.643     0.000  176   -1   -1   -1
 633     4.469     2.980     0.000  258   -1   -1   -1
 634     4.480     0.776     0.000  367   -1   -1   -1
 635     4.486     8.014     0.000   22   -1   -1   -1
 636     4.511    -0.862     0.000  453   -1   -1   -1
 637     4.525     6.367     0.000   96   -1   -1   -1
 638     4.530     4.818     0.000  163   -1   -1   -1
 639     4.550    -8.318     0.000  859   -1   -1   -1
 640     4.568    -4.875     0.000  656   -1   -1   -1
 641     4.597     6.423     0.000   92   -1   -1   -1
 642     4.601    -3.710     0.000  587   -1   -1   -1
 643     4.603     2.640     0.000  279   -1   -1   -1
 644     4.637     0.062     0.000  405   -1   -1   -1
 645     4.639     3.302     0.000  242   -1   -1   -1
 646     4.658    -6.421     0.000  751   -1   -1   -1
 647     4.662     1.884     0.000  323   -1   -1   -1
 648     4.662    -1.436     0.000  483   -1   -1   -1
 649     4.665     0.597     0.000  379   -1   -1   -1
 650     4.670     2.802     0.000  268   -1   -1   -1
 651     4.724    -7.023     0.000  784   -1   -1   -1
 652     4.730    -5.166     0.000  670   -1   -1   -1
 653     4.754    -7.155     0.000  789   -1   -1   -1
 654     4.758    -3.307     0.000  571   -1   -1   -1
 655     4.758     1.147     0.000  354   -1   -1   -1
 656     4.787     8.325     0.000    5   -1   -1   -1
 657     4.788     3.022     0.000  256   -1   -1   -1
 658     4.829    -8.247     0.000  849   -1   -1   -1
 659     4.903    -2.699     0.000  540   -1   -1   -1
 660     4.942     5.104     0.000  145   -1   -1   -1
 661     4.946     3.578     0.000  231   -1   -1   -1
 662     4.951     5.224     0.000  139   -1   -1   -1
 663     4.995    -4.456     0.000  628   -1   -1   -1
 664     4.997     0.310     0.000  393   -1   -1   -1
 665     5.011     1.482     0.000  339   -1   -1   -1
 666     5.018    -5.192     0.000  672   -1   -1   -1
 667     5.029    -2.868     0.000  548   -1   -1   -1
 668     5.030    -4.838     0.000  654   -1   -1   -1
 669     5.055     8.087     0.000   19   -1   -1   -1
 670     5.055    -8.366     0.000  862   -1   -1   -1
 671     5.061    -4.272     0.000  612   -1   -1   -1
 672     5.080     7.955     0.000   24   -1   -1   -1
 673     5.081    -8.301     0.000  854   -1   -1   -1
 674     5.093    -5.743     0.000  700   -1   -1   -1
 675     5.100     7.198     0.000   56   -1   -1   -1
 676     5.110     6.919     0.000   68   -1   -1   -1
 677     5.111     1.998     0.000  316   -1   -1   -1
 678     5.162    -5.806     0.000  707   -1   -1   -1
 679     5.161    -7.603     0.000  813   -1   -1   -1
 680     5.223     6.426     0.000   91   -1   -1   -1
 681     5.223     6.840     0.000   72   -1   -1   -1
 682     5.265     1.561     0.000  336   -1   -1   -1
 683     5.298     7.085     0.000   62   -1   -1   -1
 684     5.303    -3.090     0.000  560   -1   -1   -1
 685     5.323     2.385     0.000  293   -1   -1   -1
 686     5.390     5.810     0.000  113   -1   -1   -1
 687     5.413    -7.848     0.000  828   -1   -1   -1
 688     5.430     2.779     0.000  269   -1   -1   -1
 689     5.435    -2.934     0.000  552   -1   -1   -1
 690     5.445    -7.596     0.000  812   -1   -1   -1
 691     5.458     1.982     0.000  317   -1   -1   -1
 692     5.462     3.741     0.000  221   -1   -1   -1
 693     5.471    -5.753     0.000  701   -1   -1   -1
 694     5.481     6.039     0.000  106   -1   -1   -1
 695     5.482     1.366     0.000  340   -1   -1   -1
 696     5.510    -7.941     0.000  831   -1   -1   -1
 697     5.551     2.036     0.000  314   -1   -1   -1
 698     5.566     4.473     0.000  185   -1   -1   -1
 699     5.593    -5.053     0.000  664   -1   -1   -1
 700     5.603    -8.116     0.000  845   -1   -1   -1
 701     5.637     6.969     0.000   67   -1   -1   -1
 702     5.662    -6.673     0.000  765   -1   -1   -1
 703     5.667     3.921     0.000  211   -1   -1   -1
 704     5.681    -0.645     0.000  440   -1   -1   -1
 705     5.708    -3.186     0.000  566   -1   -1   -1
 706     5.757     4.595     0.000  180   -1   -1   -1
 707     5.759    -5.462     0.000  684   -1   -1   -1
 708     5.770    -5.793     0.000  706   -1   -1   -1
 709     5.780    -8.069     0.000  842   -1   -1   -1
 710     5.821    -2.457     0.000  529   -1   -1   -1
 711     5.827     1.756     0.000  326   -1   -1   -1
 712     5.846    -0.998     0.000  461   -1   -1   -1
 713     5.886    -3.464     0.000  581   -1   -1   -1
 714     5.888     1.974     0.000  318   -1   -1   -1
 715     5.890    -8.303     0.000  855   -1   -1   -1
 716     5.893    -0.752     0.000  448   -1   -1   -1
 717     5.904     5.058     0.000  148   -1   -1   -1
 718     5.914    -7.977     0.000  835   -1   -1   -1
 719     5.959    -7.369     0.000  800   -1   -1   -1
 720     5.976    -6.378     0.000  746   -1   -1   -1
 721     5.989     2.718     0.000  273   -1   -1   -1
 722     5.992    -6.479     0.000  753   -1   -1   -1
 723     6.024     0.221     0.000  397   -1   -1   -1
 724     6.024    -5.293     0.000  674   -1   -1   -1
 725     6.037    -4.333     0.000  617   -1   -1   -1
 726     6.052    -0.479     0.000  433   -1   -1   -1
 727     6.056     4.640     0.000  177   -1   -1   -1
 728     6.058    -1.726     0.000  500   -1   -1   -1
 729     6.062    -3.063     0.000  559   -1   -1   -1
 730     6.082    -6.144     0.000  734   -1   -1   -1
 731     6.152     1.694     0.000  328   -1   -1   -1
 732     6.167     6.541     0.000   87   -1   -1   -1
 733     6.180    -4.340     0.000  618   -1   -1   -1
 734     6.203     3.860     0.000  216   -1   -1   -1
 735     6.209    -4.222     0.000  609   -1   -1   -1
 736     6.215     3.188     0.000  247   -1   -1   -1
 737     6.221    -1.562     0.000  490   -1   -1   -1
 738     6.274     7.270     0.000   50   -1   -1   -1
 739     6.302    -2.137     0.000  518   -1   -1   -1
 740     6.317    -2.945     0.000  553   -1   -1   -1
 741     6.320    -6.502     0.000  756   -1   -1   -1
 742     6.352     1.951     0.000  321   -1   -1   -1
 743     6.374    -6.539     0.000  758   -1   -1   -1
 744     6.380     2.360     0.000  295   -1   -1   -1
 745     6.405     7.015     0.000   64   -1   -1   -1
 746     6.410    -4.270     0.000  610   -1   -1   -1
 747     6.415    -2.927     0.000  551   -1   -1   -1
 748     6.481    -4.881     0.000  657   -1   -1   -1
 749     6.534    -5.961     0.000  717   -1   -1   -1
 750     6.535    -2.068     0.000  513   -1   -1   -1
 751     6.539    -5.323     0.000  676   -1   -1   -1
 752     6.556     4.666     0.000  175   -1   -1   -1
 753     6.569    -1.312     0.000  476   -1   -1   -1
 754     6.595     2.126     0.000  307   -1   -1   -1
 755     6.615    -0.581     0.000  437   -1   -1   -1
 756     6.627     2.870     0.000  264   -1   -1   -1
 757     6.629    -6.054     0.000  727   -1   -1   -1
 758     6.663    -5.136     0.000  667   -1   -1   -1
 759     6.678     5.642     0.000  120   -1   -1   -1
 760     6.680    -5.329     0.000  677   -1   -1   -1
 761     6.716     6.581     0.000   85   -1   -1   -1
 762     6.717    -6.219     0.000  740   -1   -1   -1
 763     6.718     0.432     0.000  386   -1   -1   -1
 764     6.728    -5.506     0.000  689   -1   -1   -1
 765     6.742     3.182     0.000  248   -1   -1   -1
 766     6.757    -1.887     0.000  504   -1   -1   -1
 767     6.761     3.299     0.000  243   -1   -1   -1
 768     6.766     2.053     0.000  312   -1   -1   -1
 769     6.796    -0.571     0.000  436   -1   -1   -1
 770     6.807    -6.053     0.000  726   -1   -1   -1
 771     6.817    -0.773     0.000  449   -1   -1   -1
 772     6.818    -7.663     0.000  818   -1   -1   -1
 773     6.856     5.221     0.000  140   -1   -1   -1
 774     6.893     3.621     0.000  227   -1   -1   -1
 775     6.893    -8.002     0.000  838   -1   -1   -1
 776     6.900    -0.114     0.000  416   -1   -1   -1
 777     6.920    -0.915     0.000  458   -1   -1   -1
 778     6.923    -4.931     0.000  659   -1   -1   -1
 779     6.930    -2.649     0.000  538   -1   -1   -1
 780     6.935    -0.078     0.000  415   -1   -1   -1
 781     6.946     6.180     0.000   99   -1   -1   -1
 782     6.960    -0.689     0.000  445   -1   -1   -1
 783     6.979     0.435     0.000  385   -1   -1   -1
 784     6.980     2.084     0.000  309   -1   -1   -1
 785     7.020     3.418     0.000  236   -1   -1   -1
 786     7.021     6.631     0.000   84   -1   -1   -1
 787     7.038    -6.606     0.000  761   -1   -1   -1
 788     7.044    -5.790     0.000  704   -1   -1   -1
 789     7.045     2.043     0.000  313   -1   -1   -1
 790     7.076    -4.036     0.000  599   -1   -1   -1
 791     7.091    -6.001     0.000  721   -1   -1   -1
 792     7.120    -8.300     0.000  853   -1   -1   -1
 793     7.142     7.544     0.000   42   -1   -1   -1
 794     7.170     6.528     0.000   88   -1   -1   -1
 795     7.178    -6.169     0.000  736   -1   -1   -1
 796     7.210     0.194     0.000  398   -1   -1   -1
 797     7.224    -3.975     0.000  598   -1   -1   -1
 798     7.257     4.988     0.000  151   -1   -1   -1
 799     7.265     4.370     0.000  191   -1   -1   -1
 800     7.275    -4.401     0.000  622   -1   -1   -1
 801     7.278     1.619     0.000  334   -1   -1   -1
 802     7.290     6.744     0.000   80   -1   -1   -1
 803     7.301     4.313     0.000  195   -1   -1   -1
 804     7.314     5.627     0.000  121   -1   -1   -1
 805     7.322    -0.154     0.000  418   -1   -1   -1
 806     7.366     3.545     0.000  233   -1   -1   -1
 807     7.390    -0.685     0.000  443   -1   -1   -1
 808     7.396    -8.075     0.000  843   -1   -1   -1
 809     7.400    -6.409     0.000  749   -1   -1   -1
 810     7.421     2.067     0.000  310   -1   -1   -1
 811     7.489     5.266     0.000  133   -1   -1   -1
 812     7.493     4.780     0.000  170   -1   -1   -1
 813     7.499     4.423     0.000  187   -1   -1   -1
 814     7.526     4.577     0.000  181   -1   -1   -1
 815     7.540    -2.906     0.000  550   -1   -1   -1
 816     7.566    -1.547     0.000  489   -1   -1   -1
 817     7.575     1.256     0.000  347   -1   -1   -1
 818     7.589    -8.371     0.000  863   -1   -1   -1
 819     7.601     4.755     0.000  171   -1   -1   -1
 820     7.616     1.747     0.000  327   -1   -1   -1
 821     7.637     2.275     0.000  301   -1   -1   -1
 822     7.681     7.727     0.000   33   -1   -1   -1
 823     7.715     7.747     0.000   32   -1   -1   -1
 824     7.739    -7.928     0.000  830   -1   -1   -1
 825     7.761     8.254     0.000    8   -1   -1   -1
 826     7.767    -2.991     0.000  555   -1   -1   -1
 827     7.796     1.625     0.000  333   -1   -1   -1
 828     7.837     6.731     0.000   81   -1   -1   -1
 829     7.840    -0.861     0.000  452   -1   -1   -1
 830     7.889    -5.150     0.000  668   -1   -1   -1
 831     7.917    -5.015     0.000  661   -1   -1   -1
 832     7.990     7.152     0.000   58   -1   -1   -1
 833     8.005    -0.436     0.000  429   -1   -1   -1
 834     8.014    -6.803     0.000  771   -1   -1   -1
 835     8.018    -1.199     0.000  468   -1   -1   -1
 836     8.020    -6.885     0.000  775   -1   -1   -1
 837     8.025     1.020     0.000  356   -1   -1   -1
 838     8.034    -5.647     0.000  696   -1   -1   -1
 839     8.052    -7.627     0.000  816   -1   -1   -1
 840     8.065    -0.632     0.000  439   -1   -1   -1
 841     8.070     4.384     0.000  190   -1   -1   -1
 842     8.092     3.156     0.000  250   -1   -1   -1
 843     8.135    -4.780     0.000  648   -1   -1   -1
 844     8.154    -4.542     0.000  634   -1   -1   -1
 845     8.175     2.500     0.000  287   -1   -1   -1
 846     8.180     4.609     0.000  178   -1   -1   -1
 847     8.183     3.234     0.000  246   -1   -1   -1
 848     8.217    -7.279     0.000  795   -1   -1   -1
 849     8.219     4.794     0.000  166   -1   -1   -1
 850     8.227    -6.329     0.000  745   -1   -1   -1
 851     8.241    -7.836     0.000  827   -1   -1   -1
 852     8.252     7.259     0.000   51   -1   -1   -1
 853     8.267    -3.407     0.000  576   -1   -1   -1
 854     8.273    -6.049     0.000  724   -1   -1   -1
 855     8.301    -1.900     0.000  505   -1   -1   -1
 856     8.317    -7.369     0.000  801   -1   -1   -1
 857     8.320     5.266     0.000  134   -1   -1   -1
 858     8.335     7.037     0.000   63   -1   -1   -1
 859     8.344    -4.404     0.000  623   -1   -1   -1
 860     8.345     1.337     0.000  344   -1   -1   -1
 861     8.357     8.189     0.000   13   -1   -1   -1
 862     8.367     7.574     0.000   39   -1   -1   -1
 863     8.389    -8.267     0.000  852   -1   -1   -1
 864     8.400     0.668     0.000  373   -1   -1   -1
 865     8.402    -0.166     0.000  419   -1   -1   -1
