832
   1    -8.407     7.535     0.000   36   -1   -1   -1
   2    -8.382    -3.329     0.000  553   -1   -1   -1
   3    -8.381    -6.916     0.000  759   -1   -1   -1
   4    -8.354    -4.655     0.000  612   -1   -1   -1
   5    -8.354    -8.178     0.000  818   -1   -1   -1
   6    -8.314     1.200     0.000  330   -1   -1   -1
   7    -8.306     0.532     0.000  367   -1   -1   -1
   8    -8.304    -1.592     0.000  482   -1   -1   -1
   9    -8.281     6.847     0.000   64   -1   -1   -1
  10    -8.241    -8.271     0.000  823   -1   -1   -1
  11    -8.231     4.224     0.000  181   -1   -1   -1
  12    -8.219     1.561     0.000  314   -1   -1   -1
  13    -8.208    -7.954     0.000  807   -1   -1   -1
  14    -8.195     1.512     0.000  316   -1   -1   -1
  15    -8.190    -3.061     0.000  541   -1   -1   -1
  16    -8.180     4.414     0.000  174   -1   -1   -1
  17    -8.128    -2.526     0.000  519   -1   -1   -1
  18    -8.119     2.614     0.000  257   -1   -1   -1
  19    -8.083     1.344     0.000  321   -1   -1   -1
  20    -8.047     2.233     0.000  278   -1   -1   -1
  21    -8.037    -7.430     0.000  781   -1   -1   -1
  22    -8.014    -6.283     0.000  710   -1   -1   -1
  23    -8.004     6.564     0.000   73   -1   -1   -1
  24    -7.991    -3.846     0.000  572   -1   -1   -1
  25    -7.943     5.652     0.000  107   -1   -1   -1
  26    -7.932    -0.973     0.000  451   -1   -1   -1
  27    -7.914    -7.000     0.000  765   -1   -1   -1
  28    -7.907     0.813     0.000  345   -1   -1   -1
  29    -7.899    -0.188     0.000  407   -1   -1   -1
  30    -7.861     4.080     0.000  187   -1   -1   -1
  31    -7.854    -6.139     0.000  702   -1   -1   -1
  32    -7.832     7.173     0.000   52   -1   -1   -1
  33    -7.831     3.859     0.000  196   -1   -1   -1
  34    -7.818    -4.873     0.000  623   -1   -1   -1
  35    -7.809    -6.196     0.000  706   -1   -1   -1
  36    -7.805     2.484     0.000  266   -1   -1   -1
  37    -7.802     4.985     0.000  137   -1   -1   -1
  38    -7.793    -2.773     0.000  529   -1   -1   -1
  39    -7.774    -5.134     0.000  635   -1   -1   -1
  40    -7.767    -6.284     0.000  711   -1   -1   -1
  41    -7.764     1.968     0.000  297   -1   -1   -1
  42    -7.761    -4.658     0.000  613   -1   -1   -1
  43    -7.754     5.233     0.000  122   -1   -1   -1
  44    -7.751    -6.760     0.000  748   -1   -1   -1
  45    -7.737    -0.698     0.000  435   -1   -1   -1
  46    -7.696     7.110     0.000   55   -1   -1   -1
  47    -7.689     6.642     0.000   70   -1   -1   -1
  48    -7.589     0.413     0.000  376   -1   -1   -1
  49    -7.585    -6.928     0.000  761   -1   -1   -1
  50    -7.565    -0.011     0.000  396   -1   -1   -1
  51    -7.551    -0.705     0.000  436   -1   -1   -1
  52    -7.545     8.225     0.000    9   -1   -1   -1
  53    -7.521    -1.118     0.000  458   -1   -1   -1
  54    -7.485     7.990     0.000   19   -1   -1   -1
  55    -7.483     3.613     0.000  210   -1   -1   -1
  56    -7.426    -1.452     0.000  476   -1   -1   -1
  57    -7.405     3.671     0.000  206   -1   -1   -1
  58    -7.394     1.724     0.000  307   -1   -1   -1
  59    -7.364    -6.234     0.000  708   -1   -1   -1
  60    -7.360     2.308     0.000  275   -1   -1   -1
  61    -7.333    -5.126     0.000  634   -1   -1   -1
  62    -7.331    -5.437     0.000  656   -1   -1   -1
  63    -7.317     3.847     0.000  199   -1   -1   -1
  64    -7.312     5.388     0.000  114   -1   -1   -1
  65    -7.302     0.089     0.000  390   -1   -1   -1
  66    -7.255     6.133     0.000   87   -1   -1   -1
  67    -7.254     3.234     0.000  225   -1   -1   -1
  68    -7.241    -8.406     0.000  829   -1   -1   -1
  69    -7.201    -7.995     0.000  809   -1   -1   -1
  70    -7.199    -6.141     0.000  703   -1   -1   -1
  71    -7.182     7.644     0.000   29   -1   -1   -1
  72    -7.180    -7.576     0.000  787   -1   -1   -1
  73    -7.167     6.080     0.000   88   -1   -1   -1
  74    -7.160     4.729     0.000  156   -1   -1   -1
  75    -7.157    -2.437     0.000  516   -1   -1   -1
  76    -7.155     4.035     0.000  189   -1   -1   -1
  77    -7.142     7.287     0.000   44   -1   -1   -1
  78    -7.128    -7.780     0.000  796   -1   -1   -1
  79    -7.120     7.450     0.000   38   -1   -1   -1
  80    -7.099     4.979     0.000  138   -1   -1   -1
  81    -7.053    -5.466     0.000  659   -1   -1   -1
  82    -7.041     0.018     0.000  394   -1   -1   -1
  83    -7.030     1.956     0.000  299   -1   -1   -1
  84    -6.999    -2.430     0.000  514   -1   -1   -1
  85    -6.997    -6.823     0.000  755   -1   -1   -1
  86    -6.988     4.324     0.000  178   -1   -1   -1
  87    -6.985    -0.401     0.000  418   -1   -1   -1
  88    -6.979    -6.654     0.000  740   -1   -1   -1
  89    -6.964     5.105     0.000  131   -1   -1   -1
  90    -6.948    -2.724     0.000  527   -1   -1   -1
  91    -6.928     5.404     0.000  113   -1   -1   -1
  92    -6.928    -0.846     0.000  441   -1   -1   -1
  93    -6.903     2.892     0.000  241   -1   -1   -1
  94    -6.891    -1.233     0.000  462   -1   -1   -1
  95    -6.871    -6.510     0.000  732   -1   -1   -1
  96    -6.853     7.542     0.000   34   -1   -1   -1
  97    -6.813     1.299     0.000  324   -1   -1   -1
  98    -6.803    -7.546     0.000  786   -1   -1   -1
  99    -6.795    -5.488     0.000  660   -1   -1   -1
 100    -6.772     2.402     0.000  270   -1   -1   -1
 101    -6.754    -0.899     0.000  448   -1   -1   -1
 102    -6.749    -0.250     0.000  410   -1   -1   -1
 103    -6.733     3.556     0.000  214   -1   -1   -1
 104    -6.718     4.283     0.000  180   -1   -1   -1
 105    -6.700     1.346     0.000  320   -1   -1   -1
 106    -6.699     1.663     0.000  311   -1   -1   -1
 107    -6.642     2.365     0.000  272   -1   -1   -1
 108    -6.642     3.530     0.000  216   -1   -1   -1
 109    -6.616     5.762     0.000  101   -1   -1   -1
 110    -6.606    -4.393     0.000  601   -1   -1   -1
 111    -6.598     6.967     0.000   59   -1   -1   -1
 112    -6.566    -1.425     0.000  473   -1   -1   -1
 113    -6.550    -6.408     0.000  722   -1   -1   -1
 114    -6.519     7.603     0.000   32   -1   -1   -1
 115    -6.513     3.047     0.000  233   -1   -1   -1
 116    -6.504    -6.292     0.000  712   -1   -1   -1
 117    -6.501    -4.817     0.000  621   -1   -1   -1
 118    -6.460     0.129     0.000  388   -1   -1   -1
 119    -6.376     4.859     0.000  147   -1   -1   -1
 120    -6.376    -0.508     0.000  426   -1   -1   -1
 121    -6.318     0.091     0.000  389   -1   -1   -1
 122    -6.301    -7.941     0.000  805   -1   -1   -1
 123    -6.285    -1.692     0.000  484   -1   -1   -1
 124    -6.281    -5.898     0.000  685   -1   -1   -1
 125    -6.213     2.490     0.000  265   -1   -1   -1
 126    -6.186     4.864     0.000  146   -1   -1   -1
 127    -6.182    -5.316     0.000  646   -1   -1   -1
 128    -6.166     3.357     0.000  221   -1   -1   -1
 129    -6.166     2.726     0.000  249   -1   -1   -1
 130    -6.125     1.234     0.000  328   -1   -1   -1
 131    -6.121    -7.716     0.000  793   -1   -1   -1
 132    -6.121     7.342     0.000   42   -1   -1   -1
 133    -6.119    -4.731     0.000  617   -1   -1   -1
 134    -6.107    -1.102     0.000  457   -1   -1   -1
 135    -6.100    -6.703     0.000  744   -1   -1   -1
 136    -6.094     6.267     0.000   83   -1   -1   -1
 137    -6.052     3.691     0.000  205   -1   -1   -1
 138    -6.037     7.837     0.000   25   -1   -1   -1
 139    -6.015    -6.496     0.000  730   -1   -1   -1
 140    -5.997    -0.473     0.000  424   -1   -1   -1
 141    -5.974    -7.869     0.000  801   -1   -1   -1
 142    -5.969     6.797     0.000   66   -1   -1   -1
 143    -5.964     3.069     0.000  230   -1   -1   -1
 144    -5.925     4.839     0.000  148   -1   -1   -1
 145    -5.921    -6.396     0.000  721   -1   -1   -1
 146    -5.907    -0.033     0.000  399   -1   -1   -1
 147    -5.895    -1.694     0.000  486   -1   -1   -1
 148    -5.894    -5.960     0.000  692   -1   -1   -1
 149    -5.863    -1.960     0.000  499   -1   -1   -1
 150    -5.857     0.611     0.000  365   -1   -1   -1
 151    -5.847    -7.408     0.000  778   -1   -1   -1
 152    -5.845     4.683     0.000  158   -1   -1   -1
 153    -5.822    -4.618     0.000  611   -1   -1   -1
 154    -5.767    -4.146     0.000  588   -1   -1   -1
 155    -5.748    -5.933     0.000  687   -1   -1   -1
 156    -5.710     7.403     0.000   40   -1   -1   -1
 157    -5.698     1.908     0.000  301   -1   -1   -1
 158    -5.688     5.734     0.000  103   -1   -1   -1
 159    -5.668     0.738     0.000  349   -1   -1   -1
 160    -5.667    -0.897     0.000  447   -1   -1   -1
 161    -5.662    -1.806     0.000  491   -1   -1   -1
 162    -5.620     7.224     0.000   50   -1   -1   -1
 163    -5.600     0.290     0.000  379   -1   -1   -1
 164    -5.582     6.021     0.000   93   -1   -1   -1
 165    -5.563    -5.032     0.000  630   -1   -1   -1
 166    -5.546    -2.852     0.000  531   -1   -1   -1
 167    -5.541    -0.688     0.000  433   -1   -1   -1
 168    -5.539     2.664     0.000  254   -1   -1   -1
 169    -5.490    -7.466     0.000  784   -1   -1   -1
 170    -5.484     4.783     0.000  152   -1   -1   -1
 171    -5.464     5.209     0.000  127   -1   -1   -1
 172    -5.386    -8.100     0.000  817   -1   -1   -1
 173    -5.322     2.040     0.000  292   -1   -1   -1
 174    -5.321     3.800     0.000  200   -1   -1   -1
 175    -5.296     0.711     0.000  351   -1   -1   -1
 176    -5.293     2.065     0.000  289   -1   -1   -1
 177    -5.283    -3.106     0.000  545   -1   -1   -1
 178    -5.273    -4.712     0.000  616   -1   -1   -1
 179    -5.272    -1.426     0.000  474   -1   -1   -1
 180    -5.258     2.099     0.000  286   -1   -1   -1
 181    -5.242    -3.741     0.000  570   -1   -1   -1
 182    -5.227    -4.903     0.000  625   -1   -1   -1
 183    -5.209    -6.665     0.000  741   -1   -1   -1
 184    -5.179    -1.493     0.000  477   -1   -1   -1
 185    -5.144    -0.068     0.000  402   -1   -1   -1
 186    -5.123    -3.887     0.000  575   -1   -1   -1
 187    -5.073    -3.475     0.000  563   -1   -1   -1
 188    -5.073    -0.006     0.000  395   -1   -1   -1
 189    -5.073     1.563     0.000  313   -1   -1   -1
 190    -5.067    -5.955     0.000  691   -1   -1   -1
 191    -5.050     0.535     0.000  366   -1   -1   -1
 192    -5.041    -5.316     0.000  645   -1   -1   -1
 193    -5.037    -4.321     0.000  595   -1   -1   -1
 194    -5.019     5.087     0.000  133   -1   -1   -1
 195    -5.002    -0.308     0.000  411   -1   -1   -1
 196    -4.994    -1.330     0.000  470   -1   -1   -1
 197    -4.947     3.718     0.000  203   -1   -1   -1
 198    -4.946    -4.104     0.000  585   -1   -1   -1
 199    -4.944     8.386     0.000    0   -1   -1   -1
 200    -4.941     3.907     0.000  194   -1   -1   -1
 201    -4.940     0.853     0.000  343   -1   -1   -1
 202    -4.939    -4.279     0.000  593   -1   -1   -1
 203    -4.932    -7.631     0.000  790   -1   -1   -1
 204    -4.929    -1.414     0.000  472   -1   -1   -1
 205    -4.923     8.218     0.000   10   -1   -1   -1
 206    -4.919     0.694     0.000  354   -1   -1   -1
 207    -4.849    -5.668     0.000  670   -1   -1   -1
 208    -4.838     0.084     0.000  391   -1   -1   -1
 209    -4.838     0.426     0.000  374   -1   -1   -1
 210    -4.818    -5.008     0.000  628   -1   -1   -1
 211    -4.810    -5.879     0.000  683   -1   -1   -1
 212    -4.785     3.795     0.000  201   -1   -1   -1
 213    -4.775    -7.466     0.000  785   -1   -1   -1
 214    -4.730    -6.712     0.000  745   -1   -1   -1
 215    -4.721    -4.666     0.000  614   -1   -1   -1
 216    -4.699     5.789     0.000  100   -1   -1   -1
 217    -4.694     4.431     0.000  170   -1   -1   -1
 218    -4.688    -2.134     0.000  509   -1   -1   -1
 219    -4.667    -7.871     0.000  802   -1   -1   -1
 220    -4.666     2.668     0.000  253   -1   -1   -1
 221    -4.640    -0.341     0.000  415   -1   -1   -1
 222    -4.624     3.380     0.000  220   -1   -1   -1
 223    -4.614    -3.732     0.000  568   -1   -1   -1
 224    -4.610     2.521     0.000  262   -1   -1   -1
 225    -4.573     3.592     0.000  212   -1   -1   -1
 226    -4.543     2.590     0.000  259   -1   -1   -1
 227    -4.536    -4.132     0.000  587   -1   -1   -1
 228    -4.525     0.630     0.000  363   -1   -1   -1
 229    -4.512    -4.343     0.000  598   -1   -1   -1
 230    -4.501     2.189     0.000  281   -1   -1   -1
 231    -4.462    -4.438     0.000  605   -1   -1   -1
 232    -4.452    -0.331     0.000  413   -1   -1   -1
 233    -4.442     0.881     0.000  340   -1   -1   -1
 234    -4.424    -5.872     0.000  681   -1   -1   -1
 235    -4.422    -6.023     0.000  697   -1   -1   -1
 236    -4.407     1.011     0.000  338   -1   -1   -1
 237    -4.386    -4.458     0.000  607   -1   -1   -1
 238    -4.386     0.691     0.000  356   -1   -1   -1
 239    -4.354     3.474     0.000  218   -1   -1   -1
 240    -4.352     4.786     0.000  151   -1   -1   -1
 241    -4.350     7.384     0.000   41   -1   -1   -1
 242    -4.335     0.669     0.000  359   -1   -1   -1
 243    -4.329     1.192     0.000  331   -1   -1   -1
 244    -4.295     2.420     0.000  269   -1   -1   -1
 245    -4.274    -8.234     0.000  821   -1   -1   -1
 246    -4.274    -1.082     0.000  456   -1   -1   -1
 247    -4.274    -1.891     0.000  494   -1   -1   -1
 248    -4.254    -6.329     0.000  714   -1   -1   -1
 249    -4.182    -0.424     0.000  419   -1   -1   -1
 250    -4.173     7.669     0.000   28   -1   -1   -1
 251    -4.166    -4.747     0.000  618   -1   -1   -1
 252    -4.135     5.755     0.000  102   -1   -1   -1
 253    -4.127     2.102     0.000  285   -1   -1   -1
 254    -4.094     1.700     0.000  309   -1   -1   -1
 255    -4.076     3.421     0.000  219   -1   -1   -1
 256    -4.071     2.622     0.000  256   -1   -1   -1
 257    -4.054    -7.356     0.000  774   -1   -1   -1
 258    -4.032     5.387     0.000  115   -1   -1   -1
 259    -3.989    -1.960     0.000  498   -1   -1   -1
 260    -3.986     3.319     0.000  222   -1   -1   -1
 261    -3.971    -7.118     0.000  770   -1   -1   -1
 262    -3.968    -1.309     0.000  468   -1   -1   -1
 263    -3.963    -8.088     0.000  815   -1   -1   -1
 264    -3.935    -2.721     0.000  525   -1   -1   -1
 265    -3.923    -6.039     0.000  698   -1   -1   -1
 266    -3.854     2.867     0.000  243   -1   -1   -1
 267    -3.831    -0.160     0.000  405   -1   -1   -1
 268    -3.814     8.309     0.000    5   -1   -1   -1
 269    -3.794    -4.546     0.000  608   -1   -1   -1
 270    -3.786     2.220     0.000  279   -1   -1   -1
 271    -3.775     7.900     0.000   23   -1   -1   -1
 272    -3.717    -6.923     0.000  760   -1   -1   -1
 273    -3.708     7.849     0.000   24   -1   -1   -1
 274    -3.673    -6.016     0.000  696   -1   -1   -1
 275    -3.673    -1.393     0.000  471   -1   -1   -1
 276    -3.663     0.985     0.000  339   -1   -1   -1
 277    -3.635     6.059     0.000   90   -1   -1   -1
 278    -3.596     0.494     0.000  371   -1   -1   -1
 279    -3.587     7.955     0.000   21   -1   -1   -1
 280    -3.555     6.379     0.000   81   -1   -1   -1
 281    -3.526     1.281     0.000  325   -1   -1   -1
 282    -3.524     8.243     0.000    7   -1   -1   -1
 283    -3.517    -7.787     0.000  797   -1   -1   -1
 284    -3.450     2.964     0.000  237   -1   -1   -1
 285    -3.423     0.197     0.000  383   -1   -1   -1
 286    -3.342     0.697     0.000  353   -1   -1   -1
 287    -3.324     5.461     0.000  111   -1   -1   -1
 288    -3.317     3.758     0.000  202   -1   -1   -1
 289    -3.309     3.852     0.000  197   -1   -1   -1
 290    -3.231    -6.777     0.000  752   -1   -1   -1
 291    -3.230     2.900     0.000  240   -1   -1   -1
 292    -3.210    -4.355     0.000  600   -1   -1   -1
 293    -3.209     4.896     0.000  144   -1   -1   -1
 294    -3.150    -3.158     0.000  549   -1   -1   -1
 295    -3.121    -0.015     0.000  397   -1   -1   -1
 296    -3.113     2.905     0.000  239   -1   -1   -1
 297    -3.086    -1.950     0.000  497   -1   -1   -1
 298    -3.077    -5.812     0.000  678   -1   -1   -1
 299    -3.059     8.043     0.000   17   -1   -1   -1
 300    -3.024    -5.619     0.000  663   -1   -1   -1
 301    -2.991     3.708     0.000  204   -1   -1   -1
 302    -2.979    -5.396     0.000  652   -1   -1   -1
 303    -2.936    -5.940     0.000  688   -1   -1   -1
 304    -2.897    -8.054     0.000  813   -1   -1   -1
 305    -2.893     8.212     0.000   11   -1   -1   -1
 306    -2.878    -7.732     0.000  794   -1   -1   -1
 307    -2.867     7.271     0.000   45   -1   -1   -1
 308    -2.782    -7.410     0.000  779   -1   -1   -1
 309    -2.727    -4.045     0.000  581   -1   -1   -1
 310    -2.696     5.965     0.000   94   -1   -1   -1
 311    -2.676     6.853     0.000   63   -1   -1   -1
 312    -2.654    -5.690     0.000  672   -1   -1   -1
 313    -2.632     3.629     0.000  208   -1   -1   -1
 314    -2.588    -2.200     0.000  511   -1   -1   -1
 315    -2.581    -3.292     0.000  552   -1   -1   -1
 316    -2.578     1.099     0.000  335   -1   -1   -1
 317    -2.571     3.069     0.000  231   -1   -1   -1
 318    -2.557    -5.925     0.000  686   -1   -1   -1
 319    -2.556    -1.013     0.000  455   -1   -1   -1
 320    -2.504    -6.873     0.000  756   -1   -1   -1
 321    -2.476    -0.892     0.000  446   -1   -1   -1
 322    -2.448     7.051     0.000   56   -1   -1   -1
 323    -2.441    -0.027     0.000  398   -1   -1   -1
 324    -2.420    -0.336     0.000  414   -1   -1   -1
 325    -2.412    -5.642     0.000  667   -1   -1   -1
 326    -2.405    -2.434     0.000  515   -1   -1   -1
 327    -2.402    -6.003     0.000  694   -1   -1   -1
 328    -2.394    -6.755     0.000  747   -1   -1   -1
 329    -2.394    -0.566     0.000  428   -1   -1   -1
 330    -2.354     0.685     0.000  357   -1   -1   -1
 331    -2.337     4.946     0.000  140   -1   -1   -1
 332    -2.319    -2.018     0.000  503   -1   -1   -1
 333    -2.290    -6.359     0.000  718   -1   -1   -1
 334    -2.287    -5.438     0.000  657   -1   -1   -1
 335    -2.252     0.702     0.000  352   -1   -1   -1
 336    -2.221    -3.365     0.000  555   -1   -1   -1
 337    -2.211     5.664     0.000  106   -1   -1   -1
 338    -2.161    -6.326     0.000  713   -1   -1   -1
 339    -2.122    -3.626     0.000  566   -1   -1   -1
 340    -2.116     2.082     0.000  287   -1   -1   -1
 341    -2.057    -8.434     0.000  830   -1   -1   -1
 342    -2.013     0.184     0.000  385   -1   -1   -1
 343    -1.999    -3.046     0.000  540   -1   -1   -1
 344    -1.998     7.328     0.000   43   -1   -1   -1
 345    -1.936    -4.175     0.000  589   -1   -1   -1
 346    -1.922     3.975     0.000  191   -1   -1   -1
 347    -1.846    -4.351     0.000  599   -1   -1   -1
 348    -1.803     4.007     0.000  190   -1   -1   -1
 349    -1.766     2.314     0.000  274   -1   -1   -1
 350    -1.687     8.118     0.000   13   -1   -1   -1
 351    -1.683     7.531     0.000   37   -1   -1   -1
 352    -1.671    -3.964     0.000  577   -1   -1   -1
 353    -1.671     4.334     0.000  177   -1   -1   -1
 354    -1.651    -2.034     0.000  505   -1   -1   -1
 355    -1.637     4.908     0.000  143   -1   -1   -1
 356    -1.600    -5.375     0.000  651   -1   -1   -1
 357    -1.580     6.067     0.000   89   -1   -1   -1
 358    -1.566    -5.510     0.000  662   -1   -1   -1
 359    -1.528     4.478     0.000  168   -1   -1   -1
 360    -1.519    -4.911     0.000  626   -1   -1   -1
 361    -1.486     1.833     0.000  303   -1   -1   -1
 362    -1.476     5.159     0.000  130   -1   -1   -1
 363    -1.476    -0.400     0.000  417   -1   -1   -1
 364    -1.423     3.508     0.000  217   -1   -1   -1
 365    -1.378    -5.299     0.000  644   -1   -1   -1
 366    -1.373    -7.900     0.000  804   -1   -1   -1
 367    -1.353    -1.725     0.000  487   -1   -1   -1
 368    -1.342     4.826     0.000  149   -1   -1   -1
 369    -1.309     5.425     0.000  112   -1   -1   -1
 370    -1.292     4.182     0.000  183   -1   -1   -1
 371    -1.174     3.594     0.000  211   -1   -1   -1
 372    -1.133    -2.002     0.000  501   -1   -1   -1
 373    -1.111    -7.841     0.000  799   -1   -1   -1
 374    -1.101    -1.253     0.000  464   -1   -1   -1
 375    -1.099     3.867     0.000  195   -1   -1   -1
 376    -1.010     4.635     0.000  160   -1   -1   -1
 377    -0.927     5.162     0.000  128   -1   -1   -1
 378    -0.871    -1.521     0.000  478   -1   -1   -1
 379    -0.827    -0.967     0.000  450   -1   -1   -1
 380    -0.822    -3.470     0.000  561   -1   -1   -1
 381    -0.794    -5.669     0.000  671   -1   -1   -1
 382    -0.703    -3.330     0.000  554   -1   -1   -1
 383    -0.700    -0.852     0.000  443   -1   -1   -1
 384    -0.650    -4.022     0.000  579   -1   -1   -1
 385    -0.644    -6.331     0.000  715   -1   -1   -1
 386    -0.637     4.427     0.000  171   -1   -1   -1
 387    -0.571    -6.415     0.000  723   -1   -1   -1
 388    -0.550    -2.569     0.000  522   -1   -1   -1
 389    -0.442    -5.093     0.000  632   -1   -1   -1
 390    -0.419    -2.699     0.000  524   -1   -1   -1
 391    -0.412    -5.353     0.000  649   -1   -1   -1
 392    -0.400    -0.347     0.000  416   -1   -1   -1
 393    -0.395    -5.623     0.000  665   -1   -1   -1
 394    -0.344    -1.849     0.000  492   -1   -1   -1
 395    -0.343    -0.847     0.000  442   -1   -1   -1
 396     0.022     1.257     0.000  326   -1   -1   -1
 397     0.175     6.027     0.000   92   -1   -1   -1
 398     0.188    -6.946     0.000  763   -1   -1   -1
 399     0.198    -4.132     0.000  586   -1   -1   -1
 400     0.203    -6.626     0.000  739   -1   -1   -1
 401     0.205    -0.227     0.000  409   -1   -1   -1
 402     0.260     0.398     0.000  377   -1   -1   -1
 403     0.273    -1.300     0.000  467   -1   -1   -1
 404     0.479    -4.099     0.000  584   -1   -1   -1
 405     0.491     0.692     0.000  355   -1   -1   -1
 406     0.516     2.701     0.000  252   -1   -1   -1
 407     0.584     0.474     0.000  372   -1   -1   -1
 408     0.590     2.835     0.000  245   -1   -1   -1
 409     0.748    -5.359     0.000  650   -1   -1   -1
 410     0.785     0.205     0.000  382   -1   -1   -1
 411     0.786    -0.453     0.000  422   -1   -1   -1
 412     0.824    -8.367     0.000  828   -1   -1   -1
 413     0.877     3.955     0.000  192   -1   -1   -1
 414     0.890    -3.147     0.000  547   -1   -1   -1
 415     0.941     7.433     0.000   39   -1   -1   -1
 416     0.945    -6.352     0.000  717   -1   -1   -1
 417     0.980    -0.990     0.000  452   -1   -1   -1
 418     0.983     4.533     0.000  165   -1   -1   -1
 419     1.028    -6.607     0.000  736   -1   -1   -1
 420     1.031    -1.736     0.000  488   -1   -1   -1
 421     1.035     0.879     0.000  341   -1   -1   -1
 422     1.078    -5.622     0.000  664   -1   -1   -1
 423     1.105     0.651     0.000  362   -1   -1   -1
 424     1.124     6.266     0.000   84   -1   -1   -1
 425     1.138     4.955     0.000  139   -1   -1   -1
 426     1.146    -3.735     0.000  569   -1   -1   -1
 427     1.234    -3.758     0.000  571   -1   -1   -1
 428     1.245    -2.859     0.000  532   -1   -1   -1
 429     1.277    -6.768     0.000  751   -1   -1   -1
 430     1.302     2.495     0.000  264   -1   -1   -1
 431     1.307     7.248     0.000   48   -1   -1   -1
 432     1.325     4.755     0.000  154   -1   -1   -1
 433     1.329     2.169     0.000  283   -1   -1   -1
 434     1.340     1.084     0.000  336   -1   -1   -1
 435     1.383    -2.364     0.000  513   -1   -1   -1
 436     1.405    -4.673     0.000  615   -1   -1   -1
 437     1.426     1.122     0.000  334   -1   -1   -1
 438     1.427    -3.452     0.000  559   -1   -1   -1
 439     1.461    -7.389     0.000  777   -1   -1   -1
 440     1.495    -5.173     0.000  640   -1   -1   -1
 441     1.510     8.382     0.000    2   -1   -1   -1
 442     1.516     4.890     0.000  145   -1   -1   -1
 443     1.528    -2.842     0.000  530   -1   -1   -1
 444     1.550     3.630     0.000  207   -1   -1   -1
 445     1.584     5.329     0.000  116   -1   -1   -1
 446     1.594    -7.647     0.000  791   -1   -1   -1
 447     1.595    -3.419     0.000  557   -1   -1   -1
 448     1.597    -6.419     0.000  726   -1   -1   -1
 449     1.625     6.523     0.000   77   -1   -1   -1
 450     1.672     0.528     0.000  369   -1   -1   -1
 451     1.715    -2.556     0.000  520   -1   -1   -1
 452     1.732    -1.617     0.000  483   -1   -1   -1
 453     1.755    -3.882     0.000  574   -1   -1   -1
 454     1.813    -6.387     0.000  719   -1   -1   -1
 455     1.816    -3.457     0.000  560   -1   -1   -1
 456     1.828     1.155     0.000  333   -1   -1   -1
 457     1.845     7.639     0.000   30   -1   -1   -1
 458     1.855     5.213     0.000  126   -1   -1   -1
 459     1.855    -0.638     0.000  431   -1   -1   -1
 460     1.879    -2.015     0.000  502   -1   -1   -1
 461     1.893    -6.736     0.000  746   -1   -1   -1
 462     1.904    -6.936     0.000  762   -1   -1   -1
 463     1.924    -4.591     0.000  610   -1   -1   -1
 464     1.930    -0.424     0.000  420   -1   -1   -1
 465     1.931    -3.682     0.000  567   -1   -1   -1
 466     1.946     0.180     0.000  386   -1   -1   -1
 467     2.011     5.871     0.000   97   -1   -1   -1
 468     2.017     1.226     0.000  329   -1   -1   -1
 469     2.093    -1.270     0.000  465   -1   -1   -1
 470     2.117     4.208     0.000  182   -1   -1   -1
 471     2.123    -7.871     0.000  803   -1   -1   -1
 472     2.136    -1.759     0.000  489   -1   -1   -1
 473     2.138    -3.576     0.000  565   -1   -1   -1
 474     2.138    -4.432     0.000  604   -1   -1   -1
 475     2.142     1.409     0.000  318   -1   -1   -1
 476     2.146     7.247     0.000   49   -1   -1   -1
 477     2.171     0.531     0.000  368   -1   -1   -1
 478     2.180    -0.050     0.000  401   -1   -1   -1
 479     2.224    -2.980     0.000  538   -1   -1   -1
 480     2.229     4.487     0.000  167   -1   -1   -1
 481     2.259     4.415     0.000  173   -1   -1   -1
 482     2.264    -6.417     0.000  725   -1   -1   -1
 483     2.273     5.851     0.000   98   -1   -1   -1
 484     2.278    -0.812     0.000  439   -1   -1   -1
 485     2.306    -7.431     0.000  780   -1   -1   -1
 486     2.311    -7.077     0.000  768   -1   -1   -1
 487     2.315    -6.619     0.000  738   -1   -1   -1
 488     2.324     0.754     0.000  348   -1   -1   -1
 489     2.326     6.556     0.000   74   -1   -1   -1
 490     2.339    -5.651     0.000  668   -1   -1   -1
 491     2.349     8.385     0.000    1   -1   -1   -1
 492     2.351     5.318     0.000  117   -1   -1   -1
 493     2.355    -7.265     0.000  773   -1   -1   -1
 494     2.385    -3.440     0.000  558   -1   -1   -1
 495     2.397     5.160     0.000  129   -1   -1   -1
 496     2.411     5.963     0.000   95   -1   -1   -1
 497     2.414    -0.327     0.000  412   -1   -1   -1
 498     2.426    -3.517     0.000  564   -1   -1   -1
 499     2.459     0.877     0.000  342   -1   -1   -1
 500     2.471    -3.083     0.000  543   -1   -1   -1
 501     2.487     4.523     0.000  166   -1   -1   -1
 502     2.563     4.096     0.000  185   -1   -1   -1
 503     2.608    -3.085     0.000  544   -1   -1   -1
 504     2.634     2.465     0.000  267   -1   -1   -1
 505     2.642     7.629     0.000   31   -1   -1   -1
 506     2.651    -5.032     0.000  631   -1   -1   -1
 507     2.684    -6.255     0.000  709   -1   -1   -1
 508     2.706     5.730     0.000  104   -1   -1   -1
 509     2.759     2.549     0.000  261   -1   -1   -1
 510     2.766    -5.883     0.000  684   -1   -1   -1
 511     2.791     5.711     0.000  105   -1   -1   -1
 512     2.820     0.771     0.000  347   -1   -1   -1
 513     2.826     7.959     0.000   20   -1   -1   -1
 514     2.843    -6.524     0.000  733   -1   -1   -1
 515     2.877     6.384     0.000   80   -1   -1   -1
 516     2.897     0.069     0.000  392   -1   -1   -1
 517     2.941     5.075     0.000  134   -1   -1   -1
 518     2.942    -1.560     0.000  480   -1   -1   -1
 519     2.968     7.147     0.000   54   -1   -1   -1
 520     3.026     0.668     0.000  360   -1   -1   -1
 521     3.030     5.231     0.000  123   -1   -1   -1
 522     3.045     2.720     0.000  250   -1   -1   -1
 523     3.068    -5.873     0.000  682   -1   -1   -1
 524     3.086    -5.114     0.000  633   -1   -1   -1
 525     3.107     5.587     0.000  110   -1   -1   -1
 526     3.118    -1.149     0.000  460   -1   -1   -1
 527     3.131     6.180     0.000   85   -1   -1   -1
 528     3.134    -2.454     0.000  517   -1   -1   -1
 529     3.151    -6.767     0.000  750   -1   -1   -1
 530     3.157     2.648     0.000  255   -1   -1   -1
 531     3.179     2.821     0.000  246   -1   -1   -1
 532     3.200    -1.860     0.000  493   -1   -1   -1
 533     3.211     8.233     0.000    8   -1   -1   -1
 534     3.215    -7.051     0.000  766   -1   -1   -1
 535     3.269    -8.013     0.000  810   -1   -1   -1
 536     3.317    -1.298     0.000  466   -1   -1   -1
 537     3.345    -7.101     0.000  769   -1   -1   -1
 538     3.416     6.652     0.000   69   -1   -1   -1
 539     3.425     2.957     0.000  238   -1   -1   -1
 540     3.484     2.819     0.000  247   -1   -1   -1
 541     3.487    -4.450     0.000  606   -1   -1   -1
 542     3.493    -5.318     0.000  647   -1   -1   -1
 543     3.500     1.336     0.000  322   -1   -1   -1
 544     3.507    -2.021     0.000  504   -1   -1   -1
 545     3.512    -7.445     0.000  783   -1   -1   -1
 546     3.524     5.891     0.000   96   -1   -1   -1
 547     3.563    -3.149     0.000  548   -1   -1   -1
 548     3.580    -2.722     0.000  526   -1   -1   -1
 549     3.598    -0.457     0.000  423   -1   -1   -1
 550     3.609     3.047     0.000  232   -1   -1   -1
 551     3.612    -0.876     0.000  445   -1   -1   -1
 552     3.639     5.304     0.000  118   -1   -1   -1
 553     3.643    -6.914     0.000  758   -1   -1   -1
 554     3.648    -5.948     0.000  690   -1   -1   -1
 555     3.651    -0.040     0.000  400   -1   -1   -1
 556     3.675     2.192     0.000  280   -1   -1   -1
 557     3.681    -5.407     0.000  653   -1   -1   -1
 558     3.681     5.035     0.000  136   -1   -1   -1
 559     3.687     7.901     0.000   22   -1   -1   -1
 560     3.753     4.043     0.000  188   -1   -1   -1
 561     3.757    -6.667     0.000  742   -1   -1   -1
 562     3.758    -5.848     0.000  680   -1   -1   -1
 563     3.763     2.607     0.000  258   -1   -1   -1
 564     3.776     0.147     0.000  387   -1   -1   -1
 565     3.782    -2.567     0.000  521   -1   -1   -1
 566     3.801    -5.227     0.000  642   -1   -1   -1
 567     3.818    -0.560     0.000  427   -1   -1   -1
 568     3.824     0.842     0.000  344   -1   -1   -1
 569     3.844    -6.973     0.000  764   -1   -1   -1
 570     3.849    -5.942     0.000  689   -1   -1   -1
 571     3.855    -2.079     0.000  507   -1   -1   -1
 572     3.860    -0.997     0.000  454   -1   -1   -1
 573     3.863    -1.787     0.000  490   -1   -1   -1
 574     3.867    -2.219     0.000  512   -1   -1   -1
 575     3.868    -7.130     0.000  771   -1   -1   -1
 576     3.874    -5.640     0.000  666   -1   -1   -1
 577     3.878    -7.432     0.000  782   -1   -1   -1
 578     3.888     0.528     0.000  370   -1   -1   -1
 579     3.889     4.924     0.000  141   -1   -1   -1
 580     3.896     5.254     0.000  121   -1   -1   -1
 581     3.914    -7.675     0.000  792   -1   -1   -1
 582     3.922    -4.096     0.000  583   -1   -1   -1
 583     3.955    -1.236     0.000  463   -1   -1   -1
 584     3.986     2.455     0.000  268   -1   -1   -1
 585     4.000    -8.040     0.000  812   -1   -1   -1
 586     4.014    -7.788     0.000  798   -1   -1   -1
 587     4.027     4.109     0.000  184   -1   -1   -1
 588     4.032     2.881     0.000  242   -1   -1   -1
 589     4.035     8.101     0.000   15   -1   -1   -1
 590     4.078     3.040     0.000  234   -1   -1   -1
 591     4.101     4.911     0.000  142   -1   -1   -1
 592     4.121    -5.419     0.000  654   -1   -1   -1
 593     4.150     0.725     0.000  350   -1   -1   -1
 594     4.245    -6.781     0.000  753   -1   -1   -1
 595     4.279    -8.306     0.000  826   -1   -1   -1
 596     4.295     4.705     0.000  157   -1   -1   -1
 597     4.307     2.245     0.000  277   -1   -1   -1
 598     4.313    -4.315     0.000  594   -1   -1   -1
 599     4.334     8.332     0.000    3   -1   -1   -1
 600     4.375    -1.998     0.000  500   -1   -1   -1
 601     4.382     2.169     0.000  282   -1   -1   -1
 602     4.441     7.795     0.000   26   -1   -1   -1
 603     4.447    -2.088     0.000  508   -1   -1   -1
 604     4.463    -1.694     0.000  485   -1   -1   -1
 605     4.465    -5.707     0.000  673   -1   -1   -1
 606     4.469     4.633     0.000  161   -1   -1   -1
 607     4.471     2.975     0.000  236   -1   -1   -1
 608     4.487     0.791     0.000  346   -1   -1   -1
 609     4.497     8.013     0.000   18   -1   -1   -1
 610     4.520    -0.837     0.000  440   -1   -1   -1
 611     4.521    -7.749     0.000  795   -1   -1   -1
 612     4.536     4.803     0.000  150   -1   -1   -1
 613     4.536     6.367     0.000   82   -1   -1   -1
 614     4.582    -8.264     0.000  822   -1   -1   -1
 615     4.587    -4.843     0.000  622   -1   -1   -1
 616     4.611     6.429     0.000   78   -1   -1   -1
 617     4.650    -3.255     0.000  551   -1   -1   -1
 618     4.652     0.059     0.000  393   -1   -1   -1
 619     4.652     3.293     0.000  224   -1   -1   -1
 620     4.682     1.881     0.000  302   -1   -1   -1
 621     4.683    -1.432     0.000  475   -1   -1   -1
 622     4.685     2.796     0.000  248   -1   -1   -1
 623     4.688     0.615     0.000  364   -1   -1   -1
 624     4.702     1.157     0.000  332   -1   -1   -1
 625     4.702    -6.432     0.000  728   -1   -1   -1
 626     4.742    -8.205     0.000  819   -1   -1   -1
 627     4.749    -5.160     0.000  639   -1   -1   -1
 628     4.756    -7.061     0.000  767   -1   -1   -1
 629     4.792     8.324     0.000    4   -1   -1   -1
 630     4.799     3.010     0.000  235   -1   -1   -1
 631     4.842    -4.079     0.000  582   -1   -1   -1
 632     4.929     0.329     0.000  378   -1   -1   -1
 633     4.935    -2.750     0.000  528   -1   -1   -1
 634     4.948     3.572     0.000  213   -1   -1   -1
 635     4.955     5.101     0.000  132   -1   -1   -1
 636     4.966     5.220     0.000  124   -1   -1   -1
 637     5.005    -7.232     0.000  772   -1   -1   -1
 638     5.021     1.467     0.000  317   -1   -1   -1
 639     5.046    -2.882     0.000  533   -1   -1   -1
 640     5.046    -5.189     0.000  641   -1   -1   -1
 641     5.057    -4.259     0.000  591   -1   -1   -1
 642     5.057     8.108     0.000   14   -1   -1   -1
 643     5.063     8.069     0.000   16   -1   -1   -1
 644     5.077    -8.310     0.000  827   -1   -1   -1
 645     5.096    -8.227     0.000  820   -1   -1   -1
 646     5.100    -3.951     0.000  576   -1   -1   -1
 647     5.107    -5.744     0.000  674   -1   -1   -1
 648     5.109     7.198     0.000   51   -1   -1   -1
 649     5.116     6.916     0.000   61   -1   -1   -1
 650     5.125     1.991     0.000  295   -1   -1   -1
 651     5.170    -5.817     0.000  679   -1   -1   -1
 652     5.195    -7.595     0.000  789   -1   -1   -1
 653     5.229     6.424     0.000   79   -1   -1   -1
 654     5.229     6.837     0.000   65   -1   -1   -1
 655     5.278     1.550     0.000  315   -1   -1   -1
 656     5.311    -3.107     0.000  546   -1   -1   -1
 657     5.326     2.374     0.000  271   -1   -1   -1
 658     5.334     2.558     0.000  260   -1   -1   -1
 659     5.400     5.807     0.000   99   -1   -1   -1
 660     5.412    -7.846     0.000  800   -1   -1   -1
 661     5.445    -2.947     0.000  536   -1   -1   -1
 662     5.452    -7.594     0.000  788   -1   -1   -1
 663     5.464     1.976     0.000  296   -1   -1   -1
 664     5.490     1.360     0.000  319   -1   -1   -1
 665     5.493     6.039     0.000   91   -1   -1   -1
 666     5.560     2.033     0.000  294   -1   -1   -1
 667     5.576     4.468     0.000  169   -1   -1   -1
 668     5.611    -8.093     0.000  816   -1   -1   -1
 669     5.643     6.966     0.000   60   -1   -1   -1
 670     5.677     3.915     0.000  193   -1   -1   -1
 671     5.690    -0.647     0.000  432   -1   -1   -1
 672     5.692    -6.698     0.000  743   -1   -1   -1
 673     5.715    -3.195     0.000  550   -1   -1   -1
 674     5.767     4.591     0.000  164   -1   -1   -1
 675     5.767    -8.073     0.000  814   -1   -1   -1
 676     5.778    -5.466     0.000  658   -1   -1   -1
 677     5.796    -5.794     0.000  676   -1   -1   -1
 678     5.827    -6.432     0.000  727   -1   -1   -1
 679     5.834     1.750     0.000  305   -1   -1   -1
 680     5.834    -2.464     0.000  518   -1   -1   -1
 681     5.843    -0.993     0.000  453   -1   -1   -1
 682     5.844    -5.152     0.000  637   -1   -1   -1
 683     5.892    -3.472     0.000  562   -1   -1   -1
 684     5.901     1.966     0.000  298   -1   -1   -1
 685     5.904    -0.756     0.000  437   -1   -1   -1
 686     5.908     5.053     0.000  135   -1   -1   -1
 687     5.926    -7.966     0.000  808   -1   -1   -1
 688     5.973    -7.370     0.000  775   -1   -1   -1
 689     5.996     2.714     0.000  251   -1   -1   -1
 690     5.999    -6.390     0.000  720   -1   -1   -1
 691     6.016    -6.490     0.000  729   -1   -1   -1
 692     6.032     0.215     0.000  381   -1   -1   -1
 693     6.041    -5.297     0.000  643   -1   -1   -1
 694     6.048    -4.336     0.000  596   -1   -1   -1
 695     6.058    -0.483     0.000  425   -1   -1   -1
 696     6.060     4.631     0.000  162   -1   -1   -1
 697     6.070    -3.070     0.000  542   -1   -1   -1
 698     6.100    -6.149     0.000  704   -1   -1   -1
 699     6.102    -5.436     0.000  655   -1   -1   -1
 700     6.161     1.689     0.000  310   -1   -1   -1
 701     6.170     6.538     0.000   75   -1   -1   -1
 702     6.189    -4.342     0.000  597   -1   -1   -1
 703     6.207     3.851     0.000  198   -1   -1   -1
 704     6.217     0.277     0.000  380   -1   -1   -1
 705     6.217    -4.225     0.000  590   -1   -1   -1
 706     6.221     3.182     0.000  227   -1   -1   -1
 707     6.225    -1.566     0.000  481   -1   -1   -1
 708     6.284     7.264     0.000   46   -1   -1   -1
 709     6.319    -2.138     0.000  510   -1   -1   -1
 710     6.323    -2.951     0.000  537   -1   -1   -1
 711     6.335    -6.502     0.000  731   -1   -1   -1
 712     6.352     1.948     0.000  300   -1   -1   -1
 713     6.383     2.352     0.000  273   -1   -1   -1
 714     6.396    -6.552     0.000  735   -1   -1   -1
 715     6.412     7.016     0.000   58   -1   -1   -1
 716     6.417    -4.273     0.000  592   -1   -1   -1
 717     6.422    -2.933     0.000  535   -1   -1   -1
 718     6.465    -3.854     0.000  573   -1   -1   -1
 719     6.493    -4.885     0.000  624   -1   -1   -1
 720     6.540    -2.065     0.000  506   -1   -1   -1
 721     6.546     6.904     0.000   62   -1   -1   -1
 722     6.552    -5.965     0.000  693   -1   -1   -1
 723     6.564     4.662     0.000  159   -1   -1   -1
 724     6.574    -1.315     0.000  469   -1   -1   -1
 725     6.596     2.121     0.000  284   -1   -1   -1
 726     6.626    -0.585     0.000  430   -1   -1   -1
 727     6.635     2.866     0.000  244   -1   -1   -1
 728     6.646    -6.062     0.000  700   -1   -1   -1
 729     6.675    -5.142     0.000  636   -1   -1   -1
 730     6.684     5.637     0.000  108   -1   -1   -1
 731     6.696    -5.334     0.000  648   -1   -1   -1
 732     6.724     6.580     0.000   72   -1   -1   -1
 733     6.728     0.425     0.000  375   -1   -1   -1
 734     6.731    -6.228     0.000  707   -1   -1   -1
 735     6.740    -5.510     0.000  661   -1   -1   -1
 736     6.747     3.177     0.000  228   -1   -1   -1
 737     6.765     3.294     0.000  223   -1   -1   -1
 738     6.766    -1.891     0.000  495   -1   -1   -1
 739     6.771     2.048     0.000  291   -1   -1   -1
 740     6.799    -0.576     0.000  429   -1   -1   -1
 741     6.801     0.683     0.000  358   -1   -1   -1
 742     6.826    -6.063     0.000  701   -1   -1   -1
 743     6.826    -0.778     0.000  438   -1   -1   -1
 744     6.865     5.217     0.000  125   -1   -1   -1
 745     6.884    -4.775     0.000  619   -1   -1   -1
 746     6.898     3.617     0.000  209   -1   -1   -1
 747     6.903    -8.015     0.000  811   -1   -1   -1
 748     6.928    -0.919     0.000  449   -1   -1   -1
 749     6.933    -4.935     0.000  627   -1   -1   -1
 750     6.939    -0.090     0.000  403   -1   -1   -1
 751     6.939    -2.652     0.000  523   -1   -1   -1
 752     6.939     6.171     0.000   86   -1   -1   -1
 753     6.971    -0.691     0.000  434   -1   -1   -1
 754     6.983     0.431     0.000  373   -1   -1   -1
 755     6.985     2.080     0.000  288   -1   -1   -1
 756     7.027     6.627     0.000   71   -1   -1   -1
 757     7.051     2.039     0.000  293   -1   -1   -1
 758     7.054    -6.616     0.000  737   -1   -1   -1
 759     7.062    -5.804     0.000  677   -1   -1   -1
 760     7.082    -4.042     0.000  580   -1   -1   -1
 761     7.100    -0.197     0.000  408   -1   -1   -1
 762     7.106    -6.006     0.000  695   -1   -1   -1
 763     7.139    -8.303     0.000  825   -1   -1   -1
 764     7.145     7.539     0.000   35   -1   -1   -1
 765     7.172     6.522     0.000   76   -1   -1   -1
 766     7.190    -6.178     0.000  705   -1   -1   -1
 767     7.214     0.190     0.000  384   -1   -1   -1
 768     7.233    -3.980     0.000  578   -1   -1   -1
 769     7.266     1.792     0.000  304   -1   -1   -1
 770     7.271     4.366     0.000  176   -1   -1   -1
 771     7.281    -6.762     0.000  749   -1   -1   -1
 772     7.286    -4.408     0.000  602   -1   -1   -1
 773     7.291     6.738     0.000   67   -1   -1   -1
 774     7.309     4.307     0.000  179   -1   -1   -1
 775     7.316     5.623     0.000  109   -1   -1   -1
 776     7.330    -0.157     0.000  404   -1   -1   -1
 777     7.371     3.542     0.000  215   -1   -1   -1
 778     7.410    -6.417     0.000  724   -1   -1   -1
 779     7.426     2.062     0.000  290   -1   -1   -1
 780     7.487    -5.759     0.000  675   -1   -1   -1
 781     7.493     5.264     0.000  119   -1   -1   -1
 782     7.498     4.776     0.000  153   -1   -1   -1
 783     7.507     4.421     0.000  172   -1   -1   -1
 784     7.550    -2.912     0.000  534   -1   -1   -1
 785     7.554    -8.435     0.000  831   -1   -1   -1
 786     7.574    -1.551     0.000  479   -1   -1   -1
 787     7.582     1.254     0.000  327   -1   -1   -1
 788     7.605     4.753     0.000  155   -1   -1   -1
 789     7.623     1.742     0.000  306   -1   -1   -1
 790     7.643     2.271     0.000  276   -1   -1   -1
 791     7.677     4.087     0.000  186   -1   -1   -1
 792     7.712     7.739     0.000   27   -1   -1   -1
 793     7.745    -7.941     0.000  806   -1   -1   -1
 794     7.765     8.248     0.000    6   -1   -1   -1
 795     7.775    -2.999     0.000  539   -1   -1   -1
 796     7.779     1.621     0.000  312   -1   -1   -1
 797     7.840     6.729     0.000   68   -1   -1   -1
 798     7.845    -0.865     0.000  444   -1   -1   -1
 799     7.895    -5.157     0.000  638   -1   -1   -1
 800     7.928    -5.021     0.000  629   -1   -1   -1
 801     7.991     7.149     0.000   53   -1   -1   -1
 802     8.010    -0.441     0.000  421   -1   -1   -1
 803     8.023    -6.815     0.000  754   -1   -1   -1
 804     8.025    -1.203     0.000  461   -1   -1   -1
 805     8.029    -6.894     0.000  757   -1   -1   -1
 806     8.035     1.018     0.000  337   -1   -1   -1
 807     8.040    -5.655     0.000  669   -1   -1   -1
 808     8.069     4.377     0.000  175   -1   -1   -1
 809     8.098     3.152     0.000  229   -1   -1   -1
 810     8.105    -1.125     0.000  459   -1   -1   -1
 811     8.137    -4.783     0.000  620   -1   -1   -1
 812     8.162    -4.548     0.000  609   -1   -1   -1
 813     8.178     2.495     0.000  263   -1   -1   -1
 814     8.184     3.230     0.000  226   -1   -1   -1
 815     8.186     4.606     0.000  163   -1   -1   -1
 816     8.191     1.710     0.000  308   -1   -1   -1
 817     8.234    -6.338     0.000  716   -1   -1   -1
 818     8.255     7.256     0.000   47   -1   -1   -1
 819     8.261    -6.534     0.000  734   -1   -1   -1
 820     8.274    -3.412     0.000  556   -1   -1   -1
 821     8.283    -6.057     0.000  699   -1   -1   -1
 822     8.311    -1.905     0.000  496   -1   -1   -1
 823     8.323     5.263     0.000  120   -1   -1   -1
 824     8.323    -7.381     0.000  776   -1   -1   -1
 825     8.336     7.032     0.000   57   -1   -1   -1
 826     8.350     1.333     0.000  323   -1   -1   -1
 827     8.350    -4.411     0.000  603   -1   -1   -1
 828     8.360     8.188     0.000   12   -1   -1   -1
 829     8.370     7.573     0.000   33   -1   -1   -1
 830     8.391    -8.283     0.000  824   -1   -1   -1
 831     8.404    -0.170     0.000  406   -1   -1   -1
 832     8.407     0.664     0.000  361   -1   -1   -1
