849
   1    -8.437    -5.360     0.000  666   -1   -1   -1
   2    -8.410     7.532     0.000   35   -1   -1   -1
   3    -8.387    -3.334     0.000  560   -1   -1   -1
   4    -8.382    -6.919     0.000  771   -1   -1   -1
   5    -8.357    -4.660     0.000  620   -1   -1   -1
   6    -8.352    -8.181     0.000  836   -1   -1   -1
   7    -8.316     1.200     0.000  340   -1   -1   -1
   8    -8.313     0.529     0.000  377   -1   -1   -1
   9    -8.302    -1.816     0.000  489   -1   -1   -1
  10    -8.283     6.846     0.000   60   -1   -1   -1
  11    -8.241    -8.273     0.000  841   -1   -1   -1
  12    -8.238     4.222     0.000  186   -1   -1   -1
  13    -8.223     1.558     0.000  319   -1   -1   -1
  14    -8.208    -7.956     0.000  825   -1   -1   -1
  15    -8.199     1.511     0.000  322   -1   -1   -1
  16    -8.195    -3.065     0.000  548   -1   -1   -1
  17    -8.181     4.412     0.000  180   -1   -1   -1
  18    -8.138     6.481     0.000   75   -1   -1   -1
  19    -8.134    -2.534     0.000  523   -1   -1   -1
  20    -8.122     2.614     0.000  266   -1   -1   -1
  21    -8.088     1.343     0.000  329   -1   -1   -1
  22    -8.051     2.233     0.000  286   -1   -1   -1
  23    -8.036    -7.436     0.000  792   -1   -1   -1
  24    -8.015    -6.287     0.000  730   -1   -1   -1
  25    -8.006     6.563     0.000   72   -1   -1   -1
  26    -7.996    -3.851     0.000  576   -1   -1   -1
  27    -7.949     5.651     0.000  105   -1   -1   -1
  28    -7.940    -0.973     0.000  456   -1   -1   -1
  29    -7.914    -7.007     0.000  776   -1   -1   -1
  30    -7.915    -0.195     0.000  417   -1   -1   -1
  31    -7.913     0.812     0.000  355   -1   -1   -1
  32    -7.871    -5.363     0.000  667   -1   -1   -1
  33    -7.861     4.081     0.000  193   -1   -1   -1
  34    -7.857    -6.146     0.000  719   -1   -1   -1
  35    -7.834     7.174     0.000   49   -1   -1   -1
  36    -7.833     3.858     0.000  199   -1   -1   -1
  37    -7.822    -4.878     0.000  631   -1   -1   -1
  38    -7.810    -6.200     0.000  723   -1   -1   -1
  39    -7.807     2.483     0.000  274   -1   -1   -1
  40    -7.805     4.983     0.000  140   -1   -1   -1
  41    -7.797    -2.777     0.000  532   -1   -1   -1
  42    -7.775    -5.177     0.000  653   -1   -1   -1
  43    -7.768    -6.290     0.000  731   -1   -1   -1
  44    -7.767    -4.662     0.000  621   -1   -1   -1
  45    -7.767     1.966     0.000  303   -1   -1   -1
  46    -7.756     5.231     0.000  124   -1   -1   -1
  47    -7.752    -6.764     0.000  763   -1   -1   -1
  48    -7.744    -0.700     0.000  442   -1   -1   -1
  49    -7.706     7.109     0.000   52   -1   -1   -1
  50    -7.692     6.647     0.000   67   -1   -1   -1
  51    -7.623     4.938     0.000  145   -1   -1   -1
  52    -7.591     0.409     0.000  382   -1   -1   -1
  53    -7.586    -6.931     0.000  772   -1   -1   -1
  54    -7.569    -0.015     0.000  407   -1   -1   -1
  55    -7.557    -0.707     0.000  443   -1   -1   -1
  56    -7.546     8.226     0.000    9   -1   -1   -1
  57    -7.529    -5.477     0.000  676   -1   -1   -1
  58    -7.527    -1.121     0.000  462   -1   -1   -1
  59    -7.488     7.989     0.000   17   -1   -1   -1
  60    -7.485     3.612     0.000  213   -1   -1   -1
  61    -7.431    -1.456     0.000  477   -1   -1   -1
  62    -7.402     3.668     0.000  211   -1   -1   -1
  63    -7.394     1.722     0.000  312   -1   -1   -1
  64    -7.369     2.306     0.000  281   -1   -1   -1
  65    -7.365    -6.240     0.000  728   -1   -1   -1
  66    -7.336    -5.128     0.000  647   -1   -1   -1
  67    -7.333    -5.443     0.000  672   -1   -1   -1
  68    -7.319     3.846     0.000  201   -1   -1   -1
  69    -7.314     5.387     0.000  116   -1   -1   -1
  70    -7.308     0.090     0.000  400   -1   -1   -1
  71    -7.259     6.132     0.000   87   -1   -1   -1
  72    -7.257     3.233     0.000  229   -1   -1   -1
  73    -7.237    -8.408     0.000  845   -1   -1   -1
  74    -7.201    -8.003     0.000  827   -1   -1   -1
  75    -7.186     7.640     0.000   30   -1   -1   -1
  76    -7.180    -7.580     0.000  801   -1   -1   -1
  77    -7.170     6.078     0.000   88   -1   -1   -1
  78    -7.162     4.728     0.000  159   -1   -1   -1
  79    -7.157    -2.446     0.000  520   -1   -1   -1
  80    -7.155     4.032     0.000  195   -1   -1   -1
  81    -7.145     7.285     0.000   41   -1   -1   -1
  82    -7.126    -7.783     0.000  815   -1   -1   -1
  83    -7.122     7.444     0.000   36   -1   -1   -1
  84    -7.104     4.977     0.000  142   -1   -1   -1
  85    -7.054    -5.472     0.000  675   -1   -1   -1
  86    -7.049     0.014     0.000  405   -1   -1   -1
  87    -7.028     1.954     0.000  305   -1   -1   -1
  88    -7.002    -2.434     0.000  519   -1   -1   -1
  89    -7.002     4.424     0.000  177   -1   -1   -1
  90    -6.996    -6.828     0.000  768   -1   -1   -1
  91    -6.993    -0.403     0.000  423   -1   -1   -1
  92    -6.986     4.324     0.000  183   -1   -1   -1
  93    -6.978    -6.660     0.000  755   -1   -1   -1
  94    -6.966     5.102     0.000  130   -1   -1   -1
  95    -6.951    -2.729     0.000  531   -1   -1   -1
  96    -6.932    -0.850     0.000  449   -1   -1   -1
  97    -6.931     5.401     0.000  113   -1   -1   -1
  98    -6.920     3.361     0.000  224   -1   -1   -1
  99    -6.908     2.890     0.000  249   -1   -1   -1
 100    -6.897    -1.234     0.000  468   -1   -1   -1
 101    -6.870    -6.510     0.000  746   -1   -1   -1
 102    -6.857     7.541     0.000   33   -1   -1   -1
 103    -6.817     1.299     0.000  333   -1   -1   -1
 104    -6.799    -7.554     0.000  799   -1   -1   -1
 105    -6.797    -5.494     0.000  677   -1   -1   -1
 106    -6.775     2.401     0.000  277   -1   -1   -1
 107    -6.760    -0.901     0.000  452   -1   -1   -1
 108    -6.733     3.554     0.000  217   -1   -1   -1
 109    -6.705     1.345     0.000  328   -1   -1   -1
 110    -6.703     1.661     0.000  316   -1   -1   -1
 111    -6.647     2.363     0.000  279   -1   -1   -1
 112    -6.644     3.529     0.000  219   -1   -1   -1
 113    -6.620     5.759     0.000  102   -1   -1   -1
 114    -6.610    -4.399     0.000  605   -1   -1   -1
 115    -6.601     6.965     0.000   56   -1   -1   -1
 116    -6.549    -6.416     0.000  739   -1   -1   -1
 117    -6.526     7.602     0.000   31   -1   -1   -1
 118    -6.514     3.048     0.000  237   -1   -1   -1
 119    -6.504    -4.823     0.000  629   -1   -1   -1
 120    -6.504    -6.301     0.000  734   -1   -1   -1
 121    -6.463     0.125     0.000  397   -1   -1   -1
 122    -6.375     4.858     0.000  151   -1   -1   -1
 123    -6.375    -0.508     0.000  429   -1   -1   -1
 124    -6.325     0.090     0.000  399   -1   -1   -1
 125    -6.290    -1.698     0.000  486   -1   -1   -1
 126    -6.289    -7.951     0.000  824   -1   -1   -1
 127    -6.287    -1.891     0.000  494   -1   -1   -1
 128    -6.279    -5.907     0.000  705   -1   -1   -1
 129    -6.214     2.490     0.000  273   -1   -1   -1
 130    -6.187     4.861     0.000  150   -1   -1   -1
 131    -6.185    -5.326     0.000  662   -1   -1   -1
 132    -6.169     3.355     0.000  225   -1   -1   -1
 133    -6.168     2.725     0.000  259   -1   -1   -1
 134    -6.134    -1.107     0.000  461   -1   -1   -1
 135    -6.129     1.233     0.000  338   -1   -1   -1
 136    -6.125     7.340     0.000   39   -1   -1   -1
 137    -6.114    -7.728     0.000  813   -1   -1   -1
 138    -6.099     6.264     0.000   83   -1   -1   -1
 139    -6.098    -6.708     0.000  759   -1   -1   -1
 140    -6.054     3.690     0.000  208   -1   -1   -1
 141    -6.037     7.835     0.000   22   -1   -1   -1
 142    -6.010    -6.496     0.000  744   -1   -1   -1
 143    -6.006    -0.477     0.000  427   -1   -1   -1
 144    -5.995    -4.690     0.000  622   -1   -1   -1
 145    -5.972     6.796     0.000   62   -1   -1   -1
 146    -5.967     3.068     0.000  236   -1   -1   -1
 147    -5.962    -7.885     0.000  820   -1   -1   -1
 148    -5.944    -7.444     0.000  793   -1   -1   -1
 149    -5.928     4.834     0.000  152   -1   -1   -1
 150    -5.915    -6.398     0.000  737   -1   -1   -1
 151    -5.914    -0.034     0.000  408   -1   -1   -1
 152    -5.909    -1.694     0.000  485   -1   -1   -1
 153    -5.884    -5.964     0.000  711   -1   -1   -1
 154    -5.871    -1.969     0.000  501   -1   -1   -1
 155    -5.865     0.610     0.000  374   -1   -1   -1
 156    -5.852    -7.416     0.000  791   -1   -1   -1
 157    -5.850     4.681     0.000  163   -1   -1   -1
 158    -5.827    -4.623     0.000  617   -1   -1   -1
 159    -5.778    -4.149     0.000  590   -1   -1   -1
 160    -5.750    -2.376     0.000  516   -1   -1   -1
 161    -5.745    -5.943     0.000  707   -1   -1   -1
 162    -5.719     7.402     0.000   37   -1   -1   -1
 163    -5.701     1.908     0.000  307   -1   -1   -1
 164    -5.691     5.732     0.000  104   -1   -1   -1
 165    -5.678    -0.900     0.000  451   -1   -1   -1
 166    -5.674     0.738     0.000  361   -1   -1   -1
 167    -5.673    -1.811     0.000  488   -1   -1   -1
 168    -5.624     7.224     0.000   46   -1   -1   -1
 169    -5.609     0.290     0.000  385   -1   -1   -1
 170    -5.590     6.020     0.000   93   -1   -1   -1
 171    -5.569    -5.044     0.000  641   -1   -1   -1
 172    -5.554    -0.689     0.000  439   -1   -1   -1
 173    -5.540     2.665     0.000  262   -1   -1   -1
 174    -5.529    -2.846     0.000  535   -1   -1   -1
 175    -5.503    -7.460     0.000  795   -1   -1   -1
 176    -5.487     4.780     0.000  155   -1   -1   -1
 177    -5.468     5.205     0.000  127   -1   -1   -1
 178    -5.378    -8.105     0.000  833   -1   -1   -1
 179    -5.319     3.799     0.000  203   -1   -1   -1
 180    -5.305     0.714     0.000  364   -1   -1   -1
 181    -5.293     2.068     0.000  296   -1   -1   -1
 182    -5.288    -4.718     0.000  623   -1   -1   -1
 183    -5.272    -3.113     0.000  551   -1   -1   -1
 184    -5.244    -4.940     0.000  635   -1   -1   -1
 185    -5.240    -3.732     0.000  574   -1   -1   -1
 186    -5.209    -1.471     0.000  478   -1   -1   -1
 187    -5.156    -0.066     0.000  411   -1   -1   -1
 188    -5.126    -3.886     0.000  580   -1   -1   -1
 189    -5.089     7.261     0.000   43   -1   -1   -1
 190    -5.085    -3.486     0.000  567   -1   -1   -1
 191    -5.083    -0.001     0.000  406   -1   -1   -1
 192    -5.073     1.566     0.000  318   -1   -1   -1
 193    -5.060    -4.320     0.000  600   -1   -1   -1
 194    -5.054     0.538     0.000  376   -1   -1   -1
 195    -5.024     5.080     0.000  133   -1   -1   -1
 196    -5.015    -5.096     0.000  645   -1   -1   -1
 197    -5.012    -5.945     0.000  708   -1   -1   -1
 198    -5.012    -1.333     0.000  473   -1   -1   -1
 199    -5.010    -0.305     0.000  420   -1   -1   -1
 200    -4.986    -4.268     0.000  594   -1   -1   -1
 201    -4.947     3.716     0.000  207   -1   -1   -1
 202    -4.940    -1.420     0.000  476   -1   -1   -1
 203    -4.936     3.903     0.000  197   -1   -1   -1
 204    -4.930    -4.286     0.000  596   -1   -1   -1
 205    -4.929     8.217     0.000   10   -1   -1   -1
 206    -4.926     0.699     0.000  366   -1   -1   -1
 207    -4.923     1.629     0.000  317   -1   -1   -1
 208    -4.902    -3.039     0.000  546   -1   -1   -1
 209    -4.895    -7.562     0.000  800   -1   -1   -1
 210    -4.850    -5.002     0.000  637   -1   -1   -1
 211    -4.849    -5.346     0.000  665   -1   -1   -1
 212    -4.847     0.086     0.000  401   -1   -1   -1
 213    -4.846     0.432     0.000  379   -1   -1   -1
 214    -4.825    -5.604     0.000  683   -1   -1   -1
 215    -4.817    -5.885     0.000  703   -1   -1   -1
 216    -4.778     3.793     0.000  204   -1   -1   -1
 217    -4.747    -6.674     0.000  758   -1   -1   -1
 218    -4.744    -4.638     0.000  618   -1   -1   -1
 219    -4.720    -7.390     0.000  789   -1   -1   -1
 220    -4.708    -2.109     0.000  507   -1   -1   -1
 221    -4.699     5.790     0.000  100   -1   -1   -1
 222    -4.682     4.416     0.000  179   -1   -1   -1
 223    -4.668     2.672     0.000  261   -1   -1   -1
 224    -4.650    -1.934     0.000  499   -1   -1   -1
 225    -4.641    -3.730     0.000  573   -1   -1   -1
 226    -4.622    -7.800     0.000  817   -1   -1   -1
 227    -4.620     3.380     0.000  223   -1   -1   -1
 228    -4.611     2.528     0.000  271   -1   -1   -1
 229    -4.609    -7.660     0.000  806   -1   -1   -1
 230    -4.566    -4.122     0.000  588   -1   -1   -1
 231    -4.555     3.599     0.000  214   -1   -1   -1
 232    -4.549     2.596     0.000  268   -1   -1   -1
 233    -4.540    -4.334     0.000  601   -1   -1   -1
 234    -4.528     0.632     0.000  372   -1   -1   -1
 235    -4.505     2.194     0.000  289   -1   -1   -1
 236    -4.483    -7.229     0.000  783   -1   -1   -1
 237    -4.451    -0.317     0.000  422   -1   -1   -1
 238    -4.451    -4.432     0.000  609   -1   -1   -1
 239    -4.425    -5.816     0.000  695   -1   -1   -1
 240    -4.421     1.017     0.000  345   -1   -1   -1
 241    -4.412    -4.455     0.000  610   -1   -1   -1
 242    -4.392    -5.962     0.000  710   -1   -1   -1
 243    -4.366     4.782     0.000  154   -1   -1   -1
 244    -4.353     7.376     0.000   38   -1   -1   -1
 245    -4.352     3.471     0.000  220   -1   -1   -1
 246    -4.351     0.679     0.000  370   -1   -1   -1
 247    -4.336     1.197     0.000  341   -1   -1   -1
 248    -4.305    -1.051     0.000  460   -1   -1   -1
 249    -4.295    -1.858     0.000  492   -1   -1   -1
 250    -4.295     2.425     0.000  276   -1   -1   -1
 251    -4.244    -8.229     0.000  838   -1   -1   -1
 252    -4.206    -6.290     0.000  732   -1   -1   -1
 253    -4.204    -0.413     0.000  424   -1   -1   -1
 254    -4.195    -4.745     0.000  625   -1   -1   -1
 255    -4.173     7.668     0.000   29   -1   -1   -1
 256    -4.147     5.759     0.000  101   -1   -1   -1
 257    -4.131     2.113     0.000  294   -1   -1   -1
 258    -4.099     1.717     0.000  313   -1   -1   -1
 259    -4.068     2.624     0.000  265   -1   -1   -1
 260    -4.066     3.439     0.000  221   -1   -1   -1
 261    -4.055     5.394     0.000  115   -1   -1   -1
 262    -4.038    -7.281     0.000  784   -1   -1   -1
 263    -3.989    -1.925     0.000  498   -1   -1   -1
 264    -3.986     3.332     0.000  226   -1   -1   -1
 265    -3.974    -7.066     0.000  779   -1   -1   -1
 266    -3.963    -1.263     0.000  469   -1   -1   -1
 267    -3.920    -6.005     0.000  713   -1   -1   -1
 268    -3.919    -2.674     0.000  527   -1   -1   -1
 269    -3.875    -8.056     0.000  830   -1   -1   -1
 270    -3.852    -0.153     0.000  414   -1   -1   -1
 271    -3.850     2.870     0.000  251   -1   -1   -1
 272    -3.824     8.317     0.000    3   -1   -1   -1
 273    -3.823    -4.534     0.000  613   -1   -1   -1
 274    -3.796    -7.832     0.000  818   -1   -1   -1
 275    -3.784     2.233     0.000  285   -1   -1   -1
 276    -3.772    -1.148     0.000  465   -1   -1   -1
 277    -3.765     7.888     0.000   21   -1   -1   -1
 278    -3.693    -1.375     0.000  474   -1   -1   -1
 279    -3.676     1.012     0.000  347   -1   -1   -1
 280    -3.638     6.058     0.000   90   -1   -1   -1
 281    -3.628    -5.926     0.000  706   -1   -1   -1
 282    -3.626    -0.800     0.000  447   -1   -1   -1
 283    -3.596     7.964     0.000   19   -1   -1   -1
 284    -3.564     6.378     0.000   79   -1   -1   -1
 285    -3.550     0.175     0.000  396   -1   -1   -1
 286    -3.544     1.330     0.000  332   -1   -1   -1
 287    -3.530     8.253     0.000    6   -1   -1   -1
 288    -3.461    -7.678     0.000  809   -1   -1   -1
 289    -3.436     2.970     0.000  246   -1   -1   -1
 290    -3.428     0.223     0.000  392   -1   -1   -1
 291    -3.385    -2.067     0.000  505   -1   -1   -1
 292    -3.380     0.758     0.000  359   -1   -1   -1
 293    -3.324     5.461     0.000  110   -1   -1   -1
 294    -3.299     3.822     0.000  202   -1   -1   -1
 295    -3.294     4.894     0.000  149   -1   -1   -1
 296    -3.288     2.921     0.000  248   -1   -1   -1
 297    -3.239    -6.715     0.000  761   -1   -1   -1
 298    -3.230    -4.310     0.000  599   -1   -1   -1
 299    -3.199     3.009     0.000  240   -1   -1   -1
 300    -3.188     4.953     0.000  143   -1   -1   -1
 301    -3.149     0.206     0.000  394   -1   -1   -1
 302    -3.148     0.072     0.000  402   -1   -1   -1
 303    -3.130    -7.508     0.000  798   -1   -1   -1
 304    -3.107     2.977     0.000  243   -1   -1   -1
 305    -3.099    -1.901     0.000  496   -1   -1   -1
 306    -3.081    -5.702     0.000  685   -1   -1   -1
 307    -3.059    -6.649     0.000  754   -1   -1   -1
 308    -3.058     8.050     0.000   15   -1   -1   -1
 309    -3.008    -5.538     0.000  679   -1   -1   -1
 310    -2.950     3.765     0.000  205   -1   -1   -1
 311    -2.950    -5.845     0.000  700   -1   -1   -1
 312    -2.950    -5.260     0.000  656   -1   -1   -1
 313    -2.909     5.075     0.000  134   -1   -1   -1
 314    -2.909     8.257     0.000    5   -1   -1   -1
 315    -2.875    -7.619     0.000  803   -1   -1   -1
 316    -2.868     7.295     0.000   40   -1   -1   -1
 317    -2.842    -7.934     0.000  822   -1   -1   -1
 318    -2.800    -2.713     0.000  530   -1   -1   -1
 319    -2.790    -7.285     0.000  785   -1   -1   -1
 320    -2.744    -3.939     0.000  581   -1   -1   -1
 321    -2.685     6.025     0.000   92   -1   -1   -1
 322    -2.651     6.903     0.000   58   -1   -1   -1
 323    -2.646    -3.194     0.000  554   -1   -1   -1
 324    -2.626    -5.589     0.000  682   -1   -1   -1
 325    -2.608    -2.114     0.000  508   -1   -1   -1
 326    -2.599    -8.426     0.000  847   -1   -1   -1
 327    -2.583     1.209     0.000  339   -1   -1   -1
 328    -2.572    -5.817     0.000  696   -1   -1   -1
 329    -2.570     3.684     0.000  210   -1   -1   -1
 330    -2.510    -2.248     0.000  513   -1   -1   -1
 331    -2.506     3.168     0.000  234   -1   -1   -1
 332    -2.497    -0.842     0.000  448   -1   -1   -1
 333    -2.447     0.034     0.000  404   -1   -1   -1
 334    -2.439    -3.519     0.000  568   -1   -1   -1
 335    -2.427    -0.516     0.000  431   -1   -1   -1
 336    -2.421    -4.466     0.000  611   -1   -1   -1
 337    -2.417    -0.290     0.000  419   -1   -1   -1
 338    -2.415    -6.606     0.000  750   -1   -1   -1
 339    -2.400    -2.335     0.000  514   -1   -1   -1
 340    -2.375     7.203     0.000   47   -1   -1   -1
 341    -2.367    -5.841     0.000  699   -1   -1   -1
 342    -2.367    -1.944     0.000  500   -1   -1   -1
 343    -2.358     5.013     0.000  137   -1   -1   -1
 344    -2.295    -6.219     0.000  726   -1   -1   -1
 345    -2.284     0.848     0.000  351   -1   -1   -1
 346    -2.272    -3.208     0.000  556   -1   -1   -1
 347    -2.264    -5.282     0.000  660   -1   -1   -1
 348    -2.223     5.801     0.000   99   -1   -1   -1
 349    -2.163    -6.203     0.000  724   -1   -1   -1
 350    -2.155     2.199     0.000  288   -1   -1   -1
 351    -2.146    -3.465     0.000  564   -1   -1   -1
 352    -2.082    -1.414     0.000  475   -1   -1   -1
 353    -2.053    -8.263     0.000  840   -1   -1   -1
 354    -2.006     0.333     0.000  384   -1   -1   -1
 355    -1.982    -2.879     0.000  537   -1   -1   -1
 356    -1.977     4.141     0.000  190   -1   -1   -1
 357    -1.930     0.735     0.000  362   -1   -1   -1
 358    -1.914     1.430     0.000  325   -1   -1   -1
 359    -1.772     4.202     0.000  187   -1   -1   -1
 360    -1.759     8.352     0.000    0   -1   -1   -1
 361    -1.743     0.726     0.000  363   -1   -1   -1
 362    -1.710     2.562     0.000  269   -1   -1   -1
 363    -1.689     7.687     0.000   27   -1   -1   -1
 364    -1.654     4.514     0.000  172   -1   -1   -1
 365    -1.651    -3.695     0.000  572   -1   -1   -1
 366    -1.579     6.331     0.000   82   -1   -1   -1
 367    -1.578    -5.959     0.000  709   -1   -1   -1
 368    -1.549    -5.056     0.000  643   -1   -1   -1
 369    -1.538     7.736     0.000   26   -1   -1   -1
 370    -1.511    -4.641     0.000  619   -1   -1   -1
 371    -1.510     5.343     0.000  118   -1   -1   -1
 372    -1.429     3.686     0.000  209   -1   -1   -1
 373    -1.405    -7.704     0.000  811   -1   -1   -1
 374    -1.395    -1.592     0.000  483   -1   -1   -1
 375    -1.374     4.986     0.000  139   -1   -1   -1
 376    -1.359     5.644     0.000  106   -1   -1   -1
 377    -1.308    -5.051     0.000  642   -1   -1   -1
 378    -1.306     4.428     0.000  176   -1   -1   -1
 379    -1.135    -1.832     0.000  491   -1   -1   -1
 380    -1.128    -7.645     0.000  804   -1   -1   -1
 381    -1.123     3.890     0.000  198   -1   -1   -1
 382    -1.110     0.260     0.000  389   -1   -1   -1
 383    -1.092    -1.000     0.000  458   -1   -1   -1
 384    -1.072     4.133     0.000  191   -1   -1   -1
 385    -0.994     4.947     0.000  144   -1   -1   -1
 386    -0.942     3.560     0.000  216   -1   -1   -1
 387    -0.909     5.459     0.000  112   -1   -1   -1
 388    -0.813    -0.736     0.000  444   -1   -1   -1
 389    -0.794    -5.444     0.000  671   -1   -1   -1
 390    -0.766    -3.151     0.000  553   -1   -1   -1
 391    -0.728    -0.602     0.000  436   -1   -1   -1
 392    -0.681    -3.069     0.000  549   -1   -1   -1
 393    -0.663    -0.946     0.000  454   -1   -1   -1
 394    -0.659     4.732     0.000  158   -1   -1   -1
 395    -0.637     0.844     0.000  352   -1   -1   -1
 396    -0.600    -6.164     0.000  721   -1   -1   -1
 397    -0.600    -3.774     0.000  575   -1   -1   -1
 398    -0.593    -7.411     0.000  790   -1   -1   -1
 399    -0.541    -2.355     0.000  515   -1   -1   -1
 400    -0.531     4.723     0.000  160   -1   -1   -1
 401    -0.523    -2.156     0.000  510   -1   -1   -1
 402    -0.423    -4.934     0.000  633   -1   -1   -1
 403    -0.413    -0.044     0.000  410   -1   -1   -1
 404    -0.395    -5.154     0.000  650   -1   -1   -1
 405    -0.355    -1.560     0.000  481   -1   -1   -1
 406    -0.346    -0.516     0.000  430   -1   -1   -1
 407    -0.324    -5.447     0.000  673   -1   -1   -1
 408    -0.293     6.059     0.000   89   -1   -1   -1
 409     0.052     1.557     0.000  320   -1   -1   -1
 410     0.082     6.343     0.000   81   -1   -1   -1
 411     0.099    -8.414     0.000  846   -1   -1   -1
 412     0.204    -3.978     0.000  583   -1   -1   -1
 413     0.213     0.699     0.000  365   -1   -1   -1
 414     0.229    -6.814     0.000  766   -1   -1   -1
 415     0.252     6.239     0.000   84   -1   -1   -1
 416     0.301    -0.950     0.000  455   -1   -1   -1
 417     0.461    -6.810     0.000  765   -1   -1   -1
 418     0.515     0.969     0.000  348   -1   -1   -1
 419     0.548     0.776     0.000  357   -1   -1   -1
 420     0.563    -3.869     0.000  579   -1   -1   -1
 421     0.595     2.854     0.000  253   -1   -1   -1
 422     0.644     3.009     0.000  241   -1   -1   -1
 423     0.662     3.219     0.000  231   -1   -1   -1
 424     0.769     0.469     0.000  378   -1   -1   -1
 425     0.791    -5.274     0.000  658   -1   -1   -1
 426     0.827    -4.134     0.000  589   -1   -1   -1
 427     0.845    -6.411     0.000  738   -1   -1   -1
 428     0.855     4.170     0.000  189   -1   -1   -1
 429     0.862    -2.998     0.000  543   -1   -1   -1
 430     0.874    -8.153     0.000  834   -1   -1   -1
 431     0.899    -4.786     0.000  628   -1   -1   -1
 432     0.924    -6.205     0.000  725   -1   -1   -1
 433     0.930     7.744     0.000   24   -1   -1   -1
 434     0.936    -2.497     0.000  522   -1   -1   -1
 435     1.020     1.129     0.000  343   -1   -1   -1
 436     1.068     0.911     0.000  349   -1   -1   -1
 437     1.079     5.102     0.000  131   -1   -1   -1
 438     1.187    -3.866     0.000  578   -1   -1   -1
 439     1.189    -3.565     0.000  569   -1   -1   -1
 440     1.193     4.453     0.000  175   -1   -1   -1
 441     1.231    -4.389     0.000  604   -1   -1   -1
 442     1.232    -2.704     0.000  529   -1   -1   -1
 443     1.247     2.190     0.000  290   -1   -1   -1
 444     1.273    -3.592     0.000  571   -1   -1   -1
 445     1.280    -6.631     0.000  752   -1   -1   -1
 446     1.301     1.237     0.000  337   -1   -1   -1
 447     1.310     4.926     0.000  146   -1   -1   -1
 448     1.329     2.248     0.000  284   -1   -1   -1
 449     1.351     2.629     0.000  264   -1   -1   -1
 450     1.381    -2.163     0.000  511   -1   -1   -1
 451     1.426     1.013     0.000  346   -1   -1   -1
 452     1.442    -3.304     0.000  558   -1   -1   -1
 453     1.451     1.269     0.000  334   -1   -1   -1
 454     1.455    -4.610     0.000  615   -1   -1   -1
 455     1.471    -5.032     0.000  639   -1   -1   -1
 456     1.491    -2.674     0.000  526   -1   -1   -1
 457     1.554     4.995     0.000  138   -1   -1   -1
 458     1.559     3.754     0.000  206   -1   -1   -1
 459     1.593    -3.312     0.000  559   -1   -1   -1
 460     1.609    -5.767     0.000  691   -1   -1   -1
 461     1.610     5.398     0.000  114   -1   -1   -1
 462     1.622    -6.273     0.000  729   -1   -1   -1
 463     1.624     6.597     0.000   70   -1   -1   -1
 464     1.647    -2.426     0.000  518   -1   -1   -1
 465     1.654    -7.508     0.000  797   -1   -1   -1
 466     1.697     0.686     0.000  368   -1   -1   -1
 467     1.824    -0.555     0.000  432   -1   -1   -1
 468     1.824    -1.877     0.000  493   -1   -1   -1
 469     1.841    -6.298     0.000  733   -1   -1   -1
 470     1.856     1.258     0.000  335   -1   -1   -1
 471     1.857     7.673     0.000   28   -1   -1   -1
 472     1.861     5.271     0.000  121   -1   -1   -1
 473     1.876    -7.737     0.000  814   -1   -1   -1
 474     1.922    -6.645     0.000  753   -1   -1   -1
 475     1.928     0.269     0.000  388   -1   -1   -1
 476     1.940    -3.580     0.000  570   -1   -1   -1
 477     1.953    -0.306     0.000  421   -1   -1   -1
 478     1.956    -4.532     0.000  612   -1   -1   -1
 479     2.007    -1.138     0.000  464   -1   -1   -1
 480     2.027     1.358     0.000  326   -1   -1   -1
 481     2.045     5.896     0.000   95   -1   -1   -1
 482     2.095     2.122     0.000  292   -1   -1   -1
 483     2.104    -7.701     0.000  810   -1   -1   -1
 484     2.121     4.272     0.000  185   -1   -1   -1
 485     2.146     0.599     0.000  375   -1   -1   -1
 486     2.147    -3.478     0.000  566   -1   -1   -1
 487     2.157    -4.299     0.000  598   -1   -1   -1
 488     2.163     7.252     0.000   45   -1   -1   -1
 489     2.164    -2.879     0.000  536   -1   -1   -1
 490     2.165     1.496     0.000  323   -1   -1   -1
 491     2.185     0.043     0.000  403   -1   -1   -1
 492     2.236     4.484     0.000  173   -1   -1   -1
 493     2.267    -0.691     0.000  440   -1   -1   -1
 494     2.280     0.765     0.000  358   -1   -1   -1
 495     2.292     5.867     0.000   97   -1   -1   -1
 496     2.308    -5.577     0.000  681   -1   -1   -1
 497     2.335     6.598     0.000   69   -1   -1   -1
 498     2.345    -6.956     0.000  773   -1   -1   -1
 499     2.354     5.357     0.000  117   -1   -1   -1
 500     2.360    -6.539     0.000  748   -1   -1   -1
 501     2.377    -2.782     0.000  534   -1   -1   -1
 502     2.393     0.903     0.000  350   -1   -1   -1
 503     2.394    -0.223     0.000  418   -1   -1   -1
 504     2.396    -3.424     0.000  563   -1   -1   -1
 505     2.416     5.175     0.000  128   -1   -1   -1
 506     2.421     0.370     0.000  383   -1   -1   -1
 507     2.425     5.983     0.000   94   -1   -1   -1
 508     2.437    -3.416     0.000  562   -1   -1   -1
 509     2.453    -3.002     0.000  545   -1   -1   -1
 510     2.485     4.622     0.000  169   -1   -1   -1
 511     2.499     5.461     0.000  111   -1   -1   -1
 512     2.564     4.201     0.000  188   -1   -1   -1
 513     2.643     0.259     0.000  390   -1   -1   -1
 514     2.670    -4.987     0.000  636   -1   -1   -1
 515     2.683    -6.122     0.000  718   -1   -1   -1
 516     2.717     5.753     0.000  103   -1   -1   -1
 517     2.740    -5.749     0.000  689   -1   -1   -1
 518     2.753     2.561     0.000  270   -1   -1   -1
 519     2.785     0.829     0.000  354   -1   -1   -1
 520     2.831     7.967     0.000   18   -1   -1   -1
 521     2.857    -6.468     0.000  742   -1   -1   -1
 522     2.879     6.392     0.000   78   -1   -1   -1
 523     2.922     0.102     0.000  398   -1   -1   -1
 524     2.951    -1.535     0.000  479   -1   -1   -1
 525     2.960     5.157     0.000  129   -1   -1   -1
 526     2.975     7.148     0.000   50   -1   -1   -1
 527     2.994     0.693     0.000  367   -1   -1   -1
 528     3.036     2.972     0.000  244   -1   -1   -1
 529     3.061     5.272     0.000  120   -1   -1   -1
 530     3.062     2.725     0.000  258   -1   -1   -1
 531     3.103    -5.821     0.000  697   -1   -1   -1
 532     3.119     5.591     0.000  109   -1   -1   -1
 533     3.123    -1.133     0.000  463   -1   -1   -1
 534     3.133    -5.081     0.000  644   -1   -1   -1
 535     3.139     6.186     0.000   85   -1   -1   -1
 536     3.155    -6.668     0.000  757   -1   -1   -1
 537     3.166    -2.414     0.000  517   -1   -1   -1
 538     3.180    -5.269     0.000  657   -1   -1   -1
 539     3.197     2.819     0.000  255   -1   -1   -1
 540     3.205     2.643     0.000  263   -1   -1   -1
 541     3.211     8.231     0.000    8   -1   -1   -1
 542     3.223    -1.827     0.000  490   -1   -1   -1
 543     3.247    -7.003     0.000  775   -1   -1   -1
 544     3.254    -7.905     0.000  821   -1   -1   -1
 545     3.278    -8.203     0.000  837   -1   -1   -1
 546     3.331    -1.295     0.000  471   -1   -1   -1
 547     3.341    -2.991     0.000  542   -1   -1   -1
 548     3.377    -7.053     0.000  778   -1   -1   -1
 549     3.418     6.653     0.000   66   -1   -1   -1
 550     3.426    -7.092     0.000  780   -1   -1   -1
 551     3.443     2.956     0.000  247   -1   -1   -1
 552     3.463    -4.409     0.000  606   -1   -1   -1
 553     3.512     2.819     0.000  254   -1   -1   -1
 554     3.514     1.337     0.000  330   -1   -1   -1
 555     3.524    -5.274     0.000  659   -1   -1   -1
 556     3.528     5.890     0.000   96   -1   -1   -1
 557     3.531    -1.990     0.000  502   -1   -1   -1
 558     3.563    -3.063     0.000  547   -1   -1   -1
 559     3.585    -2.648     0.000  525   -1   -1   -1
 560     3.610    -0.452     0.000  426   -1   -1   -1
 561     3.633     3.043     0.000  238   -1   -1   -1
 562     3.636    -6.902     0.000  770   -1   -1   -1
 563     3.637    -6.798     0.000  764   -1   -1   -1
 564     3.640    -0.871     0.000  450   -1   -1   -1
 565     3.640    -5.899     0.000  704   -1   -1   -1
 566     3.658     5.302     0.000  119   -1   -1   -1
 567     3.661    -0.038     0.000  409   -1   -1   -1
 568     3.677     2.225     0.000  287   -1   -1   -1
 569     3.681    -5.880     0.000  702   -1   -1   -1
 570     3.689    -5.118     0.000  646   -1   -1   -1
 571     3.689     7.902     0.000   20   -1   -1   -1
 572     3.691     5.035     0.000  136   -1   -1   -1
 573     3.715    -5.366     0.000  668   -1   -1   -1
 574     3.770     4.045     0.000  194   -1   -1   -1
 575     3.789    -5.794     0.000  692   -1   -1   -1
 576     3.790     2.612     0.000  267   -1   -1   -1
 577     3.791    -7.726     0.000  812   -1   -1   -1
 578     3.796    -6.661     0.000  756   -1   -1   -1
 579     3.803    -2.551     0.000  524   -1   -1   -1
 580     3.817    -4.611     0.000  616   -1   -1   -1
 581     3.820    -5.186     0.000  655   -1   -1   -1
 582     3.823    -5.857     0.000  701   -1   -1   -1
 583     3.830    -0.557     0.000  433   -1   -1   -1
 584     3.832     0.837     0.000  353   -1   -1   -1
 585     3.841     6.738     0.000   63   -1   -1   -1
 586     3.851    -7.032     0.000  777   -1   -1   -1
 587     3.856    -7.456     0.000  794   -1   -1   -1
 588     3.875    -6.980     0.000  774   -1   -1   -1
 589     3.878    -7.667     0.000  807   -1   -1   -1
 590     3.881    -0.990     0.000  457   -1   -1   -1
 591     3.883    -2.059     0.000  504   -1   -1   -1
 592     3.884    -2.214     0.000  512   -1   -1   -1
 593     3.887    -4.066     0.000  586   -1   -1   -1
 594     3.891    -1.774     0.000  487   -1   -1   -1
 595     3.892    -5.561     0.000  680   -1   -1   -1
 596     3.902     4.921     0.000  147   -1   -1   -1
 597     3.906     5.254     0.000  123   -1   -1   -1
 598     3.972    -1.224     0.000  467   -1   -1   -1
 599     3.982    -8.028     0.000  829   -1   -1   -1
 600     3.983    -7.795     0.000  816   -1   -1   -1
 601     4.002     2.470     0.000  275   -1   -1   -1
 602     4.038     4.110     0.000  192   -1   -1   -1
 603     4.038     8.101     0.000   13   -1   -1   -1
 604     4.042     2.876     0.000  250   -1   -1   -1
 605     4.053    -4.731     0.000  624   -1   -1   -1
 606     4.087     3.031     0.000  239   -1   -1   -1
 607     4.110     4.911     0.000  148   -1   -1   -1
 608     4.147    -5.387     0.000  669   -1   -1   -1
 609     4.178     0.746     0.000  360   -1   -1   -1
 610     4.231    -7.461     0.000  796   -1   -1   -1
 611     4.271    -6.723     0.000  762   -1   -1   -1
 612     4.300    -8.281     0.000  842   -1   -1   -1
 613     4.301     4.701     0.000  161   -1   -1   -1
 614     4.320     2.250     0.000  283   -1   -1   -1
 615     4.326    -4.297     0.000  597   -1   -1   -1
 616     4.336     8.332     0.000    1   -1   -1   -1
 617     4.389    -1.995     0.000  503   -1   -1   -1
 618     4.389     2.168     0.000  291   -1   -1   -1
 619     4.442     4.647     0.000  166   -1   -1   -1
 620     4.444     7.795     0.000   23   -1   -1   -1
 621     4.475    -2.074     0.000  506   -1   -1   -1
 622     4.477     2.972     0.000  245   -1   -1   -1
 623     4.479    -1.687     0.000  484   -1   -1   -1
 624     4.485     4.629     0.000  168   -1   -1   -1
 625     4.500     8.012     0.000   16   -1   -1   -1
 626     4.502     0.805     0.000  356   -1   -1   -1
 627     4.502    -5.704     0.000  686   -1   -1   -1
 628     4.543     6.367     0.000   80   -1   -1   -1
 629     4.545     4.799     0.000  153   -1   -1   -1
 630     4.590    -3.234     0.000  557   -1   -1   -1
 631     4.600    -4.826     0.000  630   -1   -1   -1
 632     4.605    -8.237     0.000  839   -1   -1   -1
 633     4.617     6.431     0.000   76   -1   -1   -1
 634     4.661     3.291     0.000  228   -1   -1   -1
 635     4.671     1.163     0.000  342   -1   -1   -1
 636     4.684    -8.171     0.000  835   -1   -1   -1
 637     4.689     2.800     0.000  256   -1   -1   -1
 638     4.694     1.878     0.000  308   -1   -1   -1
 639     4.701     0.618     0.000  373   -1   -1   -1
 640     4.723    -6.434     0.000  741   -1   -1   -1
 641     4.761    -5.159     0.000  651   -1   -1   -1
 642     4.794     8.321     0.000    2   -1   -1   -1
 643     4.808     3.006     0.000  242   -1   -1   -1
 644     4.851    -4.075     0.000  587   -1   -1   -1
 645     4.947    -2.780     0.000  533   -1   -1   -1
 646     4.951     3.569     0.000  215   -1   -1   -1
 647     4.961     5.100     0.000  132   -1   -1   -1
 648     4.970     5.218     0.000  125   -1   -1   -1
 649     4.978    -7.199     0.000  781   -1   -1   -1
 650     5.016     0.284     0.000  386   -1   -1   -1
 651     5.026     1.461     0.000  324   -1   -1   -1
 652     5.056    -4.253     0.000  593   -1   -1   -1
 653     5.059    -5.185     0.000  654   -1   -1   -1
 654     5.063     8.108     0.000   12   -1   -1   -1
 655     5.065     8.067     0.000   14   -1   -1   -1
 656     5.095     4.664     0.000  164   -1   -1   -1
 657     5.111    -3.949     0.000  582   -1   -1   -1
 658     5.112     7.197     0.000   48   -1   -1   -1
 659     5.114    -5.746     0.000  688   -1   -1   -1
 660     5.122     6.916     0.000   57   -1   -1   -1
 661     5.131     1.991     0.000  301   -1   -1   -1
 662     5.153    -2.693     0.000  528   -1   -1   -1
 663     5.176    -5.826     0.000  698   -1   -1   -1
 664     5.210    -7.599     0.000  802   -1   -1   -1
 665     5.226    -7.200     0.000  782   -1   -1   -1
 666     5.232     6.836     0.000   61   -1   -1   -1
 667     5.233     6.422     0.000   77   -1   -1   -1
 668     5.278     1.547     0.000  321   -1   -1   -1
 669     5.300    -6.502     0.000  745   -1   -1   -1
 670     5.311    -3.115     0.000  552   -1   -1   -1
 671     5.335     2.372     0.000  278   -1   -1   -1
 672     5.405     5.805     0.000   98   -1   -1   -1
 673     5.412    -7.843     0.000  819   -1   -1   -1
 674     5.444     2.770     0.000  257   -1   -1   -1
 675     5.449    -2.954     0.000  540   -1   -1   -1
 676     5.470     1.974     0.000  302   -1   -1   -1
 677     5.494     1.356     0.000  327   -1   -1   -1
 678     5.496     6.038     0.000   91   -1   -1   -1
 679     5.496    -5.744     0.000  687   -1   -1   -1
 680     5.565     2.029     0.000  300   -1   -1   -1
 681     5.579     4.467     0.000  174   -1   -1   -1
 682     5.619    -8.082     0.000  832   -1   -1   -1
 683     5.627    -5.033     0.000  640   -1   -1   -1
 684     5.648     6.966     0.000   55   -1   -1   -1
 685     5.682     3.913     0.000  196   -1   -1   -1
 686     5.696    -0.648     0.000  437   -1   -1   -1
 687     5.707    -6.709     0.000  760   -1   -1   -1
 688     5.725    -3.199     0.000  555   -1   -1   -1
 689     5.761    -8.075     0.000  831   -1   -1   -1
 690     5.774     4.591     0.000  171   -1   -1   -1
 691     5.789    -5.472     0.000  674   -1   -1   -1
 692     5.809     0.234     0.000  391   -1   -1   -1
 693     5.810    -5.794     0.000  693   -1   -1   -1
 694     5.840    -2.467     0.000  521   -1   -1   -1
 695     5.841     1.747     0.000  310   -1   -1   -1
 696     5.852    -5.151     0.000  649   -1   -1   -1
 697     5.861    -1.002     0.000  459   -1   -1   -1
 698     5.897    -3.476     0.000  565   -1   -1   -1
 699     5.904     1.963     0.000  304   -1   -1   -1
 700     5.905    -0.758     0.000  445   -1   -1   -1
 701     5.910     5.050     0.000  135   -1   -1   -1
 702     5.937    -7.959     0.000  826   -1   -1   -1
 703     5.983    -7.378     0.000  787   -1   -1   -1
 704     6.001     2.711     0.000  260   -1   -1   -1
 705     6.007    -4.155     0.000  591   -1   -1   -1
 706     6.008    -6.396     0.000  736   -1   -1   -1
 707     6.026    -6.495     0.000  743   -1   -1   -1
 708     6.039     0.212     0.000  393   -1   -1   -1
 709     6.049    -5.300     0.000  661   -1   -1   -1
 710     6.055    -4.338     0.000  602   -1   -1   -1
 711     6.062    -0.484     0.000  428   -1   -1   -1
 712     6.064     4.630     0.000  167   -1   -1   -1
 713     6.075    -3.074     0.000  550   -1   -1   -1
 714     6.085    -8.436     0.000  848   -1   -1   -1
 715     6.107    -5.439     0.000  670   -1   -1   -1
 716     6.114    -6.151     0.000  720   -1   -1   -1
 717     6.163     1.685     0.000  315   -1   -1   -1
 718     6.172     6.536     0.000   73   -1   -1   -1
 719     6.199    -4.343     0.000  603   -1   -1   -1
 720     6.218     3.851     0.000  200   -1   -1   -1
 721     6.220     0.271     0.000  387   -1   -1   -1
 722     6.220    -4.226     0.000  592   -1   -1   -1
 723     6.224     3.181     0.000  232   -1   -1   -1
 724     6.232    -1.569     0.000  482   -1   -1   -1
 725     6.286     7.265     0.000   42   -1   -1   -1
 726     6.329    -2.956     0.000  541   -1   -1   -1
 727     6.349    -6.514     0.000  747   -1   -1   -1
 728     6.357     1.943     0.000  306   -1   -1   -1
 729     6.385     2.349     0.000  280   -1   -1   -1
 730     6.404    -6.553     0.000  749   -1   -1   -1
 731     6.412     7.015     0.000   54   -1   -1   -1
 732     6.424    -4.275     0.000  595   -1   -1   -1
 733     6.432    -2.934     0.000  539   -1   -1   -1
 734     6.470    -3.859     0.000  577   -1   -1   -1
 735     6.497    -4.888     0.000  632   -1   -1   -1
 736     6.550     6.903     0.000   59   -1   -1   -1
 737     6.559    -5.327     0.000  663   -1   -1   -1
 738     6.563    -5.968     0.000  712   -1   -1   -1
 739     6.567     4.659     0.000  165   -1   -1   -1
 740     6.582    -1.318     0.000  472   -1   -1   -1
 741     6.600     2.121     0.000  293   -1   -1   -1
 742     6.612     4.691     0.000  162   -1   -1   -1
 743     6.613    -1.290     0.000  470   -1   -1   -1
 744     6.631    -0.588     0.000  435   -1   -1   -1
 745     6.637     2.863     0.000  252   -1   -1   -1
 746     6.659    -6.069     0.000  717   -1   -1   -1
 747     6.681    -5.144     0.000  648   -1   -1   -1
 748     6.688     5.636     0.000  107   -1   -1   -1
 749     6.701    -5.338     0.000  664   -1   -1   -1
 750     6.726     6.581     0.000   71   -1   -1   -1
 751     6.730     0.424     0.000  381   -1   -1   -1
 752     6.742    -6.234     0.000  727   -1   -1   -1
 753     6.748    -5.512     0.000  678   -1   -1   -1
 754     6.753     3.179     0.000  233   -1   -1   -1
 755     6.768     3.293     0.000  227   -1   -1   -1
 756     6.770    -1.893     0.000  495   -1   -1   -1
 757     6.774     2.045     0.000  298   -1   -1   -1
 758     6.800    -0.578     0.000  434   -1   -1   -1
 759     6.802     0.680     0.000  369   -1   -1   -1
 760     6.829    -0.779     0.000  446   -1   -1   -1
 761     6.831    -6.066     0.000  716   -1   -1   -1
 762     6.852    -7.677     0.000  808   -1   -1   -1
 763     6.867     5.216     0.000  126   -1   -1   -1
 764     6.884     1.839     0.000  309   -1   -1   -1
 765     6.889    -4.779     0.000  626   -1   -1   -1
 766     6.900     3.614     0.000  212   -1   -1   -1
 767     6.911    -8.022     0.000  828   -1   -1   -1
 768     6.913    -0.121     0.000  413   -1   -1   -1
 769     6.931    -0.921     0.000  453   -1   -1   -1
 770     6.940    -4.938     0.000  634   -1   -1   -1
 771     6.941     6.170     0.000   86   -1   -1   -1
 772     6.950    -0.086     0.000  412   -1   -1   -1
 773     6.971    -0.692     0.000  441   -1   -1   -1
 774     6.986     0.429     0.000  380   -1   -1   -1
 775     6.994     2.077     0.000  295   -1   -1   -1
 776     7.029     3.410     0.000  222   -1   -1   -1
 777     7.029     6.625     0.000   68   -1   -1   -1
 778     7.055     2.036     0.000  299   -1   -1   -1
 779     7.057    -6.618     0.000  751   -1   -1   -1
 780     7.065    -5.803     0.000  694   -1   -1   -1
 781     7.090    -4.043     0.000  585   -1   -1   -1
 782     7.110    -6.012     0.000  714   -1   -1   -1
 783     7.147     7.537     0.000   34   -1   -1   -1
 784     7.149    -8.305     0.000  844   -1   -1   -1
 785     7.172     6.520     0.000   74   -1   -1   -1
 786     7.197    -6.181     0.000  722   -1   -1   -1
 787     7.217     0.188     0.000  395   -1   -1   -1
 788     7.237    -3.983     0.000  584   -1   -1   -1
 789     7.263     4.983     0.000  141   -1   -1   -1
 790     7.273     4.364     0.000  182   -1   -1   -1
 791     7.290    -4.410     0.000  607   -1   -1   -1
 792     7.292     6.736     0.000   64   -1   -1   -1
 793     7.312     4.306     0.000  184   -1   -1   -1
 794     7.319     5.622     0.000  108   -1   -1   -1
 795     7.328    -0.159     0.000  415   -1   -1   -1
 796     7.378     3.545     0.000  218   -1   -1   -1
 797     7.410    -0.687     0.000  438   -1   -1   -1
 798     7.414    -6.422     0.000  740   -1   -1   -1
 799     7.427     2.059     0.000  297   -1   -1   -1
 800     7.491    -5.763     0.000  690   -1   -1   -1
 801     7.496     5.259     0.000  122   -1   -1   -1
 802     7.500     4.774     0.000  156   -1   -1   -1
 803     7.509     4.420     0.000  178   -1   -1   -1
 804     7.553    -2.915     0.000  538   -1   -1   -1
 805     7.576    -1.553     0.000  480   -1   -1   -1
 806     7.588     1.249     0.000  336   -1   -1   -1
 807     7.608     4.751     0.000  157   -1   -1   -1
 808     7.625     1.741     0.000  311   -1   -1   -1
 809     7.646     2.270     0.000  282   -1   -1   -1
 810     7.714     7.737     0.000   25   -1   -1   -1
 811     7.750    -7.950     0.000  823   -1   -1   -1
 812     7.766     8.246     0.000    7   -1   -1   -1
 813     7.778    -3.001     0.000  544   -1   -1   -1
 814     7.840     6.727     0.000   65   -1   -1   -1
 815     7.895     8.307     0.000    4   -1   -1   -1
 816     7.902    -5.162     0.000  652   -1   -1   -1
 817     7.932    -5.026     0.000  638   -1   -1   -1
 818     7.942    -2.120     0.000  509   -1   -1   -1
 819     7.991     7.147     0.000   51   -1   -1   -1
 820     8.014    -0.443     0.000  425   -1   -1   -1
 821     8.025    -6.818     0.000  767   -1   -1   -1
 822     8.028    -1.205     0.000  466   -1   -1   -1
 823     8.033    -6.899     0.000  769   -1   -1   -1
 824     8.038     1.017     0.000  344   -1   -1   -1
 825     8.049    -5.659     0.000  684   -1   -1   -1
 826     8.060    -7.647     0.000  805   -1   -1   -1
 827     8.071     4.376     0.000  181   -1   -1   -1
 828     8.100     3.149     0.000  235   -1   -1   -1
 829     8.147    -4.785     0.000  627   -1   -1   -1
 830     8.167    -4.552     0.000  614   -1   -1   -1
 831     8.188     2.494     0.000  272   -1   -1   -1
 832     8.189     3.230     0.000  230   -1   -1   -1
 833     8.189     4.604     0.000  170   -1   -1   -1
 834     8.190     1.709     0.000  314   -1   -1   -1
 835     8.225    -7.294     0.000  786   -1   -1   -1
 836     8.237    -6.343     0.000  735   -1   -1   -1
 837     8.257     7.255     0.000   44   -1   -1   -1
 838     8.279    -3.414     0.000  561   -1   -1   -1
 839     8.285    -6.063     0.000  715   -1   -1   -1
 840     8.316    -1.907     0.000  497   -1   -1   -1
 841     8.328    -7.388     0.000  788   -1   -1   -1
 842     8.335     7.028     0.000   53   -1   -1   -1
 843     8.351     1.330     0.000  331   -1   -1   -1
 844     8.354    -4.414     0.000  608   -1   -1   -1
 845     8.362     8.187     0.000   11   -1   -1   -1
 846     8.372     7.573     0.000   32   -1   -1   -1
 847     8.392    -8.290     0.000  843   -1   -1   -1
 848     8.407    -0.172     0.000  416   -1   -1   -1
 849     8.409     0.661     0.000  371   -1   -1   -1
