862
   1    -8.397     7.538     0.000   35   -1   -1   -1
   2    -8.381    -6.898     0.000  776   -1   -1   -1
   3    -8.370    -3.315     0.000  571   -1   -1   -1
   4    -8.352    -8.163     0.000  846   -1   -1   -1
   5    -8.340    -4.638     0.000  639   -1   -1   -1
   6    -8.299     1.208     0.000  343   -1   -1   -1
   7    -8.289     0.540     0.000  375   -1   -1   -1
   8    -8.285    -1.586     0.000  488   -1   -1   -1
   9    -8.272     6.849     0.000   61   -1   -1   -1
  10    -8.242    -8.259     0.000  851   -1   -1   -1
  11    -8.227     4.228     0.000  183   -1   -1   -1
  12    -8.209    -7.939     0.000  832   -1   -1   -1
  13    -8.198     1.550     0.000  330   -1   -1   -1
  14    -8.174    -3.047     0.000  556   -1   -1   -1
  15    -8.173     4.420     0.000  175   -1   -1   -1
  16    -8.138     6.494     0.000   75   -1   -1   -1
  17    -8.116     2.619     0.000  267   -1   -1   -1
  18    -8.113    -2.512     0.000  531   -1   -1   -1
  19    -8.081     1.214     0.000  342   -1   -1   -1
  20    -8.071     1.349     0.000  336   -1   -1   -1
  21    -8.054    -0.845     0.000  452   -1   -1   -1
  22    -8.036    -7.415     0.000  801   -1   -1   -1
  23    -8.036     2.239     0.000  288   -1   -1   -1
  24    -8.007    -6.260     0.000  737   -1   -1   -1
  25    -7.994     6.569     0.000   72   -1   -1   -1
  26    -7.976    -3.828     0.000  593   -1   -1   -1
  27    -7.943     5.657     0.000  112   -1   -1   -1
  28    -7.915    -0.960     0.000  460   -1   -1   -1
  29    -7.913    -6.982     0.000  780   -1   -1   -1
  30    -7.891     0.819     0.000  355   -1   -1   -1
  31    -7.883     2.322     0.000  284   -1   -1   -1
  32    -7.881    -0.182     0.000  417   -1   -1   -1
  33    -7.859    -5.340     0.000  686   -1   -1   -1
  34    -7.847     4.090     0.000  187   -1   -1   -1
  35    -7.828     3.866     0.000  199   -1   -1   -1
  36    -7.809    -4.851     0.000  653   -1   -1   -1
  37    -7.807    -6.174     0.000  732   -1   -1   -1
  38    -7.798     4.990     0.000  145   -1   -1   -1
  39    -7.795     2.488     0.000  276   -1   -1   -1
  40    -7.776    -2.759     0.000  546   -1   -1   -1
  41    -7.764    -5.138     0.000  674   -1   -1   -1
  42    -7.763    -6.263     0.000  738   -1   -1   -1
  43    -7.751     1.973     0.000  309   -1   -1   -1
  44    -7.750     5.233     0.000  129   -1   -1   -1
  45    -7.749    -4.639     0.000  640   -1   -1   -1
  46    -7.749    -6.741     0.000  765   -1   -1   -1
  47    -7.717    -0.689     0.000  445   -1   -1   -1
  48    -7.694     7.119     0.000   53   -1   -1   -1
  49    -7.679     6.651     0.000   69   -1   -1   -1
  50    -7.608     4.949     0.000  147   -1   -1   -1
  51    -7.585    -6.906     0.000  777   -1   -1   -1
  52    -7.540    -0.004     0.000  405   -1   -1   -1
  53    -7.533     8.231     0.000    7   -1   -1   -1
  54    -7.532    -0.696     0.000  446   -1   -1   -1
  55    -7.501    -1.107     0.000  464   -1   -1   -1
  56    -7.474     7.992     0.000   18   -1   -1   -1
  57    -7.474     3.620     0.000  210   -1   -1   -1
  58    -7.424     3.858     0.000  201   -1   -1   -1
  59    -7.406    -1.440     0.000  483   -1   -1   -1
  60    -7.403     3.981     0.000  192   -1   -1   -1
  61    -7.379     3.678     0.000  208   -1   -1   -1
  62    -7.361    -6.212     0.000  735   -1   -1   -1
  63    -7.353     2.313     0.000  285   -1   -1   -1
  64    -7.325    -5.103     0.000  671   -1   -1   -1
  65    -7.319    -5.414     0.000  689   -1   -1   -1
  66    -7.309     3.854     0.000  202   -1   -1   -1
  67    -7.303     5.395     0.000  123   -1   -1   -1
  68    -7.274     0.097     0.000  394   -1   -1   -1
  69    -7.249    -8.392     0.000  860   -1   -1   -1
  70    -7.246     3.241     0.000  233   -1   -1   -1
  71    -7.245     6.137     0.000   93   -1   -1   -1
  72    -7.214    -7.979     0.000  833   -1   -1   -1
  73    -7.190    -7.555     0.000  808   -1   -1   -1
  74    -7.174     7.648     0.000   29   -1   -1   -1
  75    -7.158     6.083     0.000   96   -1   -1   -1
  76    -7.157     5.094     0.000  137   -1   -1   -1
  77    -7.147     4.738     0.000  159   -1   -1   -1
  78    -7.144     4.039     0.000  190   -1   -1   -1
  79    -7.135    -7.761     0.000  817   -1   -1   -1
  80    -7.132    -2.424     0.000  524   -1   -1   -1
  81    -7.131     7.293     0.000   44   -1   -1   -1
  82    -7.110     7.453     0.000   37   -1   -1   -1
  83    -7.093     4.986     0.000  146   -1   -1   -1
  84    -7.044    -5.438     0.000  690   -1   -1   -1
  85    -7.016     0.021     0.000  404   -1   -1   -1
  86    -7.013     1.960     0.000  310   -1   -1   -1
  87    -6.997    -6.796     0.000  771   -1   -1   -1
  88    -6.989     4.430     0.000  174   -1   -1   -1
  89    -6.979    -6.626     0.000  760   -1   -1   -1
  90    -6.977    -2.414     0.000  523   -1   -1   -1
  91    -6.973     4.332     0.000  180   -1   -1   -1
  92    -6.959    -0.390     0.000  425   -1   -1   -1
  93    -6.952     5.110     0.000  134   -1   -1   -1
  94    -6.930    -2.707     0.000  543   -1   -1   -1
  95    -6.916     5.411     0.000  122   -1   -1   -1
  96    -6.911     3.371     0.000  225   -1   -1   -1
  97    -6.899    -0.836     0.000  451   -1   -1   -1
  98    -6.895     2.893     0.000  249   -1   -1   -1
  99    -6.873    -6.478     0.000  749   -1   -1   -1
 100    -6.869    -1.218     0.000  469   -1   -1   -1
 101    -6.844     7.548     0.000   33   -1   -1   -1
 102    -6.818    -7.525     0.000  807   -1   -1   -1
 103    -6.796     1.302     0.000  339   -1   -1   -1
 104    -6.788    -5.460     0.000  692   -1   -1   -1
 105    -6.760     2.408     0.000  279   -1   -1   -1
 106    -6.740     7.624     0.000   30   -1   -1   -1
 107    -6.725    -0.882     0.000  454   -1   -1   -1
 108    -6.718     3.559     0.000  215   -1   -1   -1
 109    -6.682     1.667     0.000  320   -1   -1   -1
 110    -6.681     1.347     0.000  337   -1   -1   -1
 111    -6.635     3.540     0.000  217   -1   -1   -1
 112    -6.633     2.370     0.000  282   -1   -1   -1
 113    -6.602     5.771     0.000  107   -1   -1   -1
 114    -6.585     6.972     0.000   56   -1   -1   -1
 115    -6.585    -4.370     0.000  621   -1   -1   -1
 116    -6.550    -6.381     0.000  744   -1   -1   -1
 117    -6.510     7.615     0.000   31   -1   -1   -1
 118    -6.509    -6.267     0.000  739   -1   -1   -1
 119    -6.500     3.056     0.000  241   -1   -1   -1
 120    -6.483    -4.790     0.000  649   -1   -1   -1
 121    -6.428     0.138     0.000  392   -1   -1   -1
 122    -6.362     4.871     0.000  151   -1   -1   -1
 123    -6.341    -0.499     0.000  433   -1   -1   -1
 124    -6.335    -7.901     0.000  826   -1   -1   -1
 125    -6.288     0.094     0.000  396   -1   -1   -1
 126    -6.285    -5.862     0.000  708   -1   -1   -1
 127    -6.262     0.329     0.000  384   -1   -1   -1
 128    -6.253    -1.671     0.000  493   -1   -1   -1
 129    -6.199     2.494     0.000  275   -1   -1   -1
 130    -6.171     4.873     0.000  150   -1   -1   -1
 131    -6.167    -5.281     0.000  683   -1   -1   -1
 132    -6.163     3.363     0.000  227   -1   -1   -1
 133    -6.153     2.732     0.000  258   -1   -1   -1
 134    -6.138    -7.676     0.000  815   -1   -1   -1
 135    -6.106     7.350     0.000   43   -1   -1   -1
 136    -6.105     1.236     0.000  341   -1   -1   -1
 137    -6.098    -4.698     0.000  644   -1   -1   -1
 138    -6.074     6.277     0.000   86   -1   -1   -1
 139    -6.044     3.698     0.000  207   -1   -1   -1
 140    -6.021     7.843     0.000   24   -1   -1   -1
 141    -6.007    -7.783     0.000  819   -1   -1   -1
 142    -5.992    -7.341     0.000  795   -1   -1   -1
 143    -5.961    -0.469     0.000  428   -1   -1   -1
 144    -5.961     3.074     0.000  239   -1   -1   -1
 145    -5.954     6.803     0.000   63   -1   -1   -1
 146    -5.937    -6.368     0.000  742   -1   -1   -1
 147    -5.914     4.850     0.000  152   -1   -1   -1
 148    -5.888    -5.910     0.000  711   -1   -1   -1
 149    -5.877    -0.035     0.000  408   -1   -1   -1
 150    -5.855    -1.669     0.000  492   -1   -1   -1
 151    -5.850    -7.383     0.000  800   -1   -1   -1
 152    -5.835     4.695     0.000  162   -1   -1   -1
 153    -5.831     0.607     0.000  370   -1   -1   -1
 154    -5.828    -1.922     0.000  505   -1   -1   -1
 155    -5.790    -4.597     0.000  637   -1   -1   -1
 156    -5.758    -5.883     0.000  709   -1   -1   -1
 157    -5.726    -4.130     0.000  605   -1   -1   -1
 158    -5.691     7.407     0.000   41   -1   -1   -1
 159    -5.683     1.908     0.000  314   -1   -1   -1
 160    -5.669     5.743     0.000  110   -1   -1   -1
 161    -5.647     0.739     0.000  359   -1   -1   -1
 162    -5.622    -0.893     0.000  456   -1   -1   -1
 163    -5.614    -1.787     0.000  497   -1   -1   -1
 164    -5.601     7.233     0.000   48   -1   -1   -1
 165    -5.585    -2.464     0.000  527   -1   -1   -1
 166    -5.576     0.280     0.000  386   -1   -1   -1
 167    -5.567     6.030     0.000  100   -1   -1   -1
 168    -5.533     2.667     0.000  264   -1   -1   -1
 169    -5.532    -4.978     0.000  662   -1   -1   -1
 170    -5.529    -3.114     0.000  564   -1   -1   -1
 171    -5.496    -0.686     0.000  444   -1   -1   -1
 172    -5.471     4.793     0.000  155   -1   -1   -1
 173    -5.455    -7.563     0.000  809   -1   -1   -1
 174    -5.446     5.224     0.000  132   -1   -1   -1
 175    -5.396    -1.391     0.000  481   -1   -1   -1
 176    -5.381    -8.134     0.000  843   -1   -1   -1
 177    -5.374    -4.520     0.000  632   -1   -1   -1
 178    -5.356    -0.603     0.000  438   -1   -1   -1
 179    -5.340     6.103     0.000   94   -1   -1   -1
 180    -5.327     3.808     0.000  204   -1   -1   -1
 181    -5.311    -3.064     0.000  559   -1   -1   -1
 182    -5.285    -5.998     0.000  718   -1   -1   -1
 183    -5.275     2.064     0.000  299   -1   -1   -1
 184    -5.263     0.702     0.000  361   -1   -1   -1
 185    -5.244    -3.773     0.000  589   -1   -1   -1
 186    -5.226    -2.458     0.000  526   -1   -1   -1
 187    -5.214    -4.691     0.000  643   -1   -1   -1
 188    -5.188    -1.591     0.000  489   -1   -1   -1
 189    -5.154    -6.681     0.000  763   -1   -1   -1
 190    -5.138    -4.799     0.000  651   -1   -1   -1
 191    -5.114    -3.900     0.000  596   -1   -1   -1
 192    -5.100    -5.206     0.000  679   -1   -1   -1
 193    -5.098    -0.079     0.000  411   -1   -1   -1
 194    -5.048    -0.010     0.000  406   -1   -1   -1
 195    -5.046     1.559     0.000  329   -1   -1   -1
 196    -5.027     0.529     0.000  376   -1   -1   -1
 197    -5.005    -3.426     0.000  577   -1   -1   -1
 198    -4.991     5.110     0.000  135   -1   -1   -1
 199    -4.972    -7.858     0.000  825   -1   -1   -1
 200    -4.969    -0.323     0.000  421   -1   -1   -1
 201    -4.956     3.925     0.000  195   -1   -1   -1
 202    -4.945     3.732     0.000  205   -1   -1   -1
 203    -4.941    -4.336     0.000  616   -1   -1   -1
 204    -4.923    -4.149     0.000  607   -1   -1   -1
 205    -4.922    -1.336     0.000  477   -1   -1   -1
 206    -4.911     8.379     0.000    0   -1   -1   -1
 207    -4.905     0.838     0.000  353   -1   -1   -1
 208    -4.899     1.614     0.000  326   -1   -1   -1
 209    -4.899     8.223     0.000    8   -1   -1   -1
 210    -4.888    -1.399     0.000  482   -1   -1   -1
 211    -4.885    -2.817     0.000  548   -1   -1   -1
 212    -4.882    -8.306     0.000  853   -1   -1   -1
 213    -4.881     0.680     0.000  362   -1   -1   -1
 214    -4.863    -4.295     0.000  612   -1   -1   -1
 215    -4.835     1.639     0.000  321   -1   -1   -1
 216    -4.830    -5.029     0.000  668   -1   -1   -1
 217    -4.820     3.813     0.000  203   -1   -1   -1
 218    -4.814     0.075     0.000  397   -1   -1   -1
 219    -4.814    -5.831     0.000  707   -1   -1   -1
 220    -4.802    -4.306     0.000  614   -1   -1   -1
 221    -4.794     0.410     0.000  381   -1   -1   -1
 222    -4.707     4.483     0.000  171   -1   -1   -1
 223    -4.684    -5.113     0.000  672   -1   -1   -1
 224    -4.669     5.785     0.000  104   -1   -1   -1
 225    -4.659     2.656     0.000  265   -1   -1   -1
 226    -4.654    -6.872     0.000  773   -1   -1   -1
 227    -4.643     2.194     0.000  291   -1   -1   -1
 228    -4.636    -4.794     0.000  650   -1   -1   -1
 229    -4.629     3.388     0.000  223   -1   -1   -1
 230    -4.626     3.574     0.000  214   -1   -1   -1
 231    -4.579     2.523     0.000  273   -1   -1   -1
 232    -4.499     2.173     0.000  294   -1   -1   -1
 233    -4.496     0.621     0.000  368   -1   -1   -1
 234    -4.457    -6.540     0.000  756   -1   -1   -1
 235    -4.448    -6.108     0.000  726   -1   -1   -1
 236    -4.439    -8.232     0.000  847   -1   -1   -1
 237    -4.430    -6.744     0.000  766   -1   -1   -1
 238    -4.378    -4.354     0.000  620   -1   -1   -1
 239    -4.363     3.486     0.000  219   -1   -1   -1
 240    -4.341    -4.472     0.000  628   -1   -1   -1
 241    -4.337     1.017     0.000  348   -1   -1   -1
 242    -4.335     0.619     0.000  369   -1   -1   -1
 243    -4.330     7.400     0.000   42   -1   -1   -1
 244    -4.311    -2.741     0.000  544   -1   -1   -1
 245    -4.300     2.410     0.000  278   -1   -1   -1
 246    -4.298     1.161     0.000  344   -1   -1   -1
 247    -4.285     0.635     0.000  366   -1   -1   -1
 248    -4.255    -4.508     0.000  631   -1   -1   -1
 249    -4.246    -6.412     0.000  746   -1   -1   -1
 250    -4.222    -2.049     0.000  509   -1   -1   -1
 251    -4.172    -1.229     0.000  471   -1   -1   -1
 252    -4.131    -2.526     0.000  532   -1   -1   -1
 253    -4.110     3.364     0.000  226   -1   -1   -1
 254    -4.100    -0.475     0.000  430   -1   -1   -1
 255    -4.085     5.747     0.000  108   -1   -1   -1
 256    -4.081     2.601     0.000  268   -1   -1   -1
 257    -4.057     2.075     0.000  297   -1   -1   -1
 258    -4.051     1.637     0.000  322   -1   -1   -1
 259    -4.040     5.650     0.000  113   -1   -1   -1
 260    -4.030    -4.765     0.000  646   -1   -1   -1
 261    -4.026    -4.963     0.000  660   -1   -1   -1
 262    -4.020    -6.518     0.000  754   -1   -1   -1
 263    -4.010     3.265     0.000  232   -1   -1   -1
 264    -4.002    -1.476     0.000  485   -1   -1   -1
 265    -3.971     5.362     0.000  124   -1   -1   -1
 266    -3.966    -6.187     0.000  733   -1   -1   -1
 267    -3.938    -7.935     0.000  831   -1   -1   -1
 268    -3.928    -7.342     0.000  797   -1   -1   -1
 269    -3.870     2.866     0.000  252   -1   -1   -1
 270    -3.851     4.317     0.000  182   -1   -1   -1
 271    -3.799     2.185     0.000  292   -1   -1   -1
 272    -3.792    -8.149     0.000  845   -1   -1   -1
 273    -3.786    -7.270     0.000  791   -1   -1   -1
 274    -3.781     8.287     0.000    3   -1   -1   -1
 275    -3.754    -7.461     0.000  803   -1   -1   -1
 276    -3.735    -0.183     0.000  418   -1   -1   -1
 277    -3.707    -2.124     0.000  510   -1   -1   -1
 278    -3.706    -1.293     0.000  474   -1   -1   -1
 279    -3.695    -3.686     0.000  587   -1   -1   -1
 280    -3.691     7.847     0.000   23   -1   -1   -1
 281    -3.675    -7.221     0.000  788   -1   -1   -1
 282    -3.662    -4.619     0.000  638   -1   -1   -1
 283    -3.647    -4.377     0.000  622   -1   -1   -1
 284    -3.608     0.831     0.000  354   -1   -1   -1
 285    -3.602     6.067     0.000   98   -1   -1   -1
 286    -3.552    -0.960     0.000  459   -1   -1   -1
 287    -3.541     7.922     0.000   20   -1   -1   -1
 288    -3.522     8.201     0.000    9   -1   -1   -1
 289    -3.516     6.379     0.000   81   -1   -1   -1
 290    -3.434     0.097     0.000  395   -1   -1   -1
 291    -3.411    -8.354     0.000  856   -1   -1   -1
 292    -3.409     7.886     0.000   22   -1   -1   -1
 293    -3.397    -2.571     0.000  535   -1   -1   -1
 294    -3.380     0.264     0.000  387   -1   -1   -1
 295    -3.369     0.043     0.000  402   -1   -1   -1
 296    -3.320     3.916     0.000  196   -1   -1   -1
 297    -3.319     5.455     0.000  121   -1   -1   -1
 298    -3.312     0.921     0.000  350   -1   -1   -1
 299    -3.302    -6.024     0.000  720   -1   -1   -1
 300    -3.300     2.679     0.000  263   -1   -1   -1
 301    -3.254     4.655     0.000  164   -1   -1   -1
 302    -3.237    -2.743     0.000  545   -1   -1   -1
 303    -3.206    -1.848     0.000  501   -1   -1   -1
 304    -3.195     2.576     0.000  270   -1   -1   -1
 305    -3.169    -4.531     0.000  634   -1   -1   -1
 306    -3.156     0.383     0.000  382   -1   -1   -1
 307    -3.154    -6.012     0.000  719   -1   -1   -1
 308    -3.154     3.451     0.000  221   -1   -1   -1
 309    -3.113     2.526     0.000  272   -1   -1   -1
 310    -3.112    -4.555     0.000  636   -1   -1   -1
 311    -3.090     2.997     0.000  244   -1   -1   -1
 312    -3.082     3.893     0.000  198   -1   -1   -1
 313    -3.082     2.042     0.000  303   -1   -1   -1
 314    -3.078     6.177     0.000   89   -1   -1   -1
 315    -3.059    -3.348     0.000  572   -1   -1   -1
 316    -3.058     8.002     0.000   17   -1   -1   -1
 317    -3.045    -0.388     0.000  424   -1   -1   -1
 318    -3.041    -5.890     0.000  710   -1   -1   -1
 319    -3.028    -7.569     0.000  810   -1   -1   -1
 320    -2.926    -0.202     0.000  419   -1   -1   -1
 321    -2.921    -2.772     0.000  547   -1   -1   -1
 322    -2.899     4.568     0.000  170   -1   -1   -1
 323    -2.896    -6.352     0.000  741   -1   -1   -1
 324    -2.854    -3.251     0.000  567   -1   -1   -1
 325    -2.839     7.194     0.000   50   -1   -1   -1
 326    -2.827     8.006     0.000   16   -1   -1   -1
 327    -2.783     2.693     0.000  261   -1   -1   -1
 328    -2.780    -0.475     0.000  431   -1   -1   -1
 329    -2.764    -7.935     0.000  830   -1   -1   -1
 330    -2.717     5.744     0.000  109   -1   -1   -1
 331    -2.696     3.505     0.000  218   -1   -1   -1
 332    -2.685     6.480     0.000   76   -1   -1   -1
 333    -2.675    -6.116     0.000  727   -1   -1   -1
 334    -2.675     6.737     0.000   66   -1   -1   -1
 335    -2.649    -4.808     0.000  652   -1   -1   -1
 336    -2.632    -4.500     0.000  630   -1   -1   -1
 337    -2.624    -7.987     0.000  834   -1   -1   -1
 338    -2.623    -2.598     0.000  536   -1   -1   -1
 339    -2.581     0.242     0.000  388   -1   -1   -1
 340    -2.555     8.243     0.000    5   -1   -1   -1
 341    -2.544    -7.519     0.000  806   -1   -1   -1
 342    -2.479     7.949     0.000   19   -1   -1   -1
 343    -2.449    -3.577     0.000  583   -1   -1   -1
 344    -2.445    -3.673     0.000  586   -1   -1   -1
 345    -2.429     0.708     0.000  360   -1   -1   -1
 346    -2.426    -1.111     0.000  465   -1   -1   -1
 347    -2.400    -5.143     0.000  675   -1   -1   -1
 348    -2.390    -6.517     0.000  753   -1   -1   -1
 349    -2.366    -6.127     0.000  728   -1   -1   -1
 350    -2.296     1.077     0.000  346   -1   -1   -1
 351    -2.269    -7.333     0.000  794   -1   -1   -1
 352    -2.258    -3.287     0.000  570   -1   -1   -1
 353    -2.248     0.162     0.000  390   -1   -1   -1
 354    -2.234     5.779     0.000  106   -1   -1   -1
 355    -2.230     2.880     0.000  250   -1   -1   -1
 356    -2.198    -4.524     0.000  633   -1   -1   -1
 357    -2.196     1.432     0.000  332   -1   -1   -1
 358    -2.162     5.084     0.000  138   -1   -1   -1
 359    -2.124    -1.165     0.000  467   -1   -1   -1
 360    -2.106    -1.970     0.000  506   -1   -1   -1
 361    -2.098    -2.171     0.000  518   -1   -1   -1
 362    -2.077     6.693     0.000   68   -1   -1   -1
 363    -2.065    -6.954     0.000  778   -1   -1   -1
 364    -1.966     1.617     0.000  325   -1   -1   -1
 365    -1.963    -4.894     0.000  657   -1   -1   -1
 366    -1.952     1.372     0.000  335   -1   -1   -1
 367    -1.909    -0.019     0.000  407   -1   -1   -1
 368    -1.870     3.589     0.000  212   -1   -1   -1
 369    -1.826    -6.601     0.000  758   -1   -1   -1
 370    -1.794     6.476     0.000   77   -1   -1   -1
 371    -1.769    -4.876     0.000  655   -1   -1   -1
 372    -1.757     3.355     0.000  228   -1   -1   -1
 373    -1.753     0.858     0.000  351   -1   -1   -1
 374    -1.699    -6.376     0.000  743   -1   -1   -1
 375    -1.697     1.955     0.000  313   -1   -1   -1
 376    -1.630    -3.051     0.000  557   -1   -1   -1
 377    -1.625    -5.979     0.000  714   -1   -1   -1
 378    -1.588     3.608     0.000  211   -1   -1   -1
 379    -1.567    -3.795     0.000  591   -1   -1   -1
 380    -1.538     3.375     0.000  224   -1   -1   -1
 381    -1.505    -0.369     0.000  423   -1   -1   -1
 382    -1.475     6.966     0.000   58   -1   -1   -1
 383    -1.408     2.438     0.000  277   -1   -1   -1
 384    -1.297    -2.126     0.000  511   -1   -1   -1
 385    -1.263     4.336     0.000  179   -1   -1   -1
 386    -1.238    -8.031     0.000  838   -1   -1   -1
 387    -1.144     0.346     0.000  383   -1   -1   -1
 388    -1.120    -5.047     0.000  669   -1   -1   -1
 389    -1.078    -4.700     0.000  645   -1   -1   -1
 390    -1.074    -6.601     0.000  759   -1   -1   -1
 391    -1.070     3.467     0.000  220   -1   -1   -1
 392    -1.057    -2.216     0.000  520   -1   -1   -1
 393    -0.983     3.913     0.000  197   -1   -1   -1
 394    -0.773    -5.016     0.000  667   -1   -1   -1
 395    -0.714     7.433     0.000   38   -1   -1   -1
 396    -0.676    -4.025     0.000  602   -1   -1   -1
 397    -0.634    -3.563     0.000  582   -1   -1   -1
 398    -0.610    -6.529     0.000  755   -1   -1   -1
 399    -0.518    -4.158     0.000  608   -1   -1   -1
 400    -0.505    -3.640     0.000  584   -1   -1   -1
 401    -0.466    -5.714     0.000  698   -1   -1   -1
 402    -0.408    -7.470     0.000  804   -1   -1   -1
 403    -0.397    -3.066     0.000  560   -1   -1   -1
 404    -0.289    -2.177     0.000  519   -1   -1   -1
 405    -0.213    -7.324     0.000  793   -1   -1   -1
 406    -0.197    -7.043     0.000  782   -1   -1   -1
 407    -0.193    -6.502     0.000  752   -1   -1   -1
 408    -0.149     4.345     0.000  178   -1   -1   -1
 409    -0.098    -7.497     0.000  805   -1   -1   -1
 410    -0.057    -0.094     0.000  413   -1   -1   -1
 411     0.086    -5.987     0.000  715   -1   -1   -1
 412     0.212     4.763     0.000  157   -1   -1   -1
 413     0.236     1.959     0.000  311   -1   -1   -1
 414     0.253    -4.770     0.000  647   -1   -1   -1
 415     0.275     6.166     0.000   90   -1   -1   -1
 416     0.480    -2.694     0.000  542   -1   -1   -1
 417     0.549    -4.659     0.000  641   -1   -1   -1
 418     0.552     2.574     0.000  271   -1   -1   -1
 419     0.560     3.932     0.000  193   -1   -1   -1
 420     0.567    -1.353     0.000  479   -1   -1   -1
 421     0.598    -6.209     0.000  734   -1   -1   -1
 422     0.617     6.165     0.000   91   -1   -1   -1
 423     0.671    -5.828     0.000  706   -1   -1   -1
 424     0.714    -0.572     0.000  435   -1   -1   -1
 425     0.731    -3.980     0.000  600   -1   -1   -1
 426     0.734    -2.147     0.000  515   -1   -1   -1
 427     0.741    -4.669     0.000  642   -1   -1   -1
 428     0.815     0.474     0.000  377   -1   -1   -1
 429     0.825    -5.732     0.000  700   -1   -1   -1
 430     0.942    -2.467     0.000  528   -1   -1   -1
 431     0.952    -7.829     0.000  823   -1   -1   -1
 432     1.036     6.245     0.000   87   -1   -1   -1
 433     1.057    -6.898     0.000  775   -1   -1   -1
 434     1.087    -2.399     0.000  522   -1   -1   -1
 435     1.104     3.050     0.000  242   -1   -1   -1
 436     1.123    -5.014     0.000  666   -1   -1   -1
 437     1.168    -3.641     0.000  585   -1   -1   -1
 438     1.180     2.850     0.000  254   -1   -1   -1
 439     1.223    -1.761     0.000  496   -1   -1   -1
 440     1.242    -0.334     0.000  422   -1   -1   -1
 441     1.250    -4.306     0.000  613   -1   -1   -1
 442     1.267    -6.757     0.000  768   -1   -1   -1
 443     1.285    -2.482     0.000  529   -1   -1   -1
 444     1.289    -3.497     0.000  580   -1   -1   -1
 445     1.323     0.553     0.000  372   -1   -1   -1
 446     1.364     4.016     0.000  191   -1   -1   -1
 447     1.378    -7.922     0.000  828   -1   -1   -1
 448     1.446     7.432     0.000   39   -1   -1   -1
 449     1.461    -8.245     0.000  848   -1   -1   -1
 450     1.463    -5.776     0.000  702   -1   -1   -1
 451     1.468    -4.049     0.000  604   -1   -1   -1
 452     1.484     3.140     0.000  238   -1   -1   -1
 453     1.528    -3.072     0.000  562   -1   -1   -1
 454     1.603    -4.778     0.000  648   -1   -1   -1
 455     1.620    -1.616     0.000  490   -1   -1   -1
 456     1.658     0.633     0.000  367   -1   -1   -1
 457     1.676    -3.477     0.000  579   -1   -1   -1
 458     1.684    -3.870     0.000  594   -1   -1   -1
 459     1.688     2.689     0.000  262   -1   -1   -1
 460     1.703    -4.971     0.000  661   -1   -1   -1
 461     1.708    -6.736     0.000  764   -1   -1   -1
 462     1.709     0.047     0.000  401   -1   -1   -1
 463     1.710     1.591     0.000  327   -1   -1   -1
 464     1.736    -5.955     0.000  713   -1   -1   -1
 465     1.766     7.412     0.000   40   -1   -1   -1
 466     1.784    -7.119     0.000  786   -1   -1   -1
 467     1.787     0.419     0.000  380   -1   -1   -1
 468     1.794     5.029     0.000  142   -1   -1   -1
 469     1.807    -4.409     0.000  627   -1   -1   -1
 470     1.823     0.545     0.000  373   -1   -1   -1
 471     1.854     0.765     0.000  357   -1   -1   -1
 472     1.856    -3.085     0.000  563   -1   -1   -1
 473     1.875    -1.142     0.000  466   -1   -1   -1
 474     1.887    -2.492     0.000  530   -1   -1   -1
 475     1.908     5.740     0.000  111   -1   -1   -1
 476     1.931     6.369     0.000   83   -1   -1   -1
 477     1.937    -5.211     0.000  680   -1   -1   -1
 478     1.971     2.928     0.000  247   -1   -1   -1
 479     1.974    -4.379     0.000  623   -1   -1   -1
 480     1.982     1.376     0.000  333   -1   -1   -1
 481     1.999     4.061     0.000  188   -1   -1   -1
 482     2.047     6.340     0.000   85   -1   -1   -1
 483     2.059     4.445     0.000  173   -1   -1   -1
 484     2.073    -5.013     0.000  665   -1   -1   -1
 485     2.113     1.011     0.000  349   -1   -1   -1
 486     2.115     7.248     0.000   47   -1   -1   -1
 487     2.119    -1.348     0.000  478   -1   -1   -1
 488     2.141    -3.994     0.000  601   -1   -1   -1
 489     2.147     6.090     0.000   95   -1   -1   -1
 490     2.156    -0.621     0.000  439   -1   -1   -1
 491     2.160    -7.829     0.000  822   -1   -1   -1
 492     2.175    -0.434     0.000  427   -1   -1   -1
 493     2.203     5.782     0.000  105   -1   -1   -1
 494     2.207    -6.973     0.000  779   -1   -1   -1
 495     2.214    -1.826     0.000  500   -1   -1   -1
 496     2.227     6.411     0.000   80   -1   -1   -1
 497     2.297    -7.780     0.000  818   -1   -1   -1
 498     2.306    -3.253     0.000  568   -1   -1   -1
 499     2.332     5.146     0.000  133   -1   -1   -1
 500     2.339    -5.380     0.000  687   -1   -1   -1
 501     2.355     5.875     0.000  101   -1   -1   -1
 502     2.357    -3.353     0.000  573   -1   -1   -1
 503     2.389    -1.225     0.000  470   -1   -1   -1
 504     2.389    -3.901     0.000  597   -1   -1   -1
 505     2.398     0.664     0.000  365   -1   -1   -1
 506     2.404    -1.824     0.000  499   -1   -1   -1
 507     2.404     4.107     0.000  185   -1   -1   -1
 508     2.413     5.632     0.000  116   -1   -1   -1
 509     2.433    -3.787     0.000  590   -1   -1   -1
 510     2.509    -3.284     0.000  569   -1   -1   -1
 511     2.522    -3.375     0.000  575   -1   -1   -1
 512     2.528     3.720     0.000  206   -1   -1   -1
 513     2.538     4.102     0.000  186   -1   -1   -1
 514     2.581    -5.226     0.000  681   -1   -1   -1
 515     2.589     6.798     0.000   64   -1   -1   -1
 516     2.634     2.197     0.000  290   -1   -1   -1
 517     2.638     2.799     0.000  257   -1   -1   -1
 518     2.671    -6.794     0.000  769   -1   -1   -1
 519     2.684     7.461     0.000   36   -1   -1   -1
 520     2.743     5.649     0.000  114   -1   -1   -1
 521     2.758    -6.752     0.000  767   -1   -1   -1
 522     2.780    -2.555     0.000  533   -1   -1   -1
 523     2.812    -1.481     0.000  486   -1   -1   -1
 524     2.837    -6.423     0.000  747   -1   -1   -1
 525     2.838    -0.049     0.000  410   -1   -1   -1
 526     2.874     6.354     0.000   84   -1   -1   -1
 527     2.885     0.055     0.000  399   -1   -1   -1
 528     2.900    -1.653     0.000  491   -1   -1   -1
 529     2.901     4.717     0.000  160   -1   -1   -1
 530     2.920     5.060     0.000  140   -1   -1   -1
 531     2.925    -5.227     0.000  682   -1   -1   -1
 532     2.932    -6.102     0.000  725   -1   -1   -1
 533     2.948     7.131     0.000   52   -1   -1   -1
 534     3.011    -2.604     0.000  538   -1   -1   -1
 535     3.023     2.705     0.000  260   -1   -1   -1
 536     3.050     5.569     0.000  118   -1   -1   -1
 537     3.077    -7.288     0.000  792   -1   -1   -1
 538     3.102    -2.007     0.000  508   -1   -1   -1
 539     3.113     2.851     0.000  253   -1   -1   -1
 540     3.113     6.144     0.000   92   -1   -1   -1
 541     3.139    -7.142     0.000  787   -1   -1   -1
 542     3.146    -3.893     0.000  595   -1   -1   -1
 543     3.178     6.068     0.000   97   -1   -1   -1
 544     3.210     8.242     0.000    6   -1   -1   -1
 545     3.226    -4.136     0.000  606   -1   -1   -1
 546     3.226    -8.377     0.000  857   -1   -1   -1
 547     3.229    -7.342     0.000  796   -1   -1   -1
 548     3.262    -1.312     0.000  476   -1   -1   -1
 549     3.344     2.975     0.000  246   -1   -1   -1
 550     3.364    -5.483     0.000  693   -1   -1   -1
 551     3.392     2.849     0.000  255   -1   -1   -1
 552     3.403     6.641     0.000   70   -1   -1   -1
 553     3.416    -2.150     0.000  516   -1   -1   -1
 554     3.487     5.865     0.000  102   -1   -1   -1
 555     3.488    -0.921     0.000  458   -1   -1   -1
 556     3.523    -6.167     0.000  731   -1   -1   -1
 557     3.544    -5.578     0.000  696   -1   -1   -1
 558     3.549    -0.479     0.000  432   -1   -1   -1
 559     3.561     5.297     0.000  125   -1   -1   -1
 560     3.575    -3.499     0.000  581   -1   -1   -1
 561     3.581    -3.021     0.000  555   -1   -1   -1
 562     3.608    -3.805     0.000  592   -1   -1   -1
 563     3.615    -0.047     0.000  409   -1   -1   -1
 564     3.616     5.003     0.000  143   -1   -1   -1
 565     3.642     5.037     0.000  141   -1   -1   -1
 566     3.654    -6.061     0.000  724   -1   -1   -1
 567     3.654     2.038     0.000  304   -1   -1   -1
 568     3.669     2.587     0.000  269   -1   -1   -1
 569     3.676     7.903     0.000   21   -1   -1   -1
 570     3.688    -7.023     0.000  781   -1   -1   -1
 571     3.695    -5.400     0.000  688   -1   -1   -1
 572     3.699     4.049     0.000  189   -1   -1   -1
 573     3.723    -2.167     0.000  517   -1   -1   -1
 574     3.750    -2.600     0.000  537   -1   -1   -1
 575     3.752    -1.854     0.000  502   -1   -1   -1
 576     3.760     7.706     0.000   28   -1   -1   -1
 577     3.772    -0.577     0.000  436   -1   -1   -1
 578     3.781    -1.048     0.000  463   -1   -1   -1
 579     3.781     0.853     0.000  352   -1   -1   -1
 580     3.788    -7.665     0.000  814   -1   -1   -1
 581     3.793    -2.241     0.000  521   -1   -1   -1
 582     3.823    -5.992     0.000  716   -1   -1   -1
 583     3.847     4.932     0.000  148   -1   -1   -1
 584     3.856     5.255     0.000  128   -1   -1   -1
 585     3.866    -0.707     0.000  447   -1   -1   -1
 586     3.872     0.139     0.000  391   -1   -1   -1
 587     3.886    -1.287     0.000  473   -1   -1   -1
 588     3.921    -7.452     0.000  802   -1   -1   -1
 589     3.935    -2.566     0.000  534   -1   -1   -1
 590     3.952     2.387     0.000  281   -1   -1   -1
 591     3.953    -7.361     0.000  799   -1   -1   -1
 592     3.983     2.920     0.000  248   -1   -1   -1
 593     3.983    -1.788     0.000  498   -1   -1   -1
 594     3.996    -8.129     0.000  842   -1   -1   -1
 595     4.001    -5.002     0.000  663   -1   -1   -1
 596     4.001    -5.541     0.000  695   -1   -1   -1
 597     4.015    -7.691     0.000  816   -1   -1   -1
 598     4.019     8.103     0.000   12   -1   -1   -1
 599     4.027     3.068     0.000  240   -1   -1   -1
 600     4.027     0.676     0.000  363   -1   -1   -1
 601     4.033     0.036     0.000  403   -1   -1   -1
 602     4.046    -4.202     0.000  609   -1   -1   -1
 603     4.062     4.916     0.000  149   -1   -1   -1
 604     4.072    -8.048     0.000  839   -1   -1   -1
 605     4.091    -7.049     0.000  783   -1   -1   -1
 606     4.181    -1.007     0.000  462   -1   -1   -1
 607     4.199    -8.388     0.000  859   -1   -1   -1
 608     4.254    -4.382     0.000  624   -1   -1   -1
 609     4.256     2.227     0.000  289   -1   -1   -1
 610     4.264     4.712     0.000  161   -1   -1   -1
 611     4.305    -5.717     0.000  699   -1   -1   -1
 612     4.319    -2.003     0.000  507   -1   -1   -1
 613     4.320     8.336     0.000    1   -1   -1   -1
 614     4.355    -2.143     0.000  514   -1   -1   -1
 615     4.363     2.177     0.000  293   -1   -1   -1
 616     4.388    -1.729     0.000  495   -1   -1   -1
 617     4.426     7.796     0.000   25   -1   -1   -1
 618     4.437     4.649     0.000  165   -1   -1   -1
 619     4.462     0.765     0.000  356   -1   -1   -1
 620     4.463     2.988     0.000  245   -1   -1   -1
 621     4.483     8.017     0.000   14   -1   -1   -1
 622     4.489    -0.891     0.000  455   -1   -1   -1
 623     4.515     4.818     0.000  153   -1   -1   -1
 624     4.515     6.373     0.000   82   -1   -1   -1
 625     4.516     0.052     0.000  400   -1   -1   -1
 626     4.521    -4.340     0.000  619   -1   -1   -1
 627     4.537    -8.382     0.000  858   -1   -1   -1
 628     4.550    -4.907     0.000  658   -1   -1   -1
 629     4.559     8.007     0.000   15   -1   -1   -1
 630     4.569     0.543     0.000  374   -1   -1   -1
 631     4.593     6.428     0.000   79   -1   -1   -1
 632     4.601     2.648     0.000  266   -1   -1   -1
 633     4.606    -2.976     0.000  553   -1   -1   -1
 634     4.625     0.067     0.000  398   -1   -1   -1
 635     4.626     3.310     0.000  230   -1   -1   -1
 636     4.634    -7.805     0.000  820   -1   -1   -1
 637     4.637    -4.337     0.000  618   -1   -1   -1
 638     4.639    -1.442     0.000  484   -1   -1   -1
 639     4.642     1.886     0.000  315   -1   -1   -1
 640     4.653    -3.729     0.000  588   -1   -1   -1
 641     4.659     2.822     0.000  256   -1   -1   -1
 642     4.665     0.584     0.000  371   -1   -1   -1
 643     4.671    -7.096     0.000  785   -1   -1   -1
 644     4.713    -5.170     0.000  677   -1   -1   -1
 645     4.719     0.761     0.000  358   -1   -1   -1
 646     4.778    -7.260     0.000  789   -1   -1   -1
 647     4.778     8.328     0.000    2   -1   -1   -1
 648     4.780    -6.851     0.000  772   -1   -1   -1
 649     4.785     3.033     0.000  243   -1   -1   -1
 650     4.810     1.132     0.000  345   -1   -1   -1
 651     4.851    -2.657     0.000  540   -1   -1   -1
 652     4.854    -3.370     0.000  574   -1   -1   -1
 653     4.890    -8.259     0.000  850   -1   -1   -1
 654     4.931     5.108     0.000  136   -1   -1   -1
 655     4.931     3.587     0.000  213   -1   -1   -1
 656     4.947     5.231     0.000  130   -1   -1   -1
 657     4.987    -4.475     0.000  629   -1   -1   -1
 658     4.990    -5.196     0.000  678   -1   -1   -1
 659     4.995     1.499     0.000  331   -1   -1   -1
 660     4.998     3.311     0.000  229   -1   -1   -1
 661     5.012    -2.853     0.000  549   -1   -1   -1
 662     5.016    -4.853     0.000  654   -1   -1   -1
 663     5.032    -8.421     0.000  861   -1   -1   -1
 664     5.047     8.114     0.000   11   -1   -1   -1
 665     5.049     8.073     0.000   13   -1   -1   -1
 666     5.078    -5.743     0.000  701   -1   -1   -1
 667     5.080    -3.964     0.000  598   -1   -1   -1
 668     5.094     7.202     0.000   49   -1   -1   -1
 669     5.099     2.003     0.000  306   -1   -1   -1
 670     5.100     6.920     0.000   59   -1   -1   -1
 671     5.113    -2.663     0.000  541   -1   -1   -1
 672     5.142    -6.478     0.000  750   -1   -1   -1
 673     5.157    -5.797     0.000  705   -1   -1   -1
 674     5.212     6.428     0.000   78   -1   -1   -1
 675     5.213     6.839     0.000   62   -1   -1   -1
 676     5.257     1.570     0.000  328   -1   -1   -1
 677     5.291    -3.072     0.000  561   -1   -1   -1
 678     5.311     2.389     0.000  280   -1   -1   -1
 679     5.382     5.814     0.000  103   -1   -1   -1
 680     5.386    -0.121     0.000  414   -1   -1   -1
 681     5.422    -7.846     0.000  824   -1   -1   -1
 682     5.424    -2.922     0.000  551   -1   -1   -1
 683     5.433    -7.605     0.000  811   -1   -1   -1
 684     5.449     1.988     0.000  307   -1   -1   -1
 685     5.475     6.045     0.000   99   -1   -1   -1
 686     5.476     1.373     0.000  334   -1   -1   -1
 687     5.496    -7.933     0.000  829   -1   -1   -1
 688     5.543     2.042     0.000  302   -1   -1   -1
 689     5.560     4.481     0.000  172   -1   -1   -1
 690     5.567    -5.066     0.000  670   -1   -1   -1
 691     5.594    -8.140     0.000  844   -1   -1   -1
 692     5.625    -6.650     0.000  762   -1   -1   -1
 693     5.631     6.971     0.000   57   -1   -1   -1
 694     5.658     3.926     0.000  194   -1   -1   -1
 695     5.670    -0.644     0.000  441   -1   -1   -1
 696     5.694    -3.179     0.000  566   -1   -1   -1
 697     5.739    -5.457     0.000  691   -1   -1   -1
 698     5.743    -5.794     0.000  704   -1   -1   -1
 699     5.748     4.598     0.000  168   -1   -1   -1
 700     5.793    -8.058     0.000  840   -1   -1   -1
 701     5.807    -2.450     0.000  525   -1   -1   -1
 702     5.822     1.760     0.000  316   -1   -1   -1
 703     5.833    -0.993     0.000  461   -1   -1   -1
 704     5.861    -7.996     0.000  837   -1   -1   -1
 705     5.876    -3.457     0.000  578   -1   -1   -1
 706     5.884    -8.321     0.000  855   -1   -1   -1
 707     5.885    -0.750     0.000  449   -1   -1   -1
 708     5.888     1.979     0.000  308   -1   -1   -1
 709     5.892     5.064     0.000  139   -1   -1   -1
 710     5.900    -7.987     0.000  835   -1   -1   -1
 711     5.968    -6.469     0.000  748   -1   -1   -1
 712     5.981     2.726     0.000  259   -1   -1   -1
 713     6.009    -5.290     0.000  684   -1   -1   -1
 714     6.017    -2.135     0.000  512   -1   -1   -1
 715     6.026    -4.331     0.000  615   -1   -1   -1
 716     6.042    -1.721     0.000  494   -1   -1   -1
 717     6.043     4.642     0.000  166   -1   -1   -1
 718     6.046    -0.474     0.000  429   -1   -1   -1
 719     6.052    -3.055     0.000  558   -1   -1   -1
 720     6.059    -6.140     0.000  729   -1   -1   -1
 721     6.146     1.700     0.000  319   -1   -1   -1
 722     6.155     6.540     0.000   73   -1   -1   -1
 723     6.171    -4.337     0.000  617   -1   -1   -1
 724     6.193     3.862     0.000  200   -1   -1   -1
 725     6.199    -4.217     0.000  610   -1   -1   -1
 726     6.205     0.283     0.000  385   -1   -1   -1
 727     6.208     3.193     0.000  235   -1   -1   -1
 728     6.238    -6.636     0.000  761   -1   -1   -1
 729     6.271     7.276     0.000   45   -1   -1   -1
 730     6.300    -2.137     0.000  513   -1   -1   -1
 731     6.302    -6.488     0.000  751   -1   -1   -1
 732     6.304    -2.935     0.000  552   -1   -1   -1
 733     6.344     1.957     0.000  312   -1   -1   -1
 734     6.368     2.364     0.000  283   -1   -1   -1
 735     6.397    -4.266     0.000  611   -1   -1   -1
 736     6.397     7.018     0.000   55   -1   -1   -1
 737     6.466    -1.372     0.000  480   -1   -1   -1
 738     6.467    -4.879     0.000  656   -1   -1   -1
 739     6.497     4.108     0.000  184   -1   -1   -1
 740     6.517    -5.954     0.000  712   -1   -1   -1
 741     6.519     5.506     0.000  120   -1   -1   -1
 742     6.534     6.912     0.000   60   -1   -1   -1
 743     6.551     4.670     0.000  163   -1   -1   -1
 744     6.555    -1.310     0.000  475   -1   -1   -1
 745     6.582     2.131     0.000  295   -1   -1   -1
 746     6.589    -1.281     0.000  472   -1   -1   -1
 747     6.615    -0.579     0.000  437   -1   -1   -1
 748     6.615    -6.051     0.000  723   -1   -1   -1
 749     6.622     2.875     0.000  251   -1   -1   -1
 750     6.649    -5.130     0.000  673   -1   -1   -1
 751     6.668    -5.321     0.000  685   -1   -1   -1
 752     6.673     5.645     0.000  115   -1   -1   -1
 753     6.703    -6.213     0.000  736   -1   -1   -1
 754     6.713    -5.498     0.000  694   -1   -1   -1
 755     6.714     6.586     0.000   71   -1   -1   -1
 756     6.722     0.438     0.000  379   -1   -1   -1
 757     6.733     3.188     0.000  236   -1   -1   -1
 758     6.750    -1.882     0.000  503   -1   -1   -1
 759     6.754     3.304     0.000  231   -1   -1   -1
 760     6.758     2.058     0.000  300   -1   -1   -1
 761     6.784    -0.567     0.000  434   -1   -1   -1
 762     6.796    -6.046     0.000  722   -1   -1   -1
 763     6.801    -7.661     0.000  813   -1   -1   -1
 764     6.810    -0.771     0.000  450   -1   -1   -1
 765     6.851     5.226     0.000  131   -1   -1   -1
 766     6.881    -7.989     0.000  836   -1   -1   -1
 767     6.886     3.625     0.000  209   -1   -1   -1
 768     6.914    -4.924     0.000  659   -1   -1   -1
 769     6.914    -0.911     0.000  457   -1   -1   -1
 770     6.917    -2.641     0.000  539   -1   -1   -1
 771     6.927    -0.083     0.000  412   -1   -1   -1
 772     6.933     6.181     0.000   88   -1   -1   -1
 773     6.952    -0.683     0.000  443   -1   -1   -1
 774     6.970     0.439     0.000  378   -1   -1   -1
 775     6.984     2.093     0.000  296   -1   -1   -1
 776     7.014     3.421     0.000  222   -1   -1   -1
 777     7.017     2.254     0.000  287   -1   -1   -1
 778     7.019     2.033     0.000  305   -1   -1   -1
 779     7.024    -6.598     0.000  757   -1   -1   -1
 780     7.031    -5.787     0.000  703   -1   -1   -1
 781     7.047     2.053     0.000  301   -1   -1   -1
 782     7.064    -4.030     0.000  603   -1   -1   -1
 783     7.076    -5.992     0.000  717   -1   -1   -1
 784     7.102    -8.299     0.000  852   -1   -1   -1
 785     7.138     7.546     0.000   34   -1   -1   -1
 786     7.161     6.529     0.000   74   -1   -1   -1
 787     7.165    -6.162     0.000  730   -1   -1   -1
 788     7.165    -3.173     0.000  565   -1   -1   -1
 789     7.204     0.200     0.000  389   -1   -1   -1
 790     7.215    -3.969     0.000  599   -1   -1   -1
 791     7.247     4.993     0.000  144   -1   -1   -1
 792     7.259     4.375     0.000  177   -1   -1   -1
 793     7.264     1.625     0.000  324   -1   -1   -1
 794     7.266    -4.396     0.000  625   -1   -1   -1
 795     7.287     6.748     0.000   65   -1   -1   -1
 796     7.297     4.317     0.000  181   -1   -1   -1
 797     7.309     5.631     0.000  117   -1   -1   -1
 798     7.311    -0.147     0.000  415   -1   -1   -1
 799     7.346     5.544     0.000  119   -1   -1   -1
 800     7.363     3.550     0.000  216   -1   -1   -1
 801     7.384    -8.059     0.000  841   -1   -1   -1
 802     7.387    -0.681     0.000  442   -1   -1   -1
 803     7.389    -6.399     0.000  745   -1   -1   -1
 804     7.413     2.071     0.000  298   -1   -1   -1
 805     7.485     5.270     0.000  126   -1   -1   -1
 806     7.487     4.783     0.000  156   -1   -1   -1
 807     7.521     4.582     0.000  169   -1   -1   -1
 808     7.535    -2.902     0.000  550   -1   -1   -1
 809     7.559    -1.543     0.000  487   -1   -1   -1
 810     7.577     1.266     0.000  340   -1   -1   -1
 811     7.599     4.758     0.000  158   -1   -1   -1
 812     7.609     1.752     0.000  317   -1   -1   -1
 813     7.622    -8.319     0.000  854   -1   -1   -1
 814     7.633     2.279     0.000  286   -1   -1   -1
 815     7.682     7.732     0.000   27   -1   -1   -1
 816     7.713     7.754     0.000   26   -1   -1   -1
 817     7.729    -7.915     0.000  827   -1   -1   -1
 818     7.758     8.258     0.000    4   -1   -1   -1
 819     7.790     0.132     0.000  393   -1   -1   -1
 820     7.796     1.628     0.000  323   -1   -1   -1
 821     7.815    -7.087     0.000  784   -1   -1   -1
 822     7.831     6.734     0.000   67   -1   -1   -1
 823     7.842    -0.858     0.000  453   -1   -1   -1
 824     7.873    -5.145     0.000  676   -1   -1   -1
 825     7.910    -5.009     0.000  664   -1   -1   -1
 826     7.912    -3.001     0.000  554   -1   -1   -1
 827     7.986     7.156     0.000   51   -1   -1   -1
 828     7.991    -0.722     0.000  448   -1   -1   -1
 829     8.000    -0.433     0.000  426   -1   -1   -1
 830     8.006    -6.795     0.000  770   -1   -1   -1
 831     8.010    -6.874     0.000  774   -1   -1   -1
 832     8.011    -1.193     0.000  468   -1   -1   -1
 833     8.022    -5.640     0.000  697   -1   -1   -1
 834     8.022     1.025     0.000  347   -1   -1   -1
 835     8.041    -7.616     0.000  812   -1   -1   -1
 836     8.067     4.389     0.000  176   -1   -1   -1
 837     8.069    -0.629     0.000  440   -1   -1   -1
 838     8.087     3.159     0.000  237   -1   -1   -1
 839     8.130    -0.234     0.000  420   -1   -1   -1
 840     8.146    -4.536     0.000  635   -1   -1   -1
 841     8.164     1.712     0.000  318   -1   -1   -1
 842     8.171     2.504     0.000  274   -1   -1   -1
 843     8.172     3.235     0.000  234   -1   -1   -1
 844     8.176     4.613     0.000  167   -1   -1   -1
 845     8.206    -7.267     0.000  790   -1   -1   -1
 846     8.212     4.799     0.000  154   -1   -1   -1
 847     8.218    -6.321     0.000  740   -1   -1   -1
 848     8.237    -7.824     0.000  821   -1   -1   -1
 849     8.248     7.263     0.000   46   -1   -1   -1
 850     8.262    -3.400     0.000  576   -1   -1   -1
 851     8.265    -6.039     0.000  721   -1   -1   -1
 852     8.299    -1.895     0.000  504   -1   -1   -1
 853     8.311    -7.359     0.000  798   -1   -1   -1
 854     8.314     5.269     0.000  127   -1   -1   -1
 855     8.333     7.041     0.000   54   -1   -1   -1
 856     8.336    -4.397     0.000  626   -1   -1   -1
 857     8.340     1.340     0.000  338   -1   -1   -1
 858     8.353     8.191     0.000   10   -1   -1   -1
 859     8.360     7.578     0.000   32   -1   -1   -1
 860     8.388    -8.254     0.000  849   -1   -1   -1
 861     8.395     0.671     0.000  364   -1   -1   -1
 862     8.395    -0.160     0.000  416   -1   -1   -1
