859
   1    -8.432    -3.446     0.000  588   -1   -1   -1
   2    -8.419    -2.152     0.000  529   -1   -1   -1
   3    -8.385    -0.891     0.000  464   -1   -1   -1
   4    -8.383     7.549     0.000   44   -1   -1   -1
   5    -8.376    -6.864     0.000  777   -1   -1   -1
   6    -8.354    -8.136     0.000  842   -1   -1   -1
   7    -8.342    -3.297     0.000  580   -1   -1   -1
   8    -8.312    -4.609     0.000  641   -1   -1   -1
   9    -8.278     1.213     0.000  353   -1   -1   -1
  10    -8.265     0.554     0.000  380   -1   -1   -1
  11    -8.259     6.856     0.000   71   -1   -1   -1
  12    -8.252    -1.782     0.000  515   -1   -1   -1
  13    -8.246    -8.235     0.000  847   -1   -1   -1
  14    -8.210    -7.916     0.000  830   -1   -1   -1
  15    -8.209     4.242     0.000  190   -1   -1   -1
  16    -8.185     1.576     0.000  334   -1   -1   -1
  17    -8.163     4.433     0.000  182   -1   -1   -1
  18    -8.156     1.527     0.000  340   -1   -1   -1
  19    -8.146    -3.027     0.000  565   -1   -1   -1
  20    -8.123     6.499     0.000   86   -1   -1   -1
  21    -8.097     2.630     0.000  268   -1   -1   -1
  22    -8.084    -2.495     0.000  540   -1   -1   -1
  23    -8.050     1.358     0.000  344   -1   -1   -1
  24    -8.037    -7.386     0.000  802   -1   -1   -1
  25    -8.023    -0.830     0.000  462   -1   -1   -1
  26    -8.018     2.246     0.000  291   -1   -1   -1
  27    -7.997    -6.228     0.000  733   -1   -1   -1
  28    -7.986     6.579     0.000   83   -1   -1   -1
  29    -7.949    -3.802     0.000  600   -1   -1   -1
  30    -7.930     5.672     0.000  115   -1   -1   -1
  31    -7.910    -6.955     0.000  780   -1   -1   -1
  32    -7.887    -0.944     0.000  467   -1   -1   -1
  33    -7.865     0.830     0.000  365   -1   -1   -1
  34    -7.854    -0.171     0.000  424   -1   -1   -1
  35    -7.836     4.099     0.000  198   -1   -1   -1
  36    -7.812     3.876     0.000  210   -1   -1   -1
  37    -7.810     7.188     0.000   56   -1   -1   -1
  38    -7.791    -6.138     0.000  727   -1   -1   -1
  39    -7.785    -4.819     0.000  657   -1   -1   -1
  40    -7.783     5.001     0.000  150   -1   -1   -1
  41    -7.774     2.498     0.000  277   -1   -1   -1
  42    -7.752    -6.230     0.000  734   -1   -1   -1
  43    -7.747    -2.738     0.000  548   -1   -1   -1
  44    -7.741    -6.706     0.000  766   -1   -1   -1
  45    -7.742    -5.103     0.000  669   -1   -1   -1
  46    -7.735     5.249     0.000  139   -1   -1   -1
  47    -7.732     1.985     0.000  315   -1   -1   -1
  48    -7.724    -4.609     0.000  642   -1   -1   -1
  49    -7.684    -0.676     0.000  451   -1   -1   -1
  50    -7.676     7.124     0.000   60   -1   -1   -1
  51    -7.661     6.656     0.000   77   -1   -1   -1
  52    -7.591     4.960     0.000  154   -1   -1   -1
  53    -7.580    -6.869     0.000  779   -1   -1   -1
  54    -7.540     0.431     0.000  389   -1   -1   -1
  55    -7.519     8.238     0.000   10   -1   -1   -1
  56    -7.511     0.008     0.000  409   -1   -1   -1
  57    -7.500    -0.685     0.000  452   -1   -1   -1
  58    -7.466    -1.092     0.000  475   -1   -1   -1
  59    -7.465     3.628     0.000  221   -1   -1   -1
  60    -7.461     7.998     0.000   21   -1   -1   -1
  61    -7.388     3.987     0.000  203   -1   -1   -1
  62    -7.371    -1.425     0.000  496   -1   -1   -1
  63    -7.367     3.689     0.000  218   -1   -1   -1
  64    -7.351    -5.370     0.000  683   -1   -1   -1
  65    -7.350     3.905     0.000  208   -1   -1   -1
  66    -7.347    -6.173     0.000  729   -1   -1   -1
  67    -7.330     2.319     0.000  284   -1   -1   -1
  68    -7.297    -5.380     0.000  684   -1   -1   -1
  69    -7.296    -5.062     0.000  666   -1   -1   -1
  70    -7.294     3.867     0.000  212   -1   -1   -1
  71    -7.286     5.405     0.000  130   -1   -1   -1
  72    -7.276    -8.361     0.000  854   -1   -1   -1
  73    -7.248     0.110     0.000  403   -1   -1   -1
  74    -7.234    -7.939     0.000  832   -1   -1   -1
  75    -7.231     3.254     0.000  238   -1   -1   -1
  76    -7.226     6.149     0.000   97   -1   -1   -1
  77    -7.177    -8.101     0.000  841   -1   -1   -1
  78    -7.155     7.661     0.000   38   -1   -1   -1
  79    -7.146    -7.718     0.000  816   -1   -1   -1
  80    -7.140     6.093     0.000   98   -1   -1   -1
  81    -7.132     4.053     0.000  200   -1   -1   -1
  82    -7.130     4.749     0.000  169   -1   -1   -1
  83    -7.113     7.299     0.000   51   -1   -1   -1
  84    -7.102    -2.395     0.000  536   -1   -1   -1
  85    -7.089     7.465     0.000   46   -1   -1   -1
  86    -7.076     4.998     0.000  152   -1   -1   -1
  87    -7.021    -5.395     0.000  685   -1   -1   -1
  88    -6.998     1.968     0.000  317   -1   -1   -1
  89    -6.996    -6.753     0.000  767   -1   -1   -1
  90    -6.985     0.031     0.000  407   -1   -1   -1
  91    -6.983    -6.564     0.000  755   -1   -1   -1
  92    -6.965    -6.605     0.000  759   -1   -1   -1
  93    -6.957     4.346     0.000  186   -1   -1   -1
  94    -6.945    -2.389     0.000  535   -1   -1   -1
  95    -6.934     5.121     0.000  146   -1   -1   -1
  96    -6.925     5.473     0.000  124   -1   -1   -1
  97    -6.921    -0.382     0.000  432   -1   -1   -1
  98    -6.900    -2.682     0.000  546   -1   -1   -1
  99    -6.895     5.421     0.000  127   -1   -1   -1
 100    -6.882    -6.995     0.000  783   -1   -1   -1
 101    -6.877     2.906     0.000  256   -1   -1   -1
 102    -6.868    -6.430     0.000  743   -1   -1   -1
 103    -6.860    -0.822     0.000  461   -1   -1   -1
 104    -6.827    -7.474     0.000  805   -1   -1   -1
 105    -6.827    -1.203     0.000  482   -1   -1   -1
 106    -6.823     7.554     0.000   43   -1   -1   -1
 107    -6.768    -5.412     0.000  687   -1   -1   -1
 108    -6.766     1.309     0.000  348   -1   -1   -1
 109    -6.744     2.414     0.000  280   -1   -1   -1
 110    -6.730     2.445     0.000  278   -1   -1   -1
 111    -6.716     7.616     0.000   40   -1   -1   -1
 112    -6.696     4.302     0.000  188   -1   -1   -1
 113    -6.682    -0.236     0.000  426   -1   -1   -1
 114    -6.677    -3.025     0.000  563   -1   -1   -1
 115    -6.657     1.670     0.000  329   -1   -1   -1
 116    -6.655     1.356     0.000  345   -1   -1   -1
 117    -6.619     3.550     0.000  226   -1   -1   -1
 118    -6.615     2.384     0.000  281   -1   -1   -1
 119    -6.579     5.782     0.000  110   -1   -1   -1
 120    -6.564     6.979     0.000   67   -1   -1   -1
 121    -6.545    -4.339     0.000  625   -1   -1   -1
 122    -6.544    -6.332     0.000  739   -1   -1   -1
 123    -6.506    -6.213     0.000  732   -1   -1   -1
 124    -6.487     7.619     0.000   39   -1   -1   -1
 125    -6.482     3.065     0.000  249   -1   -1   -1
 126    -6.450    -4.754     0.000  654   -1   -1   -1
 127    -6.390     0.142     0.000  402   -1   -1   -1
 128    -6.384    -7.805     0.000  822   -1   -1   -1
 129    -6.363    -3.560     0.000  593   -1   -1   -1
 130    -6.351     3.524     0.000  229   -1   -1   -1
 131    -6.345     4.887     0.000  157   -1   -1   -1
 132    -6.309     8.138     0.000   14   -1   -1   -1
 133    -6.277    -5.800     0.000  706   -1   -1   -1
 134    -6.246     0.098     0.000  404   -1   -1   -1
 135    -6.233     0.332     0.000  394   -1   -1   -1
 136    -6.216    -8.236     0.000  848   -1   -1   -1
 137    -6.200    -1.645     0.000  509   -1   -1   -1
 138    -6.199     0.985     0.000  363   -1   -1   -1
 139    -6.183     2.503     0.000  276   -1   -1   -1
 140    -6.151     4.887     0.000  158   -1   -1   -1
 141    -6.150     3.380     0.000  233   -1   -1   -1
 142    -6.140    -7.601     0.000  810   -1   -1   -1
 143    -6.137     2.737     0.000  264   -1   -1   -1
 144    -6.134    -5.227     0.000  678   -1   -1   -1
 145    -6.081     1.241     0.000  351   -1   -1   -1
 146    -6.080     7.356     0.000   49   -1   -1   -1
 147    -6.075    -7.103     0.000  790   -1   -1   -1
 148    -6.053     6.285     0.000   92   -1   -1   -1
 149    -6.043    -4.651     0.000  647   -1   -1   -1
 150    -6.033     3.717     0.000  217   -1   -1   -1
 151    -6.029    -1.078     0.000  474   -1   -1   -1
 152    -6.006    -7.310     0.000  798   -1   -1   -1
 153    -5.991     7.847     0.000   27   -1   -1   -1
 154    -5.969    -7.635     0.000  812   -1   -1   -1
 155    -5.946     3.087     0.000  247   -1   -1   -1
 156    -5.931     6.814     0.000   73   -1   -1   -1
 157    -5.904    -0.467     0.000  436   -1   -1   -1
 158    -5.888     4.871     0.000  160   -1   -1   -1
 159    -5.877    -7.326     0.000  800   -1   -1   -1
 160    -5.861    -5.842     0.000  711   -1   -1   -1
 161    -5.860    -4.723     0.000  651   -1   -1   -1
 162    -5.833    -0.035     0.000  412   -1   -1   -1
 163    -5.810     4.711     0.000  171   -1   -1   -1
 164    -5.779    -1.641     0.000  508   -1   -1   -1
 165    -5.757    -1.871     0.000  519   -1   -1   -1
 166    -5.752    -5.786     0.000  704   -1   -1   -1
 167    -5.673     7.408     0.000   48   -1   -1   -1
 168    -5.660     1.910     0.000  321   -1   -1   -1
 169    -5.653    -4.131     0.000  615   -1   -1   -1
 170    -5.636     5.754     0.000  111   -1   -1   -1
 171    -5.619     0.737     0.000  369   -1   -1   -1
 172    -5.575     7.243     0.000   54   -1   -1   -1
 173    -5.573    -7.809     0.000  824   -1   -1   -1
 174    -5.549    -0.892     0.000  465   -1   -1   -1
 175    -5.548    -2.554     0.000  542   -1   -1   -1
 176    -5.541     6.040     0.000  101   -1   -1   -1
 177    -5.536     0.276     0.000  396   -1   -1   -1
 178    -5.534    -1.771     0.000  513   -1   -1   -1
 179    -5.523     2.668     0.000  266   -1   -1   -1
 180    -5.475    -3.109     0.000  573   -1   -1   -1
 181    -5.455    -4.904     0.000  660   -1   -1   -1
 182    -5.443     4.815     0.000  163   -1   -1   -1
 183    -5.429    -6.377     0.000  741   -1   -1   -1
 184    -5.424    -0.692     0.000  453   -1   -1   -1
 185    -5.418    -1.270     0.000  486   -1   -1   -1
 186    -5.412     5.239     0.000  142   -1   -1   -1
 187    -5.363    -3.043     0.000  568   -1   -1   -1
 188    -5.325    -2.380     0.000  533   -1   -1   -1
 189    -5.321     3.843     0.000  213   -1   -1   -1
 190    -5.314    -3.051     0.000  569   -1   -1   -1
 191    -5.314    -4.600     0.000  640   -1   -1   -1
 192    -5.301    -0.616     0.000  447   -1   -1   -1
 193    -5.292    -4.519     0.000  636   -1   -1   -1
 194    -5.256     2.066     0.000  307   -1   -1   -1
 195    -5.247    -3.845     0.000  601   -1   -1   -1
 196    -5.220    -8.043     0.000  838   -1   -1   -1
 197    -5.165    -8.043     0.000  839   -1   -1   -1
 198    -5.117    -1.779     0.000  514   -1   -1   -1
 199    -5.097    -4.691     0.000  649   -1   -1   -1
 200    -5.086    -6.657     0.000  763   -1   -1   -1
 201    -5.081    -3.889     0.000  603   -1   -1   -1
 202    -5.035    -0.103     0.000  419   -1   -1   -1
 203    -5.017    -0.025     0.000  411   -1   -1   -1
 204    -5.017    -4.914     0.000  663   -1   -1   -1
 205    -5.013     1.558     0.000  336   -1   -1   -1
 206    -4.995     0.519     0.000  384   -1   -1   -1
 207    -4.960     3.967     0.000  204   -1   -1   -1
 208    -4.941     5.126     0.000  145   -1   -1   -1
 209    -4.935     3.764     0.000  216   -1   -1   -1
 210    -4.926    -0.349     0.000  430   -1   -1   -1
 211    -4.905    -4.254     0.000  619   -1   -1   -1
 212    -4.879     1.596     0.000  333   -1   -1   -1
 213    -4.877     8.373     0.000    1   -1   -1   -1
 214    -4.870     0.816     0.000  367   -1   -1   -1
 215    -4.865     8.229     0.000   11   -1   -1   -1
 216    -4.851     3.871     0.000  211   -1   -1   -1
 217    -4.836     0.658     0.000  374   -1   -1   -1
 218    -4.828    -1.369     0.000  495   -1   -1   -1
 219    -4.814    -8.166     0.000  843   -1   -1   -1
 220    -4.813     1.621     0.000  331   -1   -1   -1
 221    -4.804    -3.588     0.000  594   -1   -1   -1
 222    -4.785    -3.326     0.000  581   -1   -1   -1
 223    -4.780     0.052     0.000  406   -1   -1   -1
 224    -4.743    -4.396     0.000  630   -1   -1   -1
 225    -4.741    -6.813     0.000  773   -1   -1   -1
 226    -4.739     0.384     0.000  391   -1   -1   -1
 227    -4.706     3.563     0.000  224   -1   -1   -1
 228    -4.688     4.573     0.000  178   -1   -1   -1
 229    -4.653     2.640     0.000  267   -1   -1   -1
 230    -4.631     3.416     0.000  231   -1   -1   -1
 231    -4.619     5.785     0.000  109   -1   -1   -1
 232    -4.616    -4.377     0.000  627   -1   -1   -1
 233    -4.614     2.157     0.000  297   -1   -1   -1
 234    -4.569    -4.634     0.000  646   -1   -1   -1
 235    -4.543    -7.122     0.000  791   -1   -1   -1
 236    -4.543    -5.219     0.000  675   -1   -1   -1
 237    -4.541     2.544     0.000  274   -1   -1   -1
 238    -4.523    -2.486     0.000  539   -1   -1   -1
 239    -4.506     2.161     0.000  296   -1   -1   -1
 240    -4.499    -5.082     0.000  667   -1   -1   -1
 241    -4.474     0.585     0.000  379   -1   -1   -1
 242    -4.468    -1.292     0.000  488   -1   -1   -1
 243    -4.451    -6.435     0.000  745   -1   -1   -1
 244    -4.450    -5.407     0.000  686   -1   -1   -1
 245    -4.436    -6.324     0.000  737   -1   -1   -1
 246    -4.416    -6.865     0.000  778   -1   -1   -1
 247    -4.365    -1.427     0.000  497   -1   -1   -1
 248    -4.356     3.532     0.000  228   -1   -1   -1
 249    -4.342    -4.739     0.000  652   -1   -1   -1
 250    -4.299     1.060     0.000  359   -1   -1   -1
 251    -4.266     1.028     0.000  362   -1   -1   -1
 252    -4.210    -6.777     0.000  770   -1   -1   -1
 253    -4.199     0.552     0.000  381   -1   -1   -1
 254    -4.190    -4.683     0.000  648   -1   -1   -1
 255    -4.151     3.298     0.000  236   -1   -1   -1
 256    -4.122    -0.564     0.000  443   -1   -1   -1
 257    -4.112    -1.741     0.000  512   -1   -1   -1
 258    -4.108     2.614     0.000  270   -1   -1   -1
 259    -4.101    -4.563     0.000  638   -1   -1   -1
 260    -4.082    -1.479     0.000  500   -1   -1   -1
 261    -4.075    -4.343     0.000  626   -1   -1   -1
 262    -4.046     2.567     0.000  273   -1   -1   -1
 263    -4.021     1.541     0.000  338   -1   -1   -1
 264    -4.014     5.707     0.000  114   -1   -1   -1
 265    -4.013    -8.248     0.000  849   -1   -1   -1
 266    -3.975     2.021     0.000  312   -1   -1   -1
 267    -3.969    -7.668     0.000  815   -1   -1   -1
 268    -3.962     3.963     0.000  205   -1   -1   -1
 269    -3.908     5.207     0.000  144   -1   -1   -1
 270    -3.882    -4.261     0.000  621   -1   -1   -1
 271    -3.873     5.312     0.000  135   -1   -1   -1
 272    -3.869     2.898     0.000  257   -1   -1   -1
 273    -3.841     2.157     0.000  298   -1   -1   -1
 274    -3.819    -7.962     0.000  834   -1   -1   -1
 275    -3.785    -0.524     0.000  440   -1   -1   -1
 276    -3.753    -0.266     0.000  427   -1   -1   -1
 277    -3.749    -5.441     0.000  689   -1   -1   -1
 278    -3.743     7.485     0.000   45   -1   -1   -1
 279    -3.737     8.253     0.000    9   -1   -1   -1
 280    -3.684     8.373     0.000    2   -1   -1   -1
 281    -3.657    -3.507     0.000  591   -1   -1   -1
 282    -3.645     0.365     0.000  392   -1   -1   -1
 283    -3.639    -7.975     0.000  835   -1   -1   -1
 284    -3.626     7.793     0.000   31   -1   -1   -1
 285    -3.583    -1.518     0.000  502   -1   -1   -1
 286    -3.550    -0.296     0.000  428   -1   -1   -1
 287    -3.465     0.617     0.000  376   -1   -1   -1
 288    -3.460     2.982     0.000  255   -1   -1   -1
 289    -3.453    -6.689     0.000  765   -1   -1   -1
 290    -3.435    -3.346     0.000  583   -1   -1   -1
 291    -3.428    -1.640     0.000  507   -1   -1   -1
 292    -3.427     6.366     0.000   89   -1   -1   -1
 293    -3.423     0.361     0.000  393   -1   -1   -1
 294    -3.421     8.386     0.000    0   -1   -1   -1
 295    -3.421    -1.144     0.000  480   -1   -1   -1
 296    -3.398    -4.776     0.000  655   -1   -1   -1
 297    -3.397     7.814     0.000   29   -1   -1   -1
 298    -3.381    -4.519     0.000  637   -1   -1   -1
 299    -3.379    -7.739     0.000  817   -1   -1   -1
 300    -3.333     4.190     0.000  193   -1   -1   -1
 301    -3.315     2.346     0.000  283   -1   -1   -1
 302    -3.301     5.365     0.000  132   -1   -1   -1
 303    -3.294     5.441     0.000  125   -1   -1   -1
 304    -3.291    -0.004     0.000  410   -1   -1   -1
 305    -3.250     6.173     0.000   96   -1   -1   -1
 306    -3.199     2.133     0.000  301   -1   -1   -1
 307    -3.198    -0.346     0.000  429   -1   -1   -1
 308    -3.184    -6.590     0.000  757   -1   -1   -1
 309    -3.092     3.811     0.000  214   -1   -1   -1
 310    -3.060     7.909     0.000   25   -1   -1   -1
 311    -3.042    -2.277     0.000  531   -1   -1   -1
 312    -3.006     1.963     0.000  318   -1   -1   -1
 313    -2.996    -1.002     0.000  471   -1   -1   -1
 314    -2.996     3.067     0.000  248   -1   -1   -1
 315    -2.983    -1.297     0.000  489   -1   -1   -1
 316    -2.972     0.683     0.000  371   -1   -1   -1
 317    -2.972    -3.027     0.000  564   -1   -1   -1
 318    -2.971    -5.225     0.000  677   -1   -1   -1
 319    -2.906    -1.262     0.000  484   -1   -1   -1
 320    -2.903    -2.873     0.000  553   -1   -1   -1
 321    -2.897    -0.774     0.000  458   -1   -1   -1
 322    -2.887    -7.082     0.000  788   -1   -1   -1
 323    -2.881    -0.549     0.000  441   -1   -1   -1
 324    -2.869     1.322     0.000  347   -1   -1   -1
 325    -2.867     3.017     0.000  252   -1   -1   -1
 326    -2.852    -7.789     0.000  821   -1   -1   -1
 327    -2.813     4.261     0.000  189   -1   -1   -1
 328    -2.793     1.394     0.000  343   -1   -1   -1
 329    -2.782    -4.833     0.000  658   -1   -1   -1
 330    -2.781    -3.329     0.000  582   -1   -1   -1
 331    -2.766     7.980     0.000   22   -1   -1   -1
 332    -2.744     5.630     0.000  119   -1   -1   -1
 333    -2.734    -3.601     0.000  595   -1   -1   -1
 334    -2.720     8.096     0.000   17   -1   -1   -1
 335    -2.707     6.654     0.000   78   -1   -1   -1
 336    -2.695    -6.987     0.000  782   -1   -1   -1
 337    -2.693     6.239     0.000   93   -1   -1   -1
 338    -2.659     7.042     0.000   64   -1   -1   -1
 339    -2.653     7.766     0.000   32   -1   -1   -1
 340    -2.651    -5.587     0.000  693   -1   -1   -1
 341    -2.648    -8.339     0.000  852   -1   -1   -1
 342    -2.645     3.271     0.000  237   -1   -1   -1
 343    -2.636    -7.077     0.000  787   -1   -1   -1
 344    -2.612     6.322     0.000   91   -1   -1   -1
 345    -2.584     1.270     0.000  349   -1   -1   -1
 346    -2.573    -1.349     0.000  492   -1   -1   -1
 347    -2.552    -6.803     0.000  772   -1   -1   -1
 348    -2.522    -3.012     0.000  562   -1   -1   -1
 349    -2.497     2.200     0.000  292   -1   -1   -1
 350    -2.487    -3.422     0.000  587   -1   -1   -1
 351    -2.482     4.239     0.000  191   -1   -1   -1
 352    -2.389    -6.417     0.000  742   -1   -1   -1
 353    -2.388    -3.390     0.000  585   -1   -1   -1
 354    -2.266    -4.215     0.000  617   -1   -1   -1
 355    -2.216    -1.670     0.000  510   -1   -1   -1
 356    -2.184    -0.383     0.000  433   -1   -1   -1
 357    -2.170    -6.273     0.000  735   -1   -1   -1
 358    -2.156    -1.491     0.000  501   -1   -1   -1
 359    -2.130     5.355     0.000  133   -1   -1   -1
 360    -2.106     7.738     0.000   34   -1   -1   -1
 361    -2.056     4.227     0.000  192   -1   -1   -1
 362    -2.043    -4.084     0.000  613   -1   -1   -1
 363    -2.028     5.754     0.000  112   -1   -1   -1
 364    -1.992     0.643     0.000  375   -1   -1   -1
 365    -1.985    -6.192     0.000  730   -1   -1   -1
 366    -1.962    -1.885     0.000  521   -1   -1   -1
 367    -1.946    -2.307     0.000  532   -1   -1   -1
 368    -1.899     5.618     0.000  120   -1   -1   -1
 369    -1.889    -5.821     0.000  709   -1   -1   -1
 370    -1.877    -4.490     0.000  632   -1   -1   -1
 371    -1.875     0.270     0.000  397   -1   -1   -1
 372    -1.827     0.806     0.000  368   -1   -1   -1
 373    -1.730     2.175     0.000  295   -1   -1   -1
 374    -1.717     5.351     0.000  134   -1   -1   -1
 375    -1.689    -1.096     0.000  476   -1   -1   -1
 376    -1.684    -4.055     0.000  611   -1   -1   -1
 377    -1.672    -4.809     0.000  656   -1   -1   -1
 378    -1.656     5.733     0.000  113   -1   -1   -1
 379    -1.573     3.689     0.000  219   -1   -1   -1
 380    -1.558    -7.593     0.000  809   -1   -1   -1
 381    -1.544     5.633     0.000  118   -1   -1   -1
 382    -1.532    -6.633     0.000  762   -1   -1   -1
 383    -1.497    -0.051     0.000  415   -1   -1   -1
 384    -1.481    -1.269     0.000  485   -1   -1   -1
 385    -1.452    -3.100     0.000  572   -1   -1   -1
 386    -1.445     1.563     0.000  335   -1   -1   -1
 387    -1.424    -4.028     0.000  609   -1   -1   -1
 388    -1.354    -1.959     0.000  525   -1   -1   -1
 389    -1.354    -3.918     0.000  604   -1   -1   -1
 390    -1.345     1.225     0.000  352   -1   -1   -1
 391    -1.336     1.687     0.000  328   -1   -1   -1
 392    -1.187     1.160     0.000  354   -1   -1   -1
 393    -1.128    -1.356     0.000  493   -1   -1   -1
 394    -1.005    -2.585     0.000  543   -1   -1   -1
 395    -0.993    -6.792     0.000  771   -1   -1   -1
 396    -0.987    -2.975     0.000  561   -1   -1   -1
 397    -0.962     8.324     0.000    5   -1   -1   -1
 398    -0.955     4.828     0.000  161   -1   -1   -1
 399    -0.904    -3.166     0.000  576   -1   -1   -1
 400    -0.878    -1.537     0.000  504   -1   -1   -1
 401    -0.874    -5.831     0.000  710   -1   -1   -1
 402    -0.867    -5.965     0.000  718   -1   -1   -1
 403    -0.747     5.934     0.000  104   -1   -1   -1
 404    -0.676    -3.058     0.000  570   -1   -1   -1
 405    -0.672     5.300     0.000  136   -1   -1   -1
 406    -0.670     1.446     0.000  341   -1   -1   -1
 407    -0.585    -5.173     0.000  673   -1   -1   -1
 408    -0.494    -3.070     0.000  571   -1   -1   -1
 409    -0.471     6.004     0.000  102   -1   -1   -1
 410    -0.396    -7.171     0.000  792   -1   -1   -1
 411    -0.381     0.663     0.000  373   -1   -1   -1
 412    -0.243    -3.235     0.000  579   -1   -1   -1
 413    -0.214    -0.993     0.000  470   -1   -1   -1
 414    -0.211    -8.437     0.000  858   -1   -1   -1
 415    -0.197     1.690     0.000  327   -1   -1   -1
 416    -0.182     4.733     0.000  170   -1   -1   -1
 417    -0.133    -4.234     0.000  618   -1   -1   -1
 418    -0.084     0.450     0.000  386   -1   -1   -1
 419    -0.067    -6.466     0.000  748   -1   -1   -1
 420    -0.037    -1.938     0.000  524   -1   -1   -1
 421    -0.026     2.251     0.000  290   -1   -1   -1
 422    -0.014    -2.251     0.000  530   -1   -1   -1
 423     0.308    -7.083     0.000  789   -1   -1   -1
 424     0.351    -6.530     0.000  753   -1   -1   -1
 425     0.433    -7.937     0.000  831   -1   -1   -1
 426     0.508    -1.911     0.000  523   -1   -1   -1
 427     0.611     4.099     0.000  199   -1   -1   -1
 428     0.659    -5.801     0.000  707   -1   -1   -1
 429     0.662    -6.670     0.000  764   -1   -1   -1
 430     0.711     7.319     0.000   50   -1   -1   -1
 431     0.718     3.930     0.000  207   -1   -1   -1
 432     0.825    -1.713     0.000  511   -1   -1   -1
 433     0.890     1.624     0.000  330   -1   -1   -1
 434     0.893     6.566     0.000   84   -1   -1   -1
 435     0.918    -3.663     0.000  597   -1   -1   -1
 436     0.939     7.915     0.000   23   -1   -1   -1
 437     0.983     4.471     0.000  180   -1   -1   -1
 438     1.034    -2.930     0.000  558   -1   -1   -1
 439     1.057     4.607     0.000  177   -1   -1   -1
 440     1.091    -6.432     0.000  744   -1   -1   -1
 441     1.114     6.761     0.000   74   -1   -1   -1
 442     1.143    -5.636     0.000  696   -1   -1   -1
 443     1.148     3.774     0.000  215   -1   -1   -1
 444     1.201    -7.450     0.000  804   -1   -1   -1
 445     1.219    -7.772     0.000  819   -1   -1   -1
 446     1.237     1.114     0.000  355   -1   -1   -1
 447     1.253    -0.523     0.000  439   -1   -1   -1
 448     1.268     5.371     0.000  131   -1   -1   -1
 449     1.284    -7.300     0.000  797   -1   -1   -1
 450     1.295     3.388     0.000  232   -1   -1   -1
 451     1.303     7.122     0.000   61   -1   -1   -1
 452     1.344     1.548     0.000  337   -1   -1   -1
 453     1.352    -3.795     0.000  599   -1   -1   -1
 454     1.357     7.146     0.000   59   -1   -1   -1
 455     1.406     7.436     0.000   47   -1   -1   -1
 456     1.408     0.447     0.000  388   -1   -1   -1
 457     1.437     2.294     0.000  287   -1   -1   -1
 458     1.442     2.144     0.000  299   -1   -1   -1
 459     1.466    -5.747     0.000  701   -1   -1   -1
 460     1.468    -4.621     0.000  644   -1   -1   -1
 461     1.491    -6.755     0.000  768   -1   -1   -1
 462     1.495     1.915     0.000  320   -1   -1   -1
 463     1.501    -1.056     0.000  473   -1   -1   -1
 464     1.513    -7.808     0.000  823   -1   -1   -1
 465     1.516    -4.719     0.000  650   -1   -1   -1
 466     1.570    -1.469     0.000  499   -1   -1   -1
 467     1.614     5.820     0.000  108   -1   -1   -1
 468     1.616    -6.848     0.000  775   -1   -1   -1
 469     1.621    -7.769     0.000  818   -1   -1   -1
 470     1.658     4.756     0.000  168   -1   -1   -1
 471     1.665    -5.869     0.000  712   -1   -1   -1
 472     1.690    -0.052     0.000  416   -1   -1   -1
 473     1.695     2.585     0.000  272   -1   -1   -1
 474     1.728    -6.327     0.000  738   -1   -1   -1
 475     1.732     2.315     0.000  285   -1   -1   -1
 476     1.752     8.197     0.000   13   -1   -1   -1
 477     1.766    -5.626     0.000  695   -1   -1   -1
 478     1.782     5.419     0.000  128   -1   -1   -1
 479     1.821    -7.012     0.000  784   -1   -1   -1
 480     1.841    -6.064     0.000  725   -1   -1   -1
 481     1.851     6.969     0.000   68   -1   -1   -1
 482     1.852    -7.246     0.000  795   -1   -1   -1
 483     1.889    -6.957     0.000  781   -1   -1   -1
 484     1.909    -0.721     0.000  455   -1   -1   -1
 485     1.919    -0.381     0.000  431   -1   -1   -1
 486     1.954     3.584     0.000  223   -1   -1   -1
 487     1.956    -3.946     0.000  605   -1   -1   -1
 488     1.970     1.770     0.000  324   -1   -1   -1
 489     1.976     0.601     0.000  378   -1   -1   -1
 490     1.986    -5.955     0.000  717   -1   -1   -1
 491     2.012     1.924     0.000  319   -1   -1   -1
 492     2.015    -3.034     0.000  567   -1   -1   -1
 493     2.043    -7.520     0.000  806   -1   -1   -1
 494     2.051     5.608     0.000  121   -1   -1   -1
 495     2.071     7.170     0.000   57   -1   -1   -1
 496     2.083     3.232     0.000  240   -1   -1   -1
 497     2.085    -1.323     0.000  491   -1   -1   -1
 498     2.086    -3.417     0.000  586   -1   -1   -1
 499     2.096     0.151     0.000  401   -1   -1   -1
 500     2.101    -0.479     0.000  437   -1   -1   -1
 501     2.122     5.972     0.000  103   -1   -1   -1
 502     2.146    -3.184     0.000  577   -1   -1   -1
 503     2.155    -7.071     0.000  786   -1   -1   -1
 504     2.169     2.041     0.000  310   -1   -1   -1
 505     2.205     7.704     0.000   36   -1   -1   -1
 506     2.206     1.071     0.000  358   -1   -1   -1
 507     2.227     4.980     0.000  153   -1   -1   -1
 508     2.250     8.270     0.000    7   -1   -1   -1
 509     2.254     4.137     0.000  194   -1   -1   -1
 510     2.261    -0.092     0.000  418   -1   -1   -1
 511     2.282    -5.102     0.000  668   -1   -1   -1
 512     2.309    -7.661     0.000  814   -1   -1   -1
 513     2.313     5.426     0.000  126   -1   -1   -1
 514     2.336    -5.526     0.000  692   -1   -1   -1
 515     2.337    -5.976     0.000  720   -1   -1   -1
 516     2.354     0.030     0.000  408   -1   -1   -1
 517     2.355     3.993     0.000  202   -1   -1   -1
 518     2.410     5.417     0.000  129   -1   -1   -1
 519     2.416    -7.393     0.000  803   -1   -1   -1
 520     2.419    -4.128     0.000  614   -1   -1   -1
 521     2.420     4.880     0.000  159   -1   -1   -1
 522     2.442     2.787     0.000  262   -1   -1   -1
 523     2.454     0.409     0.000  390   -1   -1   -1
 524     2.519    -4.311     0.000  622   -1   -1   -1
 525     2.520    -0.169     0.000  423   -1   -1   -1
 526     2.536     6.637     0.000   81   -1   -1   -1
 527     2.566    -4.511     0.000  634   -1   -1   -1
 528     2.568    -3.853     0.000  602   -1   -1   -1
 529     2.588     3.545     0.000  227   -1   -1   -1
 530     2.600    -2.506     0.000  541   -1   -1   -1
 531     2.617    -3.783     0.000  598   -1   -1   -1
 532     2.698    -5.953     0.000  716   -1   -1   -1
 533     2.727    -6.500     0.000  750   -1   -1   -1
 534     2.740     7.913     0.000   24   -1   -1   -1
 535     2.745    -1.205     0.000  483   -1   -1   -1
 536     2.758     2.123     0.000  302   -1   -1   -1
 537     2.789     4.807     0.000  164   -1   -1   -1
 538     2.792    -0.131     0.000  420   -1   -1   -1
 539     2.801     2.268     0.000  289   -1   -1   -1
 540     2.801     7.680     0.000   37   -1   -1   -1
 541     2.864    -1.831     0.000  517   -1   -1   -1
 542     2.900     4.103     0.000  197   -1   -1   -1
 543     2.915     5.835     0.000  105   -1   -1   -1
 544     2.925    -1.025     0.000  472   -1   -1   -1
 545     2.931     1.985     0.000  316   -1   -1   -1
 546     2.964    -1.586     0.000  505   -1   -1   -1
 547     2.994     2.890     0.000  259   -1   -1   -1
 548     3.035    -4.506     0.000  633   -1   -1   -1
 549     3.062    -2.854     0.000  551   -1   -1   -1
 550     3.113    -5.258     0.000  679   -1   -1   -1
 551     3.120     6.080     0.000   99   -1   -1   -1
 552     3.120    -7.848     0.000  826   -1   -1   -1
 553     3.151    -0.783     0.000  459   -1   -1   -1
 554     3.160    -1.323     0.000  490   -1   -1   -1
 555     3.193     8.270     0.000    6   -1   -1   -1
 556     3.200     3.009     0.000  253   -1   -1   -1
 557     3.209     0.820     0.000  366   -1   -1   -1
 558     3.278    -2.857     0.000  552   -1   -1   -1
 559     3.303    -2.382     0.000  534   -1   -1   -1
 560     3.310    -8.334     0.000  851   -1   -1   -1
 561     3.327    -5.883     0.000  713   -1   -1   -1
 562     3.335    -6.548     0.000  754   -1   -1   -1
 563     3.345    -7.386     0.000  801   -1   -1   -1
 564     3.376     6.640     0.000   80   -1   -1   -1
 565     3.390    -4.037     0.000  610   -1   -1   -1
 566     3.434     5.250     0.000  138   -1   -1   -1
 567     3.445     5.833     0.000  106   -1   -1   -1
 568     3.446     4.364     0.000  185   -1   -1   -1
 569     3.479    -0.518     0.000  438   -1   -1   -1
 570     3.483     2.613     0.000  271   -1   -1   -1
 571     3.500    -5.700     0.000  698   -1   -1   -1
 572     3.505    -6.439     0.000  746   -1   -1   -1
 573     3.547    -3.511     0.000  592   -1   -1   -1
 574     3.558     5.022     0.000  149   -1   -1   -1
 575     3.568    -0.048     0.000  414   -1   -1   -1
 576     3.584    -1.984     0.000  526   -1   -1   -1
 577     3.596    -2.598     0.000  544   -1   -1   -1
 578     3.607     4.050     0.000  201   -1   -1   -1
 579     3.616    -1.129     0.000  478   -1   -1   -1
 580     3.628     3.195     0.000  243   -1   -1   -1
 581     3.628    -0.808     0.000  460   -1   -1   -1
 582     3.654     1.052     0.000  360   -1   -1   -1
 583     3.655     7.904     0.000   26   -1   -1   -1
 584     3.657    -3.482     0.000  590   -1   -1   -1
 585     3.680    -2.971     0.000  560   -1   -1   -1
 586     3.704    -0.607     0.000  445   -1   -1   -1
 587     3.716    -7.577     0.000  808   -1   -1   -1
 588     3.722     0.858     0.000  364   -1   -1   -1
 589     3.734    -2.821     0.000  550   -1   -1   -1
 590     3.742     7.707     0.000   35   -1   -1   -1
 591     3.754    -1.368     0.000  494   -1   -1   -1
 592     3.763    -5.721     0.000  699   -1   -1   -1
 593     3.774    -7.630     0.000  811   -1   -1   -1
 594     3.775     4.937     0.000  155   -1   -1   -1
 595     3.790     5.244     0.000  140   -1   -1   -1
 596     3.851    -1.895     0.000  522   -1   -1   -1
 597     3.882     2.996     0.000  254   -1   -1   -1
 598     3.901    -0.036     0.000  413   -1   -1   -1
 599     3.908     4.126     0.000  195   -1   -1   -1
 600     3.931     3.126     0.000  246   -1   -1   -1
 601     3.954    -7.818     0.000  825   -1   -1   -1
 602     3.972    -5.645     0.000  697   -1   -1   -1
 603     3.987    -0.627     0.000  448   -1   -1   -1
 604     3.995     8.107     0.000   16   -1   -1   -1
 605     3.998     4.918     0.000  156   -1   -1   -1
 606     4.005    -1.144     0.000  479   -1   -1   -1
 607     4.041     0.604     0.000  377   -1   -1   -1
 608     4.059    -7.288     0.000  796   -1   -1   -1
 609     4.083    -1.109     0.000  477   -1   -1   -1
 610     4.122    -8.036     0.000  837   -1   -1   -1
 611     4.167    -6.010     0.000  721   -1   -1   -1
 612     4.171    -8.392     0.000  856   -1   -1   -1
 613     4.175    -4.571     0.000  639   -1   -1   -1
 614     4.193    -5.932     0.000  714   -1   -1   -1
 615     4.194     2.192     0.000  294   -1   -1   -1
 616     4.210    -4.338     0.000  624   -1   -1   -1
 617     4.210    -7.913     0.000  829   -1   -1   -1
 618     4.222    -2.023     0.000  527   -1   -1   -1
 619     4.241    -6.601     0.000  758   -1   -1   -1
 620     4.265    -4.070     0.000  612   -1   -1   -1
 621     4.272    -1.799     0.000  516   -1   -1   -1
 622     4.290    -8.066     0.000  840   -1   -1   -1
 623     4.296    -4.425     0.000  631   -1   -1   -1
 624     4.297     8.343     0.000    3   -1   -1   -1
 625     4.314    -6.851     0.000  776   -1   -1   -1
 626     4.345    -1.601     0.000  506   -1   -1   -1
 627     4.351     2.192     0.000  293   -1   -1   -1
 628     4.385     4.655     0.000  173   -1   -1   -1
 629     4.402     7.803     0.000   30   -1   -1   -1
 630     4.422    -4.921     0.000  664   -1   -1   -1
 631     4.443     3.019     0.000  251   -1   -1   -1
 632     4.447    -0.988     0.000  469   -1   -1   -1
 633     4.450     4.827     0.000  162   -1   -1   -1
 634     4.455     8.023     0.000   19   -1   -1   -1
 635     4.478     6.365     0.000   90   -1   -1   -1
 636     4.481    -7.071     0.000  785   -1   -1   -1
 637     4.513    -4.618     0.000  643   -1   -1   -1
 638     4.535     8.012     0.000   20   -1   -1   -1
 639     4.536     0.550     0.000  382   -1   -1   -1
 640     4.538     0.668     0.000  372   -1   -1   -1
 641     4.556     6.422     0.000   88   -1   -1   -1
 642     4.564     1.878     0.000  322   -1   -1   -1
 643     4.570     3.336     0.000  234   -1   -1   -1
 644     4.577    -1.457     0.000  498   -1   -1   -1
 645     4.579     2.670     0.000  265   -1   -1   -1
 646     4.590     0.075     0.000  405   -1   -1   -1
 647     4.606    -2.686     0.000  547   -1   -1   -1
 648     4.625     2.860     0.000  260   -1   -1   -1
 649     4.627     2.618     0.000  269   -1   -1   -1
 650     4.670    -5.191     0.000  674   -1   -1   -1
 651     4.695     0.540     0.000  383   -1   -1   -1
 652     4.712    -3.191     0.000  578   -1   -1   -1
 653     4.734     3.065     0.000  250   -1   -1   -1
 654     4.756     8.333     0.000    4   -1   -1   -1
 655     4.785    -3.661     0.000  596   -1   -1   -1
 656     4.813    -7.564     0.000  807   -1   -1   -1
 657     4.891     5.117     0.000  147   -1   -1   -1
 658     4.903    -5.220     0.000  676   -1   -1   -1
 659     4.903     5.243     0.000  141   -1   -1   -1
 660     4.904     3.613     0.000  222   -1   -1   -1
 661     4.923     1.074     0.000  357   -1   -1   -1
 662     4.928     1.532     0.000  339   -1   -1   -1
 663     4.951    -2.802     0.000  549   -1   -1   -1
 664     4.975    -6.514     0.000  751   -1   -1   -1
 665     4.976    -4.909     0.000  661   -1   -1   -1
 666     5.005    -3.454     0.000  589   -1   -1   -1
 667     5.019    -8.219     0.000  846   -1   -1   -1
 668     5.024     8.122     0.000   15   -1   -1   -1
 669     5.026     8.079     0.000   18   -1   -1   -1
 670     5.036    -2.912     0.000  556   -1   -1   -1
 671     5.039    -5.760     0.000  702   -1   -1   -1
 672     5.053    -3.979     0.000  607   -1   -1   -1
 673     5.068     2.023     0.000  311   -1   -1   -1
 674     5.070     7.208     0.000   55   -1   -1   -1
 675     5.077     6.929     0.000   69   -1   -1   -1
 676     5.158    -5.797     0.000  705   -1   -1   -1
 677     5.182     6.435     0.000   87   -1   -1   -1
 678     5.186     6.843     0.000   72   -1   -1   -1
 679     5.224     1.599     0.000  332   -1   -1   -1
 680     5.257     7.072     0.000   62   -1   -1   -1
 681     5.286     2.416     0.000  279   -1   -1   -1
 682     5.348     5.821     0.000  107   -1   -1   -1
 683     5.359    -7.649     0.000  813   -1   -1   -1
 684     5.370    -2.885     0.000  554   -1   -1   -1
 685     5.378    -7.776     0.000  820   -1   -1   -1
 686     5.393     2.810     0.000  261   -1   -1   -1
 687     5.428     2.005     0.000  313   -1   -1   -1
 688     5.447     6.056     0.000  100   -1   -1   -1
 689     5.450     1.397     0.000  342   -1   -1   -1
 690     5.473    -6.622     0.000  761   -1   -1   -1
 691     5.479    -7.901     0.000  828   -1   -1   -1
 692     5.482    -5.113     0.000  670   -1   -1   -1
 693     5.518     2.062     0.000  308   -1   -1   -1
 694     5.529     4.498     0.000  179   -1   -1   -1
 695     5.584    -8.213     0.000  845   -1   -1   -1
 696     5.607     6.980     0.000   66   -1   -1   -1
 697     5.627     3.943     0.000  206   -1   -1   -1
 698     5.642    -0.635     0.000  449   -1   -1   -1
 699     5.656    -5.807     0.000  708   -1   -1   -1
 700     5.660    -3.152     0.000  574   -1   -1   -1
 701     5.684    -5.459     0.000  690   -1   -1   -1
 702     5.719     4.611     0.000  176   -1   -1   -1
 703     5.754     7.841     0.000   28   -1   -1   -1
 704     5.760    -2.437     0.000  537   -1   -1   -1
 705     5.763    -5.164     0.000  672   -1   -1   -1
 706     5.792    -0.982     0.000  468   -1   -1   -1
 707     5.798     1.775     0.000  323   -1   -1   -1
 708     5.842    -8.001     0.000  836   -1   -1   -1
 709     5.860     1.996     0.000  314   -1   -1   -1
 710     5.868    -6.347     0.000  740   -1   -1   -1
 711     5.868     5.080     0.000  148   -1   -1   -1
 712     5.869    -8.383     0.000  855   -1   -1   -1
 713     5.870    -0.747     0.000  456   -1   -1   -1
 714     5.871    -6.453     0.000  747   -1   -1   -1
 715     5.956     2.744     0.000  263   -1   -1   -1
 716     5.957    -5.282     0.000  680   -1   -1   -1
 717     5.982    -6.135     0.000  726   -1   -1   -1
 718     5.991    -4.321     0.000  623   -1   -1   -1
 719     5.992     0.235     0.000  398   -1   -1   -1
 720     6.015     4.654     0.000  174   -1   -1   -1
 721     6.019    -3.034     0.000  566   -1   -1   -1
 722     6.022    -5.425     0.000  688   -1   -1   -1
 723     6.034    -0.464     0.000  435   -1   -1   -1
 724     6.128     1.720     0.000  326   -1   -1   -1
 725     6.153    -6.608     0.000  760   -1   -1   -1
 726     6.170    -4.208     0.000  616   -1   -1   -1
 727     6.171     3.880     0.000  209   -1   -1   -1
 728     6.186     3.209     0.000  241   -1   -1   -1
 729     6.189     0.304     0.000  395   -1   -1   -1
 730     6.225    -6.467     0.000  749   -1   -1   -1
 731     6.253     7.276     0.000   52   -1   -1   -1
 732     6.264    -2.122     0.000  528   -1   -1   -1
 733     6.273    -2.917     0.000  557   -1   -1   -1
 734     6.285    -6.517     0.000  752   -1   -1   -1
 735     6.351     2.379     0.000  282   -1   -1   -1
 736     6.366    -4.255     0.000  620   -1   -1   -1
 737     6.381     7.029     0.000   65   -1   -1   -1
 738     6.431    -4.869     0.000  659   -1   -1   -1
 739     6.467    -5.940     0.000  715   -1   -1   -1
 740     6.471     4.121     0.000  196   -1   -1   -1
 741     6.482    -5.311     0.000  681   -1   -1   -1
 742     6.490     5.504     0.000  123   -1   -1   -1
 743     6.512     6.913     0.000   70   -1   -1   -1
 744     6.528     4.683     0.000  172   -1   -1   -1
 745     6.540    -1.288     0.000  487   -1   -1   -1
 746     6.561     0.216     0.000  399   -1   -1   -1
 747     6.561    -6.038     0.000  724   -1   -1   -1
 748     6.566     2.138     0.000  300   -1   -1   -1
 749     6.598    -0.569     0.000  444   -1   -1   -1
 750     6.602     2.891     0.000  258   -1   -1   -1
 751     6.608    -5.119     0.000  671   -1   -1   -1
 752     6.632    -5.316     0.000  682   -1   -1   -1
 753     6.646    -6.196     0.000  731   -1   -1   -1
 754     6.653     5.654     0.000  116   -1   -1   -1
 755     6.668    -5.490     0.000  691   -1   -1   -1
 756     6.698     6.599     0.000   82   -1   -1   -1
 757     6.701     0.452     0.000  385   -1   -1   -1
 758     6.716     3.203     0.000  242   -1   -1   -1
 759     6.718    -1.869     0.000  518   -1   -1   -1
 760     6.737     3.319     0.000  235   -1   -1   -1
 761     6.738     2.074     0.000  305   -1   -1   -1
 762     6.742    -6.029     0.000  723   -1   -1   -1
 763     6.766    -0.554     0.000  442   -1   -1   -1
 764     6.788    -0.757     0.000  457   -1   -1   -1
 765     6.833     5.238     0.000  143   -1   -1   -1
 766     6.839    -7.947     0.000  833   -1   -1   -1
 767     6.869     3.639     0.000  220   -1   -1   -1
 768     6.877    -4.911     0.000  662   -1   -1   -1
 769     6.890    -2.627     0.000  545   -1   -1   -1
 770     6.891    -0.896     0.000  466   -1   -1   -1
 771     6.904    -0.066     0.000  417   -1   -1   -1
 772     6.915     6.190     0.000   95   -1   -1   -1
 773     6.927    -0.671     0.000  450   -1   -1   -1
 774     6.949     0.450     0.000  387   -1   -1   -1
 775     6.966     2.108     0.000  303   -1   -1   -1
 776     6.975    -6.569     0.000  756   -1   -1   -1
 777     6.990    -5.771     0.000  703   -1   -1   -1
 778     6.991    -8.418     0.000  857   -1   -1   -1
 779     6.996     3.437     0.000  230   -1   -1   -1
 780     7.000     2.270     0.000  288   -1   -1   -1
 781     7.000     6.640     0.000   79   -1   -1   -1
 782     7.002     2.050     0.000  309   -1   -1   -1
 783     7.029     2.069     0.000  306   -1   -1   -1
 784     7.030    -5.971     0.000  719   -1   -1   -1
 785     7.031    -4.016     0.000  608   -1   -1   -1
 786     7.054    -8.313     0.000  850   -1   -1   -1
 787     7.124    -6.139     0.000  728   -1   -1   -1
 788     7.127     7.558     0.000   42   -1   -1   -1
 789     7.132    -3.158     0.000  575   -1   -1   -1
 790     7.159     6.553     0.000   85   -1   -1   -1
 791     7.184     0.213     0.000  400   -1   -1   -1
 792     7.187    -3.951     0.000  606   -1   -1   -1
 793     7.234     5.000     0.000  151   -1   -1   -1
 794     7.236    -4.380     0.000  629   -1   -1   -1
 795     7.239     4.386     0.000  184   -1   -1   -1
 796     7.263    -7.187     0.000  793   -1   -1   -1
 797     7.264     6.755     0.000   75   -1   -1   -1
 798     7.278     4.323     0.000  187   -1   -1   -1
 799     7.293     5.642     0.000  117   -1   -1   -1
 800     7.296    -0.133     0.000  421   -1   -1   -1
 801     7.345     3.561     0.000  225   -1   -1   -1
 802     7.363     5.574     0.000  122   -1   -1   -1
 803     7.397     2.083     0.000  304   -1   -1   -1
 804     7.425    -5.724     0.000  700   -1   -1   -1
 805     7.468     4.795     0.000  166   -1   -1   -1
 806     7.471     5.278     0.000  137   -1   -1   -1
 807     7.481     4.438     0.000  181   -1   -1   -1
 808     7.505    -2.887     0.000  555   -1   -1   -1
 809     7.508    -8.360     0.000  853   -1   -1   -1
 810     7.533    -1.530     0.000  503   -1   -1   -1
 811     7.558     1.264     0.000  350   -1   -1   -1
 812     7.584     4.769     0.000  167   -1   -1   -1
 813     7.593     1.765     0.000  325   -1   -1   -1
 814     7.615     2.295     0.000  286   -1   -1   -1
 815     7.689     7.756     0.000   33   -1   -1   -1
 816     7.691    -7.862     0.000  827   -1   -1   -1
 817     7.730    -2.970     0.000  559   -1   -1   -1
 818     7.748     8.267     0.000    8   -1   -1   -1
 819     7.811    -0.842     0.000  463   -1   -1   -1
 820     7.820     6.742     0.000   76   -1   -1   -1
 821     7.880    -4.985     0.000  665   -1   -1   -1
 822     7.974    -0.714     0.000  454   -1   -1   -1
 823     7.974    -6.764     0.000  769   -1   -1   -1
 824     7.974     7.163     0.000   58   -1   -1   -1
 825     7.977    -0.421     0.000  434   -1   -1   -1
 826     7.978    -6.842     0.000  774   -1   -1   -1
 827     7.992    -1.179     0.000  481   -1   -1   -1
 828     7.992    -5.614     0.000  694   -1   -1   -1
 829     8.005     1.037     0.000  361   -1   -1   -1
 830     8.050    -0.616     0.000  446   -1   -1   -1
 831     8.057     4.398     0.000  183   -1   -1   -1
 832     8.072     3.177     0.000  244   -1   -1   -1
 833     8.084     3.144     0.000  245   -1   -1   -1
 834     8.103    -4.752     0.000  653   -1   -1   -1
 835     8.110    -0.222     0.000  425   -1   -1   -1
 836     8.119    -4.515     0.000  635   -1   -1   -1
 837     8.156     2.517     0.000  275   -1   -1   -1
 838     8.162     4.626     0.000  175   -1   -1   -1
 839     8.167     3.248     0.000  239   -1   -1   -1
 840     8.181    -7.233     0.000  794   -1   -1   -1
 841     8.187    -6.293     0.000  736   -1   -1   -1
 842     8.195     6.218     0.000   94   -1   -1   -1
 843     8.202     4.807     0.000  165   -1   -1   -1
 844     8.235    -3.384     0.000  584   -1   -1   -1
 845     8.235    -6.017     0.000  722   -1   -1   -1
 846     8.240     7.274     0.000   53   -1   -1   -1
 847     8.276    -1.879     0.000  520   -1   -1   -1
 848     8.279    -7.319     0.000  799   -1   -1   -1
 849     8.310    -4.377     0.000  628   -1   -1   -1
 850     8.322     7.044     0.000   63   -1   -1   -1
 851     8.325     1.353     0.000  346   -1   -1   -1
 852     8.348     8.199     0.000   12   -1   -1   -1
 853     8.353     7.598     0.000   41   -1   -1   -1
 854     8.372    -8.202     0.000  844   -1   -1   -1
 855     8.376    -0.151     0.000  422   -1   -1   -1
 856     8.379     0.684     0.000  370   -1   -1   -1
 857     8.394    -4.621     0.000  645   -1   -1   -1
 858     8.411     1.109     0.000  356   -1   -1   -1
 859     8.417    -2.464     0.000  538   -1   -1   -1
