854
   1    -8.396     7.539     0.000   39   -1   -1   -1
   2    -8.379    -6.886     0.000  759   -1   -1   -1
   3    -8.358    -3.312     0.000  554   -1   -1   -1
   4    -8.328    -4.630     0.000  616   -1   -1   -1
   5    -8.283     0.545     0.000  377   -1   -1   -1
   6    -8.269     6.852     0.000   65   -1   -1   -1
   7    -8.244    -8.252     0.000  843   -1   -1   -1
   8    -8.227     4.229     0.000  188   -1   -1   -1
   9    -8.210    -7.935     0.000  821   -1   -1   -1
  10    -8.189     1.549     0.000  334   -1   -1   -1
  11    -8.166     4.424     0.000  180   -1   -1   -1
  12    -8.164    -3.042     0.000  542   -1   -1   -1
  13    -8.135     6.500     0.000   81   -1   -1   -1
  14    -8.103    -2.508     0.000  519   -1   -1   -1
  15    -8.102     2.623     0.000  272   -1   -1   -1
  16    -8.064     1.351     0.000  341   -1   -1   -1
  17    -8.037    -7.404     0.000  790   -1   -1   -1
  18    -8.030     2.239     0.000  294   -1   -1   -1
  19    -8.004    -6.251     0.000  724   -1   -1   -1
  20    -7.993     6.569     0.000   78   -1   -1   -1
  21    -7.969    -3.819     0.000  575   -1   -1   -1
  22    -7.936     5.665     0.000  116   -1   -1   -1
  23    -7.907    -0.955     0.000  459   -1   -1   -1
  24    -7.884     0.823     0.000  359   -1   -1   -1
  25    -7.878    -0.177     0.000  414   -1   -1   -1
  26    -7.877     2.324     0.000  291   -1   -1   -1
  27    -7.860    -6.119     0.000  707   -1   -1   -1
  28    -7.845     4.092     0.000  192   -1   -1   -1
  29    -7.821     7.183     0.000   53   -1   -1   -1
  30    -7.819     3.872     0.000  203   -1   -1   -1
  31    -7.802    -6.164     0.000  711   -1   -1   -1
  32    -7.802    -4.842     0.000  628   -1   -1   -1
  33    -7.793     4.996     0.000  149   -1   -1   -1
  34    -7.788     2.492     0.000  281   -1   -1   -1
  35    -7.768    -2.753     0.000  531   -1   -1   -1
  36    -7.762    -6.253     0.000  725   -1   -1   -1
  37    -7.759    -5.151     0.000  650   -1   -1   -1
  38    -7.756    -5.105     0.000  645   -1   -1   -1
  39    -7.747    -6.729     0.000  753   -1   -1   -1
  40    -7.746     1.979     0.000  314   -1   -1   -1
  41    -7.741     7.143     0.000   56   -1   -1   -1
  42    -7.741    -4.629     0.000  615   -1   -1   -1
  43    -7.738     5.238     0.000  136   -1   -1   -1
  44    -7.708    -0.684     0.000  440   -1   -1   -1
  45    -7.680     6.660     0.000   73   -1   -1   -1
  46    -7.584    -6.896     0.000  760   -1   -1   -1
  47    -7.532     8.231     0.000   10   -1   -1   -1
  48    -7.532     0.003     0.000  404   -1   -1   -1
  49    -7.521    -0.692     0.000  442   -1   -1   -1
  50    -7.510    -5.435     0.000  670   -1   -1   -1
  51    -7.491    -1.101     0.000  467   -1   -1   -1
  52    -7.471     7.995     0.000   21   -1   -1   -1
  53    -7.470     3.622     0.000  218   -1   -1   -1
  54    -7.402     3.856     0.000  206   -1   -1   -1
  55    -7.393    -1.435     0.000  480   -1   -1   -1
  56    -7.382     3.682     0.000  214   -1   -1   -1
  57    -7.358    -6.200     0.000  716   -1   -1   -1
  58    -7.344     2.316     0.000  292   -1   -1   -1
  59    -7.315    -5.403     0.000  666   -1   -1   -1
  60    -7.313    -5.088     0.000  643   -1   -1   -1
  61    -7.304     3.858     0.000  205   -1   -1   -1
  62    -7.297     5.397     0.000  130   -1   -1   -1
  63    -7.259    -8.384     0.000  851   -1   -1   -1
  64    -7.241     3.244     0.000  234   -1   -1   -1
  65    -7.239     6.143     0.000   97   -1   -1   -1
  66    -7.218    -7.966     0.000  822   -1   -1   -1
  67    -7.196    -7.543     0.000  797   -1   -1   -1
  68    -7.168     7.651     0.000   33   -1   -1   -1
  69    -7.161    -8.125     0.000  832   -1   -1   -1
  70    -7.151     6.087     0.000  100   -1   -1   -1
  71    -7.146    -7.752     0.000  810   -1   -1   -1
  72    -7.143     4.740     0.000  165   -1   -1   -1
  73    -7.139     4.044     0.000  194   -1   -1   -1
  74    -7.126     7.296     0.000   45   -1   -1   -1
  75    -7.123    -2.413     0.000  515   -1   -1   -1
  76    -7.106     7.457     0.000   40   -1   -1   -1
  77    -7.085     4.989     0.000  150   -1   -1   -1
  78    -7.038    -5.425     0.000  667   -1   -1   -1
  79    -7.012     0.024     0.000  403   -1   -1   -1
  80    -7.010     1.962     0.000  315   -1   -1   -1
  81    -6.998    -6.783     0.000  756   -1   -1   -1
  82    -6.985    -6.595     0.000  743   -1   -1   -1
  83    -6.970    -6.636     0.000  748   -1   -1   -1
  84    -6.970    -2.404     0.000  513   -1   -1   -1
  85    -6.969     4.335     0.000  185   -1   -1   -1
  86    -6.948     5.114     0.000  142   -1   -1   -1
  87    -6.911     5.416     0.000  129   -1   -1   -1
  88    -6.888    -0.831     0.000  451   -1   -1   -1
  89    -6.886     2.896     0.000  254   -1   -1   -1
  90    -6.872    -6.463     0.000  735   -1   -1   -1
  91    -6.856    -1.215     0.000  470   -1   -1   -1
  92    -6.835     7.551     0.000   37   -1   -1   -1
  93    -6.822    -7.513     0.000  796   -1   -1   -1
  94    -6.785     1.304     0.000  344   -1   -1   -1
  95    -6.785    -5.444     0.000  671   -1   -1   -1
  96    -6.754     2.411     0.000  284   -1   -1   -1
  97    -6.728     7.620     0.000   34   -1   -1   -1
  98    -6.719     3.564     0.000  220   -1   -1   -1
  99    -6.716    -0.883     0.000  454   -1   -1   -1
 100    -6.708    -0.240     0.000  420   -1   -1   -1
 101    -6.696    -3.042     0.000  543   -1   -1   -1
 102    -6.676     1.665     0.000  328   -1   -1   -1
 103    -6.674     1.351     0.000  342   -1   -1   -1
 104    -6.629     3.542     0.000  224   -1   -1   -1
 105    -6.626     2.374     0.000  286   -1   -1   -1
 106    -6.596     5.775     0.000  111   -1   -1   -1
 107    -6.579     6.976     0.000   61   -1   -1   -1
 108    -6.574    -4.358     0.000  601   -1   -1   -1
 109    -6.549    -6.365     0.000  732   -1   -1   -1
 110    -6.510    -6.250     0.000  723   -1   -1   -1
 111    -6.502     7.617     0.000   35   -1   -1   -1
 112    -6.498     3.058     0.000  243   -1   -1   -1
 113    -6.473    -4.778     0.000  625   -1   -1   -1
 114    -6.418     0.141     0.000  396   -1   -1   -1
 115    -6.378    -3.565     0.000  567   -1   -1   -1
 116    -6.360     4.876     0.000  155   -1   -1   -1
 117    -6.353    -7.874     0.000  816   -1   -1   -1
 118    -6.327    -0.496     0.000  428   -1   -1   -1
 119    -6.324     8.136     0.000   14   -1   -1   -1
 120    -6.285    -5.844     0.000  691   -1   -1   -1
 121    -6.275     0.096     0.000  398   -1   -1   -1
 122    -6.269    -5.007     0.000  638   -1   -1   -1
 123    -6.262     0.332     0.000  385   -1   -1   -1
 124    -6.236    -1.663     0.000  489   -1   -1   -1
 125    -6.224     0.984     0.000  355   -1   -1   -1
 126    -6.198     2.495     0.000  280   -1   -1   -1
 127    -6.168     4.876     0.000  154   -1   -1   -1
 128    -6.160     3.369     0.000  229   -1   -1   -1
 129    -6.158    -5.264     0.000  657   -1   -1   -1
 130    -6.151     2.733     0.000  264   -1   -1   -1
 131    -6.140    -7.654     0.000  805   -1   -1   -1
 132    -6.098     7.352     0.000   44   -1   -1   -1
 133    -6.098     1.237     0.000  348   -1   -1   -1
 134    -6.091    -7.146     0.000  773   -1   -1   -1
 135    -6.069     6.278     0.000   89   -1   -1   -1
 136    -6.063    -1.082     0.000  465   -1   -1   -1
 137    -6.042     3.702     0.000  213   -1   -1   -1
 138    -6.009    -7.734     0.000  809   -1   -1   -1
 139    -6.006     7.845     0.000   27   -1   -1   -1
 140    -5.973     2.487     0.000  282   -1   -1   -1
 141    -5.957     3.079     0.000  242   -1   -1   -1
 142    -5.950     6.809     0.000   67   -1   -1   -1
 143    -5.944    -0.467     0.000  425   -1   -1   -1
 144    -5.940    -6.353     0.000  729   -1   -1   -1
 145    -5.913    -7.360     0.000  788   -1   -1   -1
 146    -5.905     4.860     0.000  156   -1   -1   -1
 147    -5.886    -5.885     0.000  694   -1   -1   -1
 148    -5.870    -6.138     0.000  709   -1   -1   -1
 149    -5.863    -0.035     0.000  406   -1   -1   -1
 150    -5.855    -7.369     0.000  789   -1   -1   -1
 151    -5.827     4.699     0.000  167   -1   -1   -1
 152    -5.824    -1.660     0.000  488   -1   -1   -1
 153    -5.817     0.608     0.000  372   -1   -1   -1
 154    -5.808    -1.904     0.000  501   -1   -1   -1
 155    -5.797    -7.879     0.000  817   -1   -1   -1
 156    -5.773    -4.585     0.000  612   -1   -1   -1
 157    -5.760    -5.856     0.000  692   -1   -1   -1
 158    -5.701    -4.134     0.000  587   -1   -1   -1
 159    -5.697     7.404     0.000   43   -1   -1   -1
 160    -5.676     1.909     0.000  317   -1   -1   -1
 161    -5.658     5.747     0.000  112   -1   -1   -1
 162    -5.638     0.739     0.000  364   -1   -1   -1
 163    -5.598    -0.890     0.000  455   -1   -1   -1
 164    -5.592     7.239     0.000   51   -1   -1   -1
 165    -5.590    -1.776     0.000  494   -1   -1   -1
 166    -5.574    -2.477     0.000  518   -1   -1   -1
 167    -5.561     0.276     0.000  389   -1   -1   -1
 168    -5.560     6.035     0.000  105   -1   -1   -1
 169    -5.525     2.667     0.000  268   -1   -1   -1
 170    -5.514    -3.114     0.000  548   -1   -1   -1
 171    -5.511    -4.952     0.000  636   -1   -1   -1
 172    -5.472    -0.685     0.000  441   -1   -1   -1
 173    -5.469    -7.643     0.000  804   -1   -1   -1
 174    -5.461     4.800     0.000  160   -1   -1   -1
 175    -5.437     5.228     0.000  139   -1   -1   -1
 176    -5.428    -1.349     0.000  476   -1   -1   -1
 177    -5.412    -6.232     0.000  722   -1   -1   -1
 178    -5.386    -6.024     0.000  701   -1   -1   -1
 179    -5.385    -8.199     0.000  835   -1   -1   -1
 180    -5.336    -0.608     0.000  434   -1   -1   -1
 181    -5.329     3.814     0.000  210   -1   -1   -1
 182    -5.315    -3.052     0.000  545   -1   -1   -1
 183    -5.277    -2.449     0.000  517   -1   -1   -1
 184    -5.270     2.063     0.000  306   -1   -1   -1
 185    -5.245    -3.794     0.000  573   -1   -1   -1
 186    -5.209    -1.629     0.000  485   -1   -1   -1
 187    -5.180    -4.686     0.000  619   -1   -1   -1
 188    -5.131    -6.679     0.000  750   -1   -1   -1
 189    -5.103    -3.904     0.000  579   -1   -1   -1
 190    -5.095    -4.799     0.000  626   -1   -1   -1
 191    -5.090    -5.150     0.000  649   -1   -1   -1
 192    -5.066    -1.700     0.000  490   -1   -1   -1
 193    -5.057     7.280     0.000   46   -1   -1   -1
 194    -5.042    -0.027     0.000  405   -1   -1   -1
 195    -5.035     1.561     0.000  333   -1   -1   -1
 196    -5.032    -7.915     0.000  820   -1   -1   -1
 197    -5.017     0.529     0.000  379   -1   -1   -1
 198    -5.013    -8.279     0.000  847   -1   -1   -1
 199    -4.988    -8.321     0.000  849   -1   -1   -1
 200    -4.977     5.118     0.000  141   -1   -1   -1
 201    -4.964    -3.402     0.000  559   -1   -1   -1
 202    -4.959     3.930     0.000  199   -1   -1   -1
 203    -4.955    -0.330     0.000  421   -1   -1   -1
 204    -4.945     3.739     0.000  212   -1   -1   -1
 205    -4.903     8.386     0.000    0   -1   -1   -1
 206    -4.893     0.831     0.000  358   -1   -1   -1
 207    -4.891    -1.343     0.000  475   -1   -1   -1
 208    -4.888     8.221     0.000   11   -1   -1   -1
 209    -4.887    -4.350     0.000  599   -1   -1   -1
 210    -4.866     0.674     0.000  368   -1   -1   -1
 211    -4.863    -3.203     0.000  551   -1   -1   -1
 212    -4.859    -1.402     0.000  478   -1   -1   -1
 213    -4.841    -5.803     0.000  690   -1   -1   -1
 214    -4.834     3.828     0.000  209   -1   -1   -1
 215    -4.825     1.633     0.000  330   -1   -1   -1
 216    -4.803     0.070     0.000  400   -1   -1   -1
 217    -4.775     0.402     0.000  383   -1   -1   -1
 218    -4.773    -4.319     0.000  595   -1   -1   -1
 219    -4.736    -5.058     0.000  641   -1   -1   -1
 220    -4.706     4.512     0.000  177   -1   -1   -1
 221    -4.703     2.674     0.000  267   -1   -1   -1
 222    -4.653     2.649     0.000  270   -1   -1   -1
 223    -4.652     5.786     0.000  110   -1   -1   -1
 224    -4.652     3.562     0.000  221   -1   -1   -1
 225    -4.642     2.190     0.000  296   -1   -1   -1
 226    -4.630     3.392     0.000  228   -1   -1   -1
 227    -4.616    -6.948     0.000  764   -1   -1   -1
 228    -4.615    -5.197     0.000  654   -1   -1   -1
 229    -4.596    -4.871     0.000  632   -1   -1   -1
 230    -4.568     2.525     0.000  278   -1   -1   -1
 231    -4.561    -1.239     0.000  471   -1   -1   -1
 232    -4.558    -6.636     0.000  747   -1   -1   -1
 233    -4.541    -8.215     0.000  838   -1   -1   -1
 234    -4.501     2.167     0.000  299   -1   -1   -1
 235    -4.489     0.612     0.000  370   -1   -1   -1
 236    -4.457    -6.231     0.000  720   -1   -1   -1
 237    -4.442    -6.095     0.000  706   -1   -1   -1
 238    -4.430    -6.854     0.000  757   -1   -1   -1
 239    -4.410    -2.886     0.000  536   -1   -1   -1
 240    -4.367     3.497     0.000  225   -1   -1   -1
 241    -4.333    -4.459     0.000  608   -1   -1   -1
 242    -4.320    -4.848     0.000  630   -1   -1   -1
 243    -4.315     7.410     0.000   41   -1   -1   -1
 244    -4.305     1.034     0.000  353   -1   -1   -1
 245    -4.283     1.147     0.000  349   -1   -1   -1
 246    -4.274    -4.494     0.000  609   -1   -1   -1
 247    -4.260     0.609     0.000  371   -1   -1   -1
 248    -4.247    -4.276     0.000  594   -1   -1   -1
 249    -4.135    -1.306     0.000  472   -1   -1   -1
 250    -4.133     3.341     0.000  230   -1   -1   -1
 251    -4.107    -2.585     0.000  521   -1   -1   -1
 252    -4.092     2.602     0.000  274   -1   -1   -1
 253    -4.073    -6.609     0.000  744   -1   -1   -1
 254    -4.063     5.736     0.000  114   -1   -1   -1
 255    -4.042     1.608     0.000  331   -1   -1   -1
 256    -4.033     2.055     0.000  308   -1   -1   -1
 257    -3.992    -6.273     0.000  726   -1   -1   -1
 258    -3.962     4.152     0.000  190   -1   -1   -1
 259    -3.942     5.210     0.000  140   -1   -1   -1
 260    -3.938     5.344     0.000  131   -1   -1   -1
 261    -3.916    -8.206     0.000  836   -1   -1   -1
 262    -3.913    -7.446     0.000  792   -1   -1   -1
 263    -3.877     2.874     0.000  257   -1   -1   -1
 264    -3.844    -4.724     0.000  622   -1   -1   -1
 265    -3.836     4.338     0.000  184   -1   -1   -1
 266    -3.831    -8.248     0.000  841   -1   -1   -1
 267    -3.820    -6.358     0.000  730   -1   -1   -1
 268    -3.809     2.172     0.000  298   -1   -1   -1
 269    -3.775    -7.624     0.000  800   -1   -1   -1
 270    -3.761     8.278     0.000    7   -1   -1   -1
 271    -3.729     0.456     0.000  380   -1   -1   -1
 272    -3.713    -2.184     0.000  507   -1   -1   -1
 273    -3.700    -7.353     0.000  787   -1   -1   -1
 274    -3.677    -0.201     0.000  418   -1   -1   -1
 275    -3.672    -1.361     0.000  477   -1   -1   -1
 276    -3.666     7.829     0.000   28   -1   -1   -1
 277    -3.652    -3.746     0.000  572   -1   -1   -1
 278    -3.590    -4.660     0.000  618   -1   -1   -1
 279    -3.581    -4.418     0.000  604   -1   -1   -1
 280    -3.557     0.746     0.000  363   -1   -1   -1
 281    -3.520     8.176     0.000   13   -1   -1   -1
 282    -3.490     6.381     0.000   84   -1   -1   -1
 283    -3.486     2.962     0.000  250   -1   -1   -1
 284    -3.424    -7.508     0.000  795   -1   -1   -1
 285    -3.396     7.858     0.000   26   -1   -1   -1
 286    -3.391     0.062     0.000  401   -1   -1   -1
 287    -3.384    -2.684     0.000  526   -1   -1   -1
 288    -3.376     5.498     0.000  126   -1   -1   -1
 289    -3.354     0.767     0.000  361   -1   -1   -1
 290    -3.342    -6.233     0.000  721   -1   -1   -1
 291    -3.330     3.963     0.000  195   -1   -1   -1
 292    -3.329    -0.055     0.000  408   -1   -1   -1
 293    -3.321     0.144     0.000  395   -1   -1   -1
 294    -3.312     5.454     0.000  128   -1   -1   -1
 295    -3.307     2.581     0.000  277   -1   -1   -1
 296    -3.290     6.243     0.000   91   -1   -1   -1
 297    -3.281     4.514     0.000  176   -1   -1   -1
 298    -3.204     2.433     0.000  283   -1   -1   -1
 299    -3.198    -2.826     0.000  533   -1   -1   -1
 300    -3.166    -6.218     0.000  718   -1   -1   -1
 301    -3.152    -7.893     0.000  818   -1   -1   -1
 302    -3.137    -7.854     0.000  814   -1   -1   -1
 303    -3.117     1.886     0.000  320   -1   -1   -1
 304    -3.100     3.857     0.000  207   -1   -1   -1
 305    -3.093     2.354     0.000  288   -1   -1   -1
 306    -3.092     4.801     0.000  159   -1   -1   -1
 307    -3.083    -2.739     0.000  529   -1   -1   -1
 308    -3.065    -4.613     0.000  613   -1   -1   -1
 309    -3.063     3.037     0.000  246   -1   -1   -1
 310    -3.057     7.974     0.000   22   -1   -1   -1
 311    -3.026    -0.576     0.000  432   -1   -1   -1
 312    -3.015    -3.464     0.000  563   -1   -1   -1
 313    -2.992     4.531     0.000  174   -1   -1   -1
 314    -2.914    -0.377     0.000  422   -1   -1   -1
 315    -2.897    -5.866     0.000  693   -1   -1   -1
 316    -2.889    -6.570     0.000  741   -1   -1   -1
 317    -2.849    -2.870     0.000  535   -1   -1   -1
 318    -2.817    -0.529     0.000  429   -1   -1   -1
 319    -2.817    -3.342     0.000  556   -1   -1   -1
 320    -2.802     7.165     0.000   54   -1   -1   -1
 321    -2.793     7.891     0.000   24   -1   -1   -1
 322    -2.777     8.315     0.000    4   -1   -1   -1
 323    -2.765    -8.186     0.000  834   -1   -1   -1
 324    -2.711     5.628     0.000  120   -1   -1   -1
 325    -2.690    -6.374     0.000  733   -1   -1   -1
 326    -2.689     3.440     0.000  226   -1   -1   -1
 327    -2.639     6.657     0.000   74   -1   -1   -1
 328    -2.639    -8.260     0.000  844   -1   -1   -1
 329    -2.630     8.309     0.000    5   -1   -1   -1
 330    -2.628     1.902     0.000  318   -1   -1   -1
 331    -2.627    -5.051     0.000  640   -1   -1   -1
 332    -2.573     8.092     0.000   17   -1   -1   -1
 333    -2.557    -4.744     0.000  623   -1   -1   -1
 334    -2.543     0.151     0.000  394   -1   -1   -1
 335    -2.528    -7.813     0.000  812   -1   -1   -1
 336    -2.497     1.717     0.000  326   -1   -1   -1
 337    -2.497     7.802     0.000   29   -1   -1   -1
 338    -2.461    -3.807     0.000  574   -1   -1   -1
 339    -2.419    -7.063     0.000  768   -1   -1   -1
 340    -2.394     0.922     0.000  356   -1   -1   -1
 341    -2.382    -1.207     0.000  469   -1   -1   -1
 342    -2.347     2.649     0.000  271   -1   -1   -1
 343    -2.343     0.555     0.000  375   -1   -1   -1
 344    -2.314    -5.425     0.000  668   -1   -1   -1
 345    -2.297     0.690     0.000  365   -1   -1   -1
 346    -2.281    -3.669     0.000  569   -1   -1   -1
 347    -2.271     1.119     0.000  350   -1   -1   -1
 348    -2.248    -3.508     0.000  565   -1   -1   -1
 349    -2.231     5.556     0.000  123   -1   -1   -1
 350    -2.223    -7.668     0.000  806   -1   -1   -1
 351    -2.211    -4.844     0.000  629   -1   -1   -1
 352    -2.204    -2.623     0.000  523   -1   -1   -1
 353    -2.144     4.794     0.000  162   -1   -1   -1
 354    -2.139     6.378     0.000   86   -1   -1   -1
 355    -2.124    -2.408     0.000  514   -1   -1   -1
 356    -2.117    -2.589     0.000  522   -1   -1   -1
 357    -2.033     6.077     0.000  101   -1   -1   -1
 358    -1.994     5.894     0.000  106   -1   -1   -1
 359    -1.944     1.355     0.000  340   -1   -1   -1
 360    -1.931    -7.181     0.000  776   -1   -1   -1
 361    -1.870     0.332     0.000  386   -1   -1   -1
 362    -1.865    -6.975     0.000  767   -1   -1   -1
 363    -1.837     6.726     0.000   72   -1   -1   -1
 364    -1.814    -5.304     0.000  659   -1   -1   -1
 365    -1.790     6.228     0.000   92   -1   -1   -1
 366    -1.760     3.893     0.000  201   -1   -1   -1
 367    -1.718     2.975     0.000  249   -1   -1   -1
 368    -1.704     6.118     0.000   99   -1   -1   -1
 369    -1.702     2.140     0.000  300   -1   -1   -1
 370    -1.701    -6.511     0.000  739   -1   -1   -1
 371    -1.615    -3.250     0.000  553   -1   -1   -1
 372    -1.603    -4.238     0.000  591   -1   -1   -1
 373    -1.587    -3.621     0.000  568   -1   -1   -1
 374    -1.581     1.266     0.000  347   -1   -1   -1
 375    -1.573    -2.242     0.000  510   -1   -1   -1
 376    -1.532     1.899     0.000  319   -1   -1   -1
 377    -1.505    -0.676     0.000  437   -1   -1   -1
 378    -1.489     1.486     0.000  337   -1   -1   -1
 379    -1.299    -5.549     0.000  675   -1   -1   -1
 380    -1.222    -5.311     0.000  661   -1   -1   -1
 381    -1.217    -2.157     0.000  506   -1   -1   -1
 382    -1.200    -7.099     0.000  772   -1   -1   -1
 383    -1.200    -2.548     0.000  520   -1   -1   -1
 384    -1.077     2.911     0.000  252   -1   -1   -1
 385    -1.005     3.310     0.000  232   -1   -1   -1
 386    -0.890    -1.462     0.000  482   -1   -1   -1
 387    -0.846     6.174     0.000   95   -1   -1   -1
 388    -0.814    -8.102     0.000  830   -1   -1   -1
 389    -0.760    -2.364     0.000  512   -1   -1   -1
 390    -0.759    -3.209     0.000  552   -1   -1   -1
 391    -0.740    -4.711     0.000  620   -1   -1   -1
 392    -0.720    -6.938     0.000  763   -1   -1   -1
 393    -0.713    -0.843     0.000  452   -1   -1   -1
 394    -0.712    -4.324     0.000  596   -1   -1   -1
 395    -0.704     6.759     0.000   69   -1   -1   -1
 396    -0.619    -1.642     0.000  487   -1   -1   -1
 397    -0.587    -4.816     0.000  627   -1   -1   -1
 398    -0.565    -6.007     0.000  699   -1   -1   -1
 399    -0.424    -3.726     0.000  571   -1   -1   -1
 400    -0.377    -7.342     0.000  781   -1   -1   -1
 401    -0.350    -6.783     0.000  755   -1   -1   -1
 402    -0.304    -8.016     0.000  825   -1   -1   -1
 403    -0.275    -7.767     0.000  811   -1   -1   -1
 404    -0.215    -2.866     0.000  534   -1   -1   -1
 405    -0.171     3.203     0.000  236   -1   -1   -1
 406    -0.166    -7.869     0.000  815   -1   -1   -1
 407    -0.112     3.677     0.000  216   -1   -1   -1
 408    -0.110     8.294     0.000    6   -1   -1   -1
 409    -0.045    -0.750     0.000  448   -1   -1   -1
 410    -0.021    -5.595     0.000  678   -1   -1   -1
 411    -0.010     1.278     0.000  345   -1   -1   -1
 412     0.071    -5.623     0.000  680   -1   -1   -1
 413     0.120     1.491     0.000  336   -1   -1   -1
 414     0.163     4.160     0.000  189   -1   -1   -1
 415     0.217    -7.625     0.000  801   -1   -1   -1
 416     0.272    -5.097     0.000  644   -1   -1   -1
 417     0.556    -5.017     0.000  639   -1   -1   -1
 418     0.603     5.476     0.000  127   -1   -1   -1
 419     0.648    -1.875     0.000  496   -1   -1   -1
 420     0.664    -6.063     0.000  705   -1   -1   -1
 421     0.697     2.905     0.000  253   -1   -1   -1
 422     0.701    -6.010     0.000  700   -1   -1   -1
 423     0.721    -2.284     0.000  511   -1   -1   -1
 424     0.733    -1.092     0.000  466   -1   -1   -1
 425     0.769    -4.425     0.000  606   -1   -1   -1
 426     0.808     3.092     0.000  240   -1   -1   -1
 427     0.899    -8.105     0.000  831   -1   -1   -1
 428     1.012     0.354     0.000  384   -1   -1   -1
 429     1.028    -1.642     0.000  486   -1   -1   -1
 430     1.029    -4.721     0.000  621   -1   -1   -1
 431     1.038     5.711     0.000  115   -1   -1   -1
 432     1.049    -2.775     0.000  532   -1   -1   -1
 433     1.050    -5.256     0.000  656   -1   -1   -1
 434     1.070    -6.624     0.000  745   -1   -1   -1
 435     1.095     2.732     0.000  265   -1   -1   -1
 436     1.114    -7.167     0.000  774   -1   -1   -1
 437     1.154     5.553     0.000  124   -1   -1   -1
 438     1.173     2.623     0.000  273   -1   -1   -1
 439     1.239    -4.112     0.000  586   -1   -1   -1
 440     1.251    -6.958     0.000  766   -1   -1   -1
 441     1.265     3.790     0.000  211   -1   -1   -1
 442     1.270     6.267     0.000   90   -1   -1   -1
 443     1.286    -0.415     0.000  423   -1   -1   -1
 444     1.290     0.231     0.000  391   -1   -1   -1
 445     1.307    -8.215     0.000  837   -1   -1   -1
 446     1.322    -2.745     0.000  530   -1   -1   -1
 447     1.328    -3.833     0.000  576   -1   -1   -1
 448     1.341    -5.989     0.000  698   -1   -1   -1
 449     1.343    -4.623     0.000  614   -1   -1   -1
 450     1.353     7.241     0.000   50   -1   -1   -1
 451     1.354    -0.742     0.000  446   -1   -1   -1
 452     1.446     2.896     0.000  255   -1   -1   -1
 453     1.492     3.898     0.000  200   -1   -1   -1
 454     1.510     3.679     0.000  215   -1   -1   -1
 455     1.511     6.379     0.000   85   -1   -1   -1
 456     1.551    -3.362     0.000  557   -1   -1   -1
 457     1.571    -4.351     0.000  600   -1   -1   -1
 458     1.599     2.331     0.000  290   -1   -1   -1
 459     1.608    -5.169     0.000  651   -1   -1   -1
 460     1.661    -6.198     0.000  715   -1   -1   -1
 461     1.710    -1.847     0.000  495   -1   -1   -1
 462     1.711    -6.175     0.000  712   -1   -1   -1
 463     1.736     0.199     0.000  393   -1   -1   -1
 464     1.738    -7.322     0.000  780   -1   -1   -1
 465     1.741    -5.189     0.000  653   -1   -1   -1
 466     1.750    -0.192     0.000  417   -1   -1   -1
 467     1.763     4.945     0.000  151   -1   -1   -1
 468     1.782     8.379     0.000    1   -1   -1   -1
 469     1.798     0.529     0.000  378   -1   -1   -1
 470     1.832    -4.656     0.000  617   -1   -1   -1
 471     1.847     3.047     0.000  244   -1   -1   -1
 472     1.863     5.663     0.000  117   -1   -1   -1
 473     1.869    -5.316     0.000  664   -1   -1   -1
 474     1.892    -3.341     0.000  555   -1   -1   -1
 475     1.942     2.100     0.000  302   -1   -1   -1
 476     1.942     0.303     0.000  387   -1   -1   -1
 477     1.958     3.556     0.000  222   -1   -1   -1
 478     1.966    -1.423     0.000  479   -1   -1   -1
 479     1.987    -6.956     0.000  765   -1   -1   -1
 480     1.989     3.856     0.000  208   -1   -1   -1
 481     1.997     4.374     0.000  183   -1   -1   -1
 482     2.002     6.291     0.000   88   -1   -1   -1
 483     2.012     0.272     0.000  390   -1   -1   -1
 484     2.021     6.170     0.000   96   -1   -1   -1
 485     2.032    -5.312     0.000  662   -1   -1   -1
 486     2.032     2.758     0.000  263   -1   -1   -1
 487     2.038    -7.708     0.000  807   -1   -1   -1
 488     2.047     3.953     0.000  196   -1   -1   -1
 489     2.095    -1.886     0.000  498   -1   -1   -1
 490     2.098     6.047     0.000  103   -1   -1   -1
 491     2.107     7.880     0.000   25   -1   -1   -1
 492     2.110     7.276     0.000   48   -1   -1   -1
 493     2.113     0.767     0.000  360   -1   -1   -1
 494     2.118    -0.813     0.000  450   -1   -1   -1
 495     2.123    -1.439     0.000  481   -1   -1   -1
 496     2.148    -7.168     0.000  775   -1   -1   -1
 497     2.161     5.740     0.000  113   -1   -1   -1
 498     2.167    -0.611     0.000  435   -1   -1   -1
 499     2.216     4.240     0.000  187   -1   -1   -1
 500     2.256    -8.045     0.000  828   -1   -1   -1
 501     2.284    -0.969     0.000  460   -1   -1   -1
 502     2.303    -3.492     0.000  564   -1   -1   -1
 503     2.311     5.074     0.000  144   -1   -1   -1
 504     2.313    -5.577     0.000  677   -1   -1   -1
 505     2.316    -2.055     0.000  504   -1   -1   -1
 506     2.321     5.821     0.000  108   -1   -1   -1
 507     2.400     5.565     0.000  121   -1   -1   -1
 508     2.437     0.565     0.000  373   -1   -1   -1
 509     2.439    -3.509     0.000  566   -1   -1   -1
 510     2.460    -3.953     0.000  580   -1   -1   -1
 511     2.471    -7.209     0.000  778   -1   -1   -1
 512     2.485     3.936     0.000  197   -1   -1   -1
 513     2.509    -2.052     0.000  503   -1   -1   -1
 514     2.544    -3.409     0.000  560   -1   -1   -1
 515     2.549    -5.345     0.000  665   -1   -1   -1
 516     2.569     3.875     0.000  202   -1   -1   -1
 517     2.579     2.790     0.000  262   -1   -1   -1
 518     2.594     6.781     0.000   68   -1   -1   -1
 519     2.660    -7.078     0.000  770   -1   -1   -1
 520     2.696     7.408     0.000   42   -1   -1   -1
 521     2.751    -8.250     0.000  842   -1   -1   -1
 522     2.822    -0.087     0.000  411   -1   -1   -1
 523     2.833    -1.072     0.000  463   -1   -1   -1
 524     2.864    -6.710     0.000  752   -1   -1   -1
 525     2.865    -6.221     0.000  719   -1   -1   -1
 526     2.880     5.009     0.000  147   -1   -1   -1
 527     2.888    -1.703     0.000  491   -1   -1   -1
 528     2.892     4.528     0.000  175   -1   -1   -1
 529     2.938     7.114     0.000   57   -1   -1   -1
 530     2.955    -2.686     0.000  527   -1   -1   -1
 531     2.998    -7.434     0.000  791   -1   -1   -1
 532     3.009     5.560     0.000  122   -1   -1   -1
 533     3.079     2.855     0.000  259   -1   -1   -1
 534     3.111     6.128     0.000   98   -1   -1   -1
 535     3.136    -7.344     0.000  783   -1   -1   -1
 536     3.164     6.053     0.000  102   -1   -1   -1
 537     3.181    -7.489     0.000  793   -1   -1   -1
 538     3.203     8.253     0.000    9   -1   -1   -1
 539     3.220    -3.954     0.000  581   -1   -1   -1
 540     3.222    -0.725     0.000  444   -1   -1   -1
 541     3.232     0.913     0.000  357   -1   -1   -1
 542     3.294    -4.157     0.000  589   -1   -1   -1
 543     3.298    -5.566     0.000  676   -1   -1   -1
 544     3.302     2.987     0.000  248   -1   -1   -1
 545     3.347     2.867     0.000  258   -1   -1   -1
 546     3.377    -2.217     0.000  509   -1   -1   -1
 547     3.393     6.641     0.000   75   -1   -1   -1
 548     3.418    -0.943     0.000  458   -1   -1   -1
 549     3.463    -6.286     0.000  727   -1   -1   -1
 550     3.473     5.854     0.000  107   -1   -1   -1
 551     3.477    -5.669     0.000  682   -1   -1   -1
 552     3.519     5.287     0.000  132   -1   -1   -1
 553     3.524    -0.491     0.000  427   -1   -1   -1
 554     3.591    -3.170     0.000  549   -1   -1   -1
 555     3.596    -7.067     0.000  769   -1   -1   -1
 556     3.600    -0.050     0.000  407   -1   -1   -1
 557     3.606    -6.177     0.000  713   -1   -1   -1
 558     3.612     5.028     0.000  146   -1   -1   -1
 559     3.614     2.583     0.000  276   -1   -1   -1
 560     3.636    -5.490     0.000  673   -1   -1   -1
 561     3.637    -3.862     0.000  578   -1   -1   -1
 562     3.650    -2.211     0.000  508   -1   -1   -1
 563     3.657     1.960     0.000  316   -1   -1   -1
 564     3.672     7.906     0.000   23   -1   -1   -1
 565     3.673     4.049     0.000  193   -1   -1   -1
 566     3.699    -1.889     0.000  499   -1   -1   -1
 567     3.707    -2.699     0.000  528   -1   -1   -1
 568     3.729    -1.073     0.000  464   -1   -1   -1
 569     3.750    -0.585     0.000  433   -1   -1   -1
 570     3.760     7.709     0.000   32   -1   -1   -1
 571     3.788    -7.642     0.000  803   -1   -1   -1
 572     3.806    -0.728     0.000  445   -1   -1   -1
 573     3.810    -6.185     0.000  714   -1   -1   -1
 574     3.827     4.934     0.000  152   -1   -1   -1
 575     3.839     5.252     0.000  135   -1   -1   -1
 576     3.850    -1.308     0.000  474   -1   -1   -1
 577     3.869    -2.630     0.000  524   -1   -1   -1
 578     3.888    -0.066     0.000  409   -1   -1   -1
 579     3.903    -7.491     0.000  794   -1   -1   -1
 580     3.934    -5.596     0.000  679   -1   -1   -1
 581     3.935     2.353     0.000  289   -1   -1   -1
 582     3.955    -7.626     0.000  802   -1   -1   -1
 583     3.956     2.944     0.000  251   -1   -1   -1
 584     3.959     4.118     0.000  191   -1   -1   -1
 585     3.987    -7.343     0.000  782   -1   -1   -1
 586     3.991    -5.142     0.000  647   -1   -1   -1
 587     3.993     0.648     0.000  369   -1   -1   -1
 588     4.000     3.089     0.000  241   -1   -1   -1
 589     4.011     8.105     0.000   16   -1   -1   -1
 590     4.019    -0.191     0.000  416   -1   -1   -1
 591     4.022    -7.714     0.000  808   -1   -1   -1
 592     4.028    -8.225     0.000  839   -1   -1   -1
 593     4.043     4.917     0.000  153   -1   -1   -1
 594     4.100    -4.250     0.000  592   -1   -1   -1
 595     4.101    -6.473     0.000  736   -1   -1   -1
 596     4.109    -8.028     0.000  826   -1   -1   -1
 597     4.131    -6.687     0.000  751   -1   -1   -1
 598     4.151    -1.037     0.000  462   -1   -1   -1
 599     4.222    -4.420     0.000  605   -1   -1   -1
 600     4.234     2.216     0.000  295   -1   -1   -1
 601     4.246     4.716     0.000  166   -1   -1   -1
 602     4.257    -5.761     0.000  685   -1   -1   -1
 603     4.261    -4.029     0.000  585   -1   -1   -1
 604     4.286    -5.916     0.000  695   -1   -1   -1
 605     4.288    -2.005     0.000  502   -1   -1   -1
 606     4.313     8.338     0.000    2   -1   -1   -1
 607     4.353    -1.749     0.000  493   -1   -1   -1
 608     4.359     2.182     0.000  297   -1   -1   -1
 609     4.414    -1.549     0.000  484   -1   -1   -1
 610     4.419     7.800     0.000   30   -1   -1   -1
 611     4.423     4.649     0.000  169   -1   -1   -1
 612     4.443    -6.921     0.000  762   -1   -1   -1
 613     4.454     2.995     0.000  247   -1   -1   -1
 614     4.468     0.746     0.000  362   -1   -1   -1
 615     4.472     8.018     0.000   19   -1   -1   -1
 616     4.474    -0.914     0.000  457   -1   -1   -1
 617     4.493     4.815     0.000  157   -1   -1   -1
 618     4.502     6.364     0.000   87   -1   -1   -1
 619     4.504     0.056     0.000  402   -1   -1   -1
 620     4.509    -4.427     0.000  607   -1   -1   -1
 621     4.534    -4.940     0.000  635   -1   -1   -1
 622     4.550     8.006     0.000   20   -1   -1   -1
 623     4.554     0.548     0.000  376   -1   -1   -1
 624     4.577     6.427     0.000   83   -1   -1   -1
 625     4.592     2.652     0.000  269   -1   -1   -1
 626     4.613     1.884     0.000  321   -1   -1   -1
 627     4.615     3.322     0.000  231   -1   -1   -1
 628     4.617     0.071     0.000  399   -1   -1   -1
 629     4.625    -3.066     0.000  547   -1   -1   -1
 630     4.634    -7.182     0.000  777   -1   -1   -1
 631     4.641     2.593     0.000  275   -1   -1   -1
 632     4.649     2.825     0.000  260   -1   -1   -1
 633     4.663     0.561     0.000  374   -1   -1   -1
 634     4.699    -5.176     0.000  652   -1   -1   -1
 635     4.707    -3.719     0.000  570   -1   -1   -1
 636     4.719    -6.904     0.000  761   -1   -1   -1
 637     4.765     3.042     0.000  245   -1   -1   -1
 638     4.772     8.332     0.000    3   -1   -1   -1
 639     4.781    -2.640     0.000  525   -1   -1   -1
 640     4.794    -7.352     0.000  786   -1   -1   -1
 641     4.858     1.115     0.000  351   -1   -1   -1
 642     4.922     5.110     0.000  143   -1   -1   -1
 643     4.928    -3.417     0.000  561   -1   -1   -1
 644     4.929     3.593     0.000  219   -1   -1   -1
 645     4.932     5.232     0.000  138   -1   -1   -1
 646     4.939    -8.261     0.000  845   -1   -1   -1
 647     4.965    -5.206     0.000  655   -1   -1   -1
 648     4.978     1.512     0.000  335   -1   -1   -1
 649     4.980    -4.494     0.000  610   -1   -1   -1
 650     4.997    -4.868     0.000  631   -1   -1   -1
 651     5.031    -8.435     0.000  853   -1   -1   -1
 652     5.040     8.118     0.000   15   -1   -1   -1
 653     5.041     8.075     0.000   18   -1   -1   -1
 654     5.062    -5.744     0.000  684   -1   -1   -1
 655     5.067    -3.969     0.000  583   -1   -1   -1
 656     5.086     7.203     0.000   52   -1   -1   -1
 657     5.087     2.009     0.000  311   -1   -1   -1
 658     5.088    -6.492     0.000  738   -1   -1   -1
 659     5.095     6.925     0.000   63   -1   -1   -1
 660     5.157    -5.791     0.000  688   -1   -1   -1
 661     5.203     6.432     0.000   82   -1   -1   -1
 662     5.205     6.840     0.000   66   -1   -1   -1
 663     5.246     1.579     0.000  332   -1   -1   -1
 664     5.272     7.075     0.000   58   -1   -1   -1
 665     5.273    -3.059     0.000  546   -1   -1   -1
 666     5.307     2.398     0.000  285   -1   -1   -1
 667     5.371     5.816     0.000  109   -1   -1   -1
 668     5.410    -2.905     0.000  538   -1   -1   -1
 669     5.414     2.792     0.000  261   -1   -1   -1
 670     5.417    -7.610     0.000  799   -1   -1   -1
 671     5.423    -7.829     0.000  813   -1   -1   -1
 672     5.444     1.993     0.000  312   -1   -1   -1
 673     5.444    -5.776     0.000  686   -1   -1   -1
 674     5.464     6.046     0.000  104   -1   -1   -1
 675     5.466     1.380     0.000  339   -1   -1   -1
 676     5.535     2.049     0.000  310   -1   -1   -1
 677     5.544    -5.080     0.000  642   -1   -1   -1
 678     5.549     4.485     0.000  178   -1   -1   -1
 679     5.580    -6.637     0.000  749   -1   -1   -1
 680     5.590    -8.162     0.000  833   -1   -1   -1
 681     5.623     6.974     0.000   62   -1   -1   -1
 682     5.649     3.931     0.000  198   -1   -1   -1
 683     5.661    -0.641     0.000  436   -1   -1   -1
 684     5.686    -3.170     0.000  550   -1   -1   -1
 685     5.718    -5.795     0.000  689   -1   -1   -1
 686     5.722    -5.456     0.000  672   -1   -1   -1
 687     5.739     4.602     0.000  172   -1   -1   -1
 688     5.792    -2.445     0.000  516   -1   -1   -1
 689     5.808    -8.047     0.000  829   -1   -1   -1
 690     5.811     1.764     0.000  323   -1   -1   -1
 691     5.812    -0.983     0.000  461   -1   -1   -1
 692     5.870    -3.455     0.000  562   -1   -1   -1
 693     5.875    -7.981     0.000  824   -1   -1   -1
 694     5.878     1.987     0.000  313   -1   -1   -1
 695     5.879    -8.341     0.000  850   -1   -1   -1
 696     5.882    -0.750     0.000  447   -1   -1   -1
 697     5.891     5.070     0.000  145   -1   -1   -1
 698     5.925    -7.349     0.000  785   -1   -1   -1
 699     5.927    -6.360     0.000  731   -1   -1   -1
 700     5.939    -6.462     0.000  734   -1   -1   -1
 701     5.964    -4.141     0.000  588   -1   -1   -1
 702     5.973     2.730     0.000  266   -1   -1   -1
 703     5.992    -5.287     0.000  658   -1   -1   -1
 704     6.015    -4.330     0.000  597   -1   -1   -1
 705     6.033    -6.135     0.000  708   -1   -1   -1
 706     6.038    -1.715     0.000  492   -1   -1   -1
 707     6.040    -0.470     0.000  426   -1   -1   -1
 708     6.040     4.648     0.000  170   -1   -1   -1
 709     6.041    -3.049     0.000  544   -1   -1   -1
 710     6.054    -5.428     0.000  669   -1   -1   -1
 711     6.141     1.707     0.000  327   -1   -1   -1
 712     6.154     6.542     0.000   79   -1   -1   -1
 713     6.156    -4.331     0.000  598   -1   -1   -1
 714     6.185     3.866     0.000  204   -1   -1   -1
 715     6.190    -4.214     0.000  590   -1   -1   -1
 716     6.201     0.289     0.000  388   -1   -1   -1
 717     6.201     3.198     0.000  237   -1   -1   -1
 718     6.217    -6.626     0.000  746   -1   -1   -1
 719     6.267     7.276     0.000   47   -1   -1   -1
 720     6.278    -6.482     0.000  737   -1   -1   -1
 721     6.284    -2.126     0.000  505   -1   -1   -1
 722     6.300    -2.932     0.000  540   -1   -1   -1
 723     6.336    -6.526     0.000  740   -1   -1   -1
 724     6.365     2.372     0.000  287   -1   -1   -1
 725     6.387    -4.262     0.000  593   -1   -1   -1
 726     6.392     7.020     0.000   60   -1   -1   -1
 727     6.393    -2.917     0.000  539   -1   -1   -1
 728     6.435    -3.841     0.000  577   -1   -1   -1
 729     6.456    -4.875     0.000  633   -1   -1   -1
 730     6.501     5.503     0.000  125   -1   -1   -1
 731     6.502    -5.948     0.000  696   -1   -1   -1
 732     6.515    -5.311     0.000  660   -1   -1   -1
 733     6.528     6.913     0.000   64   -1   -1   -1
 734     6.542     4.673     0.000  168   -1   -1   -1
 735     6.550    -1.307     0.000  473   -1   -1   -1
 736     6.577     2.134     0.000  301   -1   -1   -1
 737     6.602    -6.042     0.000  704   -1   -1   -1
 738     6.603    -0.575     0.000  431   -1   -1   -1
 739     6.616     2.879     0.000  256   -1   -1   -1
 740     6.636    -5.127     0.000  646   -1   -1   -1
 741     6.656    -5.314     0.000  663   -1   -1   -1
 742     6.665     5.648     0.000  118   -1   -1   -1
 743     6.683    -6.202     0.000  717   -1   -1   -1
 744     6.698    -5.493     0.000  674   -1   -1   -1
 745     6.710     6.591     0.000   77   -1   -1   -1
 746     6.713     0.441     0.000  382   -1   -1   -1
 747     6.725     2.070     0.000  305   -1   -1   -1
 748     6.726     3.190     0.000  238   -1   -1   -1
 749     6.738    -1.878     0.000  497   -1   -1   -1
 750     6.749     3.309     0.000  233   -1   -1   -1
 751     6.759     2.061     0.000  307   -1   -1   -1
 752     6.778    -6.036     0.000  703   -1   -1   -1
 753     6.783    -0.564     0.000  430   -1   -1   -1
 754     6.783     0.689     0.000  366   -1   -1   -1
 755     6.801    -0.767     0.000  449   -1   -1   -1
 756     6.843     5.232     0.000  137   -1   -1   -1
 757     6.864     1.854     0.000  322   -1   -1   -1
 758     6.868    -7.976     0.000  823   -1   -1   -1
 759     6.882     3.628     0.000  217   -1   -1   -1
 760     6.899    -4.918     0.000  634   -1   -1   -1
 761     6.905    -0.905     0.000  456   -1   -1   -1
 762     6.921    -0.073     0.000  410   -1   -1   -1
 763     6.929     6.187     0.000   94   -1   -1   -1
 764     6.935    -0.677     0.000  438   -1   -1   -1
 765     6.964     0.443     0.000  381   -1   -1   -1
 766     6.975     2.097     0.000  303   -1   -1   -1
 767     7.008     3.424     0.000  227   -1   -1   -1
 768     7.009    -6.585     0.000  742   -1   -1   -1
 769     7.014     6.634     0.000   76   -1   -1   -1
 770     7.019    -5.779     0.000  687   -1   -1   -1
 771     7.027    -8.434     0.000  852   -1   -1   -1
 772     7.034     2.053     0.000  309   -1   -1   -1
 773     7.055    -4.025     0.000  584   -1   -1   -1
 774     7.061    -5.985     0.000  697   -1   -1   -1
 775     7.082    -0.185     0.000  415   -1   -1   -1
 776     7.086    -8.300     0.000  848   -1   -1   -1
 777     7.134     7.550     0.000   38   -1   -1   -1
 778     7.152     6.528     0.000   80   -1   -1   -1
 779     7.153    -6.153     0.000  710   -1   -1   -1
 780     7.196     0.203     0.000  392   -1   -1   -1
 781     7.206    -3.964     0.000  582   -1   -1   -1
 782     7.246     4.996     0.000  148   -1   -1   -1
 783     7.254     4.378     0.000  182   -1   -1   -1
 784     7.256    -4.389     0.000  602   -1   -1   -1
 785     7.274     6.749     0.000   70   -1   -1   -1
 786     7.295     4.320     0.000  186   -1   -1   -1
 787     7.301     5.634     0.000  119   -1   -1   -1
 788     7.313    -0.143     0.000  412   -1   -1   -1
 789     7.356     3.553     0.000  223   -1   -1   -1
 790     7.367     1.420     0.000  338   -1   -1   -1
 791     7.369    -0.679     0.000  439   -1   -1   -1
 792     7.374    -8.043     0.000  827   -1   -1   -1
 793     7.409     2.073     0.000  304   -1   -1   -1
 794     7.453    -5.739     0.000  683   -1   -1   -1
 795     7.464     4.774     0.000  163   -1   -1   -1
 796     7.482     5.273     0.000  134   -1   -1   -1
 797     7.493     4.796     0.000  161   -1   -1   -1
 798     7.496     4.436     0.000  179   -1   -1   -1
 799     7.512     4.582     0.000  173   -1   -1   -1
 800     7.523    -2.896     0.000  537   -1   -1   -1
 801     7.550    -1.539     0.000  483   -1   -1   -1
 802     7.566     1.270     0.000  346   -1   -1   -1
 803     7.594     4.761     0.000  164   -1   -1   -1
 804     7.607     1.756     0.000  324   -1   -1   -1
 805     7.626     2.283     0.000  293   -1   -1   -1
 806     7.642    -8.265     0.000  846   -1   -1   -1
 807     7.693     7.746     0.000   31   -1   -1   -1
 808     7.718    -7.898     0.000  819   -1   -1   -1
 809     7.755     8.261     0.000    8   -1   -1   -1
 810     7.785     0.139     0.000  397   -1   -1   -1
 811     7.791     1.634     0.000  329   -1   -1   -1
 812     7.807    -7.080     0.000  771   -1   -1   -1
 813     7.824    -0.850     0.000  453   -1   -1   -1
 814     7.825     6.736     0.000   71   -1   -1   -1
 815     7.874    -5.142     0.000  648   -1   -1   -1
 816     7.900    -4.999     0.000  637   -1   -1   -1
 817     7.907    -2.993     0.000  541   -1   -1   -1
 818     7.980     7.161     0.000   55   -1   -1   -1
 819     7.991    -0.429     0.000  424   -1   -1   -1
 820     7.995    -6.783     0.000  754   -1   -1   -1
 821     8.001    -6.865     0.000  758   -1   -1   -1
 822     8.006    -1.188     0.000  468   -1   -1   -1
 823     8.017    -5.632     0.000  681   -1   -1   -1
 824     8.020     1.032     0.000  354   -1   -1   -1
 825     8.037    -7.602     0.000  798   -1   -1   -1
 826     8.076     4.402     0.000  181   -1   -1   -1
 827     8.083     3.165     0.000  239   -1   -1   -1
 828     8.118    -4.766     0.000  624   -1   -1   -1
 829     8.124    -0.226     0.000  419   -1   -1   -1
 830     8.138    -4.529     0.000  611   -1   -1   -1
 831     8.165     2.509     0.000  279   -1   -1   -1
 832     8.167     1.718     0.000  325   -1   -1   -1
 833     8.172     3.238     0.000  235   -1   -1   -1
 834     8.173     4.617     0.000  171   -1   -1   -1
 835     8.174    -0.713     0.000  443   -1   -1   -1
 836     8.200     6.208     0.000   93   -1   -1   -1
 837     8.201    -7.257     0.000  779   -1   -1   -1
 838     8.207     4.801     0.000  158   -1   -1   -1
 839     8.208    -6.311     0.000  728   -1   -1   -1
 840     8.245     7.266     0.000   49   -1   -1   -1
 841     8.251    -3.395     0.000  558   -1   -1   -1
 842     8.256    -6.033     0.000  702   -1   -1   -1
 843     8.290    -1.890     0.000  500   -1   -1   -1
 844     8.299    -7.345     0.000  784   -1   -1   -1
 845     8.311     5.275     0.000  133   -1   -1   -1
 846     8.328    -4.392     0.000  603   -1   -1   -1
 847     8.331     7.044     0.000   59   -1   -1   -1
 848     8.336     1.344     0.000  343   -1   -1   -1
 849     8.351     8.194     0.000   12   -1   -1   -1
 850     8.358     7.583     0.000   36   -1   -1   -1
 851     8.384    -8.236     0.000  840   -1   -1   -1
 852     8.389    -0.158     0.000  413   -1   -1   -1
 853     8.391     0.675     0.000  367   -1   -1   -1
 854     8.418     1.100     0.000  352   -1   -1   -1
