857
   1    -8.434    -3.452     0.000  590   -1   -1   -1
   2    -8.388    -0.891     0.000  463   -1   -1   -1
   3    -8.385     7.548     0.000   43   -1   -1   -1
   4    -8.375    -6.866     0.000  778   -1   -1   -1
   5    -8.353    -8.137     0.000  836   -1   -1   -1
   6    -8.344    -3.297     0.000  581   -1   -1   -1
   7    -8.315    -4.612     0.000  639   -1   -1   -1
   8    -8.280     1.213     0.000  356   -1   -1   -1
   9    -8.267     0.553     0.000  385   -1   -1   -1
  10    -8.260     6.856     0.000   67   -1   -1   -1
  11    -8.253    -1.784     0.000  515   -1   -1   -1
  12    -8.245    -8.237     0.000  843   -1   -1   -1
  13    -8.210    -7.918     0.000  826   -1   -1   -1
  14    -8.209     4.241     0.000  195   -1   -1   -1
  15    -8.186     1.575     0.000  339   -1   -1   -1
  16    -8.164     4.432     0.000  185   -1   -1   -1
  17    -8.159     1.526     0.000  343   -1   -1   -1
  18    -8.148    -3.028     0.000  569   -1   -1   -1
  19    -8.123     6.498     0.000   84   -1   -1   -1
  20    -8.100     2.628     0.000  274   -1   -1   -1
  21    -8.086    -2.497     0.000  543   -1   -1   -1
  22    -8.052     1.358     0.000  348   -1   -1   -1
  23    -8.037    -7.387     0.000  799   -1   -1   -1
  24    -8.019     2.246     0.000  297   -1   -1   -1
  25    -7.998    -6.233     0.000  731   -1   -1   -1
  26    -7.987     6.578     0.000   82   -1   -1   -1
  27    -7.951    -3.804     0.000  599   -1   -1   -1
  28    -7.928     5.671     0.000  119   -1   -1   -1
  29    -7.910    -6.959     0.000  782   -1   -1   -1
  30    -7.889    -0.944     0.000  465   -1   -1   -1
  31    -7.867     0.830     0.000  370   -1   -1   -1
  32    -7.860    -0.171     0.000  425   -1   -1   -1
  33    -7.843    -6.086     0.000  722   -1   -1   -1
  34    -7.839     4.097     0.000  203   -1   -1   -1
  35    -7.812     3.876     0.000  213   -1   -1   -1
  36    -7.809     7.186     0.000   57   -1   -1   -1
  37    -7.791    -6.141     0.000  725   -1   -1   -1
  38    -7.786    -4.821     0.000  652   -1   -1   -1
  39    -7.783     5.000     0.000  150   -1   -1   -1
  40    -7.776     2.497     0.000  282   -1   -1   -1
  41    -7.753    -6.233     0.000  732   -1   -1   -1
  42    -7.749    -2.740     0.000  549   -1   -1   -1
  43    -7.742    -6.708     0.000  768   -1   -1   -1
  44    -7.742    -5.108     0.000  665   -1   -1   -1
  45    -7.736     5.249     0.000  140   -1   -1   -1
  46    -7.733     1.984     0.000  320   -1   -1   -1
  47    -7.725    -4.611     0.000  638   -1   -1   -1
  48    -7.687    -0.677     0.000  450   -1   -1   -1
  49    -7.676     7.125     0.000   58   -1   -1   -1
  50    -7.661     6.656     0.000   78   -1   -1   -1
  51    -7.590     4.959     0.000  155   -1   -1   -1
  52    -7.580    -6.873     0.000  779   -1   -1   -1
  53    -7.541     0.429     0.000  391   -1   -1   -1
  54    -7.514     8.230     0.000    9   -1   -1   -1
  55    -7.511     0.009     0.000  414   -1   -1   -1
  56    -7.502    -0.686     0.000  451   -1   -1   -1
  57    -7.470    -1.093     0.000  474   -1   -1   -1
  58    -7.462     7.998     0.000   22   -1   -1   -1
  59    -7.460     3.630     0.000  225   -1   -1   -1
  60    -7.388     3.986     0.000  208   -1   -1   -1
  61    -7.374    -1.425     0.000  495   -1   -1   -1
  62    -7.373     3.690     0.000  222   -1   -1   -1
  63    -7.353     3.905     0.000  211   -1   -1   -1
  64    -7.348    -6.176     0.000  728   -1   -1   -1
  65    -7.334     2.319     0.000  292   -1   -1   -1
  66    -7.299    -5.382     0.000  679   -1   -1   -1
  67    -7.297    -5.069     0.000  664   -1   -1   -1
  68    -7.295     3.866     0.000  215   -1   -1   -1
  69    -7.288     5.404     0.000  135   -1   -1   -1
  70    -7.270    -8.358     0.000  849   -1   -1   -1
  71    -7.231    -7.949     0.000  829   -1   -1   -1
  72    -7.232     3.253     0.000  244   -1   -1   -1
  73    -7.226     6.149     0.000   95   -1   -1   -1
  74    -7.175    -8.104     0.000  835   -1   -1   -1
  75    -7.157     7.658     0.000   35   -1   -1   -1
  76    -7.146    -7.721     0.000  814   -1   -1   -1
  77    -7.141     5.106     0.000  147   -1   -1   -1
  78    -7.141     6.093     0.000   96   -1   -1   -1
  79    -7.134     4.052     0.000  204   -1   -1   -1
  80    -7.132     4.749     0.000  172   -1   -1   -1
  81    -7.114     7.298     0.000   50   -1   -1   -1
  82    -7.103    -2.395     0.000  535   -1   -1   -1
  83    -7.090     7.466     0.000   45   -1   -1   -1
  84    -7.077     4.997     0.000  152   -1   -1   -1
  85    -7.023    -5.398     0.000  681   -1   -1   -1
  86    -6.998     1.966     0.000  321   -1   -1   -1
  87    -6.997    -6.757     0.000  770   -1   -1   -1
  88    -6.987     0.030     0.000  412   -1   -1   -1
  89    -6.984    -6.566     0.000  757   -1   -1   -1
  90    -6.967     4.341     0.000  189   -1   -1   -1
  91    -6.966    -6.609     0.000  761   -1   -1   -1
  92    -6.950    -2.389     0.000  534   -1   -1   -1
  93    -6.935     5.120     0.000  145   -1   -1   -1
  94    -6.935     5.469     0.000  126   -1   -1   -1
  95    -6.902    -2.684     0.000  548   -1   -1   -1
  96    -6.897     5.421     0.000  133   -1   -1   -1
  97    -6.882    -6.998     0.000  783   -1   -1   -1
  98    -6.878     2.904     0.000  259   -1   -1   -1
  99    -6.870    -6.407     0.000  742   -1   -1   -1
 100    -6.869    -6.441     0.000  745   -1   -1   -1
 101    -6.862    -0.824     0.000  459   -1   -1   -1
 102    -6.831    -1.204     0.000  480   -1   -1   -1
 103    -6.827    -7.477     0.000  802   -1   -1   -1
 104    -6.825     7.554     0.000   42   -1   -1   -1
 105    -6.768    -5.415     0.000  682   -1   -1   -1
 106    -6.769     1.308     0.000  353   -1   -1   -1
 107    -6.743     2.419     0.000  284   -1   -1   -1
 108    -6.718     7.613     0.000   37   -1   -1   -1
 109    -6.698     4.302     0.000  191   -1   -1   -1
 110    -6.680    -3.027     0.000  568   -1   -1   -1
 111    -6.659     1.670     0.000  332   -1   -1   -1
 112    -6.657     1.356     0.000  349   -1   -1   -1
 113    -6.620     3.550     0.000  231   -1   -1   -1
 114    -6.619     2.383     0.000  288   -1   -1   -1
 115    -6.581     5.781     0.000  111   -1   -1   -1
 116    -6.565     6.979     0.000   64   -1   -1   -1
 117    -6.549    -4.341     0.000  626   -1   -1   -1
 118    -6.544    -6.335     0.000  736   -1   -1   -1
 119    -6.507    -6.217     0.000  730   -1   -1   -1
 120    -6.488     7.617     0.000   36   -1   -1   -1
 121    -6.483     3.064     0.000  254   -1   -1   -1
 122    -6.452    -4.756     0.000  649   -1   -1   -1
 123    -6.443     6.775     0.000   71   -1   -1   -1
 124    -6.398    -2.005     0.000  524   -1   -1   -1
 125    -6.393     0.142     0.000  405   -1   -1   -1
 126    -6.384    -7.816     0.000  823   -1   -1   -1
 127    -6.367    -6.592     0.000  760   -1   -1   -1
 128    -6.363    -3.558     0.000  593   -1   -1   -1
 129    -6.351     3.523     0.000  233   -1   -1   -1
 130    -6.346     4.886     0.000  160   -1   -1   -1
 131    -6.313     8.138     0.000   13   -1   -1   -1
 132    -6.305    -0.494     0.000  438   -1   -1   -1
 133    -6.277    -5.805     0.000  704   -1   -1   -1
 134    -6.249     0.099     0.000  406   -1   -1   -1
 135    -6.237     0.333     0.000  398   -1   -1   -1
 136    -6.205    -8.242     0.000  844   -1   -1   -1
 137    -6.203    -1.646     0.000  508   -1   -1   -1
 138    -6.202     0.985     0.000  366   -1   -1   -1
 139    -6.185     2.502     0.000  281   -1   -1   -1
 140    -6.152     4.886     0.000  161   -1   -1   -1
 141    -6.151     3.379     0.000  238   -1   -1   -1
 142    -6.150    -4.574     0.000  637   -1   -1   -1
 143    -6.141    -7.605     0.000  806   -1   -1   -1
 144    -6.138     2.737     0.000  268   -1   -1   -1
 145    -6.136    -5.231     0.000  673   -1   -1   -1
 146    -6.084     1.240     0.000  355   -1   -1   -1
 147    -6.083     7.354     0.000   49   -1   -1   -1
 148    -6.077    -7.111     0.000  791   -1   -1   -1
 149    -6.057     6.283     0.000   90   -1   -1   -1
 150    -6.051    -4.654     0.000  641   -1   -1   -1
 151    -6.034     3.716     0.000  221   -1   -1   -1
 152    -6.030    -1.076     0.000  473   -1   -1   -1
 153    -5.976    -7.644     0.000  809   -1   -1   -1
 154    -5.963     2.484     0.000  283   -1   -1   -1
 155    -5.946     3.086     0.000  252   -1   -1   -1
 156    -5.934     6.813     0.000   70   -1   -1   -1
 157    -5.911    -0.467     0.000  437   -1   -1   -1
 158    -5.891     4.870     0.000  162   -1   -1   -1
 159    -5.864    -5.845     0.000  707   -1   -1   -1
 160    -5.864    -4.726     0.000  647   -1   -1   -1
 161    -5.836    -0.034     0.000  417   -1   -1   -1
 162    -5.813     4.710     0.000  174   -1   -1   -1
 163    -5.781    -1.643     0.000  507   -1   -1   -1
 164    -5.765    -1.875     0.000  520   -1   -1   -1
 165    -5.754    -5.792     0.000  701   -1   -1   -1
 166    -5.677     7.407     0.000   47   -1   -1   -1
 167    -5.662     1.910     0.000  322   -1   -1   -1
 168    -5.661    -4.131     0.000  615   -1   -1   -1
 169    -5.638     5.753     0.000  113   -1   -1   -1
 170    -5.622     0.737     0.000  372   -1   -1   -1
 171    -5.576     7.242     0.000   53   -1   -1   -1
 172    -5.556    -7.792     0.000  820   -1   -1   -1
 173    -5.556    -0.891     0.000  462   -1   -1   -1
 174    -5.547    -2.546     0.000  544   -1   -1   -1
 175    -5.544    -1.766     0.000  511   -1   -1   -1
 176    -5.542     0.274     0.000  400   -1   -1   -1
 177    -5.541     6.040     0.000  100   -1   -1   -1
 178    -5.523     2.667     0.000  270   -1   -1   -1
 179    -5.489    -8.424     0.000  855   -1   -1   -1
 180    -5.479    -3.109     0.000  577   -1   -1   -1
 181    -5.462    -4.909     0.000  656   -1   -1   -1
 182    -5.444     4.812     0.000  165   -1   -1   -1
 183    -5.429    -6.361     0.000  739   -1   -1   -1
 184    -5.428    -0.691     0.000  452   -1   -1   -1
 185    -5.424    -1.279     0.000  486   -1   -1   -1
 186    -5.415     5.238     0.000  142   -1   -1   -1
 187    -5.358    -3.037     0.000  572   -1   -1   -1
 188    -5.325    -2.388     0.000  533   -1   -1   -1
 189    -5.323     3.831     0.000  217   -1   -1   -1
 190    -5.313    -3.052     0.000  574   -1   -1   -1
 191    -5.302    -0.615     0.000  445   -1   -1   -1
 192    -5.258     2.066     0.000  310   -1   -1   -1
 193    -5.247    -3.837     0.000  602   -1   -1   -1
 194    -5.222     0.688     0.000  375   -1   -1   -1
 195    -5.139    -8.022     0.000  834   -1   -1   -1
 196    -5.115    -1.770     0.000  512   -1   -1   -1
 197    -5.106    -4.687     0.000  645   -1   -1   -1
 198    -5.092    -6.661     0.000  765   -1   -1   -1
 199    -5.083    -3.893     0.000  604   -1   -1   -1
 200    -5.041    -0.098     0.000  421   -1   -1   -1
 201    -5.024    -4.896     0.000  654   -1   -1   -1
 202    -5.018    -0.023     0.000  416   -1   -1   -1
 203    -5.018     1.560     0.000  340   -1   -1   -1
 204    -4.997     0.520     0.000  388   -1   -1   -1
 205    -4.963     3.963     0.000  209   -1   -1   -1
 206    -4.944     5.124     0.000  144   -1   -1   -1
 207    -4.936     3.761     0.000  220   -1   -1   -1
 208    -4.929    -0.347     0.000  431   -1   -1   -1
 209    -4.907    -4.246     0.000  619   -1   -1   -1
 210    -4.881     1.597     0.000  336   -1   -1   -1
 211    -4.877     8.374     0.000    1   -1   -1   -1
 212    -4.867     8.228     0.000   10   -1   -1   -1
 213    -4.856    -3.360     0.000  586   -1   -1   -1
 214    -4.851     3.866     0.000  214   -1   -1   -1
 215    -4.843    -1.364     0.000  492   -1   -1   -1
 216    -4.840     0.659     0.000  379   -1   -1   -1
 217    -4.815     1.622     0.000  335   -1   -1   -1
 218    -4.800    -3.568     0.000  595   -1   -1   -1
 219    -4.793    -3.315     0.000  583   -1   -1   -1
 220    -4.782     0.055     0.000  409   -1   -1   -1
 221    -4.781    -8.173     0.000  838   -1   -1   -1
 222    -4.761    -4.390     0.000  630   -1   -1   -1
 223    -4.742     0.386     0.000  394   -1   -1   -1
 224    -4.717    -6.799     0.000  774   -1   -1   -1
 225    -4.707     3.562     0.000  229   -1   -1   -1
 226    -4.693     4.567     0.000  182   -1   -1   -1
 227    -4.653     2.641     0.000  272   -1   -1   -1
 228    -4.635    -4.368     0.000  627   -1   -1   -1
 229    -4.632     3.413     0.000  237   -1   -1   -1
 230    -4.621     5.785     0.000  110   -1   -1   -1
 231    -4.564    -5.195     0.000  669   -1   -1   -1
 232    -4.550    -7.103     0.000  790   -1   -1   -1
 233    -4.549     2.538     0.000  279   -1   -1   -1
 234    -4.539    -2.470     0.000  542   -1   -1   -1
 235    -4.509    -5.056     0.000  662   -1   -1   -1
 236    -4.506     2.161     0.000  302   -1   -1   -1
 237    -4.475     0.589     0.000  383   -1   -1   -1
 238    -4.474    -1.294     0.000  488   -1   -1   -1
 239    -4.471    -5.385     0.000  680   -1   -1   -1
 240    -4.453    -6.417     0.000  744   -1   -1   -1
 241    -4.442    -6.304     0.000  735   -1   -1   -1
 242    -4.407    -6.861     0.000  777   -1   -1   -1
 243    -4.359     3.528     0.000  232   -1   -1   -1
 244    -4.345    -4.708     0.000  646   -1   -1   -1
 245    -4.298     1.067     0.000  361   -1   -1   -1
 246    -4.267     1.032     0.000  363   -1   -1   -1
 247    -4.205     0.558     0.000  384   -1   -1   -1
 248    -4.186    -6.769     0.000  772   -1   -1   -1
 249    -4.183    -4.665     0.000  643   -1   -1   -1
 250    -4.177     7.661     0.000   34   -1   -1   -1
 251    -4.149     3.302     0.000  242   -1   -1   -1
 252    -4.123    -4.554     0.000  636   -1   -1   -1
 253    -4.106     2.612     0.000  276   -1   -1   -1
 254    -4.106    -1.721     0.000  509   -1   -1   -1
 255    -4.093    -4.332     0.000  625   -1   -1   -1
 256    -4.087    -1.461     0.000  498   -1   -1   -1
 257    -4.040     2.547     0.000  278   -1   -1   -1
 258    -4.025     1.544     0.000  341   -1   -1   -1
 259    -4.020    -8.249     0.000  845   -1   -1   -1
 260    -4.019     5.709     0.000  116   -1   -1   -1
 261    -4.003    -1.633     0.000  506   -1   -1   -1
 262    -3.988     2.024     0.000  314   -1   -1   -1
 263    -3.962    -7.639     0.000  808   -1   -1   -1
 264    -3.961     3.987     0.000  207   -1   -1   -1
 265    -3.898    -4.253     0.000  620   -1   -1   -1
 266    -3.881     5.313     0.000  136   -1   -1   -1
 267    -3.871     2.896     0.000  260   -1   -1   -1
 268    -3.837     2.159     0.000  303   -1   -1   -1
 269    -3.810    -7.920     0.000  827   -1   -1   -1
 270    -3.775    -0.527     0.000  440   -1   -1   -1
 271    -3.752    -5.428     0.000  684   -1   -1   -1
 272    -3.743     8.257     0.000    8   -1   -1   -1
 273    -3.655     0.371     0.000  397   -1   -1   -1
 274    -3.655    -7.937     0.000  828   -1   -1   -1
 275    -3.627     7.795     0.000   29   -1   -1   -1
 276    -3.593    -1.500     0.000  500   -1   -1   -1
 277    -3.558    -0.284     0.000  428   -1   -1   -1
 278    -3.506     8.142     0.000   12   -1   -1   -1
 279    -3.471     0.627     0.000  380   -1   -1   -1
 280    -3.446    -3.322     0.000  584   -1   -1   -1
 281    -3.439    -6.640     0.000  764   -1   -1   -1
 282    -3.436     6.367     0.000   88   -1   -1   -1
 283    -3.428    -1.631     0.000  505   -1   -1   -1
 284    -3.427     8.394     0.000    0   -1   -1   -1
 285    -3.422    -4.761     0.000  650   -1   -1   -1
 286    -3.414     0.413     0.000  393   -1   -1   -1
 287    -3.404    -4.509     0.000  633   -1   -1   -1
 288    -3.397    -7.723     0.000  815   -1   -1   -1
 289    -3.391     7.822     0.000   26   -1   -1   -1
 290    -3.326     4.230     0.000  197   -1   -1   -1
 291    -3.311     2.369     0.000  290   -1   -1   -1
 292    -3.298     5.419     0.000  134   -1   -1   -1
 293    -3.253     6.180     0.000   94   -1   -1   -1
 294    -3.240     1.008     0.000  364   -1   -1   -1
 295    -3.239     5.973     0.000  104   -1   -1   -1
 296    -3.213    -0.312     0.000  429   -1   -1   -1
 297    -3.199     2.165     0.000  301   -1   -1   -1
 298    -3.175    -6.545     0.000  754   -1   -1   -1
 299    -3.099     3.814     0.000  218   -1   -1   -1
 300    -3.061     7.915     0.000   23   -1   -1   -1
 301    -3.030    -2.222     0.000  529   -1   -1   -1
 302    -3.019     2.002     0.000  317   -1   -1   -1
 303    -3.003     3.069     0.000  253   -1   -1   -1
 304    -2.999    -0.957     0.000  466   -1   -1   -1
 305    -2.990    -5.198     0.000  670   -1   -1   -1
 306    -2.983    -1.244     0.000  482   -1   -1   -1
 307    -2.972    -2.983     0.000  566   -1   -1   -1
 308    -2.942     0.734     0.000  373   -1   -1   -1
 309    -2.920    -1.235     0.000  481   -1   -1   -1
 310    -2.899    -0.730     0.000  454   -1   -1   -1
 311    -2.888    -7.022     0.000  784   -1   -1   -1
 312    -2.856     1.365     0.000  347   -1   -1   -1
 313    -2.839     4.298     0.000  192   -1   -1   -1
 314    -2.837    -7.719     0.000  813   -1   -1   -1
 315    -2.835    -1.363     0.000  491   -1   -1   -1
 316    -2.817    -4.800     0.000  651   -1   -1   -1
 317    -2.783    -3.282     0.000  580   -1   -1   -1
 318    -2.776     1.455     0.000  345   -1   -1   -1
 319    -2.763     8.011     0.000   21   -1   -1   -1
 320    -2.747     5.665     0.000  120   -1   -1   -1
 321    -2.744    -3.563     0.000  594   -1   -1   -1
 322    -2.710     6.659     0.000   77   -1   -1   -1
 323    -2.709     6.277     0.000   91   -1   -1   -1
 324    -2.706     8.115     0.000   15   -1   -1   -1
 325    -2.694    -6.917     0.000  781   -1   -1   -1
 326    -2.670     7.065     0.000   60   -1   -1   -1
 327    -2.653     7.797     0.000   28   -1   -1   -1
 328    -2.648     3.292     0.000  243   -1   -1   -1
 329    -2.641    -5.531     0.000  689   -1   -1   -1
 330    -2.630    -8.288     0.000  846   -1   -1   -1
 331    -2.607     6.365     0.000   89   -1   -1   -1
 332    -2.568    -1.294     0.000  487   -1   -1   -1
 333    -2.562     1.319     0.000  351   -1   -1   -1
 334    -2.556    -6.734     0.000  769   -1   -1   -1
 335    -2.536    -2.986     0.000  567   -1   -1   -1
 336    -2.527    -5.313     0.000  678   -1   -1   -1
 337    -2.500    -3.371     0.000  587   -1   -1   -1
 338    -2.497     4.286     0.000  194   -1   -1   -1
 339    -2.490     2.253     0.000  296   -1   -1   -1
 340    -2.374    -3.314     0.000  582   -1   -1   -1
 341    -2.353    -6.348     0.000  737   -1   -1   -1
 342    -2.281     5.734     0.000  114   -1   -1   -1
 343    -2.277    -4.142     0.000  617   -1   -1   -1
 344    -2.215    -5.487     0.000  687   -1   -1   -1
 345    -2.167    -0.347     0.000  430   -1   -1   -1
 346    -2.154    -6.167     0.000  727   -1   -1   -1
 347    -2.153    -1.432     0.000  496   -1   -1   -1
 348    -2.134     0.374     0.000  396   -1   -1   -1
 349    -2.119     5.435     0.000  130   -1   -1   -1
 350    -2.084     7.823     0.000   25   -1   -1   -1
 351    -2.080    -4.006     0.000  609   -1   -1   -1
 352    -2.066     4.286     0.000  193   -1   -1   -1
 353    -2.041     5.833     0.000  108   -1   -1   -1
 354    -1.986     0.728     0.000  374   -1   -1   -1
 355    -1.981    -1.837     0.000  518   -1   -1   -1
 356    -1.964    -2.274     0.000  530   -1   -1   -1
 357    -1.963    -6.094     0.000  723   -1   -1   -1
 358    -1.902    -4.407     0.000  631   -1   -1   -1
 359    -1.889     5.721     0.000  115   -1   -1   -1
 360    -1.882     0.877     0.000  368   -1   -1   -1
 361    -1.871    -5.730     0.000  698   -1   -1   -1
 362    -1.849     0.376     0.000  395   -1   -1   -1
 363    -1.825     1.873     0.000  324   -1   -1   -1
 364    -1.793     0.920     0.000  367   -1   -1   -1
 365    -1.734     2.255     0.000  295   -1   -1   -1
 366    -1.732     5.435     0.000  131   -1   -1   -1
 367    -1.697    -3.926     0.000  606   -1   -1   -1
 368    -1.692    -1.041     0.000  472   -1   -1   -1
 369    -1.682    -4.681     0.000  644   -1   -1   -1
 370    -1.666     5.779     0.000  112   -1   -1   -1
 371    -1.573     5.703     0.000  117   -1   -1   -1
 372    -1.557     3.772     0.000  219   -1   -1   -1
 373    -1.521    -7.436     0.000  801   -1   -1   -1
 374    -1.503    -6.491     0.000  750   -1   -1   -1
 375    -1.497    -1.187     0.000  479   -1   -1   -1
 376    -1.470     0.044     0.000  411   -1   -1   -1
 377    -1.453    -2.982     0.000  565   -1   -1   -1
 378    -1.446     1.663     0.000  333   -1   -1   -1
 379    -1.378    -3.826     0.000  601   -1   -1   -1
 380    -1.357    -1.888     0.000  522   -1   -1   -1
 381    -1.326     1.775     0.000  327   -1   -1   -1
 382    -1.162     1.316     0.000  352   -1   -1   -1
 383    -1.157    -1.251     0.000  483   -1   -1   -1
 384    -0.979    -2.462     0.000  539   -1   -1   -1
 385    -0.977    -2.839     0.000  554   -1   -1   -1
 386    -0.943     4.980     0.000  154   -1   -1   -1
 387    -0.935    -6.693     0.000  766   -1   -1   -1
 388    -0.904    -1.464     0.000  499   -1   -1   -1
 389    -0.900    -3.043     0.000  573   -1   -1   -1
 390    -0.842    -5.855     0.000  708   -1   -1   -1
 391    -0.798    -7.774     0.000  817   -1   -1   -1
 392    -0.760     6.083     0.000   98   -1   -1   -1
 393    -0.753    -2.405     0.000  536   -1   -1   -1
 394    -0.678     5.460     0.000  127   -1   -1   -1
 395    -0.673    -2.902     0.000  558   -1   -1   -1
 396    -0.659     1.585     0.000  338   -1   -1   -1
 397    -0.576    -5.029     0.000  660   -1   -1   -1
 398    -0.484    -2.907     0.000  559   -1   -1   -1
 399    -0.480     6.189     0.000   93   -1   -1   -1
 400    -0.357     0.824     0.000  371   -1   -1   -1
 401    -0.347     0.992     0.000  365   -1   -1   -1
 402    -0.341    -7.060     0.000  789   -1   -1   -1
 403    -0.233    -0.863     0.000  461   -1   -1   -1
 404    -0.232    -3.100     0.000  575   -1   -1   -1
 405    -0.200     1.851     0.000  325   -1   -1   -1
 406    -0.179    -8.389     0.000  853   -1   -1   -1
 407    -0.177     4.912     0.000  158   -1   -1   -1
 408    -0.146    -4.092     0.000  614   -1   -1   -1
 409    -0.077     0.618     0.000  381   -1   -1   -1
 410    -0.063    -6.369     0.000  740   -1   -1   -1
 411    -0.032     2.412     0.000  286   -1   -1   -1
 412    -0.014    -2.085     0.000  527   -1   -1   -1
 413    -0.011    -1.780     0.000  514   -1   -1   -1
 414     0.339    -7.030     0.000  786   -1   -1   -1
 415     0.377    -6.471     0.000  749   -1   -1   -1
 416     0.446    -7.874     0.000  825   -1   -1   -1
 417     0.538    -1.780     0.000  513   -1   -1   -1
 418     0.621     4.240     0.000  196   -1   -1   -1
 419     0.645     7.411     0.000   46   -1   -1   -1
 420     0.664    -6.592     0.000  759   -1   -1   -1
 421     0.693     7.473     0.000   44   -1   -1   -1
 422     0.694    -5.693     0.000  695   -1   -1   -1
 423     0.857    -1.627     0.000  504   -1   -1   -1
 424     0.860    -3.598     0.000  596   -1   -1   -1
 425     0.863     1.728     0.000  330   -1   -1   -1
 426     0.906     6.703     0.000   75   -1   -1   -1
 427     0.926     8.055     0.000   18   -1   -1   -1
 428     0.967     1.491     0.000  344   -1   -1   -1
 429     0.967     0.685     0.000  376   -1   -1   -1
 430     0.989    -2.821     0.000  552   -1   -1   -1
 431     1.002     4.602     0.000  180   -1   -1   -1
 432     1.059    -1.733     0.000  510   -1   -1   -1
 433     1.076     4.756     0.000  171   -1   -1   -1
 434     1.117    -6.378     0.000  741   -1   -1   -1
 435     1.141    -5.552     0.000  690   -1   -1   -1
 436     1.142     6.829     0.000   69   -1   -1   -1
 437     1.173     3.840     0.000  216   -1   -1   -1
 438     1.210    -7.708     0.000  811   -1   -1   -1
 439     1.211    -7.390     0.000  800   -1   -1   -1
 440     1.265     5.470     0.000  125   -1   -1   -1
 441     1.265    -0.424     0.000  434   -1   -1   -1
 442     1.303    -7.247     0.000  794   -1   -1   -1
 443     1.320     3.432     0.000  236   -1   -1   -1
 444     1.332    -3.724     0.000  597   -1   -1   -1
 445     1.364     1.639     0.000  334   -1   -1   -1
 446     1.373     7.564     0.000   40   -1   -1   -1
 447     1.379     7.213     0.000   54   -1   -1   -1
 448     1.444     2.337     0.000  291   -1   -1   -1
 449     1.450    -4.535     0.000  635   -1   -1   -1
 450     1.479    -5.676     0.000  693   -1   -1   -1
 451     1.508    -6.693     0.000  767   -1   -1   -1
 452     1.520    -0.988     0.000  469   -1   -1   -1
 453     1.534    -7.757     0.000  816   -1   -1   -1
 454     1.543    -1.409     0.000  494   -1   -1   -1
 455     1.555    -3.926     0.000  605   -1   -1   -1
 456     1.623     5.864     0.000  105   -1   -1   -1
 457     1.628    -6.781     0.000  773   -1   -1   -1
 458     1.637    -7.716     0.000  812   -1   -1   -1
 459     1.638     3.644     0.000  223   -1   -1   -1
 460     1.669     4.779     0.000  169   -1   -1   -1
 461     1.677    -5.827     0.000  706   -1   -1   -1
 462     1.703     0.021     0.000  413   -1   -1   -1
 463     1.724     2.630     0.000  273   -1   -1   -1
 464     1.732    -5.793     0.000  702   -1   -1   -1
 465     1.737    -6.267     0.000  733   -1   -1   -1
 466     1.737     8.263     0.000    7   -1   -1   -1
 467     1.738     2.389     0.000  287   -1   -1   -1
 468     1.775    -5.584     0.000  691   -1   -1   -1
 469     1.788     5.451     0.000  128   -1   -1   -1
 470     1.807    -5.205     0.000  671   -1   -1   -1
 471     1.850    -6.022     0.000  718   -1   -1   -1
 472     1.864    -7.211     0.000  793   -1   -1   -1
 473     1.865    -3.355     0.000  585   -1   -1   -1
 474     1.900    -0.676     0.000  449   -1   -1   -1
 475     1.902    -6.911     0.000  780   -1   -1   -1
 476     1.922    -0.373     0.000  432   -1   -1   -1
 477     1.949    -3.879     0.000  603   -1   -1   -1
 478     1.961     3.620     0.000  226   -1   -1   -1
 479     1.975    -8.222     0.000  841   -1   -1   -1
 480     1.981     1.825     0.000  326   -1   -1   -1
 481     1.986    -5.883     0.000  710   -1   -1   -1
 482     2.008    -2.933     0.000  562   -1   -1   -1
 483     2.049     5.991     0.000  102   -1   -1   -1
 484     2.053    -7.492     0.000  803   -1   -1   -1
 485     2.060     5.633     0.000  123   -1   -1   -1
 486     2.071     3.252     0.000  245   -1   -1   -1
 487     2.075     7.195     0.000   56   -1   -1   -1
 488     2.081    -1.262     0.000  484   -1   -1   -1
 489     2.082    -0.445     0.000  435   -1   -1   -1
 490     2.109     0.203     0.000  404   -1   -1   -1
 491     2.110     5.987     0.000  103   -1   -1   -1
 492     2.138    -3.106     0.000  576   -1   -1   -1
 493     2.170    -7.025     0.000  785   -1   -1   -1
 494     2.180     7.713     0.000   31   -1   -1   -1
 495     2.233     4.992     0.000  153   -1   -1   -1
 496     2.246     8.288     0.000    4   -1   -1   -1
 497     2.254     4.157     0.000  198   -1   -1   -1
 498     2.261    -0.059     0.000  419   -1   -1   -1
 499     2.262     5.702     0.000  118   -1   -1   -1
 500     2.278    -5.050     0.000  661   -1   -1   -1
 501     2.313     5.439     0.000  129   -1   -1   -1
 502     2.329    -5.931     0.000  713   -1   -1   -1
 503     2.334     4.022     0.000  206   -1   -1   -1
 504     2.337    -8.430     0.000  856   -1   -1   -1
 505     2.347    -5.470     0.000  686   -1   -1   -1
 506     2.354     0.066     0.000  408   -1   -1   -1
 507     2.396     7.608     0.000   38   -1   -1   -1
 508     2.402    -4.060     0.000  612   -1   -1   -1
 509     2.406     5.432     0.000  132   -1   -1   -1
 510     2.424     4.907     0.000  159   -1   -1   -1
 511     2.454     0.416     0.000  392   -1   -1   -1
 512     2.458     2.786     0.000  266   -1   -1   -1
 513     2.508    -4.268     0.000  622   -1   -1   -1
 514     2.537     3.473     0.000  234   -1   -1   -1
 515     2.539     6.661     0.000   76   -1   -1   -1
 516     2.560    -4.490     0.000  632   -1   -1   -1
 517     2.564    -3.816     0.000  600   -1   -1   -1
 518     2.584     3.587     0.000  228   -1   -1   -1
 519     2.600    -2.456     0.000  538   -1   -1   -1
 520     2.613    -3.748     0.000  598   -1   -1   -1
 521     2.684     1.203     0.000  357   -1   -1   -1
 522     2.712    -5.928     0.000  712   -1   -1   -1
 523     2.731    -5.068     0.000  663   -1   -1   -1
 524     2.742     2.195     0.000  298   -1   -1   -1
 525     2.743    -6.466     0.000  747   -1   -1   -1
 526     2.776     2.094     0.000  306   -1   -1   -1
 527     2.790     2.312     0.000  293   -1   -1   -1
 528     2.793    -0.121     0.000  422   -1   -1   -1
 529     2.800     4.833     0.000  163   -1   -1   -1
 530     2.802     7.698     0.000   33   -1   -1   -1
 531     2.867    -1.816     0.000  517   -1   -1   -1
 532     2.897    -7.277     0.000  795   -1   -1   -1
 533     2.899     4.148     0.000  199   -1   -1   -1
 534     2.913     5.854     0.000  106   -1   -1   -1
 535     2.933    -1.010     0.000  471   -1   -1   -1
 536     2.940     1.993     0.000  319   -1   -1   -1
 537     2.955    -1.567     0.000  502   -1   -1   -1
 538     3.004     2.888     0.000  262   -1   -1   -1
 539     3.074    -2.835     0.000  553   -1   -1   -1
 540     3.109    -5.245     0.000  674   -1   -1   -1
 541     3.117     6.093     0.000   97   -1   -1   -1
 542     3.124    -7.802     0.000  821   -1   -1   -1
 543     3.132     2.653     0.000  271   -1   -1   -1
 544     3.146     6.022     0.000  101   -1   -1   -1
 545     3.161    -0.774     0.000  457   -1   -1   -1
 546     3.194     8.267     0.000    5   -1   -1   -1
 547     3.211     0.831     0.000  369   -1   -1   -1
 548     3.213     3.005     0.000  257   -1   -1   -1
 549     3.225    -4.661     0.000  642   -1   -1   -1
 550     3.275    -0.996     0.000  470   -1   -1   -1
 551     3.276    -2.848     0.000  555   -1   -1   -1
 552     3.283     2.885     0.000  263   -1   -1   -1
 553     3.310    -2.364     0.000  532   -1   -1   -1
 554     3.328    -8.294     0.000  847   -1   -1   -1
 555     3.344    -5.858     0.000  709   -1   -1   -1
 556     3.347    -6.520     0.000  753   -1   -1   -1
 557     3.351    -7.342     0.000  798   -1   -1   -1
 558     3.379     6.641     0.000   79   -1   -1   -1
 559     3.382    -4.030     0.000  611   -1   -1   -1
 560     3.443     5.256     0.000  138   -1   -1   -1
 561     3.446     4.361     0.000  188   -1   -1   -1
 562     3.448     5.836     0.000  107   -1   -1   -1
 563     3.483    -0.517     0.000  439   -1   -1   -1
 564     3.486    -3.033     0.000  570   -1   -1   -1
 565     3.497     2.603     0.000  277   -1   -1   -1
 566     3.510    -6.411     0.000  743   -1   -1   -1
 567     3.515    -5.676     0.000  694   -1   -1   -1
 568     3.541    -3.478     0.000  592   -1   -1   -1
 569     3.564     5.023     0.000  149   -1   -1   -1
 570     3.571    -0.049     0.000  418   -1   -1   -1
 571     3.596    -1.973     0.000  523   -1   -1   -1
 572     3.604    -2.594     0.000  545   -1   -1   -1
 573     3.615     4.050     0.000  205   -1   -1   -1
 574     3.630    -1.125     0.000  476   -1   -1   -1
 575     3.644    -3.461     0.000  591   -1   -1   -1
 576     3.647    -0.796     0.000  458   -1   -1   -1
 577     3.650     1.086     0.000  359   -1   -1   -1
 578     3.657     7.904     0.000   24   -1   -1   -1
 579     3.674    -2.944     0.000  563   -1   -1   -1
 580     3.690    -2.303     0.000  531   -1   -1   -1
 581     3.708    -0.605     0.000  444   -1   -1   -1
 582     3.739    -7.562     0.000  805   -1   -1   -1
 583     3.743     7.708     0.000   32   -1   -1   -1
 584     3.745    -2.801     0.000  550   -1   -1   -1
 585     3.766    -1.360     0.000  490   -1   -1   -1
 586     3.779    -7.625     0.000  807   -1   -1   -1
 587     3.780    -6.550     0.000  755   -1   -1   -1
 588     3.782    -5.705     0.000  696   -1   -1   -1
 589     3.785     4.940     0.000  156   -1   -1   -1
 590     3.792     6.726     0.000   74   -1   -1   -1
 591     3.797     5.251     0.000  139   -1   -1   -1
 592     3.891     2.994     0.000  258   -1   -1   -1
 593     3.908    -0.005     0.000  415   -1   -1   -1
 594     3.909     4.122     0.000  201   -1   -1   -1
 595     3.938     3.122     0.000  251   -1   -1   -1
 596     3.964    -7.803     0.000  822   -1   -1   -1
 597     3.994    -0.580     0.000  443   -1   -1   -1
 598     3.998     8.107     0.000   16   -1   -1   -1
 599     4.004     4.918     0.000  157   -1   -1   -1
 600     4.011    -1.132     0.000  477   -1   -1   -1
 601     4.030     0.610     0.000  382   -1   -1   -1
 602     4.054    -7.295     0.000  796   -1   -1   -1
 603     4.092    -1.099     0.000  475   -1   -1   -1
 604     4.099    -6.042     0.000  721   -1   -1   -1
 605     4.103    -7.996     0.000  832   -1   -1   -1
 606     4.152    -8.373     0.000  850   -1   -1   -1
 607     4.180    -6.001     0.000  716   -1   -1   -1
 608     4.196     2.192     0.000  299   -1   -1   -1
 609     4.198    -4.330     0.000  624   -1   -1   -1
 610     4.205    -5.913     0.000  711   -1   -1   -1
 611     4.211     4.730     0.000  173   -1   -1   -1
 612     4.231    -2.022     0.000  525   -1   -1   -1
 613     4.258    -6.559     0.000  756   -1   -1   -1
 614     4.268    -4.066     0.000  613   -1   -1   -1
 615     4.284    -1.793     0.000  516   -1   -1   -1
 616     4.292    -6.813     0.000  775   -1   -1   -1
 617     4.300     8.343     0.000    2   -1   -1   -1
 618     4.352     2.191     0.000  300   -1   -1   -1
 619     4.353    -1.595     0.000  503   -1   -1   -1
 620     4.391     4.653     0.000  177   -1   -1   -1
 621     4.405     7.799     0.000   27   -1   -1   -1
 622     4.446     3.017     0.000  256   -1   -1   -1
 623     4.447    -0.979     0.000  467   -1   -1   -1
 624     4.455     4.822     0.000  164   -1   -1   -1
 625     4.457     8.022     0.000   19   -1   -1   -1
 626     4.477    -7.058     0.000  788   -1   -1   -1
 627     4.484     6.372     0.000   87   -1   -1   -1
 628     4.497    -5.006     0.000  659   -1   -1   -1
 629     4.531     0.676     0.000  378   -1   -1   -1
 630     4.535     8.011     0.000   20   -1   -1   -1
 631     4.537     0.550     0.000  386   -1   -1   -1
 632     4.564     6.430     0.000   86   -1   -1   -1
 633     4.572     1.877     0.000  323   -1   -1   -1
 634     4.575     3.334     0.000  240   -1   -1   -1
 635     4.583     2.669     0.000  269   -1   -1   -1
 636     4.583    -1.454     0.000  497   -1   -1   -1
 637     4.595     0.074     0.000  407   -1   -1   -1
 638     4.623    -2.677     0.000  547   -1   -1   -1
 639     4.627     2.617     0.000  275   -1   -1   -1
 640     4.629     2.857     0.000  264   -1   -1   -1
 641     4.674    -5.190     0.000  668   -1   -1   -1
 642     4.692     0.543     0.000  387   -1   -1   -1
 643     4.703    -3.182     0.000  579   -1   -1   -1
 644     4.738     3.062     0.000  255   -1   -1   -1
 645     4.757     8.333     0.000    3   -1   -1   -1
 646     4.766    -7.967     0.000  831   -1   -1   -1
 647     4.775     4.144     0.000  200   -1   -1   -1
 648     4.810    -7.535     0.000  804   -1   -1   -1
 649     4.863     3.358     0.000  239   -1   -1   -1
 650     4.896     5.119     0.000  146   -1   -1   -1
 651     4.909     3.612     0.000  227   -1   -1   -1
 652     4.910     5.243     0.000  141   -1   -1   -1
 653     4.910    -5.218     0.000  672   -1   -1   -1
 654     4.924     1.077     0.000  360   -1   -1   -1
 655     4.932     1.530     0.000  342   -1   -1   -1
 656     4.955    -2.806     0.000  551   -1   -1   -1
 657     4.977    -4.902     0.000  655   -1   -1   -1
 658     4.987    -6.511     0.000  751   -1   -1   -1
 659     5.000    -3.451     0.000  589   -1   -1   -1
 660     5.017    -8.222     0.000  842   -1   -1   -1
 661     5.026     8.122     0.000   14   -1   -1   -1
 662     5.028     8.079     0.000   17   -1   -1   -1
 663     5.041    -5.757     0.000  699   -1   -1   -1
 664     5.048    -2.914     0.000  560   -1   -1   -1
 665     5.056    -3.977     0.000  608   -1   -1   -1
 666     5.069     2.022     0.000  315   -1   -1   -1
 667     5.072     7.208     0.000   55   -1   -1   -1
 668     5.078     6.929     0.000   65   -1   -1   -1
 669     5.157    -5.796     0.000  703   -1   -1   -1
 670     5.174    -2.468     0.000  541   -1   -1   -1
 671     5.185     6.435     0.000   85   -1   -1   -1
 672     5.188     6.843     0.000   68   -1   -1   -1
 673     5.226     1.597     0.000  337   -1   -1   -1
 674     5.259     7.075     0.000   59   -1   -1   -1
 675     5.292     2.418     0.000  285   -1   -1   -1
 676     5.352     5.820     0.000  109   -1   -1   -1
 677     5.370    -7.645     0.000  810   -1   -1   -1
 678     5.376    -2.888     0.000  557   -1   -1   -1
 679     5.388    -7.779     0.000  818   -1   -1   -1
 680     5.396     2.808     0.000  265   -1   -1   -1
 681     5.429     2.003     0.000  316   -1   -1   -1
 682     5.448     6.055     0.000   99   -1   -1   -1
 683     5.452     1.395     0.000  346   -1   -1   -1
 684     5.484    -6.620     0.000  763   -1   -1   -1
 685     5.492    -5.110     0.000  666   -1   -1   -1
 686     5.519     2.060     0.000  312   -1   -1   -1
 687     5.531     4.496     0.000  183   -1   -1   -1
 688     5.575     0.053     0.000  410   -1   -1   -1
 689     5.583    -8.207     0.000  840   -1   -1   -1
 690     5.609     6.979     0.000   63   -1   -1   -1
 691     5.631     3.942     0.000  210   -1   -1   -1
 692     5.644    -0.636     0.000  447   -1   -1   -1
 693     5.664    -3.154     0.000  578   -1   -1   -1
 694     5.664    -5.806     0.000  705   -1   -1   -1
 695     5.688    -5.458     0.000  685   -1   -1   -1
 696     5.721     4.610     0.000  179   -1   -1   -1
 697     5.764    -2.438     0.000  537   -1   -1   -1
 698     5.797    -0.984     0.000  468   -1   -1   -1
 699     5.800     1.775     0.000  328   -1   -1   -1
 700     5.838    -8.006     0.000  833   -1   -1   -1
 701     5.864     1.995     0.000  318   -1   -1   -1
 702     5.869    -8.377     0.000  851   -1   -1   -1
 703     5.870     5.077     0.000  148   -1   -1   -1
 704     5.871    -0.747     0.000  455   -1   -1   -1
 705     5.874    -6.348     0.000  738   -1   -1   -1
 706     5.881    -6.454     0.000  746   -1   -1   -1
 707     5.942    -4.133     0.000  616   -1   -1   -1
 708     5.958     2.743     0.000  267   -1   -1   -1
 709     5.961    -5.283     0.000  675   -1   -1   -1
 710     5.987    -6.136     0.000  724   -1   -1   -1
 711     5.993     0.233     0.000  401   -1   -1   -1
 712     5.994    -4.323     0.000  623   -1   -1   -1
 713     6.021    -3.036     0.000  571   -1   -1   -1
 714     6.021     4.655     0.000  176   -1   -1   -1
 715     6.024    -5.424     0.000  683   -1   -1   -1
 716     6.034    -0.464     0.000  436   -1   -1   -1
 717     6.130     1.718     0.000  331   -1   -1   -1
 718     6.163    -6.612     0.000  762   -1   -1   -1
 719     6.172     3.878     0.000  212   -1   -1   -1
 720     6.173    -4.208     0.000  618   -1   -1   -1
 721     6.187     3.208     0.000  247   -1   -1   -1
 722     6.190     0.302     0.000  399   -1   -1   -1
 723     6.230    -6.469     0.000  748   -1   -1   -1
 724     6.254     7.276     0.000   51   -1   -1   -1
 725     6.268    -2.122     0.000  528   -1   -1   -1
 726     6.277    -2.919     0.000  561   -1   -1   -1
 727     6.292    -6.518     0.000  752   -1   -1   -1
 728     6.350     2.378     0.000  289   -1   -1   -1
 729     6.368    -4.256     0.000  621   -1   -1   -1
 730     6.383     7.028     0.000   62   -1   -1   -1
 731     6.433    -4.869     0.000  653   -1   -1   -1
 732     6.471    -5.942     0.000  714   -1   -1   -1
 733     6.473     4.119     0.000  202   -1   -1   -1
 734     6.486    -5.312     0.000  677   -1   -1   -1
 735     6.491     5.506     0.000  124   -1   -1   -1
 736     6.498    -2.048     0.000  526   -1   -1   -1
 737     6.513     6.913     0.000   66   -1   -1   -1
 738     6.529     4.682     0.000  175   -1   -1   -1
 739     6.533    -1.298     0.000  489   -1   -1   -1
 740     6.561     2.144     0.000  304   -1   -1   -1
 741     6.563    -1.271     0.000  485   -1   -1   -1
 742     6.563    -6.038     0.000  720   -1   -1   -1
 743     6.564     0.213     0.000  402   -1   -1   -1
 744     6.598    -0.569     0.000  442   -1   -1   -1
 745     6.604     2.889     0.000  261   -1   -1   -1
 746     6.612    -5.120     0.000  667   -1   -1   -1
 747     6.629    -5.309     0.000  676   -1   -1   -1
 748     6.650    -6.195     0.000  729   -1   -1   -1
 749     6.655     5.654     0.000  121   -1   -1   -1
 750     6.669    -5.490     0.000  688   -1   -1   -1
 751     6.699     6.599     0.000   81   -1   -1   -1
 752     6.701     0.451     0.000  389   -1   -1   -1
 753     6.717     3.202     0.000  248   -1   -1   -1
 754     6.719    -1.870     0.000  519   -1   -1   -1
 755     6.719     2.062     0.000  311   -1   -1   -1
 756     6.738     3.318     0.000  241   -1   -1   -1
 757     6.744    -6.029     0.000  719   -1   -1   -1
 758     6.748     2.078     0.000  308   -1   -1   -1
 759     6.767    -0.555     0.000  441   -1   -1   -1
 760     6.790    -0.758     0.000  456   -1   -1   -1
 761     6.833     5.237     0.000  143   -1   -1   -1
 762     6.843    -7.950     0.000  830   -1   -1   -1
 763     6.870     3.638     0.000  224   -1   -1   -1
 764     6.879    -4.912     0.000  657   -1   -1   -1
 765     6.893    -0.897     0.000  464   -1   -1   -1
 766     6.894    -2.628     0.000  546   -1   -1   -1
 767     6.906    -0.068     0.000  420   -1   -1   -1
 768     6.916     6.189     0.000   92   -1   -1   -1
 769     6.932    -0.672     0.000  448   -1   -1   -1
 770     6.950     0.449     0.000  390   -1   -1   -1
 771     6.967     2.106     0.000  305   -1   -1   -1
 772     6.990    -6.572     0.000  758   -1   -1   -1
 773     6.994    -8.419     0.000  854   -1   -1   -1
 774     6.995    -5.773     0.000  700   -1   -1   -1
 775     6.997     3.436     0.000  235   -1   -1   -1
 776     7.000     6.639     0.000   80   -1   -1   -1
 777     7.003     2.049     0.000  313   -1   -1   -1
 778     7.030     2.068     0.000  309   -1   -1   -1
 779     7.034    -4.017     0.000  610   -1   -1   -1
 780     7.036    -5.972     0.000  715   -1   -1   -1
 781     7.058    -8.313     0.000  848   -1   -1   -1
 782     7.066    -0.177     0.000  426   -1   -1   -1
 783     7.101     7.387     0.000   48   -1   -1   -1
 784     7.126    -6.142     0.000  726   -1   -1   -1
 785     7.128     7.557     0.000   41   -1   -1   -1
 786     7.147     6.534     0.000   83   -1   -1   -1
 787     7.181    -1.375     0.000  493   -1   -1   -1
 788     7.186     0.212     0.000  403   -1   -1   -1
 789     7.189    -3.952     0.000  607   -1   -1   -1
 790     7.237     4.999     0.000  151   -1   -1   -1
 791     7.238    -4.380     0.000  629   -1   -1   -1
 792     7.241     4.385     0.000  187   -1   -1   -1
 793     7.264     6.754     0.000   72   -1   -1   -1
 794     7.266    -7.190     0.000  792   -1   -1   -1
 795     7.279     4.321     0.000  190   -1   -1   -1
 796     7.294     5.641     0.000  122   -1   -1   -1
 797     7.296    -0.134     0.000  423   -1   -1   -1
 798     7.346     3.560     0.000  230   -1   -1   -1
 799     7.398     2.082     0.000  307   -1   -1   -1
 800     7.426    -5.725     0.000  697   -1   -1   -1
 801     7.452     4.784     0.000  168   -1   -1   -1
 802     7.471     5.279     0.000  137   -1   -1   -1
 803     7.482     4.438     0.000  184   -1   -1   -1
 804     7.484     4.802     0.000  167   -1   -1   -1
 805     7.505     4.596     0.000  181   -1   -1   -1
 806     7.506    -2.887     0.000  556   -1   -1   -1
 807     7.506    -8.377     0.000  852   -1   -1   -1
 808     7.535    -1.530     0.000  501   -1   -1   -1
 809     7.560     1.279     0.000  354   -1   -1   -1
 810     7.584     4.768     0.000  170   -1   -1   -1
 811     7.593     1.764     0.000  329   -1   -1   -1
 812     7.616     2.294     0.000  294   -1   -1   -1
 813     7.675    -8.169     0.000  837   -1   -1   -1
 814     7.695     7.757     0.000   30   -1   -1   -1
 815     7.697    -7.868     0.000  824   -1   -1   -1
 816     7.734    -2.971     0.000  564   -1   -1   -1
 817     7.749     8.267     0.000    6   -1   -1   -1
 818     7.775    -7.047     0.000  787   -1   -1   -1
 819     7.813    -0.843     0.000  460   -1   -1   -1
 820     7.820     6.742     0.000   73   -1   -1   -1
 821     7.882    -4.987     0.000  658   -1   -1   -1
 822     7.974    -0.715     0.000  453   -1   -1   -1
 823     7.975    -6.766     0.000  771   -1   -1   -1
 824     7.979    -0.422     0.000  433   -1   -1   -1
 825     7.982    -6.844     0.000  776   -1   -1   -1
 826     7.993    -1.180     0.000  478   -1   -1   -1
 827     7.998    -5.619     0.000  692   -1   -1   -1
 828     8.005     1.036     0.000  362   -1   -1   -1
 829     8.052    -0.617     0.000  446   -1   -1   -1
 830     8.058     4.397     0.000  186   -1   -1   -1
 831     8.073     3.176     0.000  249   -1   -1   -1
 832     8.084     3.144     0.000  250   -1   -1   -1
 833     8.102    -4.752     0.000  648   -1   -1   -1
 834     8.112    -0.222     0.000  427   -1   -1   -1
 835     8.120    -4.516     0.000  634   -1   -1   -1
 836     8.156     2.516     0.000  280   -1   -1   -1
 837     8.163     4.625     0.000  178   -1   -1   -1
 838     8.169     3.248     0.000  246   -1   -1   -1
 839     8.189    -6.296     0.000  734   -1   -1   -1
 840     8.196     4.802     0.000  166   -1   -1   -1
 841     8.215    -7.787     0.000  819   -1   -1   -1
 842     8.236    -3.386     0.000  588   -1   -1   -1
 843     8.237    -6.018     0.000  717   -1   -1   -1
 844     8.240     7.274     0.000   52   -1   -1   -1
 845     8.278    -1.880     0.000  521   -1   -1   -1
 846     8.280    -7.321     0.000  797   -1   -1   -1
 847     8.313    -4.379     0.000  628   -1   -1   -1
 848     8.323     7.044     0.000   61   -1   -1   -1
 849     8.326     1.353     0.000  350   -1   -1   -1
 850     8.349     8.199     0.000   11   -1   -1   -1
 851     8.353     7.597     0.000   39   -1   -1   -1
 852     8.373    -8.206     0.000  839   -1   -1   -1
 853     8.379    -0.152     0.000  424   -1   -1   -1
 854     8.380     0.683     0.000  377   -1   -1   -1
 855     8.395    -4.622     0.000  640   -1   -1   -1
 856     8.413     1.108     0.000  358   -1   -1   -1
 857     8.420    -2.465     0.000  540   -1   -1   -1
