857
   1    -8.399     7.537     0.000   37   -1   -1   -1
   2    -8.381    -6.904     0.000  770   -1   -1   -1
   3    -8.373    -3.321     0.000  572   -1   -1   -1
   4    -8.353    -8.169     0.000  839   -1   -1   -1
   5    -8.343    -4.644     0.000  637   -1   -1   -1
   6    -8.302     1.205     0.000  345   -1   -1   -1
   7    -8.298     0.537     0.000  378   -1   -1   -1
   8    -8.287    -1.807     0.000  503   -1   -1   -1
   9    -8.276     6.850     0.000   65   -1   -1   -1
  10    -8.243    -8.266     0.000  842   -1   -1   -1
  11    -8.228     4.227     0.000  195   -1   -1   -1
  12    -8.213     1.564     0.000  331   -1   -1   -1
  13    -8.209    -7.944     0.000  825   -1   -1   -1
  14    -8.185     1.513     0.000  334   -1   -1   -1
  15    -8.179    -3.054     0.000  556   -1   -1   -1
  16    -8.178     4.419     0.000  185   -1   -1   -1
  17    -8.139     6.491     0.000   84   -1   -1   -1
  18    -8.120     2.614     0.000  277   -1   -1   -1
  19    -8.119    -2.520     0.000  533   -1   -1   -1
  20    -8.076     1.347     0.000  337   -1   -1   -1
  21    -8.040     2.236     0.000  299   -1   -1   -1
  22    -8.037    -7.420     0.000  798   -1   -1   -1
  23    -8.011    -6.269     0.000  735   -1   -1   -1
  24    -7.999     6.567     0.000   81   -1   -1   -1
  25    -7.982    -3.835     0.000  589   -1   -1   -1
  26    -7.939     5.653     0.000  114   -1   -1   -1
  27    -7.924    -0.965     0.000  457   -1   -1   -1
  28    -7.914    -6.993     0.000  775   -1   -1   -1
  29    -7.899     0.817     0.000  361   -1   -1   -1
  30    -7.896    -0.186     0.000  420   -1   -1   -1
  31    -7.885     2.322     0.000  293   -1   -1   -1
  32    -7.854     4.087     0.000  197   -1   -1   -1
  33    -7.852    -6.132     0.000  721   -1   -1   -1
  34    -7.830     3.842     0.000  212   -1   -1   -1
  35    -7.830     3.878     0.000  208   -1   -1   -1
  36    -7.824     7.178     0.000   51   -1   -1   -1
  37    -7.815    -4.860     0.000  652   -1   -1   -1
  38    -7.807    -6.181     0.000  726   -1   -1   -1
  39    -7.801     2.484     0.000  286   -1   -1   -1
  40    -7.798     4.987     0.000  150   -1   -1   -1
  41    -7.782    -2.765     0.000  544   -1   -1   -1
  42    -7.768    -5.146     0.000  666   -1   -1   -1
  43    -7.764    -6.271     0.000  736   -1   -1   -1
  44    -7.755    -4.648     0.000  638   -1   -1   -1
  45    -7.756     1.971     0.000  315   -1   -1   -1
  46    -7.751     5.233     0.000  135   -1   -1   -1
  47    -7.751     7.139     0.000   54   -1   -1   -1
  48    -7.750    -6.748     0.000  761   -1   -1   -1
  49    -7.726    -0.692     0.000  444   -1   -1   -1
  50    -7.693     7.117     0.000   56   -1   -1   -1
  51    -7.681     6.647     0.000   77   -1   -1   -1
  52    -7.609     4.948     0.000  153   -1   -1   -1
  53    -7.585    -6.915     0.000  771   -1   -1   -1
  54    -7.573     0.417     0.000  385   -1   -1   -1
  55    -7.550    -0.006     0.000  405   -1   -1   -1
  56    -7.540    -0.698     0.000  445   -1   -1   -1
  57    -7.536     8.227     0.000    9   -1   -1   -1
  58    -7.523    -5.457     0.000  682   -1   -1   -1
  59    -7.511    -1.110     0.000  465   -1   -1   -1
  60    -7.482     3.616     0.000  220   -1   -1   -1
  61    -7.478     7.990     0.000   22   -1   -1   -1
  62    -7.412    -1.444     0.000  481   -1   -1   -1
  63    -7.390     3.677     0.000  217   -1   -1   -1
  64    -7.374    -5.414     0.000  677   -1   -1   -1
  65    -7.362    -6.220     0.000  731   -1   -1   -1
  66    -7.356     2.311     0.000  294   -1   -1   -1
  67    -7.329    -5.110     0.000  663   -1   -1   -1
  68    -7.322    -5.422     0.000  679   -1   -1   -1
  69    -7.312     3.851     0.000  211   -1   -1   -1
  70    -7.309     5.392     0.000  123   -1   -1   -1
  71    -7.292     0.093     0.000  397   -1   -1   -1
  72    -7.249     3.239     0.000  238   -1   -1   -1
  73    -7.246     6.135     0.000   96   -1   -1   -1
  74    -7.243    -8.389     0.000  855   -1   -1   -1
  75    -7.184    -7.565     0.000  803   -1   -1   -1
  76    -7.177     7.645     0.000   31   -1   -1   -1
  77    -7.162     6.080     0.000   98   -1   -1   -1
  78    -7.160     5.092     0.000  146   -1   -1   -1
  79    -7.152     4.736     0.000  169   -1   -1   -1
  80    -7.151     4.039     0.000  199   -1   -1   -1
  81    -7.149    -8.142     0.000  838   -1   -1   -1
  82    -7.139    -2.431     0.000  527   -1   -1   -1
  83    -7.135     7.291     0.000   45   -1   -1   -1
  84    -7.130    -7.767     0.000  816   -1   -1   -1
  85    -7.120     7.453     0.000   41   -1   -1   -1
  86    -7.114    -7.147     0.000  784   -1   -1   -1
  87    -7.094     4.983     0.000  151   -1   -1   -1
  88    -7.049    -5.449     0.000  681   -1   -1   -1
  89    -7.029     0.018     0.000  404   -1   -1   -1
  90    -7.015     1.959     0.000  316   -1   -1   -1
  91    -6.997    -6.807     0.000  765   -1   -1   -1
  92    -6.993     4.430     0.000  183   -1   -1   -1
  93    -6.986    -2.418     0.000  526   -1   -1   -1
  94    -6.983     4.330     0.000  189   -1   -1   -1
  95    -6.978    -6.638     0.000  754   -1   -1   -1
  96    -6.970    -0.392     0.000  426   -1   -1   -1
  97    -6.957     5.109     0.000  142   -1   -1   -1
  98    -6.920     5.409     0.000  122   -1   -1   -1
  99    -6.913     3.369     0.000  232   -1   -1   -1
 100    -6.910    -0.840     0.000  449   -1   -1   -1
 101    -6.898     2.894     0.000  258   -1   -1   -1
 102    -6.875    -1.224     0.000  469   -1   -1   -1
 103    -6.872    -6.493     0.000  747   -1   -1   -1
 104    -6.848     7.547     0.000   35   -1   -1   -1
 105    -6.813    -7.531     0.000  801   -1   -1   -1
 106    -6.801     1.301     0.000  341   -1   -1   -1
 107    -6.792    -5.472     0.000  684   -1   -1   -1
 108    -6.764     2.406     0.000  289   -1   -1   -1
 109    -6.737    -0.888     0.000  452   -1   -1   -1
 110    -6.730    -0.247     0.000  422   -1   -1   -1
 111    -6.714     4.285     0.000  192   -1   -1   -1
 112    -6.689     1.346     0.000  338   -1   -1   -1
 113    -6.688     1.664     0.000  326   -1   -1   -1
 114    -6.642     2.368     0.000  291   -1   -1   -1
 115    -6.639     3.534     0.000  227   -1   -1   -1
 116    -6.609     5.767     0.000  111   -1   -1   -1
 117    -6.594    -4.378     0.000  620   -1   -1   -1
 118    -6.589     6.970     0.000   60   -1   -1   -1
 119    -6.550    -6.392     0.000  741   -1   -1   -1
 120    -6.518     7.611     0.000   33   -1   -1   -1
 121    -6.506    -6.273     0.000  737   -1   -1   -1
 122    -6.505     3.052     0.000  248   -1   -1   -1
 123    -6.490    -4.800     0.000  647   -1   -1   -1
 124    -6.439     0.135     0.000  394   -1   -1   -1
 125    -6.372     4.867     0.000  157   -1   -1   -1
 126    -6.357    -0.503     0.000  433   -1   -1   -1
 127    -6.338     8.129     0.000   13   -1   -1   -1
 128    -6.322    -7.919     0.000  821   -1   -1   -1
 129    -6.322    -0.102     0.000  413   -1   -1   -1
 130    -6.300     0.093     0.000  398   -1   -1   -1
 131    -6.284    -5.875     0.000  706   -1   -1   -1
 132    -6.267    -1.677     0.000  492   -1   -1   -1
 133    -6.243     0.983     0.000  353   -1   -1   -1
 134    -6.204     2.493     0.000  285   -1   -1   -1
 135    -6.176     4.869     0.000  156   -1   -1   -1
 136    -6.172    -5.295     0.000  672   -1   -1   -1
 137    -6.164     3.361     0.000  233   -1   -1   -1
 138    -6.157     2.730     0.000  268   -1   -1   -1
 139    -6.134    -7.691     0.000  811   -1   -1   -1
 140    -6.113     1.236     0.000  344   -1   -1   -1
 141    -6.112     7.347     0.000   44   -1   -1   -1
 142    -6.103    -4.713     0.000  642   -1   -1   -1
 143    -6.100    -6.687     0.000  759   -1   -1   -1
 144    -6.093    -1.093     0.000  464   -1   -1   -1
 145    -6.077     6.274     0.000   93   -1   -1   -1
 146    -6.044     3.695     0.000  216   -1   -1   -1
 147    -6.021     7.841     0.000   26   -1   -1   -1
 148    -5.998    -7.818     0.000  818   -1   -1   -1
 149    -5.974    -0.470     0.000  429   -1   -1   -1
 150    -5.960     3.072     0.000  245   -1   -1   -1
 151    -5.959     6.800     0.000   67   -1   -1   -1
 152    -5.931    -6.383     0.000  740   -1   -1   -1
 153    -5.930    -7.393     0.000  797   -1   -1   -1
 154    -5.917     4.849     0.000  159   -1   -1   -1
 155    -5.893    -5.929     0.000  708   -1   -1   -1
 156    -5.888    -0.034     0.000  409   -1   -1   -1
 157    -5.870    -1.678     0.000  493   -1   -1   -1
 158    -5.844    -7.389     0.000  796   -1   -1   -1
 159    -5.841    -1.936     0.000  508   -1   -1   -1
 160    -5.839     0.610     0.000  374   -1   -1   -1
 161    -5.838     4.690     0.000  171   -1   -1   -1
 162    -5.804    -4.603     0.000  633   -1   -1   -1
 163    -5.755    -5.905     0.000  707   -1   -1   -1
 164    -5.742    -4.137     0.000  598   -1   -1   -1
 165    -5.711     7.405     0.000   42   -1   -1   -1
 166    -5.695    -7.944     0.000  824   -1   -1   -1
 167    -5.687     1.908     0.000  318   -1   -1   -1
 168    -5.674     5.741     0.000  113   -1   -1   -1
 169    -5.653     0.739     0.000  365   -1   -1   -1
 170    -5.638    -0.893     0.000  453   -1   -1   -1
 171    -5.631    -1.792     0.000  500   -1   -1   -1
 172    -5.608     7.233     0.000   48   -1   -1   -1
 173    -5.583     0.283     0.000  389   -1   -1   -1
 174    -5.574     6.027     0.000  102   -1   -1   -1
 175    -5.545    -4.999     0.000  658   -1   -1   -1
 176    -5.543    -3.115     0.000  562   -1   -1   -1
 177    -5.539     2.664     0.000  273   -1   -1   -1
 178    -5.514    -0.685     0.000  442   -1   -1   -1
 179    -5.476     4.786     0.000  165   -1   -1   -1
 180    -5.462    -7.512     0.000  800   -1   -1   -1
 181    -5.453     5.217     0.000  139   -1   -1   -1
 182    -5.394    -4.523     0.000  627   -1   -1   -1
 183    -5.384    -8.107     0.000  836   -1   -1   -1
 184    -5.370    -0.601     0.000  437   -1   -1   -1
 185    -5.350    -1.411     0.000  478   -1   -1   -1
 186    -5.330     3.805     0.000  213   -1   -1   -1
 187    -5.302    -3.086     0.000  559   -1   -1   -1
 188    -5.280     2.066     0.000  308   -1   -1   -1
 189    -5.276     0.706     0.000  368   -1   -1   -1
 190    -5.244    -3.759     0.000  586   -1   -1   -1
 191    -5.237    -4.697     0.000  641   -1   -1   -1
 192    -5.179    -2.452     0.000  528   -1   -1   -1
 193    -5.176    -6.678     0.000  758   -1   -1   -1
 194    -5.176    -4.825     0.000  649   -1   -1   -1
 195    -5.171    -1.552     0.000  485   -1   -1   -1
 196    -5.117    -3.897     0.000  592   -1   -1   -1
 197    -5.115    -0.073     0.000  411   -1   -1   -1
 198    -5.093    -5.250     0.000  671   -1   -1   -1
 199    -5.057    -0.008     0.000  406   -1   -1   -1
 200    -5.055     1.560     0.000  333   -1   -1   -1
 201    -5.036     0.532     0.000  379   -1   -1   -1
 202    -5.032    -3.443     0.000  577   -1   -1   -1
 203    -5.005     5.098     0.000  144   -1   -1   -1
 204    -4.981    -0.318     0.000  424   -1   -1   -1
 205    -4.978    -4.331     0.000  614   -1   -1   -1
 206    -4.958    -7.799     0.000  817   -1   -1   -1
 207    -4.949    -1.322     0.000  474   -1   -1   -1
 208    -4.947     3.909     0.000  203   -1   -1   -1
 209    -4.946     3.727     0.000  215   -1   -1   -1
 210    -4.926     8.384     0.000    0   -1   -1   -1
 211    -4.911    -7.656     0.000  807   -1   -1   -1
 212    -4.909     8.222     0.000   10   -1   -1   -1
 213    -4.905    -1.402     0.000  477   -1   -1   -1
 214    -4.900    -4.283     0.000  607   -1   -1   -1
 215    -4.894    -5.029     0.000  660   -1   -1   -1
 216    -4.894     0.686     0.000  370   -1   -1   -1
 217    -4.881    -2.792     0.000  545   -1   -1   -1
 218    -4.840    -4.300     0.000  609   -1   -1   -1
 219    -4.839     1.643     0.000  328   -1   -1   -1
 220    -4.824     0.079     0.000  399   -1   -1   -1
 221    -4.819    -8.040     0.000  831   -1   -1   -1
 222    -4.807    -5.851     0.000  704   -1   -1   -1
 223    -4.804     3.804     0.000  214   -1   -1   -1
 224    -4.734    -5.062     0.000  662   -1   -1   -1
 225    -4.702     4.462     0.000  182   -1   -1   -1
 226    -4.689     2.703     0.000  270   -1   -1   -1
 227    -4.683    -6.810     0.000  766   -1   -1   -1
 228    -4.679     5.785     0.000  110   -1   -1   -1
 229    -4.667    -4.744     0.000  643   -1   -1   -1
 230    -4.659     2.655     0.000  275   -1   -1   -1
 231    -4.627     3.382     0.000  231   -1   -1   -1
 232    -4.608     3.589     0.000  221   -1   -1   -1
 233    -4.601     2.512     0.000  283   -1   -1   -1
 234    -4.536     2.575     0.000  281   -1   -1   -1
 235    -4.507     0.625     0.000  373   -1   -1   -1
 236    -4.499     2.177     0.000  301   -1   -1   -1
 237    -4.437    -6.018     0.000  715   -1   -1   -1
 238    -4.435    -4.359     0.000  619   -1   -1   -1
 239    -4.422     0.868     0.000  357   -1   -1   -1
 240    -4.399    -6.664     0.000  755   -1   -1   -1
 241    -4.387    -4.458     0.000  623   -1   -1   -1
 242    -4.381    -6.459     0.000  744   -1   -1   -1
 243    -4.364     1.010     0.000  352   -1   -1   -1
 244    -4.361     3.478     0.000  228   -1   -1   -1
 245    -4.335     7.394     0.000   43   -1   -1   -1
 246    -4.330     4.801     0.000  162   -1   -1   -1
 247    -4.311     1.172     0.000  348   -1   -1   -1
 248    -4.307    -4.491     0.000  626   -1   -1   -1
 249    -4.307     0.650     0.000  372   -1   -1   -1
 250    -4.297     2.413     0.000  287   -1   -1   -1
 251    -4.238    -1.986     0.000  510   -1   -1   -1
 252    -4.205    -1.171     0.000  466   -1   -1   -1
 253    -4.150    -2.482     0.000  531   -1   -1   -1
 254    -4.130    -0.455     0.000  428   -1   -1   -1
 255    -4.103     5.751     0.000  112   -1   -1   -1
 256    -4.095    -7.537     0.000  802   -1   -1   -1
 257    -4.094     3.385     0.000  230   -1   -1   -1
 258    -4.093     2.091     0.000  306   -1   -1   -1
 259    -4.083    -4.755     0.000  644   -1   -1   -1
 260    -4.077     2.604     0.000  279   -1   -1   -1
 261    -4.061     1.658     0.000  327   -1   -1   -1
 262    -4.050     2.624     0.000  276   -1   -1   -1
 263    -4.018    -4.828     0.000  650   -1   -1   -1
 264    -3.995     5.362     0.000  126   -1   -1   -1
 265    -3.995    -1.426     0.000  479   -1   -1   -1
 266    -3.993     3.279     0.000  237   -1   -1   -1
 267    -3.947    -6.130     0.000  720   -1   -1   -1
 268    -3.946    -7.262     0.000  789   -1   -1   -1
 269    -3.818    -6.253     0.000  734   -1   -1   -1
 270    -3.794     8.297     0.000    5   -1   -1   -1
 271    -3.792     2.198     0.000  300   -1   -1   -1
 272    -3.775    -0.174     0.000  417   -1   -1   -1
 273    -3.746    -7.344     0.000  793   -1   -1   -1
 274    -3.739     7.882     0.000   25   -1   -1   -1
 275    -3.725    -3.641     0.000  583   -1   -1   -1
 276    -3.712    -4.590     0.000  632   -1   -1   -1
 277    -3.704    -7.102     0.000  781   -1   -1   -1
 278    -3.702    -8.043     0.000  832   -1   -1   -1
 279    -3.696    -4.342     0.000  617   -1   -1   -1
 280    -3.681     7.834     0.000   27   -1   -1   -1
 281    -3.634     0.895     0.000  356   -1   -1   -1
 282    -3.571    -0.912     0.000  455   -1   -1   -1
 283    -3.550     7.926     0.000   23   -1   -1   -1
 284    -3.533     6.380     0.000   89   -1   -1   -1
 285    -3.527     8.215     0.000   11   -1   -1   -1
 286    -3.471     2.963     0.000  255   -1   -1   -1
 287    -3.464    -8.361     0.000  853   -1   -1   -1
 288    -3.454     0.355     0.000  386   -1   -1   -1
 289    -3.409    -2.481     0.000  530   -1   -1   -1
 290    -3.397     0.109     0.000  396   -1   -1   -1
 291    -3.385     3.643     0.000  218   -1   -1   -1
 292    -3.322     5.455     0.000  121   -1   -1   -1
 293    -3.313     3.892     0.000  205   -1   -1   -1
 294    -3.290     2.750     0.000  266   -1   -1   -1
 295    -3.286     1.038     0.000  350   -1   -1   -1
 296    -3.230     4.750     0.000  168   -1   -1   -1
 297    -3.227     0.511     0.000  380   -1   -1   -1
 298    -3.196     2.697     0.000  271   -1   -1   -1
 299    -3.156    -4.477     0.000  625   -1   -1   -1
 300    -3.145    -1.720     0.000  495   -1   -1   -1
 301    -3.120     2.658     0.000  274   -1   -1   -1
 302    -3.105     2.973     0.000  252   -1   -1   -1
 303    -3.102    -5.845     0.000  703   -1   -1   -1
 304    -3.093    -3.271     0.000  571   -1   -1   -1
 305    -3.087     3.552     0.000  224   -1   -1   -1
 306    -3.065    -0.243     0.000  421   -1   -1   -1
 307    -3.064     3.922     0.000  201   -1   -1   -1
 308    -3.059     8.020     0.000   20   -1   -1   -1
 309    -3.027    -5.716     0.000  696   -1   -1   -1
 310    -2.973    -2.702     0.000  543   -1   -1   -1
 311    -2.909     4.589     0.000  178   -1   -1   -1
 312    -2.906    -6.194     0.000  728   -1   -1   -1
 313    -2.877    -8.003     0.000  828   -1   -1   -1
 314    -2.854     7.221     0.000   49   -1   -1   -1
 315    -2.852     8.087     0.000   17   -1   -1   -1
 316    -2.772    -7.743     0.000  814   -1   -1   -1
 317    -2.730     2.612     0.000  278   -1   -1   -1
 318    -2.715     5.826     0.000  106   -1   -1   -1
 319    -2.713     2.824     0.000  263   -1   -1   -1
 320    -2.694     3.549     0.000  225   -1   -1   -1
 321    -2.689     6.772     0.000   69   -1   -1   -1
 322    -2.680    -5.935     0.000  709   -1   -1   -1
 323    -2.665    -4.331     0.000  613   -1   -1   -1
 324    -2.630    -4.606     0.000  635   -1   -1   -1
 325    -2.623    -7.764     0.000  815   -1   -1   -1
 326    -2.606     6.691     0.000   74   -1   -1   -1
 327    -2.586    -2.414     0.000  525   -1   -1   -1
 328    -2.578     8.327     0.000    2   -1   -1   -1
 329    -2.530    -7.280     0.000  791   -1   -1   -1
 330    -2.514     0.846     0.000  360   -1   -1   -1
 331    -2.489    -3.513     0.000  582   -1   -1   -1
 332    -2.482     0.422     0.000  383   -1   -1   -1
 333    -2.481     8.323     0.000    4   -1   -1   -1
 334    -2.451    -1.034     0.000  462   -1   -1   -1
 335    -2.448    -0.183     0.000  419   -1   -1   -1
 336    -2.432    -6.183     0.000  727   -1   -1   -1
 337    -2.397    -2.612     0.000  539   -1   -1   -1
 338    -2.334    -5.809     0.000  701   -1   -1   -1
 339    -2.322     4.787     0.000  164   -1   -1   -1
 340    -2.318    -7.105     0.000  782   -1   -1   -1
 341    -2.313    -0.713     0.000  446   -1   -1   -1
 342    -2.244     1.180     0.000  346   -1   -1   -1
 343    -2.230     5.944     0.000  103   -1   -1   -1
 344    -2.223    -2.212     0.000  520   -1   -1   -1
 345    -2.208    -1.778     0.000  498   -1   -1   -1
 346    -2.199    -3.069     0.000  558   -1   -1   -1
 347    -2.187    -4.287     0.000  608   -1   -1   -1
 348    -2.170     5.315     0.000  127   -1   -1   -1
 349    -2.136     3.083     0.000  244   -1   -1   -1
 350    -2.096    -1.655     0.000  489   -1   -1   -1
 351    -2.047     6.920     0.000   62   -1   -1   -1
 352    -2.033    -1.779     0.000  499   -1   -1   -1
 353    -2.009     1.795     0.000  321   -1   -1   -1
 354    -1.942    -4.604     0.000  634   -1   -1   -1
 355    -1.891     1.717     0.000  324   -1   -1   -1
 356    -1.811     3.573     0.000  223   -1   -1   -1
 357    -1.779     6.719     0.000   72   -1   -1   -1
 358    -1.752     3.883     0.000  207   -1   -1   -1
 359    -1.741    -6.150     0.000  723   -1   -1   -1
 360    -1.736    -4.545     0.000  630   -1   -1   -1
 361    -1.697     4.497     0.000  180   -1   -1   -1
 362    -1.694     5.534     0.000  120   -1   -1   -1
 363    -1.686     7.614     0.000   32   -1   -1   -1
 364    -1.682    -2.794     0.000  546   -1   -1   -1
 365    -1.660     2.170     0.000  303   -1   -1   -1
 366    -1.657     1.241     0.000  343   -1   -1   -1
 367    -1.638    -2.700     0.000  542   -1   -1   -1
 368    -1.633     3.891     0.000  206   -1   -1   -1
 369    -1.584    -5.596     0.000  690   -1   -1   -1
 370    -1.572    -5.951     0.000  710   -1   -1   -1
 371    -1.571     7.167     0.000   52   -1   -1   -1
 372    -1.379    -1.799     0.000  502   -1   -1   -1
 373    -1.366     5.379     0.000  125   -1   -1   -1
 374    -1.353     4.684     0.000  172   -1   -1   -1
 375    -1.318     7.475     0.000   40   -1   -1   -1
 376    -1.314     2.864     0.000  260   -1   -1   -1
 377    -1.238    -2.108     0.000  514   -1   -1   -1
 378    -1.164     3.194     0.000  240   -1   -1   -1
 379    -1.114     0.713     0.000  367   -1   -1   -1
 380    -1.054    -8.291     0.000  843   -1   -1   -1
 381    -1.052     3.892     0.000  204   -1   -1   -1
 382    -1.042    -2.396     0.000  524   -1   -1   -1
 383    -1.019     4.950     0.000  152   -1   -1   -1
 384    -1.015    -1.886     0.000  506   -1   -1   -1
 385    -0.980    -4.697     0.000  640   -1   -1   -1
 386    -0.979    -4.243     0.000  604   -1   -1   -1
 387    -0.971     4.381     0.000  187   -1   -1   -1
 388    -0.948    -6.246     0.000  733   -1   -1   -1
 389    -0.890    -7.879     0.000  820   -1   -1   -1
 390    -0.790    -6.789     0.000  763   -1   -1   -1
 391    -0.763    -3.974     0.000  595   -1   -1   -1
 392    -0.731    -4.634     0.000  636   -1   -1   -1
 393    -0.641    -3.475     0.000  581   -1   -1   -1
 394    -0.605    -1.795     0.000  501   -1   -1   -1
 395    -0.577    -3.011     0.000  555   -1   -1   -1
 396    -0.530    -6.160     0.000  724   -1   -1   -1
 397    -0.503    -3.234     0.000  567   -1   -1   -1
 398    -0.477    -3.657     0.000  584   -1   -1   -1
 399    -0.477    -7.082     0.000  779   -1   -1   -1
 400    -0.446    -5.493     0.000  686   -1   -1   -1
 401    -0.444    -5.827     0.000  702   -1   -1   -1
 402    -0.363    -2.593     0.000  538   -1   -1   -1
 403    -0.325    -1.673     0.000  491   -1   -1   -1
 404    -0.182     4.819     0.000  160   -1   -1   -1
 405    -0.059     8.249     0.000    7   -1   -1   -1
 406    -0.047     0.421     0.000  384   -1   -1   -1
 407    -0.042    -6.856     0.000  768   -1   -1   -1
 408     0.004    -7.296     0.000  792   -1   -1   -1
 409     0.030    -4.927     0.000  656   -1   -1   -1
 410     0.229    -4.531     0.000  628   -1   -1   -1
 411     0.246     5.252     0.000  134   -1   -1   -1
 412     0.281    -4.662     0.000  639   -1   -1   -1
 413     0.313    -8.418     0.000  856   -1   -1   -1
 414     0.337     2.255     0.000  297   -1   -1   -1
 415     0.346     6.662     0.000   76   -1   -1   -1
 416     0.361    -2.175     0.000  518   -1   -1   -1
 417     0.381    -0.349     0.000  425   -1   -1   -1
 418     0.502     5.381     0.000  124   -1   -1   -1
 419     0.510     3.022     0.000  250   -1   -1   -1
 420     0.515    -4.321     0.000  610   -1   -1   -1
 421     0.615     4.296     0.000  191   -1   -1   -1
 422     0.640     6.701     0.000   73   -1   -1   -1
 423     0.672    -0.183     0.000  418   -1   -1   -1
 424     0.673    -5.632     0.000  691   -1   -1   -1
 425     0.725    -4.324     0.000  611   -1   -1   -1
 426     0.825     4.021     0.000  200   -1   -1   -1
 427     0.860    -3.381     0.000  575   -1   -1   -1
 428     0.889    -5.590     0.000  689   -1   -1   -1
 429     0.904    -1.515     0.000  483   -1   -1   -1
 430     0.940     2.964     0.000  254   -1   -1   -1
 431     0.943    -1.007     0.000  460   -1   -1   -1
 432     0.972    -3.451     0.000  578   -1   -1   -1
 433     1.002     6.675     0.000   75   -1   -1   -1
 434     1.012    -6.698     0.000  760   -1   -1   -1
 435     1.029    -2.189     0.000  519   -1   -1   -1
 436     1.056     0.266     0.000  390   -1   -1   -1
 437     1.094    -6.921     0.000  772   -1   -1   -1
 438     1.120    -4.179     0.000  601   -1   -1   -1
 439     1.187     0.021     0.000  403   -1   -1   -1
 440     1.196     6.344     0.000   92   -1   -1   -1
 441     1.222    -4.864     0.000  653   -1   -1   -1
 442     1.248    -1.462     0.000  482   -1   -1   -1
 443     1.259    -2.307     0.000  522   -1   -1   -1
 444     1.264    -3.240     0.000  568   -1   -1   -1
 445     1.277    -7.100     0.000  780   -1   -1   -1
 446     1.351     0.761     0.000  364   -1   -1   -1
 447     1.360     6.779     0.000   68   -1   -1   -1
 448     1.373    -3.857     0.000  591   -1   -1   -1
 449     1.419    -7.696     0.000  812   -1   -1   -1
 450     1.445    -3.808     0.000  588   -1   -1   -1
 451     1.470     5.201     0.000  140   -1   -1   -1
 452     1.491     8.074     0.000   18   -1   -1   -1
 453     1.508    -5.651     0.000  693   -1   -1   -1
 454     1.517     3.312     0.000  234   -1   -1   -1
 455     1.572    -8.022     0.000  829   -1   -1   -1
 456     1.615    -3.252     0.000  569   -1   -1   -1
 457     1.632     1.900     0.000  319   -1   -1   -1
 458     1.642    -3.714     0.000  585   -1   -1   -1
 459     1.685     0.231     0.000  391   -1   -1   -1
 460     1.724     0.854     0.000  358   -1   -1   -1
 461     1.743     2.948     0.000  256   -1   -1   -1
 462     1.743    -6.605     0.000  751   -1   -1   -1
 463     1.785    -4.212     0.000  602   -1   -1   -1
 464     1.785    -4.824     0.000  648   -1   -1   -1
 465     1.809     7.514     0.000   38   -1   -1   -1
 466     1.818     0.570     0.000  377   -1   -1   -1
 467     1.821    -2.883     0.000  548   -1   -1   -1
 468     1.821     5.096     0.000  145   -1   -1   -1
 469     1.822    -6.974     0.000  773   -1   -1   -1
 470     1.857    -8.078     0.000  835   -1   -1   -1
 471     1.900     0.939     0.000  354   -1   -1   -1
 472     1.918    -4.167     0.000  600   -1   -1   -1
 473     1.938     3.057     0.000  246   -1   -1   -1
 474     1.943     5.793     0.000  109   -1   -1   -1
 475     1.999    -0.031     0.000  408   -1   -1   -1
 476     2.003    -2.383     0.000  523   -1   -1   -1
 477     2.007     0.917     0.000  355   -1   -1   -1
 478     2.091    -1.657     0.000  490   -1   -1   -1
 479     2.092     6.382     0.000   88   -1   -1   -1
 480     2.100    -1.263     0.000  470   -1   -1   -1
 481     2.101    -7.697     0.000  813   -1   -1   -1
 482     2.103    -4.791     0.000  646   -1   -1   -1
 483     2.117    -6.623     0.000  753   -1   -1   -1
 484     2.118     1.174     0.000  347   -1   -1   -1
 485     2.121     7.242     0.000   47   -1   -1   -1
 486     2.128    -3.841     0.000  590   -1   -1   -1
 487     2.169    -0.292     0.000  423   -1   -1   -1
 488     2.176     6.135     0.000   97   -1   -1   -1
 489     2.193    -0.497     0.000  432   -1   -1   -1
 490     2.234     5.808     0.000  108   -1   -1   -1
 491     2.247    -6.833     0.000  767   -1   -1   -1
 492     2.271     6.461     0.000   85   -1   -1   -1
 493     2.291    -1.598     0.000  487   -1   -1   -1
 494     2.313    -7.574     0.000  804   -1   -1   -1
 495     2.313    -3.222     0.000  565   -1   -1   -1
 496     2.319    -3.091     0.000  561   -1   -1   -1
 497     2.334    -1.081     0.000  463   -1   -1   -1
 498     2.340     5.222     0.000  138   -1   -1   -1
 499     2.343     4.229     0.000  194   -1   -1   -1
 500     2.354     5.123     0.000  141   -1   -1   -1
 501     2.369     0.719     0.000  366   -1   -1   -1
 502     2.372    -5.224     0.000  670   -1   -1   -1
 503     2.379     5.918     0.000  104   -1   -1   -1
 504     2.384     6.049     0.000  100   -1   -1   -1
 505     2.397    -3.760     0.000  587   -1   -1   -1
 506     2.477    -3.230     0.000  566   -1   -1   -1
 507     2.504     5.303     0.000  128   -1   -1   -1
 508     2.517     4.252     0.000  193   -1   -1   -1
 509     2.550     3.856     0.000  210   -1   -1   -1
 510     2.579    -3.270     0.000  570   -1   -1   -1
 511     2.608    -5.146     0.000  665   -1   -1   -1
 512     2.639     2.291     0.000  295   -1   -1   -1
 513     2.642    -1.353     0.000  475   -1   -1   -1
 514     2.672     7.511     0.000   39   -1   -1   -1
 515     2.681     8.121     0.000   14   -1   -1   -1
 516     2.682    -6.589     0.000  750   -1   -1   -1
 517     2.682     2.810     0.000  264   -1   -1   -1
 518     2.714     5.259     0.000  132   -1   -1   -1
 519     2.775     2.530     0.000  282   -1   -1   -1
 520     2.794    -6.670     0.000  757   -1   -1   -1
 521     2.801    -2.489     0.000  532   -1   -1   -1
 522     2.814    -6.220     0.000  730   -1   -1   -1
 523     2.818     0.057     0.000  401   -1   -1   -1
 524     2.855    -0.008     0.000  407   -1   -1   -1
 525     2.877     6.372     0.000   90   -1   -1   -1
 526     2.910     4.857     0.000  158   -1   -1   -1
 527     2.913    -1.618     0.000  488   -1   -1   -1
 528     2.949     7.135     0.000   55   -1   -1   -1
 529     2.978    -5.188     0.000  668   -1   -1   -1
 530     2.981    -6.010     0.000  714   -1   -1   -1
 531     3.016     2.731     0.000  267   -1   -1   -1
 532     3.058    -2.550     0.000  536   -1   -1   -1
 533     3.062     5.584     0.000  118   -1   -1   -1
 534     3.068     2.668     0.000  272   -1   -1   -1
 535     3.078     0.594     0.000  375   -1   -1   -1
 536     3.083    -3.473     0.000  580   -1   -1   -1
 537     3.091    -1.177     0.000  467   -1   -1   -1
 538     3.118     6.156     0.000   95   -1   -1   -1
 539     3.132    -7.192     0.000  786   -1   -1   -1
 540     3.134     2.829     0.000  262   -1   -1   -1
 541     3.134    -1.946     0.000  509   -1   -1   -1
 542     3.141    -7.003     0.000  777   -1   -1   -1
 543     3.182     6.074     0.000   99   -1   -1   -1
 544     3.195    -8.325     0.000  848   -1   -1   -1
 545     3.199     5.621     0.000  117   -1   -1   -1
 546     3.211     8.239     0.000    8   -1   -1   -1
 547     3.273    -7.242     0.000  788   -1   -1   -1
 548     3.282    -1.309     0.000  472   -1   -1   -1
 549     3.305    -3.194     0.000  564   -1   -1   -1
 550     3.323    -8.299     0.000  844   -1   -1   -1
 551     3.331    -5.692     0.000  694   -1   -1   -1
 552     3.374     2.968     0.000  253   -1   -1   -1
 553     3.410     6.642     0.000   78   -1   -1   -1
 554     3.411    -5.419     0.000  678   -1   -1   -1
 555     3.424     2.836     0.000  261   -1   -1   -1
 556     3.449    -2.101     0.000  513   -1   -1   -1
 557     3.471     1.334     0.000  340   -1   -1   -1
 558     3.497     5.870     0.000  105   -1   -1   -1
 559     3.527    -4.550     0.000  631   -1   -1   -1
 560     3.535    -6.997     0.000  776   -1   -1   -1
 561     3.537    -0.905     0.000  454   -1   -1   -1
 562     3.566    -0.471     0.000  430   -1   -1   -1
 563     3.569    -3.363     0.000  574   -1   -1   -1
 564     3.571    -6.078     0.000  719   -1   -1   -1
 565     3.577    -2.908     0.000  550   -1   -1   -1
 566     3.590     5.302     0.000  129   -1   -1   -1
 567     3.594    -5.511     0.000  688   -1   -1   -1
 568     3.628    -0.045     0.000  410   -1   -1   -1
 569     3.654     5.033     0.000  148   -1   -1   -1
 570     3.660    -6.224     0.000  732   -1   -1   -1
 571     3.661    -7.135     0.000  783   -1   -1   -1
 572     3.664     2.097     0.000  305   -1   -1   -1
 573     3.677     7.899     0.000   24   -1   -1   -1
 574     3.692    -5.980     0.000  712   -1   -1   -1
 575     3.702     2.593     0.000  280   -1   -1   -1
 576     3.721     4.048     0.000  198   -1   -1   -1
 577     3.728    -2.555     0.000  537   -1   -1   -1
 578     3.738    -5.338     0.000  676   -1   -1   -1
 579     3.757    -2.536     0.000  535   -1   -1   -1
 580     3.757    -6.993     0.000  774   -1   -1   -1
 581     3.777    -2.134     0.000  516   -1   -1   -1
 582     3.789    -0.570     0.000  434   -1   -1   -1
 583     3.791    -7.685     0.000  810   -1   -1   -1
 584     3.794    -1.829     0.000  504   -1   -1   -1
 585     3.796     0.850     0.000  359   -1   -1   -1
 586     3.815    -1.029     0.000  461   -1   -1   -1
 587     3.819    -2.233     0.000  521   -1   -1   -1
 588     3.833    -5.856     0.000  705   -1   -1   -1
 589     3.861     4.930     0.000  154   -1   -1   -1
 590     3.872     0.291     0.000  388   -1   -1   -1
 591     3.873     5.256     0.000  133   -1   -1   -1
 592     3.906    -7.346     0.000  794   -1   -1   -1
 593     3.907    -0.679     0.000  440   -1   -1   -1
 594     3.914    -1.264     0.000  471   -1   -1   -1
 595     3.965     2.409     0.000  288   -1   -1   -1
 596     3.982    -8.034     0.000  830   -1   -1   -1
 597     3.987    -2.527     0.000  534   -1   -1   -1
 598     3.989    -7.467     0.000  799   -1   -1   -1
 599     3.990    -7.682     0.000  809   -1   -1   -1
 600     3.997     4.108     0.000  196   -1   -1   -1
 601     4.002     2.905     0.000  257   -1   -1   -1
 602     4.003    -4.164     0.000  599   -1   -1   -1
 603     4.005    -1.760     0.000  497   -1   -1   -1
 604     4.025     8.103     0.000   16   -1   -1   -1
 605     4.039     0.205     0.000  392   -1   -1   -1
 606     4.044    -8.051     0.000  833   -1   -1   -1
 607     4.047     3.056     0.000  247   -1   -1   -1
 608     4.050    -5.489     0.000  685   -1   -1   -1
 609     4.073     0.695     0.000  369   -1   -1   -1
 610     4.077     4.914     0.000  155   -1   -1   -1
 611     4.210    -0.982     0.000  458   -1   -1   -1
 612     4.226    -8.359     0.000  852   -1   -1   -1
 613     4.271     2.239     0.000  298   -1   -1   -1
 614     4.274    -4.357     0.000  618   -1   -1   -1
 615     4.275     4.708     0.000  170   -1   -1   -1
 616     4.325     8.335     0.000    1   -1   -1   -1
 617     4.340    -2.000     0.000  511   -1   -1   -1
 618     4.357    -5.706     0.000  695   -1   -1   -1
 619     4.375     2.174     0.000  302   -1   -1   -1
 620     4.383    -2.125     0.000  515   -1   -1   -1
 621     4.415    -1.716     0.000  494   -1   -1   -1
 622     4.432     7.800     0.000   28   -1   -1   -1
 623     4.444     4.645     0.000  174   -1   -1   -1
 624     4.467     2.981     0.000  251   -1   -1   -1
 625     4.475     0.771     0.000  362   -1   -1   -1
 626     4.485     8.014     0.000   21   -1   -1   -1
 627     4.506    -0.870     0.000  451   -1   -1   -1
 628     4.512    -8.329     0.000  849   -1   -1   -1
 629     4.521     4.815     0.000  161   -1   -1   -1
 630     4.522     0.048     0.000  402   -1   -1   -1
 631     4.522     6.366     0.000   91   -1   -1   -1
 632     4.566    -4.882     0.000  655   -1   -1   -1
 633     4.567    -8.341     0.000  850   -1   -1   -1
 634     4.589     6.418     0.000   87   -1   -1   -1
 635     4.635     3.304     0.000  235   -1   -1   -1
 636     4.636     0.063     0.000  400   -1   -1   -1
 637     4.647    -6.420     0.000  743   -1   -1   -1
 638     4.652    -1.439     0.000  480   -1   -1   -1
 639     4.654     1.882     0.000  320   -1   -1   -1
 640     4.659     0.592     0.000  376   -1   -1   -1
 641     4.660    -4.326     0.000  612   -1   -1   -1
 642     4.709    -7.040     0.000  778   -1   -1   -1
 643     4.718     0.762     0.000  363   -1   -1   -1
 644     4.724    -5.166     0.000  667   -1   -1   -1
 645     4.761    -7.183     0.000  785   -1   -1   -1
 646     4.770     1.144     0.000  349   -1   -1   -1
 647     4.783     3.023     0.000  249   -1   -1   -1
 648     4.784    -3.323     0.000  573   -1   -1   -1
 649     4.784     8.325     0.000    3   -1   -1   -1
 650     4.818    -4.108     0.000  597   -1   -1   -1
 651     4.847    -8.253     0.000  840   -1   -1   -1
 652     4.893    -2.686     0.000  541   -1   -1   -1
 653     4.940     3.579     0.000  222   -1   -1   -1
 654     4.940     5.106     0.000  143   -1   -1   -1
 655     4.949     5.226     0.000  136   -1   -1   -1
 656     4.994    -4.460     0.000  624   -1   -1   -1
 657     4.996     0.314     0.000  387   -1   -1   -1
 658     5.007     1.488     0.000  335   -1   -1   -1
 659     5.012    -5.192     0.000  669   -1   -1   -1
 660     5.026    -2.865     0.000  547   -1   -1   -1
 661     5.027    -4.843     0.000  651   -1   -1   -1
 662     5.048    -8.377     0.000  854   -1   -1   -1
 663     5.053     8.070     0.000   19   -1   -1   -1
 664     5.055     8.113     0.000   15   -1   -1   -1
 665     5.062    -4.273     0.000  606   -1   -1   -1
 666     5.078    -8.309     0.000  847   -1   -1   -1
 667     5.085    -3.958     0.000  593   -1   -1   -1
 668     5.088    -5.742     0.000  697   -1   -1   -1
 669     5.098     7.199     0.000   50   -1   -1   -1
 670     5.108     6.919     0.000   63   -1   -1   -1
 671     5.109     2.000     0.000  312   -1   -1   -1
 672     5.160    -5.804     0.000  700   -1   -1   -1
 673     5.185    -6.472     0.000  745   -1   -1   -1
 674     5.219     6.838     0.000   66   -1   -1   -1
 675     5.220     6.426     0.000   86   -1   -1   -1
 676     5.263     1.563     0.000  332   -1   -1   -1
 677     5.298     7.086     0.000   57   -1   -1   -1
 678     5.300    -3.088     0.000  560   -1   -1   -1
 679     5.319     2.383     0.000  290   -1   -1   -1
 680     5.388     5.811     0.000  107   -1   -1   -1
 681     5.416    -7.849     0.000  819   -1   -1   -1
 682     5.429     2.782     0.000  265   -1   -1   -1
 683     5.432    -2.931     0.000  552   -1   -1   -1
 684     5.443    -7.597     0.000  805   -1   -1   -1
 685     5.456     1.984     0.000  313   -1   -1   -1
 686     5.479     6.039     0.000  101   -1   -1   -1
 687     5.480     1.368     0.000  336   -1   -1   -1
 688     5.501    -7.938     0.000  823   -1   -1   -1
 689     5.549     2.037     0.000  311   -1   -1   -1
 690     5.564     4.474     0.000  181   -1   -1   -1
 691     5.585    -5.056     0.000  661   -1   -1   -1
 692     5.602    -8.123     0.000  837   -1   -1   -1
 693     5.636     6.970     0.000   61   -1   -1   -1
 694     5.656    -6.667     0.000  756   -1   -1   -1
 695     5.666     3.922     0.000  202   -1   -1   -1
 696     5.678    -0.644     0.000  439   -1   -1   -1
 697     5.705    -3.184     0.000  563   -1   -1   -1
 698     5.755     4.595     0.000  177   -1   -1   -1
 699     5.759    -5.462     0.000  683   -1   -1   -1
 700     5.763    -5.794     0.000  699   -1   -1   -1
 701     5.785    -8.066     0.000  834   -1   -1   -1
 702     5.819    -2.456     0.000  529   -1   -1   -1
 703     5.827     1.757     0.000  322   -1   -1   -1
 704     5.836    -0.992     0.000  459   -1   -1   -1
 705     5.884    -3.463     0.000  579   -1   -1   -1
 706     5.886     1.974     0.000  314   -1   -1   -1
 707     5.889    -8.308     0.000  846   -1   -1   -1
 708     5.890    -0.751     0.000  447   -1   -1   -1
 709     5.902     5.059     0.000  147   -1   -1   -1
 710     5.909    -7.980     0.000  826   -1   -1   -1
 711     5.971    -6.375     0.000  739   -1   -1   -1
 712     5.986    -6.477     0.000  746   -1   -1   -1
 713     5.987     2.720     0.000  269   -1   -1   -1
 714     6.025    -5.296     0.000  673   -1   -1   -1
 715     6.034    -4.333     0.000  615   -1   -1   -1
 716     6.051    -0.477     0.000  431   -1   -1   -1
 717     6.055     4.641     0.000  175   -1   -1   -1
 718     6.057    -1.725     0.000  496   -1   -1   -1
 719     6.058    -3.061     0.000  557   -1   -1   -1
 720     6.077    -6.142     0.000  722   -1   -1   -1
 721     6.081    -5.430     0.000  680   -1   -1   -1
 722     6.150     1.694     0.000  325   -1   -1   -1
 723     6.165     6.543     0.000   82   -1   -1   -1
 724     6.175    -4.339     0.000  616   -1   -1   -1
 725     6.202     3.861     0.000  209   -1   -1   -1
 726     6.204    -4.220     0.000  603   -1   -1   -1
 727     6.213     3.189     0.000  241   -1   -1   -1
 728     6.218    -1.560     0.000  486   -1   -1   -1
 729     6.302    -2.138     0.000  517   -1   -1   -1
 730     6.315    -2.945     0.000  553   -1   -1   -1
 731     6.320    -6.500     0.000  748   -1   -1   -1
 732     6.349     1.950     0.000  317   -1   -1   -1
 733     6.373    -6.537     0.000  749   -1   -1   -1
 734     6.376     2.361     0.000  292   -1   -1   -1
 735     6.403     7.016     0.000   59   -1   -1   -1
 736     6.406    -4.269     0.000  605   -1   -1   -1
 737     6.410    -2.924     0.000  551   -1   -1   -1
 738     6.471    -1.377     0.000  476   -1   -1   -1
 739     6.479    -4.881     0.000  654   -1   -1   -1
 740     6.531    -5.959     0.000  711   -1   -1   -1
 741     6.531     6.901     0.000   64   -1   -1   -1
 742     6.534    -2.068     0.000  512   -1   -1   -1
 743     6.537    -5.321     0.000  674   -1   -1   -1
 744     6.555     4.668     0.000  173   -1   -1   -1
 745     6.565    -1.312     0.000  473   -1   -1   -1
 746     6.594     2.128     0.000  304   -1   -1   -1
 747     6.614    -0.580     0.000  436   -1   -1   -1
 748     6.626     2.871     0.000  259   -1   -1   -1
 749     6.630    -6.055     0.000  718   -1   -1   -1
 750     6.659    -5.134     0.000  664   -1   -1   -1
 751     6.677     5.643     0.000  115   -1   -1   -1
 752     6.679    -5.327     0.000  675   -1   -1   -1
 753     6.711    -6.217     0.000  729   -1   -1   -1
 754     6.716     6.582     0.000   80   -1   -1   -1
 755     6.718     0.434     0.000  382   -1   -1   -1
 756     6.720    -5.503     0.000  687   -1   -1   -1
 757     6.742     3.184     0.000  242   -1   -1   -1
 758     6.754    -1.885     0.000  505   -1   -1   -1
 759     6.760     3.300     0.000  236   -1   -1   -1
 760     6.764     2.054     0.000  309   -1   -1   -1
 761     6.795    -0.571     0.000  435   -1   -1   -1
 762     6.807    -6.052     0.000  717   -1   -1   -1
 763     6.814    -0.772     0.000  448   -1   -1   -1
 764     6.817    -7.663     0.000  808   -1   -1   -1
 765     6.855     5.223     0.000  137   -1   -1   -1
 766     6.889    -7.999     0.000  827   -1   -1   -1
 767     6.891     3.622     0.000  219   -1   -1   -1
 768     6.897    -0.113     0.000  414   -1   -1   -1
 769     6.918    -0.913     0.000  456   -1   -1   -1
 770     6.918    -4.929     0.000  657   -1   -1   -1
 771     6.929    -2.647     0.000  540   -1   -1   -1
 772     6.934    -0.077     0.000  412   -1   -1   -1
 773     6.936     6.176     0.000   94   -1   -1   -1
 774     6.955    -0.687     0.000  443   -1   -1   -1
 775     6.977     0.436     0.000  381   -1   -1   -1
 776     7.018     3.419     0.000  229   -1   -1   -1
 777     7.020     6.631     0.000   79   -1   -1   -1
 778     7.039    -6.605     0.000  752   -1   -1   -1
 779     7.041    -5.789     0.000  698   -1   -1   -1
 780     7.044     2.045     0.000  310   -1   -1   -1
 781     7.072    -4.034     0.000  596   -1   -1   -1
 782     7.091    -5.999     0.000  713   -1   -1   -1
 783     7.114    -8.299     0.000  845   -1   -1   -1
 784     7.141     7.544     0.000   36   -1   -1   -1
 785     7.175    -6.167     0.000  725   -1   -1   -1
 786     7.178     6.538     0.000   83   -1   -1   -1
 787     7.209     0.195     0.000  393   -1   -1   -1
 788     7.222    -3.973     0.000  594   -1   -1   -1
 789     7.253     4.990     0.000  149   -1   -1   -1
 790     7.263     4.372     0.000  188   -1   -1   -1
 791     7.270    -6.750     0.000  762   -1   -1   -1
 792     7.273    -4.400     0.000  621   -1   -1   -1
 793     7.276     1.621     0.000  330   -1   -1   -1
 794     7.289     6.746     0.000   70   -1   -1   -1
 795     7.299     4.315     0.000  190   -1   -1   -1
 796     7.312     5.628     0.000  116   -1   -1   -1
 797     7.317    -7.228     0.000  787   -1   -1   -1
 798     7.317    -0.152     0.000  415   -1   -1   -1
 799     7.366     3.546     0.000  226   -1   -1   -1
 800     7.370     5.556     0.000  119   -1   -1   -1
 801     7.390    -0.684     0.000  441   -1   -1   -1
 802     7.398    -6.406     0.000  742   -1   -1   -1
 803     7.419     2.068     0.000  307   -1   -1   -1
 804     7.487     5.267     0.000  130   -1   -1   -1
 805     7.492     4.781     0.000  166   -1   -1   -1
 806     7.497     4.424     0.000  184   -1   -1   -1
 807     7.522     4.577     0.000  179   -1   -1   -1
 808     7.539    -2.906     0.000  549   -1   -1   -1
 809     7.563    -1.546     0.000  484   -1   -1   -1
 810     7.576     1.261     0.000  342   -1   -1   -1
 811     7.593    -8.355     0.000  851   -1   -1   -1
 812     7.601     4.756     0.000  167   -1   -1   -1
 813     7.613     1.749     0.000  323   -1   -1   -1
 814     7.636     2.277     0.000  296   -1   -1   -1
 815     7.680     7.729     0.000   30   -1   -1   -1
 816     7.715     7.747     0.000   29   -1   -1   -1
 817     7.738    -7.926     0.000  822   -1   -1   -1
 818     7.761     8.255     0.000    6   -1   -1   -1
 819     7.763    -2.989     0.000  554   -1   -1   -1
 820     7.790     0.127     0.000  395   -1   -1   -1
 821     7.794     1.627     0.000  329   -1   -1   -1
 822     7.835     6.732     0.000   71   -1   -1   -1
 823     7.843    -0.861     0.000  450   -1   -1   -1
 824     7.918    -5.015     0.000  659   -1   -1   -1
 825     7.990     7.153     0.000   53   -1   -1   -1
 826     8.004    -0.435     0.000  427   -1   -1   -1
 827     8.010    -6.801     0.000  764   -1   -1   -1
 828     8.016    -1.197     0.000  468   -1   -1   -1
 829     8.019    -6.882     0.000  769   -1   -1   -1
 830     8.023     1.021     0.000  351   -1   -1   -1
 831     8.033    -5.644     0.000  692   -1   -1   -1
 832     8.050    -7.623     0.000  806   -1   -1   -1
 833     8.066    -0.632     0.000  438   -1   -1   -1
 834     8.069     4.386     0.000  186   -1   -1   -1
 835     8.091     3.157     0.000  243   -1   -1   -1
 836     8.136    -4.777     0.000  645   -1   -1   -1
 837     8.152    -4.541     0.000  629   -1   -1   -1
 838     8.174     2.500     0.000  284   -1   -1   -1
 839     8.179     4.610     0.000  176   -1   -1   -1
 840     8.180     3.234     0.000  239   -1   -1   -1
 841     8.215    -7.276     0.000  790   -1   -1   -1
 842     8.218     4.795     0.000  163   -1   -1   -1
 843     8.223    -6.326     0.000  738   -1   -1   -1
 844     8.251     7.261     0.000   46   -1   -1   -1
 845     8.266    -3.406     0.000  576   -1   -1   -1
 846     8.271    -6.047     0.000  716   -1   -1   -1
 847     8.301    -1.899     0.000  507   -1   -1   -1
 848     8.315    -7.367     0.000  795   -1   -1   -1
 849     8.319     5.266     0.000  131   -1   -1   -1
 850     8.335     7.038     0.000   58   -1   -1   -1
 851     8.342    -4.402     0.000  622   -1   -1   -1
 852     8.344     1.338     0.000  339   -1   -1   -1
 853     8.356     8.190     0.000   12   -1   -1   -1
 854     8.364     7.575     0.000   34   -1   -1   -1
 855     8.389    -8.262     0.000  841   -1   -1   -1
 856     8.398     0.669     0.000  371   -1   -1   -1
 857     8.401    -0.165     0.000  416   -1   -1   -1
