841
   1    -8.403     7.536     0.000   36   -1   -1   -1
   2    -8.381    -6.912     0.000  761   -1   -1   -1
   3    -8.375    -3.326     0.000  568   -1   -1   -1
   4    -8.353    -8.175     0.000  830   -1   -1   -1
   5    -8.344    -4.652     0.000  628   -1   -1   -1
   6    -8.312     1.198     0.000  339   -1   -1   -1
   7    -8.302     0.534     0.000  375   -1   -1   -1
   8    -8.301    -1.590     0.000  491   -1   -1   -1
   9    -8.280     6.849     0.000   68   -1   -1   -1
  10    -8.242    -8.268     0.000  833   -1   -1   -1
  11    -8.227     4.226     0.000  187   -1   -1   -1
  12    -8.217     1.561     0.000  323   -1   -1   -1
  13    -8.208    -7.953     0.000  814   -1   -1   -1
  14    -8.189     1.510     0.000  326   -1   -1   -1
  15    -8.184    -3.059     0.000  552   -1   -1   -1
  16    -8.181     4.415     0.000  178   -1   -1   -1
  17    -8.138     6.489     0.000   82   -1   -1   -1
  18    -8.126    -2.522     0.000  531   -1   -1   -1
  19    -8.118     2.614     0.000  266   -1   -1   -1
  20    -8.080     1.347     0.000  329   -1   -1   -1
  21    -8.044     2.233     0.000  289   -1   -1   -1
  22    -8.038    -7.423     0.000  785   -1   -1   -1
  23    -8.012    -6.276     0.000  720   -1   -1   -1
  24    -8.003     6.565     0.000   78   -1   -1   -1
  25    -7.987    -3.842     0.000  586   -1   -1   -1
  26    -7.927    -0.969     0.000  457   -1   -1   -1
  27    -7.904     0.815     0.000  356   -1   -1   -1
  28    -7.895    -0.185     0.000  416   -1   -1   -1
  29    -7.890     2.323     0.000  285   -1   -1   -1
  30    -7.859     4.081     0.000  192   -1   -1   -1
  31    -7.835     3.861     0.000  200   -1   -1   -1
  32    -7.826     7.174     0.000   49   -1   -1   -1
  33    -7.817    -6.178     0.000  717   -1   -1   -1
  34    -7.816    -4.868     0.000  640   -1   -1   -1
  35    -7.803     2.484     0.000  276   -1   -1   -1
  36    -7.799     4.985     0.000  146   -1   -1   -1
  37    -7.788    -2.770     0.000  538   -1   -1   -1
  38    -7.773    -5.154     0.000  653   -1   -1   -1
  39    -7.766    -6.280     0.000  721   -1   -1   -1
  40    -7.761     1.970     0.000  309   -1   -1   -1
  41    -7.758    -4.653     0.000  629   -1   -1   -1
  42    -7.756     7.144     0.000   54   -1   -1   -1
  43    -7.753     5.234     0.000  131   -1   -1   -1
  44    -7.751    -6.755     0.000  752   -1   -1   -1
  45    -7.732    -0.694     0.000  442   -1   -1   -1
  46    -7.693     7.111     0.000   57   -1   -1   -1
  47    -7.681     6.653     0.000   74   -1   -1   -1
  48    -7.585    -6.922     0.000  763   -1   -1   -1
  49    -7.556    -0.011     0.000  404   -1   -1   -1
  50    -7.547    -0.702     0.000  443   -1   -1   -1
  51    -7.542     8.223     0.000   10   -1   -1   -1
  52    -7.524    -5.463     0.000  668   -1   -1   -1
  53    -7.516    -1.117     0.000  461   -1   -1   -1
  54    -7.483     7.990     0.000   19   -1   -1   -1
  55    -7.480     3.615     0.000  212   -1   -1   -1
  56    -7.422    -1.449     0.000  485   -1   -1   -1
  57    -7.402     3.674     0.000  209   -1   -1   -1
  58    -7.363    -6.229     0.000  719   -1   -1   -1
  59    -7.357     2.309     0.000  286   -1   -1   -1
  60    -7.330    -5.119     0.000  649   -1   -1   -1
  61    -7.329    -5.431     0.000  663   -1   -1   -1
  62    -7.314     3.849     0.000  202   -1   -1   -1
  63    -7.311     5.389     0.000  123   -1   -1   -1
  64    -7.252     3.236     0.000  234   -1   -1   -1
  65    -7.249     6.133     0.000   93   -1   -1   -1
  66    -7.239    -8.394     0.000  839   -1   -1   -1
  67    -7.201    -7.988     0.000  817   -1   -1   -1
  68    -7.180     7.645     0.000   29   -1   -1   -1
  69    -7.179    -7.570     0.000  793   -1   -1   -1
  70    -7.164     6.079     0.000   97   -1   -1   -1
  71    -7.158     4.731     0.000  163   -1   -1   -1
  72    -7.154     4.037     0.000  194   -1   -1   -1
  73    -7.144    -2.435     0.000  526   -1   -1   -1
  74    -7.143    -8.145     0.000  829   -1   -1   -1
  75    -7.140     7.288     0.000   41   -1   -1   -1
  76    -7.128    -7.773     0.000  801   -1   -1   -1
  77    -7.097     4.981     0.000  147   -1   -1   -1
  78    -7.051    -5.460     0.000  667   -1   -1   -1
  79    -7.033     0.018     0.000  402   -1   -1   -1
  80    -7.025     1.957     0.000  311   -1   -1   -1
  81    -6.996    -6.815     0.000  753   -1   -1   -1
  82    -6.990    -2.428     0.000  524   -1   -1   -1
  83    -6.987     4.326     0.000  184   -1   -1   -1
  84    -6.978    -6.647     0.000  744   -1   -1   -1
  85    -6.977    -0.398     0.000  422   -1   -1   -1
  86    -6.962     5.106     0.000  138   -1   -1   -1
  87    -6.944    -2.720     0.000  535   -1   -1   -1
  88    -6.925     5.406     0.000  122   -1   -1   -1
  89    -6.919    -0.845     0.000  447   -1   -1   -1
  90    -6.900     2.893     0.000  249   -1   -1   -1
  91    -6.887    -1.228     0.000  471   -1   -1   -1
  92    -6.871    -6.497     0.000  734   -1   -1   -1
  93    -6.849     7.544     0.000   34   -1   -1   -1
  94    -6.810     1.300     0.000  334   -1   -1   -1
  95    -6.807    -7.542     0.000  791   -1   -1   -1
  96    -6.794    -5.481     0.000  671   -1   -1   -1
  97    -6.769     2.404     0.000  279   -1   -1   -1
  98    -6.747    -0.895     0.000  452   -1   -1   -1
  99    -6.733     3.558     0.000  217   -1   -1   -1
 100    -6.716    -3.065     0.000  553   -1   -1   -1
 101    -6.716     4.283     0.000  186   -1   -1   -1
 102    -6.695     1.663     0.000  319   -1   -1   -1
 103    -6.694     1.346     0.000  330   -1   -1   -1
 104    -6.642     2.366     0.000  283   -1   -1   -1
 105    -6.640     3.531     0.000  219   -1   -1   -1
 106    -6.613     5.763     0.000  111   -1   -1   -1
 107    -6.601    -4.387     0.000  615   -1   -1   -1
 108    -6.595     6.969     0.000   61   -1   -1   -1
 109    -6.550    -6.404     0.000  728   -1   -1   -1
 110    -6.518     7.606     0.000   30   -1   -1   -1
 111    -6.512     3.047     0.000  241   -1   -1   -1
 112    -6.506    -6.286     0.000  722   -1   -1   -1
 113    -6.498    -4.810     0.000  637   -1   -1   -1
 114    -6.444     0.127     0.000  393   -1   -1   -1
 115    -6.405    -3.590     0.000  576   -1   -1   -1
 116    -6.377     4.862     0.000  153   -1   -1   -1
 117    -6.361    -0.504     0.000  428   -1   -1   -1
 118    -6.311     0.091     0.000  396   -1   -1   -1
 119    -6.306    -7.935     0.000  811   -1   -1   -1
 120    -6.282    -5.889     0.000  693   -1   -1   -1
 121    -6.277    -1.687     0.000  495   -1   -1   -1
 122    -6.211     2.492     0.000  274   -1   -1   -1
 123    -6.184     4.865     0.000  152   -1   -1   -1
 124    -6.177    -5.309     0.000  660   -1   -1   -1
 125    -6.165     3.359     0.000  227   -1   -1   -1
 126    -6.162     2.728     0.000  259   -1   -1   -1
 127    -6.124    -7.709     0.000  800   -1   -1   -1
 128    -6.118     7.343     0.000   40   -1   -1   -1
 129    -6.119     1.235     0.000  337   -1   -1   -1
 130    -6.112    -1.099     0.000  459   -1   -1   -1
 131    -6.098    -6.694     0.000  747   -1   -1   -1
 132    -6.087     6.270     0.000   90   -1   -1   -1
 133    -6.049     3.694     0.000  208   -1   -1   -1
 134    -6.028     7.834     0.000   25   -1   -1   -1
 135    -6.019    -6.498     0.000  735   -1   -1   -1
 136    -5.990    -4.678     0.000  630   -1   -1   -1
 137    -5.989     2.486     0.000  275   -1   -1   -1
 138    -5.987    -0.473     0.000  426   -1   -1   -1
 139    -5.985    -7.851     0.000  807   -1   -1   -1
 140    -5.967     6.799     0.000   71   -1   -1   -1
 141    -5.962     3.070     0.000  240   -1   -1   -1
 142    -5.940    -7.415     0.000  784   -1   -1   -1
 143    -5.921    -6.388     0.000  727   -1   -1   -1
 144    -5.920     4.844     0.000  156   -1   -1   -1
 145    -5.898    -0.034     0.000  406   -1   -1   -1
 146    -5.893    -5.946     0.000  699   -1   -1   -1
 147    -5.888    -1.688     0.000  496   -1   -1   -1
 148    -5.855    -1.950     0.000  507   -1   -1   -1
 149    -5.851     0.609     0.000  370   -1   -1   -1
 150    -5.845    -7.399     0.000  782   -1   -1   -1
 151    -5.841     4.685     0.000  165   -1   -1   -1
 152    -5.757    -4.142     0.000  597   -1   -1   -1
 153    -5.751    -5.921     0.000  696   -1   -1   -1
 154    -5.712     7.402     0.000   37   -1   -1   -1
 155    -5.694     1.908     0.000  313   -1   -1   -1
 156    -5.681     5.736     0.000  113   -1   -1   -1
 157    -5.665     0.739     0.000  359   -1   -1   -1
 158    -5.657    -0.894     0.000  451   -1   -1   -1
 159    -5.648    -1.802     0.000  499   -1   -1   -1
 160    -5.610     7.227     0.000   47   -1   -1   -1
 161    -5.597     0.288     0.000  386   -1   -1   -1
 162    -5.576     6.023     0.000  101   -1   -1   -1
 163    -5.561    -2.856     0.000  541   -1   -1   -1
 164    -5.557    -5.019     0.000  644   -1   -1   -1
 165    -5.540     2.663     0.000  263   -1   -1   -1
 166    -5.531    -0.686     0.000  440   -1   -1   -1
 167    -5.480     4.784     0.000  160   -1   -1   -1
 168    -5.479    -7.475     0.000  788   -1   -1   -1
 169    -5.459     5.213     0.000  134   -1   -1   -1
 170    -5.427    -4.614     0.000  627   -1   -1   -1
 171    -5.410    -4.533     0.000  623   -1   -1   -1
 172    -5.393    -8.102     0.000  825   -1   -1   -1
 173    -5.386    -0.599     0.000  433   -1   -1   -1
 174    -5.327     3.803     0.000  204   -1   -1   -1
 175    -5.321     2.039     0.000  304   -1   -1   -1
 176    -5.306    -1.419     0.000  483   -1   -1   -1
 177    -5.289    -3.093     0.000  557   -1   -1   -1
 178    -5.288     0.710     0.000  362   -1   -1   -1
 179    -5.279     2.073     0.000  299   -1   -1   -1
 180    -5.261    -4.704     0.000  633   -1   -1   -1
 181    -5.243    -3.747     0.000  583   -1   -1   -1
 182    -5.207    -4.867     0.000  639   -1   -1   -1
 183    -5.196    -6.668     0.000  745   -1   -1   -1
 184    -5.168    -1.511     0.000  487   -1   -1   -1
 185    -5.133    -0.070     0.000  408   -1   -1   -1
 186    -5.127    -2.435     0.000  525   -1   -1   -1
 187    -5.122    -3.890     0.000  587   -1   -1   -1
 188    -5.118    -5.968     0.000  701   -1   -1   -1
 189    -5.080     7.266     0.000   42   -1   -1   -1
 190    -5.069    -0.002     0.000  403   -1   -1   -1
 191    -5.068    -5.291     0.000  658   -1   -1   -1
 192    -5.064     1.561     0.000  324   -1   -1   -1
 193    -5.056    -3.460     0.000  572   -1   -1   -1
 194    -5.043     0.534     0.000  374   -1   -1   -1
 195    -5.013    -4.324     0.000  609   -1   -1   -1
 196    -5.009     5.091     0.000  141   -1   -1   -1
 197    -4.993    -0.312     0.000  418   -1   -1   -1
 198    -4.976    -1.327     0.000  477   -1   -1   -1
 199    -4.953    -7.705     0.000  798   -1   -1   -1
 200    -4.953    -5.047     0.000  647   -1   -1   -1
 201    -4.947     3.721     0.000  206   -1   -1   -1
 202    -4.946     3.911     0.000  199   -1   -1   -1
 203    -4.937     8.380     0.000    1   -1   -1   -1
 204    -4.937    -4.112     0.000  595   -1   -1   -1
 205    -4.936    -4.278     0.000  605   -1   -1   -1
 206    -4.921    -1.408     0.000  481   -1   -1   -1
 207    -4.916     8.219     0.000   11   -1   -1   -1
 208    -4.907     0.691     0.000  363   -1   -1   -1
 209    -4.879    -4.292     0.000  607   -1   -1   -1
 210    -4.862    -5.721     0.000  682   -1   -1   -1
 211    -4.833     0.083     0.000  398   -1   -1   -1
 212    -4.832    -7.549     0.000  792   -1   -1   -1
 213    -4.823     0.423     0.000  382   -1   -1   -1
 214    -4.807    -5.869     0.000  692   -1   -1   -1
 215    -4.790     3.798     0.000  205   -1   -1   -1
 216    -4.786    -5.024     0.000  645   -1   -1   -1
 217    -4.724    -7.939     0.000  813   -1   -1   -1
 218    -4.712    -6.750     0.000  751   -1   -1   -1
 219    -4.700    -4.695     0.000  632   -1   -1   -1
 220    -4.694     4.441     0.000  176   -1   -1   -1
 221    -4.686     5.786     0.000  109   -1   -1   -1
 222    -4.672    -2.160     0.000  519   -1   -1   -1
 223    -4.663     2.665     0.000  262   -1   -1   -1
 224    -4.625     3.380     0.000  226   -1   -1   -1
 225    -4.610     2.516     0.000  272   -1   -1   -1
 226    -4.592     3.587     0.000  215   -1   -1   -1
 227    -4.538     2.583     0.000  269   -1   -1   -1
 228    -4.515     0.629     0.000  368   -1   -1   -1
 229    -4.501    -4.146     0.000  598   -1   -1   -1
 230    -4.498     2.185     0.000  292   -1   -1   -1
 231    -4.478    -4.348     0.000  614   -1   -1   -1
 232    -4.453    -6.058     0.000  711   -1   -1   -1
 233    -4.438    -0.340     0.000  419   -1   -1   -1
 234    -4.434     0.877     0.000  353   -1   -1   -1
 235    -4.430    -5.929     0.000  698   -1   -1   -1
 236    -4.402    -3.382     0.000  570   -1   -1   -1
 237    -4.396    -4.447     0.000  619   -1   -1   -1
 238    -4.392     1.008     0.000  347   -1   -1   -1
 239    -4.357     3.475     0.000  223   -1   -1   -1
 240    -4.353    -4.477     0.000  620   -1   -1   -1
 241    -4.346     4.792     0.000  158   -1   -1   -1
 242    -4.344     7.387     0.000   38   -1   -1   -1
 243    -4.328     0.664     0.000  365   -1   -1   -1
 244    -4.320     1.182     0.000  340   -1   -1   -1
 245    -4.307    -8.234     0.000  832   -1   -1   -1
 246    -4.305    -6.376     0.000  724   -1   -1   -1
 247    -4.296     2.416     0.000  278   -1   -1   -1
 248    -4.265    -6.900     0.000  759   -1   -1   -1
 249    -4.257    -1.926     0.000  506   -1   -1   -1
 250    -4.246    -1.116     0.000  460   -1   -1   -1
 251    -4.186    -0.528     0.000  429   -1   -1   -1
 252    -4.173     7.669     0.000   28   -1   -1   -1
 253    -4.163    -0.435     0.000  423   -1   -1   -1
 254    -4.133    -4.750     0.000  635   -1   -1   -1
 255    -4.123     5.754     0.000  112   -1   -1   -1
 256    -4.104     2.097     0.000  296   -1   -1   -1
 257    -4.083     1.681     0.000  318   -1   -1   -1
 258    -4.081     3.407     0.000  225   -1   -1   -1
 259    -4.073     2.612     0.000  267   -1   -1   -1
 260    -4.072    -7.432     0.000  787   -1   -1   -1
 261    -4.047    -8.108     0.000  827   -1   -1   -1
 262    -4.022     5.379     0.000  124   -1   -1   -1
 263    -4.021    -1.405     0.000  480   -1   -1   -1
 264    -3.992     3.305     0.000  229   -1   -1   -1
 265    -3.990    -1.993     0.000  509   -1   -1   -1
 266    -3.962    -7.174     0.000  775   -1   -1   -1
 267    -3.956    -2.760     0.000  537   -1   -1   -1
 268    -3.930    -6.075     0.000  712   -1   -1   -1
 269    -3.860     2.863     0.000  252   -1   -1   -1
 270    -3.811    -0.167     0.000  414   -1   -1   -1
 271    -3.807     8.306     0.000    5   -1   -1   -1
 272    -3.788     2.212     0.000  291   -1   -1   -1
 273    -3.761    -4.564     0.000  625   -1   -1   -1
 274    -3.748    -4.306     0.000  608   -1   -1   -1
 275    -3.748    -3.606     0.000  578   -1   -1   -1
 276    -3.747    -1.201     0.000  470   -1   -1   -1
 277    -3.732     7.872     0.000   24   -1   -1   -1
 278    -3.729    -6.103     0.000  714   -1   -1   -1
 279    -3.702    -6.997     0.000  767   -1   -1   -1
 280    -3.669    -6.914     0.000  762   -1   -1   -1
 281    -3.664    -1.415     0.000  482   -1   -1   -1
 282    -3.652     0.953     0.000  350   -1   -1   -1
 283    -3.627     6.063     0.000   99   -1   -1   -1
 284    -3.599    -7.904     0.000  808   -1   -1   -1
 285    -3.564     7.953     0.000   20   -1   -1   -1
 286    -3.543     6.379     0.000   87   -1   -1   -1
 287    -3.540     0.438     0.000  377   -1   -1   -1
 288    -3.527     8.234     0.000    9   -1   -1   -1
 289    -3.507     1.217     0.000  338   -1   -1   -1
 290    -3.502     0.147     0.000  392   -1   -1   -1
 291    -3.460     2.965     0.000  246   -1   -1   -1
 292    -3.421    -2.381     0.000  523   -1   -1   -1
 293    -3.414     0.164     0.000  391   -1   -1   -1
 294    -3.346     3.706     0.000  207   -1   -1   -1
 295    -3.325     5.460     0.000  121   -1   -1   -1
 296    -3.298     0.628     0.000  369   -1   -1   -1
 297    -3.235     2.826     0.000  253   -1   -1   -1
 298    -3.234     1.173     0.000  341   -1   -1   -1
 299    -3.222    -6.845     0.000  755   -1   -1   -1
 300    -3.214     4.851     0.000  155   -1   -1   -1
 301    -3.191    -4.402     0.000  616   -1   -1   -1
 302    -3.128    -3.199     0.000  563   -1   -1   -1
 303    -3.120     2.796     0.000  257   -1   -1   -1
 304    -3.111    -1.605     0.000  493   -1   -1   -1
 305    -3.109     2.952     0.000  248   -1   -1   -1
 306    -3.096    -0.107     0.000  411   -1   -1   -1
 307    -3.060     8.034     0.000   17   -1   -1   -1
 308    -3.046    -5.700     0.000  679   -1   -1   -1
 309    -3.043     3.951     0.000  196   -1   -1   -1
 310    -3.022     3.641     0.000  210   -1   -1   -1
 311    -3.000    -5.529     0.000  673   -1   -1   -1
 312    -2.922    -6.041     0.000  707   -1   -1   -1
 313    -2.918     4.607     0.000  172   -1   -1   -1
 314    -2.880    -7.838     0.000  804   -1   -1   -1
 315    -2.877     8.165     0.000   13   -1   -1   -1
 316    -2.862     7.252     0.000   45   -1   -1   -1
 317    -2.778    -7.542     0.000  790   -1   -1   -1
 318    -2.705     5.907     0.000  103   -1   -1   -1
 319    -2.697    -4.161     0.000  599   -1   -1   -1
 320    -2.688     3.590     0.000  214   -1   -1   -1
 321    -2.687     6.814     0.000   70   -1   -1   -1
 322    -2.674    -5.785     0.000  686   -1   -1   -1
 323    -2.657    -5.479     0.000  670   -1   -1   -1
 324    -2.633     2.968     0.000  245   -1   -1   -1
 325    -2.617     8.390     0.000    0   -1   -1   -1
 326    -2.595    -1.151     0.000  464   -1   -1   -1
 327    -2.570    -2.274     0.000  521   -1   -1   -1
 328    -2.564     0.995     0.000  348   -1   -1   -1
 329    -2.548    -6.026     0.000  705   -1   -1   -1
 330    -2.517     6.906     0.000   65   -1   -1   -1
 331    -2.517    -3.366     0.000  569   -1   -1   -1
 332    -2.511    -7.036     0.000  769   -1   -1   -1
 333    -2.470    -0.949     0.000  455   -1   -1   -1
 334    -2.441    -0.089     0.000  410   -1   -1   -1
 335    -2.430    -5.855     0.000  691   -1   -1   -1
 336    -2.427    -0.381     0.000  420   -1   -1   -1
 337    -2.420     0.554     0.000  373   -1   -1   -1
 338    -2.408    -2.514     0.000  530   -1   -1   -1
 339    -2.365    -6.895     0.000  758   -1   -1   -1
 340    -2.359    -0.623     0.000  436   -1   -1   -1
 341    -2.325     4.882     0.000  151   -1   -1   -1
 342    -2.309    -5.588     0.000  677   -1   -1   -1
 343    -2.292    -6.505     0.000  737   -1   -1   -1
 344    -2.284    -1.604     0.000  492   -1   -1   -1
 345    -2.273    -2.090     0.000  512   -1   -1   -1
 346    -2.248     0.581     0.000  372   -1   -1   -1
 347    -2.214     1.284     0.000  335   -1   -1   -1
 348    -2.212     6.092     0.000   95   -1   -1   -1
 349    -2.194     5.527     0.000  120   -1   -1   -1
 350    -2.108    -3.792     0.000  585   -1   -1   -1
 351    -2.106    -1.319     0.000  476   -1   -1   -1
 352    -2.070     1.966     0.000  310   -1   -1   -1
 353    -2.021    -3.223     0.000  564   -1   -1   -1
 354    -2.019     0.034     0.000  401   -1   -1   -1
 355    -2.015     7.172     0.000   50   -1   -1   -1
 356    -1.930    -4.337     0.000  613   -1   -1   -1
 357    -1.842     3.817     0.000  203   -1   -1   -1
 358    -1.820     2.070     0.000  300   -1   -1   -1
 359    -1.805     6.962     0.000   63   -1   -1   -1
 360    -1.801    -4.490     0.000  621   -1   -1   -1
 361    -1.770     7.148     0.000   52   -1   -1   -1
 362    -1.696    -4.202     0.000  600   -1   -1   -1
 363    -1.659     7.924     0.000   22   -1   -1   -1
 364    -1.654    -5.707     0.000  681   -1   -1   -1
 365    -1.653     7.384     0.000   39   -1   -1   -1
 366    -1.650    -2.303     0.000  522   -1   -1   -1
 367    -1.645     4.184     0.000  188   -1   -1   -1
 368    -1.639     5.815     0.000  107   -1   -1   -1
 369    -1.554     1.601     0.000  322   -1   -1   -1
 370    -1.539    -5.189     0.000  655   -1   -1   -1
 371    -1.452    -5.546     0.000  675   -1   -1   -1
 372    -1.439     4.978     0.000  148   -1   -1   -1
 373    -1.433    -0.614     0.000  434   -1   -1   -1
 374    -1.417     3.333     0.000  228   -1   -1   -1
 375    -1.351    -8.101     0.000  824   -1   -1   -1
 376    -1.307    -1.870     0.000  501   -1   -1   -1
 377    -1.284     3.935     0.000  197   -1   -1   -1
 378    -1.227     3.298     0.000  231   -1   -1   -1
 379    -1.120     3.601     0.000  213   -1   -1   -1
 380    -1.111    -2.159     0.000  517   -1   -1   -1
 381    -1.089    -8.016     0.000  819   -1   -1   -1
 382    -1.066    -1.531     0.000  488   -1   -1   -1
 383    -1.027     4.330     0.000  183   -1   -1   -1
 384    -0.946     4.854     0.000  154   -1   -1   -1
 385    -0.881    -3.779     0.000  584   -1   -1   -1
 386    -0.864    -7.580     0.000  794   -1   -1   -1
 387    -0.827    -5.893     0.000  694   -1   -1   -1
 388    -0.725    -3.592     0.000  577   -1   -1   -1
 389    -0.700    -6.508     0.000  738   -1   -1   -1
 390    -0.684    -4.260     0.000  602   -1   -1   -1
 391    -0.682    -1.122     0.000  462   -1   -1   -1
 392    -0.616     4.123     0.000  190   -1   -1   -1
 393    -0.599    -2.926     0.000  544   -1   -1   -1
 394    -0.519    -2.844     0.000  540   -1   -1   -1
 395    -0.457    -5.825     0.000  690   -1   -1   -1
 396    -0.448    -5.255     0.000  657   -1   -1   -1
 397    -0.445    -3.093     0.000  556   -1   -1   -1
 398    -0.431    -5.543     0.000  674   -1   -1   -1
 399    -0.390    -0.634     0.000  437   -1   -1   -1
 400    -0.337    -1.179     0.000  467   -1   -1   -1
 401    -0.333    -2.135     0.000  515   -1   -1   -1
 402    -0.008     0.919     0.000  352   -1   -1   -1
 403     0.111    -6.720     0.000  749   -1   -1   -1
 404     0.133    -7.078     0.000  771   -1   -1   -1
 405     0.205    -4.288     0.000  606   -1   -1   -1
 406     0.218     5.730     0.000  114   -1   -1   -1
 407     0.283    -1.648     0.000  494   -1   -1   -1
 408     0.314     0.090     0.000  397   -1   -1   -1
 409     0.395    -4.326     0.000  610   -1   -1   -1
 410     0.439     2.530     0.000  271   -1   -1   -1
 411     0.480     3.476     0.000  222   -1   -1   -1
 412     0.482     0.430     0.000  380   -1   -1   -1
 413     0.619     0.200     0.000  389   -1   -1   -1
 414     0.641     4.610     0.000  170   -1   -1   -1
 415     0.710    -5.456     0.000  666   -1   -1   -1
 416     0.736     7.123     0.000   55   -1   -1   -1
 417     0.758    -3.171     0.000  561   -1   -1   -1
 418     0.804    -0.027     0.000  405   -1   -1   -1
 419     0.853    -0.662     0.000  439   -1   -1   -1
 420     0.913     3.270     0.000  233   -1   -1   -1
 421     0.919    -3.274     0.000  566   -1   -1   -1
 422     0.927     4.383     0.000  179   -1   -1   -1
 423     0.955    -1.195     0.000  468   -1   -1   -1
 424     0.956     7.117     0.000   56   -1   -1   -1
 425     0.971    -6.493     0.000  733   -1   -1   -1
 426     1.011    -1.988     0.000  508   -1   -1   -1
 427     1.045     0.640     0.000  366   -1   -1   -1
 428     1.054    -6.732     0.000  750   -1   -1   -1
 429     1.114     6.108     0.000   94   -1   -1   -1
 430     1.140     0.399     0.000  384   -1   -1   -1
 431     1.185    -3.921     0.000  588   -1   -1   -1
 432     1.250    -3.003     0.000  550   -1   -1   -1
 433     1.257     2.382     0.000  281   -1   -1   -1
 434     1.278    -6.903     0.000  760   -1   -1   -1
 435     1.284    -1.149     0.000  463   -1   -1   -1
 436     1.327     2.085     0.000  297   -1   -1   -1
 437     1.339    -4.743     0.000  634   -1   -1   -1
 438     1.359     0.938     0.000  351   -1   -1   -1
 439     1.389    -2.579     0.000  532   -1   -1   -1
 440     1.409     0.986     0.000  349   -1   -1   -1
 441     1.414    -3.607     0.000  580   -1   -1   -1
 442     1.442    -7.502     0.000  789   -1   -1   -1
 443     1.484     8.259     0.000    6   -1   -1   -1
 444     1.528    -7.799     0.000  803   -1   -1   -1
 445     1.540     3.508     0.000  220   -1   -1   -1
 446     1.541     5.287     0.000  126   -1   -1   -1
 447     1.560    -3.011     0.000  551   -1   -1   -1
 448     1.582    -6.561     0.000  740   -1   -1   -1
 449     1.585     2.228     0.000  290   -1   -1   -1
 450     1.607     6.437     0.000   83   -1   -1   -1
 451     1.611    -3.534     0.000  575   -1   -1   -1
 452     1.669     0.399     0.000  383   -1   -1   -1
 453     1.765    -4.013     0.000  592   -1   -1   -1
 454     1.770    -2.684     0.000  534   -1   -1   -1
 455     1.782    -6.472     0.000  731   -1   -1   -1
 456     1.788     1.041     0.000  345   -1   -1   -1
 457     1.837     7.598     0.000   31   -1   -1   -1
 458     1.845     5.159     0.000  136   -1   -1   -1
 459     1.846    -7.928     0.000  810   -1   -1   -1
 460     1.863    -6.832     0.000  754   -1   -1   -1
 461     1.868    -4.682     0.000  631   -1   -1   -1
 462     1.870    -0.722     0.000  444   -1   -1   -1
 463     1.871    -3.607     0.000  579   -1   -1   -1
 464     1.873    -3.964     0.000  590   -1   -1   -1
 465     1.876    -6.621     0.000  743   -1   -1   -1
 466     1.913     3.205     0.000  236   -1   -1   -1
 467     1.926    -7.047     0.000  770   -1   -1   -1
 468     1.932    -2.160     0.000  518   -1   -1   -1
 469     1.950     1.114     0.000  343   -1   -1   -1
 470     1.954    -1.472     0.000  486   -1   -1   -1
 471     1.968     0.095     0.000  395   -1   -1   -1
 472     1.982     5.842     0.000  105   -1   -1   -1
 473     2.015     1.098     0.000  344   -1   -1   -1
 474     2.111     4.144     0.000  189   -1   -1   -1
 475     2.127    -4.570     0.000  626   -1   -1   -1
 476     2.128    -3.681     0.000  582   -1   -1   -1
 477     2.130     1.319     0.000  333   -1   -1   -1
 478     2.133     7.246     0.000   46   -1   -1   -1
 479     2.135    -8.043     0.000  820   -1   -1   -1
 480     2.150     6.436     0.000   84   -1   -1   -1
 481     2.167    -1.886     0.000  502   -1   -1   -1
 482     2.171    -1.399     0.000  479   -1   -1   -1
 483     2.173    -0.149     0.000  412   -1   -1   -1
 484     2.188     4.503     0.000  174   -1   -1   -1
 485     2.191     0.462     0.000  376   -1   -1   -1
 486     2.199    -6.516     0.000  739   -1   -1   -1
 487     2.238    -0.391     0.000  421   -1   -1   -1
 488     2.260     5.835     0.000  106   -1   -1   -1
 489     2.271    -3.077     0.000  555   -1   -1   -1
 490     2.285    -6.702     0.000  748   -1   -1   -1
 491     2.286    -7.183     0.000  776   -1   -1   -1
 492     2.289     4.343     0.000  182   -1   -1   -1
 493     2.294    -0.925     0.000  454   -1   -1   -1
 494     2.308     6.518     0.000   81   -1   -1   -1
 495     2.332    -7.388     0.000  781   -1   -1   -1
 496     2.335    -2.950     0.000  548   -1   -1   -1
 497     2.348     0.750     0.000  358   -1   -1   -1
 498     2.348     5.280     0.000  127   -1   -1   -1
 499     2.354     8.354     0.000    2   -1   -1   -1
 500     2.370    -5.742     0.000  684   -1   -1   -1
 501     2.379     5.145     0.000  137   -1   -1   -1
 502     2.389    -3.523     0.000  574   -1   -1   -1
 503     2.393     5.940     0.000  102   -1   -1   -1
 504     2.395     6.066     0.000   98   -1   -1   -1
 505     2.409    -3.617     0.000  581   -1   -1   -1
 506     2.466    -3.164     0.000  560   -1   -1   -1
 507     2.488    -1.161     0.000  465   -1   -1   -1
 508     2.512     0.862     0.000  354   -1   -1   -1
 509     2.555     3.996     0.000  195   -1   -1   -1
 510     2.600    -3.161     0.000  559   -1   -1   -1
 511     2.634    -5.074     0.000  648   -1   -1   -1
 512     2.637     2.396     0.000  280   -1   -1   -1
 513     2.654     7.578     0.000   32   -1   -1   -1
 514     2.684    -6.385     0.000  726   -1   -1   -1
 515     2.697     5.715     0.000  115   -1   -1   -1
 516     2.697     5.101     0.000  140   -1   -1   -1
 517     2.739     0.116     0.000  394   -1   -1   -1
 518     2.763     2.539     0.000  270   -1   -1   -1
 519     2.780    -7.983     0.000  816   -1   -1   -1
 520     2.785    -6.011     0.000  704   -1   -1   -1
 521     2.822     7.953     0.000   21   -1   -1   -1
 522     2.829    -6.583     0.000  741   -1   -1   -1
 523     2.856     0.725     0.000  360   -1   -1   -1
 524     2.875     6.374     0.000   88   -1   -1   -1
 525     2.877     0.035     0.000  400   -1   -1   -1
 526     2.927     4.992     0.000  144   -1   -1   -1
 527     2.930    -1.584     0.000  490   -1   -1   -1
 528     2.964     7.146     0.000   53   -1   -1   -1
 529     2.999     5.187     0.000  135   -1   -1   -1
 530     3.032    -5.928     0.000  697   -1   -1   -1
 531     3.038     2.723     0.000  260   -1   -1   -1
 532     3.045     0.640     0.000  367   -1   -1   -1
 533     3.048    -5.151     0.000  652   -1   -1   -1
 534     3.090     5.592     0.000  119   -1   -1   -1
 535     3.103    -2.494     0.000  528   -1   -1   -1
 536     3.114    -1.163     0.000  466   -1   -1   -1
 537     3.117     2.654     0.000  264   -1   -1   -1
 538     3.124     6.169     0.000   92   -1   -1   -1
 539     3.147    -6.864     0.000  756   -1   -1   -1
 540     3.159     2.821     0.000  255   -1   -1   -1
 541     3.172    -1.895     0.000  504   -1   -1   -1
 542     3.186    -7.106     0.000  772   -1   -1   -1
 543     3.198     6.092     0.000   96   -1   -1   -1
 544     3.211     8.235     0.000    8   -1   -1   -1
 545     3.213     5.623     0.000  118   -1   -1   -1
 546     3.284    -8.122     0.000  828   -1   -1   -1
 547     3.304    -1.302     0.000  474   -1   -1   -1
 548     3.315    -7.156     0.000  774   -1   -1   -1
 549     3.320    -5.557     0.000  676   -1   -1   -1
 550     3.405     2.961     0.000  247   -1   -1   -1
 551     3.414     6.649     0.000   75   -1   -1   -1
 552     3.459    -5.357     0.000  662   -1   -1   -1
 553     3.462     2.825     0.000  254   -1   -1   -1
 554     3.484    -2.054     0.000  511   -1   -1   -1
 555     3.491     1.337     0.000  331   -1   -1   -1
 556     3.506    -4.491     0.000  622   -1   -1   -1
 557     3.511     5.883     0.000  104   -1   -1   -1
 558     3.564    -3.234     0.000  565   -1   -1   -1
 559     3.579    -2.797     0.000  539   -1   -1   -1
 560     3.583    -0.887     0.000  450   -1   -1   -1
 561     3.585    -0.462     0.000  425   -1   -1   -1
 562     3.590    -6.957     0.000  764   -1   -1   -1
 563     3.618    -5.994     0.000  702   -1   -1   -1
 564     3.620     5.304     0.000  125   -1   -1   -1
 565     3.642    -0.043     0.000  407   -1   -1   -1
 566     3.645    -5.449     0.000  664   -1   -1   -1
 567     3.646    -6.082     0.000  713   -1   -1   -1
 568     3.662    -7.005     0.000  768   -1   -1   -1
 569     3.670     5.034     0.000  143   -1   -1   -1
 570     3.676     2.148     0.000  294   -1   -1   -1
 571     3.682     7.898     0.000   23   -1   -1   -1
 572     3.732    -5.899     0.000  695   -1   -1   -1
 573     3.736     4.044     0.000  193   -1   -1   -1
 574     3.742     2.600     0.000  268   -1   -1   -1
 575     3.777     7.709     0.000   27   -1   -1   -1
 576     3.792    -7.705     0.000  799   -1   -1   -1
 577     3.806    -0.563     0.000  430   -1   -1   -1
 578     3.810    -6.978     0.000  765   -1   -1   -1
 579     3.810     0.844     0.000  355   -1   -1   -1
 580     3.824    -2.101     0.000  513   -1   -1   -1
 581     3.833    -1.807     0.000  500   -1   -1   -1
 582     3.844    -2.224     0.000  520   -1   -1   -1
 583     3.857    -5.725     0.000  683   -1   -1   -1
 584     3.877     0.436     0.000  378   -1   -1   -1
 585     3.878     4.927     0.000  149   -1   -1   -1
 586     3.880    -6.030     0.000  706   -1   -1   -1
 587     3.883    -7.222     0.000  777   -1   -1   -1
 588     3.886     5.255     0.000  130   -1   -1   -1
 589     3.904    -7.412     0.000  783   -1   -1   -1
 590     3.938    -1.246     0.000  472   -1   -1   -1
 591     3.946    -0.621     0.000  435   -1   -1   -1
 592     3.948    -7.679     0.000  797   -1   -1   -1
 593     3.954    -4.123     0.000  596   -1   -1   -1
 594     3.963    -7.913     0.000  809   -1   -1   -1
 595     3.979     2.436     0.000  277   -1   -1   -1
 596     4.008    -7.428     0.000  786   -1   -1   -1
 597     4.018    -8.048     0.000  821   -1   -1   -1
 598     4.020     4.113     0.000  191   -1   -1   -1
 599     4.021     2.887     0.000  250   -1   -1   -1
 600     4.027    -2.494     0.000  529   -1   -1   -1
 601     4.030     8.100     0.000   15   -1   -1   -1
 602     4.037    -7.777     0.000  802   -1   -1   -1
 603     4.067     3.046     0.000  242   -1   -1   -1
 604     4.090    -5.453     0.000  665   -1   -1   -1
 605     4.091     4.911     0.000  150   -1   -1   -1
 606     4.120     0.710     0.000  361   -1   -1   -1
 607     4.234    -0.966     0.000  456   -1   -1   -1
 608     4.252    -8.329     0.000  838   -1   -1   -1
 609     4.284     4.706     0.000  164   -1   -1   -1
 610     4.293     2.243     0.000  288   -1   -1   -1
 611     4.298    -4.333     0.000  611   -1   -1   -1
 612     4.328     5.780     0.000  110   -1   -1   -1
 613     4.330     8.333     0.000    3   -1   -1   -1
 614     4.362    -1.998     0.000  510   -1   -1   -1
 615     4.387     2.171     0.000  293   -1   -1   -1
 616     4.423    -5.706     0.000  680   -1   -1   -1
 617     4.426    -2.103     0.000  514   -1   -1   -1
 618     4.426     4.654     0.000  167   -1   -1   -1
 619     4.445    -1.703     0.000  497   -1   -1   -1
 620     4.469     4.632     0.000  169   -1   -1   -1
 621     4.469     2.978     0.000  244   -1   -1   -1
 622     4.486     0.779     0.000  357   -1   -1   -1
 623     4.491     8.012     0.000   18   -1   -1   -1
 624     4.520    -0.849     0.000  448   -1   -1   -1
 625     4.534     6.374     0.000   89   -1   -1   -1
 626     4.536     0.045     0.000  399   -1   -1   -1
 627     4.537     4.814     0.000  157   -1   -1   -1
 628     4.560    -8.292     0.000  836   -1   -1   -1
 629     4.562     3.480     0.000  221   -1   -1   -1
 630     4.580    -4.858     0.000  638   -1   -1   -1
 631     4.606     2.638     0.000  265   -1   -1   -1
 632     4.608     6.427     0.000   85   -1   -1   -1
 633     4.647     3.299     0.000  230   -1   -1   -1
 634     4.669    -1.435     0.000  484   -1   -1   -1
 635     4.671     1.880     0.000  314   -1   -1   -1
 636     4.678     2.802     0.000  256   -1   -1   -1
 637     4.681    -6.424     0.000  730   -1   -1   -1
 638     4.684     0.608     0.000  371   -1   -1   -1
 639     4.705    -3.279     0.000  567   -1   -1   -1
 640     4.732     1.153     0.000  342   -1   -1   -1
 641     4.739    -5.163     0.000  654   -1   -1   -1
 642     4.752    -7.106     0.000  773   -1   -1   -1
 643     4.755    -6.993     0.000  766   -1   -1   -1
 644     4.789    -8.230     0.000  831   -1   -1   -1
 645     4.790     8.325     0.000    4   -1   -1   -1
 646     4.795     3.017     0.000  243   -1   -1   -1
 647     4.836    -4.090     0.000  594   -1   -1   -1
 648     4.923    -2.722     0.000  536   -1   -1   -1
 649     4.926     0.334     0.000  385   -1   -1   -1
 650     4.947     5.102     0.000  139   -1   -1   -1
 651     4.948     3.575     0.000  216   -1   -1   -1
 652     4.964     5.223     0.000  132   -1   -1   -1
 653     5.014     1.477     0.000  327   -1   -1   -1
 654     5.032    -5.191     0.000  656   -1   -1   -1
 655     5.032    -2.874     0.000  542   -1   -1   -1
 656     5.056     8.114     0.000   14   -1   -1   -1
 657     5.058     8.071     0.000   16   -1   -1   -1
 658     5.064    -4.270     0.000  603   -1   -1   -1
 659     5.097    -3.955     0.000  589   -1   -1   -1
 660     5.097    -5.743     0.000  685   -1   -1   -1
 661     5.105     7.198     0.000   48   -1   -1   -1
 662     5.112     6.917     0.000   64   -1   -1   -1
 663     5.114     1.995     0.000  306   -1   -1   -1
 664     5.166    -5.813     0.000  689   -1   -1   -1
 665     5.177    -7.594     0.000  795   -1   -1   -1
 666     5.225     6.837     0.000   69   -1   -1   -1
 667     5.226     6.425     0.000   86   -1   -1   -1
 668     5.256     6.890     0.000   67   -1   -1   -1
 669     5.270     1.555     0.000  325   -1   -1   -1
 670     5.307     7.079     0.000   58   -1   -1   -1
 671     5.309    -3.100     0.000  558   -1   -1   -1
 672     5.326     2.380     0.000  282   -1   -1   -1
 673     5.396     5.810     0.000  108   -1   -1   -1
 674     5.412    -7.849     0.000  806   -1   -1   -1
 675     5.431     2.777     0.000  258   -1   -1   -1
 676     5.441    -2.939     0.000  546   -1   -1   -1
 677     5.460     1.979     0.000  307   -1   -1   -1
 678     5.485     1.363     0.000  328   -1   -1   -1
 679     5.487     6.039     0.000  100   -1   -1   -1
 680     5.555     2.034     0.000  305   -1   -1   -1
 681     5.573     4.471     0.000  175   -1   -1   -1
 682     5.604    -5.047     0.000  646   -1   -1   -1
 683     5.607    -8.106     0.000  826   -1   -1   -1
 684     5.640     6.967     0.000   62   -1   -1   -1
 685     5.671     3.919     0.000  198   -1   -1   -1
 686     5.677    -6.683     0.000  746   -1   -1   -1
 687     5.685    -0.645     0.000  438   -1   -1   -1
 688     5.709    -3.190     0.000  562   -1   -1   -1
 689     5.762     4.592     0.000  173   -1   -1   -1
 690     5.774    -8.070     0.000  822   -1   -1   -1
 691     5.775    -5.464     0.000  669   -1   -1   -1
 692     5.782    -5.793     0.000  687   -1   -1   -1
 693     5.826    -2.461     0.000  527   -1   -1   -1
 694     5.828     1.754     0.000  315   -1   -1   -1
 695     5.838    -5.150     0.000  651   -1   -1   -1
 696     5.841    -0.991     0.000  458   -1   -1   -1
 697     5.889    -3.467     0.000  573   -1   -1   -1
 698     5.893    -8.291     0.000  835   -1   -1   -1
 699     5.895     1.972     0.000  308   -1   -1   -1
 700     5.901    -0.755     0.000  445   -1   -1   -1
 701     5.906     5.055     0.000  142   -1   -1   -1
 702     5.919    -7.972     0.000  815   -1   -1   -1
 703     5.966    -7.368     0.000  779   -1   -1   -1
 704     5.988    -6.382     0.000  725   -1   -1   -1
 705     5.993     2.716     0.000  261   -1   -1   -1
 706     6.004    -6.486     0.000  732   -1   -1   -1
 707     6.024     0.218     0.000  388   -1   -1   -1
 708     6.033    -5.295     0.000  659   -1   -1   -1
 709     6.042    -4.335     0.000  612   -1   -1   -1
 710     6.054    -0.481     0.000  427   -1   -1   -1
 711     6.058     4.638     0.000  168   -1   -1   -1
 712     6.062    -1.727     0.000  498   -1   -1   -1
 713     6.067    -3.067     0.000  554   -1   -1   -1
 714     6.092    -6.145     0.000  715   -1   -1   -1
 715     6.157     1.692     0.000  317   -1   -1   -1
 716     6.168     6.539     0.000   79   -1   -1   -1
 717     6.202     3.855     0.000  201   -1   -1   -1
 718     6.211     0.282     0.000  387   -1   -1   -1
 719     6.215    -4.223     0.000  601   -1   -1   -1
 720     6.217     3.185     0.000  237   -1   -1   -1
 721     6.224    -1.563     0.000  489   -1   -1   -1
 722     6.281     7.265     0.000   43   -1   -1   -1
 723     6.314    -2.136     0.000  516   -1   -1   -1
 724     6.316    -2.948     0.000  547   -1   -1   -1
 725     6.333    -6.503     0.000  736   -1   -1   -1
 726     6.352     1.951     0.000  312   -1   -1   -1
 727     6.384     2.358     0.000  284   -1   -1   -1
 728     6.409     7.015     0.000   60   -1   -1   -1
 729     6.413    -4.272     0.000  604   -1   -1   -1
 730     6.419    -2.931     0.000  545   -1   -1   -1
 731     6.479    -1.378     0.000  478   -1   -1   -1
 732     6.487    -4.882     0.000  641   -1   -1   -1
 733     6.533     6.896     0.000   66   -1   -1   -1
 734     6.544    -5.962     0.000  700   -1   -1   -1
 735     6.560     4.664     0.000  166   -1   -1   -1
 736     6.572    -1.314     0.000  475   -1   -1   -1
 737     6.597     2.123     0.000  295   -1   -1   -1
 738     6.605    -1.287     0.000  473   -1   -1   -1
 739     6.623    -0.584     0.000  432   -1   -1   -1
 740     6.631     2.868     0.000  251   -1   -1   -1
 741     6.641    -6.057     0.000  710   -1   -1   -1
 742     6.669    -5.140     0.000  650   -1   -1   -1
 743     6.679     5.639     0.000  116   -1   -1   -1
 744     6.690    -5.332     0.000  661   -1   -1   -1
 745     6.719     6.580     0.000   77   -1   -1   -1
 746     6.723     0.428     0.000  381   -1   -1   -1
 747     6.725    -6.223     0.000  718   -1   -1   -1
 748     6.734    -5.510     0.000  672   -1   -1   -1
 749     6.743     3.179     0.000  238   -1   -1   -1
 750     6.762    -1.888     0.000  503   -1   -1   -1
 751     6.764     3.296     0.000  232   -1   -1   -1
 752     6.769     2.050     0.000  302   -1   -1   -1
 753     6.798    -0.574     0.000  431   -1   -1   -1
 754     6.815    -6.054     0.000  709   -1   -1   -1
 755     6.822    -0.776     0.000  446   -1   -1   -1
 756     6.833    -7.673     0.000  796   -1   -1   -1
 757     6.859     5.220     0.000  133   -1   -1   -1
 758     6.896     3.619     0.000  211   -1   -1   -1
 759     6.898    -8.009     0.000  818   -1   -1   -1
 760     6.923    -0.917     0.000  453   -1   -1   -1
 761     6.929    -4.932     0.000  642   -1   -1   -1
 762     6.932    -2.651     0.000  533   -1   -1   -1
 763     6.939    -0.080     0.000  409   -1   -1   -1
 764     6.948     6.179     0.000   91   -1   -1   -1
 765     6.966    -0.690     0.000  441   -1   -1   -1
 766     6.980     2.081     0.000  298   -1   -1   -1
 767     6.981     0.432     0.000  379   -1   -1   -1
 768     7.022     3.416     0.000  224   -1   -1   -1
 769     7.024     6.631     0.000   76   -1   -1   -1
 770     7.048     2.041     0.000  303   -1   -1   -1
 771     7.050    -6.615     0.000  742   -1   -1   -1
 772     7.052    -5.794     0.000  688   -1   -1   -1
 773     7.078    -4.038     0.000  593   -1   -1   -1
 774     7.096    -6.004     0.000  703   -1   -1   -1
 775     7.098    -0.193     0.000  417   -1   -1   -1
 776     7.127    -8.301     0.000  837   -1   -1   -1
 777     7.144     7.541     0.000   35   -1   -1   -1
 778     7.170     6.525     0.000   80   -1   -1   -1
 779     7.185    -6.174     0.000  716   -1   -1   -1
 780     7.212     0.192     0.000  390   -1   -1   -1
 781     7.228    -3.978     0.000  591   -1   -1   -1
 782     7.263     4.986     0.000  145   -1   -1   -1
 783     7.267     4.368     0.000  181   -1   -1   -1
 784     7.280     1.617     0.000  321   -1   -1   -1
 785     7.281    -4.404     0.000  617   -1   -1   -1
 786     7.290     6.741     0.000   72   -1   -1   -1
 787     7.307     4.310     0.000  185   -1   -1   -1
 788     7.314     5.625     0.000  117   -1   -1   -1
 789     7.330    -0.156     0.000  413   -1   -1   -1
 790     7.369     3.543     0.000  218   -1   -1   -1
 791     7.400    -8.081     0.000  823   -1   -1   -1
 792     7.406    -6.413     0.000  729   -1   -1   -1
 793     7.426     2.063     0.000  301   -1   -1   -1
 794     7.490     5.265     0.000  128   -1   -1   -1
 795     7.496     4.778     0.000  161   -1   -1   -1
 796     7.504     4.421     0.000  177   -1   -1   -1
 797     7.544    -2.909     0.000  543   -1   -1   -1
 798     7.573    -8.404     0.000  840   -1   -1   -1
 799     7.579     1.254     0.000  336   -1   -1   -1
 800     7.603     4.755     0.000  162   -1   -1   -1
 801     7.620     1.744     0.000  316   -1   -1   -1
 802     7.640     2.273     0.000  287   -1   -1   -1
 803     7.705     7.738     0.000   26   -1   -1   -1
 804     7.745    -7.937     0.000  812   -1   -1   -1
 805     7.763     8.252     0.000    7   -1   -1   -1
 806     7.772    -2.994     0.000  549   -1   -1   -1
 807     7.803     1.623     0.000  320   -1   -1   -1
 808     7.839     6.730     0.000   73   -1   -1   -1
 809     7.840    -0.862     0.000  449   -1   -1   -1
 810     7.919    -5.016     0.000  643   -1   -1   -1
 811     7.991     7.150     0.000   51   -1   -1   -1
 812     8.006    -0.439     0.000  424   -1   -1   -1
 813     8.022    -1.201     0.000  469   -1   -1   -1
 814     8.024    -6.889     0.000  757   -1   -1   -1
 815     8.030     1.019     0.000  346   -1   -1   -1
 816     8.035    -5.650     0.000  678   -1   -1   -1
 817     8.073     4.382     0.000  180   -1   -1   -1
 818     8.095     3.154     0.000  239   -1   -1   -1
 819     8.132    -4.783     0.000  636   -1   -1   -1
 820     8.158    -4.545     0.000  624   -1   -1   -1
 821     8.176     2.498     0.000  273   -1   -1   -1
 822     8.183     4.607     0.000  171   -1   -1   -1
 823     8.183     3.232     0.000  235   -1   -1   -1
 824     8.220    -7.284     0.000  778   -1   -1   -1
 825     8.222     4.790     0.000  159   -1   -1   -1
 826     8.233    -6.335     0.000  723   -1   -1   -1
 827     8.246    -7.844     0.000  805   -1   -1   -1
 828     8.254     7.257     0.000   44   -1   -1   -1
 829     8.271    -3.409     0.000  571   -1   -1   -1
 830     8.278    -6.053     0.000  708   -1   -1   -1
 831     8.305    -1.902     0.000  505   -1   -1   -1
 832     8.319    -7.376     0.000  780   -1   -1   -1
 833     8.322     5.264     0.000  129   -1   -1   -1
 834     8.335     7.035     0.000   59   -1   -1   -1
 835     8.346     1.335     0.000  332   -1   -1   -1
 836     8.347    -4.408     0.000  618   -1   -1   -1
 837     8.359     8.188     0.000   12   -1   -1   -1
 838     8.369     7.574     0.000   33   -1   -1   -1
 839     8.390    -8.274     0.000  834   -1   -1   -1
 840     8.403    -0.168     0.000  415   -1   -1   -1
 841     8.403     0.666     0.000  364   -1   -1   -1
