863
   1    -8.396     7.539     0.000   38   -1   -1   -1
   2    -8.380    -6.894     0.000  770   -1   -1   -1
   3    -8.362    -3.311     0.000  570   -1   -1   -1
   4    -8.351    -8.158     0.000  843   -1   -1   -1
   5    -8.337    -4.633     0.000  633   -1   -1   -1
   6    -8.284     0.543     0.000  381   -1   -1   -1
   7    -8.283    -1.578     0.000  495   -1   -1   -1
   8    -8.270     6.850     0.000   65   -1   -1   -1
   9    -8.243    -8.255     0.000  850   -1   -1   -1
  10    -8.227     4.229     0.000  192   -1   -1   -1
  11    -8.210    -7.937     0.000  829   -1   -1   -1
  12    -8.194     1.552     0.000  339   -1   -1   -1
  13    -8.169    -3.044     0.000  558   -1   -1   -1
  14    -8.168     4.422     0.000  184   -1   -1   -1
  15    -8.137     6.495     0.000   80   -1   -1   -1
  16    -8.110    -2.507     0.000  534   -1   -1   -1
  17    -8.107     2.621     0.000  276   -1   -1   -1
  18    -8.067     1.351     0.000  346   -1   -1   -1
  19    -8.036    -7.405     0.000  796   -1   -1   -1
  20    -8.033     2.239     0.000  300   -1   -1   -1
  21    -8.005    -6.257     0.000  733   -1   -1   -1
  22    -7.991     6.569     0.000   75   -1   -1   -1
  23    -7.972    -3.823     0.000  588   -1   -1   -1
  24    -7.951     5.665     0.000  121   -1   -1   -1
  25    -7.911    -0.956     0.000  469   -1   -1   -1
  26    -7.887     0.821     0.000  364   -1   -1   -1
  27    -7.880     2.321     0.000  295   -1   -1   -1
  28    -7.879    -0.179     0.000  424   -1   -1   -1
  29    -7.854    -6.116     0.000  716   -1   -1   -1
  30    -7.845     4.092     0.000  194   -1   -1   -1
  31    -7.825     3.866     0.000  210   -1   -1   -1
  32    -7.805    -6.168     0.000  723   -1   -1   -1
  33    -7.804    -4.847     0.000  645   -1   -1   -1
  34    -7.796     4.993     0.000  150   -1   -1   -1
  35    -7.791     2.493     0.000  287   -1   -1   -1
  36    -7.771    -2.755     0.000  546   -1   -1   -1
  37    -7.762    -6.258     0.000  734   -1   -1   -1
  38    -7.759    -5.144     0.000  664   -1   -1   -1
  39    -7.748    -6.735     0.000  758   -1   -1   -1
  40    -7.749     1.976     0.000  320   -1   -1   -1
  41    -7.744    -4.633     0.000  632   -1   -1   -1
  42    -7.743     7.143     0.000   54   -1   -1   -1
  43    -7.742     5.235     0.000  138   -1   -1   -1
  44    -7.713    -0.685     0.000  455   -1   -1   -1
  45    -7.694     7.122     0.000   56   -1   -1   -1
  46    -7.682     6.654     0.000   72   -1   -1   -1
  47    -7.585    -6.899     0.000  771   -1   -1   -1
  48    -7.562     0.420     0.000  388   -1   -1   -1
  49    -7.535    -0.001     0.000  412   -1   -1   -1
  50    -7.533     8.231     0.000    8   -1   -1   -1
  51    -7.528    -0.694     0.000  456   -1   -1   -1
  52    -7.514    -5.444     0.000  682   -1   -1   -1
  53    -7.497    -1.104     0.000  474   -1   -1   -1
  54    -7.472     7.994     0.000   19   -1   -1   -1
  55    -7.472     3.621     0.000  222   -1   -1   -1
  56    -7.427     3.849     0.000  213   -1   -1   -1
  57    -7.401     3.984     0.000  202   -1   -1   -1
  58    -7.398    -1.438     0.000  488   -1   -1   -1
  59    -7.379     3.680     0.000  218   -1   -1   -1
  60    -7.359    -6.207     0.000  726   -1   -1   -1
  61    -7.346     2.315     0.000  296   -1   -1   -1
  62    -7.317    -5.098     0.000  660   -1   -1   -1
  63    -7.316    -5.409     0.000  680   -1   -1   -1
  64    -7.307     3.856     0.000  212   -1   -1   -1
  65    -7.299     5.397     0.000  132   -1   -1   -1
  66    -7.278     0.097     0.000  404   -1   -1   -1
  67    -7.255    -8.389     0.000  857   -1   -1   -1
  68    -7.244     6.140     0.000   98   -1   -1   -1
  69    -7.244     3.242     0.000  240   -1   -1   -1
  70    -7.216    -7.969     0.000  831   -1   -1   -1
  71    -7.171     7.650     0.000   32   -1   -1   -1
  72    -7.157    -8.130     0.000  841   -1   -1   -1
  73    -7.157    -6.763     0.000  760   -1   -1   -1
  74    -7.155     6.086     0.000  101   -1   -1   -1
  75    -7.145     4.739     0.000  166   -1   -1   -1
  76    -7.140     4.042     0.000  197   -1   -1   -1
  77    -7.140    -7.754     0.000  816   -1   -1   -1
  78    -7.128     7.295     0.000   45   -1   -1   -1
  79    -7.124    -2.419     0.000  527   -1   -1   -1
  80    -7.107     7.456     0.000   39   -1   -1   -1
  81    -7.090     4.987     0.000  151   -1   -1   -1
  82    -7.041    -5.433     0.000  681   -1   -1   -1
  83    -7.014     1.961     0.000  323   -1   -1   -1
  84    -7.012     0.022     0.000  411   -1   -1   -1
  85    -6.997    -6.791     0.000  763   -1   -1   -1
  86    -6.987     4.430     0.000  183   -1   -1   -1
  87    -6.979    -6.618     0.000  752   -1   -1   -1
  88    -6.971    -2.410     0.000  526   -1   -1   -1
  89    -6.970     4.336     0.000  188   -1   -1   -1
  90    -6.955    -0.389     0.000  431   -1   -1   -1
  91    -6.949     5.112     0.000  143   -1   -1   -1
  92    -6.924    -2.701     0.000  545   -1   -1   -1
  93    -6.914     5.413     0.000  131   -1   -1   -1
  94    -6.910     3.376     0.000  233   -1   -1   -1
  95    -6.895    -0.835     0.000  462   -1   -1   -1
  96    -6.891     2.894     0.000  259   -1   -1   -1
  97    -6.873    -6.475     0.000  745   -1   -1   -1
  98    -6.860    -1.216     0.000  477   -1   -1   -1
  99    -6.838     7.550     0.000   36   -1   -1   -1
 100    -6.821    -7.519     0.000  801   -1   -1   -1
 101    -6.791     1.303     0.000  350   -1   -1   -1
 102    -6.785    -5.451     0.000  684   -1   -1   -1
 103    -6.757     2.410     0.000  289   -1   -1   -1
 104    -6.736     7.616     0.000   33   -1   -1   -1
 105    -6.721    -0.886     0.000  464   -1   -1   -1
 106    -6.719     3.562     0.000  226   -1   -1   -1
 107    -6.709     4.290     0.000  191   -1   -1   -1
 108    -6.700    -3.047     0.000  559   -1   -1   -1
 109    -6.679     1.666     0.000  333   -1   -1   -1
 110    -6.677     1.350     0.000  347   -1   -1   -1
 111    -6.633     3.541     0.000  228   -1   -1   -1
 112    -6.628     2.373     0.000  293   -1   -1   -1
 113    -6.599     5.772     0.000  113   -1   -1   -1
 114    -6.581     6.974     0.000   61   -1   -1   -1
 115    -6.579    -4.364     0.000  613   -1   -1   -1
 116    -6.550    -6.373     0.000  739   -1   -1   -1
 117    -6.531    -1.407     0.000  487   -1   -1   -1
 118    -6.509    -6.253     0.000  732   -1   -1   -1
 119    -6.503     7.614     0.000   34   -1   -1   -1
 120    -6.499     3.057     0.000  251   -1   -1   -1
 121    -6.480    -4.785     0.000  641   -1   -1   -1
 122    -6.423     0.138     0.000  402   -1   -1   -1
 123    -6.385    -3.573     0.000  582   -1   -1   -1
 124    -6.366    -6.633     0.000  753   -1   -1   -1
 125    -6.360     4.874     0.000  157   -1   -1   -1
 126    -6.347    -7.887     0.000  822   -1   -1   -1
 127    -6.335    -0.499     0.000  439   -1   -1   -1
 128    -6.331     8.134     0.000   13   -1   -1   -1
 129    -6.285    -5.852     0.000  700   -1   -1   -1
 130    -6.283     0.096     0.000  405   -1   -1   -1
 131    -6.264     0.332     0.000  392   -1   -1   -1
 132    -6.247    -7.898     0.000  823   -1   -1   -1
 133    -6.247    -1.667     0.000  498   -1   -1   -1
 134    -6.229     0.983     0.000  360   -1   -1   -1
 135    -6.198     2.495     0.000  286   -1   -1   -1
 136    -6.183    -4.599     0.000  629   -1   -1   -1
 137    -6.169     4.875     0.000  156   -1   -1   -1
 138    -6.163    -5.273     0.000  673   -1   -1   -1
 139    -6.162     3.365     0.000  234   -1   -1   -1
 140    -6.152     2.732     0.000  270   -1   -1   -1
 141    -6.139    -7.665     0.000  811   -1   -1   -1
 142    -6.134     7.953     0.000   21   -1   -1   -1
 143    -6.102     7.351     0.000   42   -1   -1   -1
 144    -6.100     1.236     0.000  353   -1   -1   -1
 145    -6.092    -7.152     0.000  782   -1   -1   -1
 146    -6.086    -4.691     0.000  638   -1   -1   -1
 147    -6.073     6.277     0.000   92   -1   -1   -1
 148    -6.043     3.700     0.000  217   -1   -1   -1
 149    -6.016     7.848     0.000   26   -1   -1   -1
 150    -6.009    -7.758     0.000  817   -1   -1   -1
 151    -5.995    -7.346     0.000  789   -1   -1   -1
 152    -5.972    -4.652     0.000  635   -1   -1   -1
 153    -5.960     3.078     0.000  250   -1   -1   -1
 154    -5.952     6.805     0.000   67   -1   -1   -1
 155    -5.952    -0.468     0.000  434   -1   -1   -1
 156    -5.938    -6.361     0.000  736   -1   -1   -1
 157    -5.920    -7.368     0.000  793   -1   -1   -1
 158    -5.910     4.854     0.000  158   -1   -1   -1
 159    -5.890    -5.902     0.000  705   -1   -1   -1
 160    -5.870    -0.035     0.000  415   -1   -1   -1
 161    -5.854    -7.374     0.000  794   -1   -1   -1
 162    -5.844    -1.668     0.000  499   -1   -1   -1
 163    -5.833     4.697     0.000  168   -1   -1   -1
 164    -5.823     0.610     0.000  378   -1   -1   -1
 165    -5.820    -1.913     0.000  511   -1   -1   -1
 166    -5.777    -7.906     0.000  824   -1   -1   -1
 167    -5.759    -5.871     0.000  703   -1   -1   -1
 168    -5.713    -4.134     0.000  600   -1   -1   -1
 169    -5.696     7.401     0.000   41   -1   -1   -1
 170    -5.680     1.908     0.000  324   -1   -1   -1
 171    -5.663     5.746     0.000  116   -1   -1   -1
 172    -5.642     0.737     0.000  368   -1   -1   -1
 173    -5.609    -0.892     0.000  465   -1   -1   -1
 174    -5.603    -1.787     0.000  505   -1   -1   -1
 175    -5.593     7.236     0.000   50   -1   -1   -1
 176    -5.580    -2.468     0.000  531   -1   -1   -1
 177    -5.565     0.280     0.000  396   -1   -1   -1
 178    -5.561     6.030     0.000  105   -1   -1   -1
 179    -5.528     2.667     0.000  272   -1   -1   -1
 180    -5.524    -3.113     0.000  564   -1   -1   -1
 181    -5.522    -4.965     0.000  653   -1   -1   -1
 182    -5.485    -0.684     0.000  454   -1   -1   -1
 183    -5.466     4.798     0.000  162   -1   -1   -1
 184    -5.461    -7.604     0.000  805   -1   -1   -1
 185    -5.442     5.225     0.000  141   -1   -1   -1
 186    -5.415    -1.373     0.000  484   -1   -1   -1
 187    -5.380    -8.163     0.000  844   -1   -1   -1
 188    -5.352    -0.606     0.000  448   -1   -1   -1
 189    -5.333    -6.007     0.000  710   -1   -1   -1
 190    -5.328     3.811     0.000  215   -1   -1   -1
 191    -5.314    -3.056     0.000  561   -1   -1   -1
 192    -5.273     2.064     0.000  312   -1   -1   -1
 193    -5.255     0.698     0.000  369   -1   -1   -1
 194    -5.253    -2.455     0.000  530   -1   -1   -1
 195    -5.246    -3.784     0.000  587   -1   -1   -1
 196    -5.200    -1.611     0.000  497   -1   -1   -1
 197    -5.198    -4.686     0.000  636   -1   -1   -1
 198    -5.143    -6.678     0.000  757   -1   -1   -1
 199    -5.117    -4.796     0.000  642   -1   -1   -1
 200    -5.110    -3.904     0.000  592   -1   -1   -1
 201    -5.095    -5.179     0.000  668   -1   -1   -1
 202    -5.088    -0.081     0.000  421   -1   -1   -1
 203    -5.059     7.284     0.000   46   -1   -1   -1
 204    -5.040    -0.014     0.000  414   -1   -1   -1
 205    -5.037     1.559     0.000  338   -1   -1   -1
 206    -5.023     0.531     0.000  382   -1   -1   -1
 207    -5.014    -7.787     0.000  818   -1   -1   -1
 208    -5.000    -7.885     0.000  821   -1   -1   -1
 209    -4.986     5.112     0.000  144   -1   -1   -1
 210    -4.980    -3.412     0.000  579   -1   -1   -1
 211    -4.965    -4.337     0.000  610   -1   -1   -1
 212    -4.962    -0.327     0.000  430   -1   -1   -1
 213    -4.962     3.929     0.000  205   -1   -1   -1
 214    -4.945     3.736     0.000  216   -1   -1   -1
 215    -4.920    -4.164     0.000  601   -1   -1   -1
 216    -4.909     8.382     0.000    1   -1   -1   -1
 217    -4.909    -4.344     0.000  611   -1   -1   -1
 218    -4.906    -1.335     0.000  483   -1   -1   -1
 219    -4.893     8.224     0.000    9   -1   -1   -1
 220    -4.882    -2.835     0.000  551   -1   -1   -1
 221    -4.873    -1.400     0.000  486   -1   -1   -1
 222    -4.873     0.677     0.000  370   -1   -1   -1
 223    -4.833    -4.302     0.000  606   -1   -1   -1
 224    -4.829     1.636     0.000  334   -1   -1   -1
 225    -4.825     3.820     0.000  214   -1   -1   -1
 226    -4.824    -5.817     0.000  699   -1   -1   -1
 227    -4.808     0.074     0.000  406   -1   -1   -1
 228    -4.786     0.409     0.000  389   -1   -1   -1
 229    -4.783    -5.040     0.000  656   -1   -1   -1
 230    -4.772    -4.317     0.000  607   -1   -1   -1
 231    -4.711     4.497     0.000  179   -1   -1   -1
 232    -4.697     2.662     0.000  273   -1   -1   -1
 233    -4.658     5.787     0.000  112   -1   -1   -1
 234    -4.654     2.653     0.000  274   -1   -1   -1
 235    -4.649    -5.153     0.000  665   -1   -1   -1
 236    -4.643     2.192     0.000  302   -1   -1   -1
 237    -4.641     3.570     0.000  225   -1   -1   -1
 238    -4.635    -6.910     0.000  772   -1   -1   -1
 239    -4.629     3.390     0.000  232   -1   -1   -1
 240    -4.616    -4.832     0.000  644   -1   -1   -1
 241    -4.579     2.517     0.000  282   -1   -1   -1
 242    -4.512    -6.592     0.000  750   -1   -1   -1
 243    -4.500     2.170     0.000  304   -1   -1   -1
 244    -4.492     0.617     0.000  377   -1   -1   -1
 245    -4.488    -8.224     0.000  848   -1   -1   -1
 246    -4.453    -6.171     0.000  724   -1   -1   -1
 247    -4.452    -6.058     0.000  714   -1   -1   -1
 248    -4.434    -6.806     0.000  764   -1   -1   -1
 249    -4.394     0.853     0.000  362   -1   -1   -1
 250    -4.364     3.490     0.000  229   -1   -1   -1
 251    -4.360    -2.818     0.000  549   -1   -1   -1
 252    -4.356    -4.394     0.000  615   -1   -1   -1
 253    -4.319     1.027     0.000  358   -1   -1   -1
 254    -4.307    -4.480     0.000  620   -1   -1   -1
 255    -4.305     2.407     0.000  290   -1   -1   -1
 256    -4.290     1.155     0.000  354   -1   -1   -1
 257    -4.274     0.622     0.000  375   -1   -1   -1
 258    -4.263    -7.125     0.000  780   -1   -1   -1
 259    -4.218    -4.530     0.000  625   -1   -1   -1
 260    -4.151    -1.269     0.000  478   -1   -1   -1
 261    -4.121    -2.555     0.000  536   -1   -1   -1
 262    -4.116     3.351     0.000  235   -1   -1   -1
 263    -4.079    -0.487     0.000  438   -1   -1   -1
 264    -4.075     5.741     0.000  117   -1   -1   -1
 265    -4.072     2.597     0.000  278   -1   -1   -1
 266    -4.048    -6.564     0.000  749   -1   -1   -1
 267    -4.046     2.071     0.000  311   -1   -1   -1
 268    -4.041     1.623     0.000  336   -1   -1   -1
 269    -4.034     5.653     0.000  122   -1   -1   -1
 270    -4.011     3.255     0.000  239   -1   -1   -1
 271    -4.009    -1.516     0.000  491   -1   -1   -1
 272    -3.979    -6.228     0.000  728   -1   -1   -1
 273    -3.974    -7.978     0.000  832   -1   -1   -1
 274    -3.959     5.358     0.000  133   -1   -1   -1
 275    -3.957     4.193     0.000  193   -1   -1   -1
 276    -3.948     5.205     0.000  142   -1   -1   -1
 277    -3.920    -7.391     0.000  795   -1   -1   -1
 278    -3.874     2.869     0.000  262   -1   -1   -1
 279    -3.866    -8.179     0.000  845   -1   -1   -1
 280    -3.810    -8.214     0.000  847   -1   -1   -1
 281    -3.805     2.179     0.000  303   -1   -1   -1
 282    -3.776     8.279     0.000    5   -1   -1   -1
 283    -3.761    -7.535     0.000  803   -1   -1   -1
 284    -3.708    -2.149     0.000  518   -1   -1   -1
 285    -3.708    -0.191     0.000  426   -1   -1   -1
 286    -3.690    -1.327     0.000  482   -1   -1   -1
 287    -3.677     7.839     0.000   27   -1   -1   -1
 288    -3.677    -7.288     0.000  788   -1   -1   -1
 289    -3.675    -3.712     0.000  585   -1   -1   -1
 290    -3.628    -4.638     0.000  634   -1   -1   -1
 291    -3.613    -4.398     0.000  618   -1   -1   -1
 292    -3.585     0.787     0.000  365   -1   -1   -1
 293    -3.536    -0.991     0.000  471   -1   -1   -1
 294    -3.519     8.191     0.000   11   -1   -1   -1
 295    -3.506     6.380     0.000   86   -1   -1   -1
 296    -3.486     2.961     0.000  257   -1   -1   -1
 297    -3.390    -2.628     0.000  540   -1   -1   -1
 298    -3.364    -2.073     0.000  516   -1   -1   -1
 299    -3.351    -0.006     0.000  413   -1   -1   -1
 300    -3.339     0.206     0.000  398   -1   -1   -1
 301    -3.335     0.845     0.000  363   -1   -1   -1
 302    -3.334    -2.675     0.000  544   -1   -1   -1
 303    -3.325     3.938     0.000  204   -1   -1   -1
 304    -3.321    -6.128     0.000  719   -1   -1   -1
 305    -3.314     5.451     0.000  130   -1   -1   -1
 306    -3.305     2.631     0.000  275   -1   -1   -1
 307    -3.301     6.265     0.000   93   -1   -1   -1
 308    -3.269     4.585     0.000  177   -1   -1   -1
 309    -3.218    -2.784     0.000  547   -1   -1   -1
 310    -3.198     2.506     0.000  285   -1   -1   -1
 311    -3.170    -6.118     0.000  718   -1   -1   -1
 312    -3.116     0.297     0.000  394   -1   -1   -1
 313    -3.113    -4.570     0.000  628   -1   -1   -1
 314    -3.105     2.441     0.000  288   -1   -1   -1
 315    -3.105     6.119     0.000  100   -1   -1   -1
 316    -3.100     1.963     0.000  321   -1   -1   -1
 317    -3.091     3.871     0.000  209   -1   -1   -1
 318    -3.087    -7.722     0.000  814   -1   -1   -1
 319    -3.079    -4.606     0.000  630   -1   -1   -1
 320    -3.077     3.021     0.000  254   -1   -1   -1
 321    -3.058     7.992     0.000   20   -1   -1   -1
 322    -3.046    -5.999     0.000  709   -1   -1   -1
 323    -3.036    -3.405     0.000  578   -1   -1   -1
 324    -3.033    -0.482     0.000  436   -1   -1   -1
 325    -2.915    -0.289     0.000  428   -1   -1   -1
 326    -2.895     4.550     0.000  178   -1   -1   -1
 327    -2.891    -6.459     0.000  741   -1   -1   -1
 328    -2.884    -2.821     0.000  550   -1   -1   -1
 329    -2.835    -3.294     0.000  569   -1   -1   -1
 330    -2.825     2.613     0.000  277   -1   -1   -1
 331    -2.822     7.179     0.000   52   -1   -1   -1
 332    -2.809     7.950     0.000   22   -1   -1   -1
 333    -2.799    -0.506     0.000  440   -1   -1   -1
 334    -2.785     8.385     0.000    0   -1   -1   -1
 335    -2.762    -8.057     0.000  837   -1   -1   -1
 336    -2.745     6.326     0.000   90   -1   -1   -1
 337    -2.713     5.691     0.000  119   -1   -1   -1
 338    -2.694     3.476     0.000  230   -1   -1   -1
 339    -2.679    -6.246     0.000  731   -1   -1   -1
 340    -2.657     6.702     0.000   71   -1   -1   -1
 341    -2.645    -4.934     0.000  651   -1   -1   -1
 342    -2.631    -8.123     0.000  840   -1   -1   -1
 343    -2.618     8.374     0.000    2   -1   -1   -1
 344    -2.595    -4.622     0.000  631   -1   -1   -1
 345    -2.560     0.197     0.000  400   -1   -1   -1
 346    -2.558     8.170     0.000   12   -1   -1   -1
 347    -2.540    -7.673     0.000  812   -1   -1   -1
 348    -2.540    -6.469     0.000  744   -1   -1   -1
 349    -2.479     7.891     0.000   25   -1   -1   -1
 350    -2.454    -3.691     0.000  584   -1   -1   -1
 351    -2.448     1.823     0.000  326   -1   -1   -1
 352    -2.382     0.636     0.000  374   -1   -1   -1
 353    -2.378    -6.777     0.000  761   -1   -1   -1
 354    -2.375    -5.287     0.000  675   -1   -1   -1
 355    -2.341    -2.792     0.000  548   -1   -1   -1
 356    -2.341     1.002     0.000  359   -1   -1   -1
 357    -2.333    -8.059     0.000  838   -1   -1   -1
 358    -2.293     2.757     0.000  268   -1   -1   -1
 359    -2.266     0.024     0.000  410   -1   -1   -1
 360    -2.262    -3.402     0.000  577   -1   -1   -1
 361    -2.242    -7.498     0.000  800   -1   -1   -1
 362    -2.235     1.274     0.000  351   -1   -1   -1
 363    -2.235     5.667     0.000  120   -1   -1   -1
 364    -2.199    -4.691     0.000  637   -1   -1   -1
 365    -2.159     4.931     0.000  154   -1   -1   -1
 366    -2.151    -2.426     0.000  528   -1   -1   -1
 367    -2.114    -2.191     0.000  522   -1   -1   -1
 368    -2.101     6.541     0.000   77   -1   -1   -1
 369    -2.066    -7.113     0.000  778   -1   -1   -1
 370    -2.011     6.229     0.000   95   -1   -1   -1
 371    -1.989    -5.101     0.000  661   -1   -1   -1
 372    -1.950     1.493     0.000  342   -1   -1   -1
 373    -1.880    -6.893     0.000  769   -1   -1   -1
 374    -1.815     0.595     0.000  379   -1   -1   -1
 375    -1.800     6.356     0.000   88   -1   -1   -1
 376    -1.792    -5.083     0.000  659   -1   -1   -1
 377    -1.786    -6.674     0.000  756   -1   -1   -1
 378    -1.734     6.258     0.000   94   -1   -1   -1
 379    -1.729     3.170     0.000  245   -1   -1   -1
 380    -1.719     1.795     0.000  327   -1   -1   -1
 381    -1.683     2.287     0.000  297   -1   -1   -1
 382    -1.655    -6.235     0.000  730   -1   -1   -1
 383    -1.631    -3.142     0.000  565   -1   -1   -1
 384    -1.603    -3.356     0.000  572   -1   -1   -1
 385    -1.596    -4.009     0.000  597   -1   -1   -1
 386    -1.592     0.178     0.000  401   -1   -1   -1
 387    -1.591     3.119     0.000  248   -1   -1   -1
 388    -1.529     1.512     0.000  340   -1   -1   -1
 389    -1.513    -0.533     0.000  443   -1   -1   -1
 390    -1.470     2.167     0.000  305   -1   -1   -1
 391    -1.342    -1.734     0.000  503   -1   -1   -1
 392    -1.241    -2.336     0.000  524   -1   -1   -1
 393    -1.240    -8.303     0.000  854   -1   -1   -1
 394    -1.227     2.545     0.000  281   -1   -1   -1
 395    -1.212    -5.299     0.000  677   -1   -1   -1
 396    -1.199     4.071     0.000  195   -1   -1   -1
 397    -1.149    -5.007     0.000  655   -1   -1   -1
 398    -1.139    -6.846     0.000  765   -1   -1   -1
 399    -1.076     3.188     0.000  244   -1   -1   -1
 400    -0.993     3.618     0.000  223   -1   -1   -1
 401    -0.813     6.453     0.000   81   -1   -1   -1
 402    -0.807    -5.270     0.000  672   -1   -1   -1
 403    -0.772    -0.623     0.000  449   -1   -1   -1
 404    -0.772    -7.926     0.000  828   -1   -1   -1
 405    -0.708     7.098     0.000   57   -1   -1   -1
 406    -0.705    -4.363     0.000  612   -1   -1   -1
 407    -0.676    -6.752     0.000  759   -1   -1   -1
 408    -0.669    -3.945     0.000  594   -1   -1   -1
 409    -0.543    -4.482     0.000  621   -1   -1   -1
 410    -0.506    -5.864     0.000  701   -1   -1   -1
 411    -0.406    -3.391     0.000  574   -1   -1   -1
 412    -0.360    -7.733     0.000  815   -1   -1   -1
 413    -0.284    -7.177     0.000  783   -1   -1   -1
 414    -0.270    -6.640     0.000  754   -1   -1   -1
 415    -0.247    -2.518     0.000  535   -1   -1   -1
 416    -0.181    -7.622     0.000  808   -1   -1   -1
 417    -0.133     4.010     0.000  200   -1   -1   -1
 418    -0.050    -0.418     0.000  432   -1   -1   -1
 419    -0.007    -5.403     0.000  679   -1   -1   -1
 420     0.033    -6.174     0.000  725   -1   -1   -1
 421     0.166     1.727     0.000  330   -1   -1   -1
 422     0.182     4.454     0.000  181   -1   -1   -1
 423     0.204    -7.491     0.000  799   -1   -1   -1
 424     0.264    -4.929     0.000  650   -1   -1   -1
 425     0.524    -6.371     0.000  738   -1   -1   -1
 426     0.533     3.680     0.000  219   -1   -1   -1
 427     0.537    -4.824     0.000  643   -1   -1   -1
 428     0.596    -1.600     0.000  496   -1   -1   -1
 429     0.607     5.812     0.000  111   -1   -1   -1
 430     0.669    -5.945     0.000  706   -1   -1   -1
 431     0.731    -0.828     0.000  461   -1   -1   -1
 432     0.751    -4.207     0.000  602   -1   -1   -1
 433     0.762    -5.868     0.000  702   -1   -1   -1
 434     0.796    -2.365     0.000  525   -1   -1   -1
 435     0.931    -7.955     0.000  830   -1   -1   -1
 436     0.991    -2.615     0.000  539   -1   -1   -1
 437     1.002     0.490     0.000  383   -1   -1   -1
 438     1.019    -4.500     0.000  623   -1   -1   -1
 439     1.042     5.974     0.000  106   -1   -1   -1
 440     1.045    -1.447     0.000  490   -1   -1   -1
 441     1.078    -5.129     0.000  662   -1   -1   -1
 442     1.085    -7.027     0.000  775   -1   -1   -1
 443     1.092     2.883     0.000  260   -1   -1   -1
 444     1.110     2.250     0.000  299   -1   -1   -1
 445     1.154     5.750     0.000  115   -1   -1   -1
 446     1.175     2.735     0.000  269   -1   -1   -1
 447     1.207    -3.884     0.000  591   -1   -1   -1
 448     1.213    -1.967     0.000  514   -1   -1   -1
 449     1.259    -6.857     0.000  766   -1   -1   -1
 450     1.293     6.421     0.000   84   -1   -1   -1
 451     1.294    -4.463     0.000  619   -1   -1   -1
 452     1.298    -0.551     0.000  444   -1   -1   -1
 453     1.303    -2.612     0.000  538   -1   -1   -1
 454     1.305     0.393     0.000  390   -1   -1   -1
 455     1.308    -3.672     0.000  583   -1   -1   -1
 456     1.310    -0.301     0.000  429   -1   -1   -1
 457     1.312     3.897     0.000  208   -1   -1   -1
 458     1.341    -8.071     0.000  839   -1   -1   -1
 459     1.369    -8.411     0.000  860   -1   -1   -1
 460     1.400     7.344     0.000   43   -1   -1   -1
 461     1.441     3.964     0.000  203   -1   -1   -1
 462     1.459     3.034     0.000  253   -1   -1   -1
 463     1.459    -0.506     0.000  441   -1   -1   -1
 464     1.540     6.553     0.000   76   -1   -1   -1
 465     1.543    -3.223     0.000  568   -1   -1   -1
 466     1.567     7.817     0.000   28   -1   -1   -1
 467     1.606    -4.945     0.000  652   -1   -1   -1
 468     1.627     0.477     0.000  384   -1   -1   -1
 469     1.649     2.514     0.000  283   -1   -1   -1
 470     1.655    -5.068     0.000  657   -1   -1   -1
 471     1.671    -1.723     0.000  502   -1   -1   -1
 472     1.704    -6.066     0.000  715   -1   -1   -1
 473     1.730    -0.075     0.000  419   -1   -1   -1
 474     1.741     7.338     0.000   44   -1   -1   -1
 475     1.761     1.407     0.000  344   -1   -1   -1
 476     1.761    -7.221     0.000  785   -1   -1   -1
 477     1.761     0.310     0.000  393   -1   -1   -1
 478     1.777     4.985     0.000  152   -1   -1   -1
 479     1.820    -4.525     0.000  624   -1   -1   -1
 480     1.825     0.646     0.000  373   -1   -1   -1
 481     1.845     3.157     0.000  247   -1   -1   -1
 482     1.871    -6.970     0.000  774   -1   -1   -1
 483     1.875    -3.211     0.000  567   -1   -1   -1
 484     1.884     0.429     0.000  387   -1   -1   -1
 485     1.885     5.703     0.000  118   -1   -1   -1
 486     1.889     2.136     0.000  307   -1   -1   -1
 487     1.903    -5.261     0.000  671   -1   -1   -1
 488     1.903    -8.332     0.000  855   -1   -1   -1
 489     1.961     3.915     0.000  207   -1   -1   -1
 490     2.000     2.842     0.000  265   -1   -1   -1
 491     2.004     0.335     0.000  391   -1   -1   -1
 492     2.013     6.301     0.000   91   -1   -1   -1
 493     2.021     4.012     0.000  199   -1   -1   -1
 494     2.022     4.407     0.000  185   -1   -1   -1
 495     2.052    -5.166     0.000  666   -1   -1   -1
 496     2.057    -7.590     0.000  804   -1   -1   -1
 497     2.108    -1.826     0.000  507   -1   -1   -1
 498     2.112     7.262     0.000   49   -1   -1   -1
 499     2.112     0.895     0.000  361   -1   -1   -1
 500     2.114     7.899     0.000   24   -1   -1   -1
 501     2.121     6.069     0.000  102   -1   -1   -1
 502     2.124    -1.393     0.000  485   -1   -1   -1
 503     2.136    -0.715     0.000  457   -1   -1   -1
 504     2.148    -4.091     0.000  599   -1   -1   -1
 505     2.174    -0.526     0.000  442   -1   -1   -1
 506     2.178    -7.070     0.000  777   -1   -1   -1
 507     2.182     5.763     0.000  114   -1   -1   -1
 508     2.196    -7.920     0.000  827   -1   -1   -1
 509     2.202     6.382     0.000   85   -1   -1   -1
 510     2.203     4.297     0.000  190   -1   -1   -1
 511     2.268    -1.937     0.000  513   -1   -1   -1
 512     2.286    -7.920     0.000  826   -1   -1   -1
 513     2.303    -3.370     0.000  573   -1   -1   -1
 514     2.321     5.106     0.000  146   -1   -1   -1
 515     2.322    -5.485     0.000  687   -1   -1   -1
 516     2.339     5.861     0.000  108   -1   -1   -1
 517     2.404    -1.307     0.000  480   -1   -1   -1
 518     2.407     5.599     0.000  127   -1   -1   -1
 519     2.419     0.617     0.000  376   -1   -1   -1
 520     2.441    -3.437     0.000  580   -1   -1   -1
 521     2.446     4.023     0.000  198   -1   -1   -1
 522     2.448    -3.871     0.000  590   -1   -1   -1
 523     2.459    -1.930     0.000  512   -1   -1   -1
 524     2.511     3.635     0.000  220   -1   -1   -1
 525     2.528    -3.340     0.000  571   -1   -1   -1
 526     2.553     3.990     0.000  201   -1   -1   -1
 527     2.565    -5.287     0.000  674   -1   -1   -1
 528     2.598     6.793     0.000   68   -1   -1   -1
 529     2.610     2.795     0.000  267   -1   -1   -1
 530     2.629     2.139     0.000  306   -1   -1   -1
 531     2.637     4.848     0.000  159   -1   -1   -1
 532     2.669    -6.932     0.000  773   -1   -1   -1
 533     2.692     7.431     0.000   40   -1   -1   -1
 534     2.703     4.604     0.000  175   -1   -1   -1
 535     2.732     5.631     0.000  125   -1   -1   -1
 536     2.829    -0.069     0.000  417   -1   -1   -1
 537     2.851    -6.563     0.000  748   -1   -1   -1
 538     2.875     6.340     0.000   89   -1   -1   -1
 539     2.894    -1.676     0.000  500   -1   -1   -1
 540     2.894    -5.252     0.000  670   -1   -1   -1
 541     2.896     4.621     0.000  173   -1   -1   -1
 542     2.899    -6.161     0.000  722   -1   -1   -1
 543     2.899    -1.530     0.000  492   -1   -1   -1
 544     2.910     5.938     0.000  107   -1   -1   -1
 545     2.944     7.126     0.000   55   -1   -1   -1
 546     2.981    -2.644     0.000  541   -1   -1   -1
 547     3.030    -1.193     0.000  476   -1   -1   -1
 548     3.033     5.564     0.000  128   -1   -1   -1
 549     3.038    -7.358     0.000  792   -1   -1   -1
 550     3.081    -4.556     0.000  627   -1   -1   -1
 551     3.103     2.855     0.000  264   -1   -1   -1
 552     3.110     6.135     0.000   99   -1   -1   -1
 553     3.137    -7.239     0.000  786   -1   -1   -1
 554     3.140     6.181     0.000   97   -1   -1   -1
 555     3.167     6.055     0.000  103   -1   -1   -1
 556     3.169     5.601     0.000  126   -1   -1   -1
 557     3.176    -3.923     0.000  593   -1   -1   -1
 558     3.205    -7.414     0.000  797   -1   -1   -1
 559     3.206     8.250     0.000    7   -1   -1   -1
 560     3.231    -8.416     0.000  861   -1   -1   -1
 561     3.322     2.981     0.000  256   -1   -1   -1
 562     3.332    -5.522     0.000  689   -1   -1   -1
 563     3.373     2.862     0.000  263   -1   -1   -1
 564     3.396     6.637     0.000   73   -1   -1   -1
 565     3.397    -2.183     0.000  520   -1   -1   -1
 566     3.445     1.326     0.000  349   -1   -1   -1
 567     3.455    -0.932     0.000  468   -1   -1   -1
 568     3.477     5.859     0.000  109   -1   -1   -1
 569     3.493    -6.228     0.000  729   -1   -1   -1
 570     3.509    -5.623     0.000  691   -1   -1   -1
 571     3.535    -0.484     0.000  437   -1   -1   -1
 572     3.540     5.295     0.000  134   -1   -1   -1
 573     3.586    -3.092     0.000  563   -1   -1   -1
 574     3.606    -0.050     0.000  416   -1   -1   -1
 575     3.624    -3.832     0.000  589   -1   -1   -1
 576     3.624     5.028     0.000  148   -1   -1   -1
 577     3.627    -6.118     0.000  717   -1   -1   -1
 578     3.641     2.583     0.000  280   -1   -1   -1
 579     3.645    -7.046     0.000  776   -1   -1   -1
 580     3.659     2.001     0.000  317   -1   -1   -1
 581     3.665    -5.446     0.000  683   -1   -1   -1
 582     3.674     7.904     0.000   23   -1   -1   -1
 583     3.688     4.048     0.000  196   -1   -1   -1
 584     3.689    -2.187     0.000  521   -1   -1   -1
 585     3.695    -6.459     0.000  742   -1   -1   -1
 586     3.726    -1.871     0.000  508   -1   -1   -1
 587     3.731    -2.646     0.000  542   -1   -1   -1
 588     3.757    -1.061     0.000  473   -1   -1   -1
 589     3.760    -0.580     0.000  446   -1   -1   -1
 590     3.760     7.708     0.000   31   -1   -1   -1
 591     3.775    -2.251     0.000  523   -1   -1   -1
 592     3.789    -7.653     0.000  809   -1   -1   -1
 593     3.837     4.933     0.000  153   -1   -1   -1
 594     3.838    -0.719     0.000  458   -1   -1   -1
 595     3.849     5.254     0.000  137   -1   -1   -1
 596     3.865    -1.298     0.000  479   -1   -1   -1
 597     3.879     0.037     0.000  409   -1   -1   -1
 598     3.904    -2.596     0.000  537   -1   -1   -1
 599     3.930    -7.533     0.000  802   -1   -1   -1
 600     3.931    -7.480     0.000  798   -1   -1   -1
 601     3.943     2.374     0.000  292   -1   -1   -1
 602     3.961    -1.802     0.000  506   -1   -1   -1
 603     3.969    -5.569     0.000  690   -1   -1   -1
 604     3.970    -7.352     0.000  790   -1   -1   -1
 605     3.971     2.930     0.000  258   -1   -1   -1
 606     4.007     0.664     0.000  372   -1   -1   -1
 607     4.010    -8.181     0.000  846   -1   -1   -1
 608     4.014     3.080     0.000  249   -1   -1   -1
 609     4.014     8.103     0.000   15   -1   -1   -1
 610     4.025    -0.080     0.000  420   -1   -1   -1
 611     4.026    -7.704     0.000  813   -1   -1   -1
 612     4.053     4.917     0.000  155   -1   -1   -1
 613     4.074    -4.227     0.000  604   -1   -1   -1
 614     4.086    -7.121     0.000  779   -1   -1   -1
 615     4.091    -8.040     0.000  835   -1   -1   -1
 616     4.108    -5.478     0.000  686   -1   -1   -1
 617     4.168    -1.022     0.000  472   -1   -1   -1
 618     4.182    -8.408     0.000  859   -1   -1   -1
 619     4.245     2.225     0.000  301   -1   -1   -1
 620     4.253     4.713     0.000  167   -1   -1   -1
 621     4.277    -5.736     0.000  693   -1   -1   -1
 622     4.304    -2.004     0.000  515   -1   -1   -1
 623     4.310    -5.892     0.000  704   -1   -1   -1
 624     4.317     8.337     0.000    3   -1   -1   -1
 625     4.325    -2.157     0.000  519   -1   -1   -1
 626     4.370    -1.739     0.000  504   -1   -1   -1
 627     4.400     4.667     0.000  170   -1   -1   -1
 628     4.423     7.794     0.000   29   -1   -1   -1
 629     4.433    -1.537     0.000  493   -1   -1   -1
 630     4.436     4.643     0.000  172   -1   -1   -1
 631     4.458     2.994     0.000  255   -1   -1   -1
 632     4.467     0.754     0.000  367   -1   -1   -1
 633     4.478     8.017     0.000   17   -1   -1   -1
 634     4.482    -0.903     0.000  466   -1   -1   -1
 635     4.506     4.816     0.000  160   -1   -1   -1
 636     4.507     0.053     0.000  408   -1   -1   -1
 637     4.509     6.365     0.000   87   -1   -1   -1
 638     4.514    -4.394     0.000  614   -1   -1   -1
 639     4.537    -4.922     0.000  649   -1   -1   -1
 640     4.552     8.006     0.000   18   -1   -1   -1
 641     4.588     6.430     0.000   82   -1   -1   -1
 642     4.611    -3.024     0.000  557   -1   -1   -1
 643     4.616     3.315     0.000  236   -1   -1   -1
 644     4.620     0.069     0.000  407   -1   -1   -1
 645     4.627     1.886     0.000  325   -1   -1   -1
 646     4.633    -1.443     0.000  489   -1   -1   -1
 647     4.643     2.591     0.000  279   -1   -1   -1
 648     4.649     2.826     0.000  266   -1   -1   -1
 649     4.651    -7.138     0.000  781   -1   -1   -1
 650     4.651    -7.826     0.000  819   -1   -1   -1
 651     4.665     0.574     0.000  380   -1   -1   -1
 652     4.683    -3.727     0.000  586   -1   -1   -1
 653     4.706    -5.173     0.000  667   -1   -1   -1
 654     4.731     0.766     0.000  366   -1   -1   -1
 655     4.748    -6.873     0.000  768   -1   -1   -1
 656     4.773     3.037     0.000  252   -1   -1   -1
 657     4.775     8.330     0.000    4   -1   -1   -1
 658     4.820    -2.648     0.000  543   -1   -1   -1
 659     4.835     1.123     0.000  355   -1   -1   -1
 660     4.894    -3.398     0.000  575   -1   -1   -1
 661     4.911    -8.262     0.000  851   -1   -1   -1
 662     4.929     5.110     0.000  145   -1   -1   -1
 663     4.932     3.591     0.000  224   -1   -1   -1
 664     4.935     5.229     0.000  139   -1   -1   -1
 665     4.978    -5.200     0.000  669   -1   -1   -1
 666     4.982    -4.483     0.000  622   -1   -1   -1
 667     4.988     1.504     0.000  341   -1   -1   -1
 668     4.990     3.312     0.000  237   -1   -1   -1
 669     5.002    -2.845     0.000  552   -1   -1   -1
 670     5.006    -4.865     0.000  646   -1   -1   -1
 671     5.043    -8.402     0.000  858   -1   -1   -1
 672     5.044     8.074     0.000   16   -1   -1   -1
 673     5.044     8.118     0.000   14   -1   -1   -1
 674     5.072    -3.966     0.000  596   -1   -1   -1
 675     5.074    -5.743     0.000  695   -1   -1   -1
 676     5.091     7.204     0.000   51   -1   -1   -1
 677     5.096     2.005     0.000  316   -1   -1   -1
 678     5.097     6.923     0.000   63   -1   -1   -1
 679     5.113    -6.484     0.000  746   -1   -1   -1
 680     5.157    -5.794     0.000  697   -1   -1   -1
 681     5.208     6.430     0.000   83   -1   -1   -1
 682     5.210     6.840     0.000   66   -1   -1   -1
 683     5.230    -2.490     0.000  533   -1   -1   -1
 684     5.251     1.576     0.000  337   -1   -1   -1
 685     5.280     7.076     0.000   58   -1   -1   -1
 686     5.282    -3.068     0.000  562   -1   -1   -1
 687     5.311     2.394     0.000  291   -1   -1   -1
 688     5.377     5.816     0.000  110   -1   -1   -1
 689     5.416    -2.915     0.000  554   -1   -1   -1
 690     5.422    -7.839     0.000  820   -1   -1   -1
 691     5.425    -7.609     0.000  807   -1   -1   -1
 692     5.445     1.990     0.000  318   -1   -1   -1
 693     5.470     6.046     0.000  104   -1   -1   -1
 694     5.471     1.377     0.000  345   -1   -1   -1
 695     5.538     2.044     0.000  315   -1   -1   -1
 696     5.556     4.484     0.000  180   -1   -1   -1
 697     5.558    -5.073     0.000  658   -1   -1   -1
 698     5.591    -8.152     0.000  842   -1   -1   -1
 699     5.604    -6.646     0.000  755   -1   -1   -1
 700     5.627     6.972     0.000   62   -1   -1   -1
 701     5.653     3.929     0.000  206   -1   -1   -1
 702     5.665    -0.642     0.000  451   -1   -1   -1
 703     5.692    -3.176     0.000  566   -1   -1   -1
 704     5.730    -5.796     0.000  698   -1   -1   -1
 705     5.734    -5.455     0.000  685   -1   -1   -1
 706     5.743     4.600     0.000  176   -1   -1   -1
 707     5.801    -2.447     0.000  529   -1   -1   -1
 708     5.802    -8.054     0.000  836   -1   -1   -1
 709     5.815     1.761     0.000  328   -1   -1   -1
 710     5.827    -0.990     0.000  470   -1   -1   -1
 711     5.874    -3.458     0.000  581   -1   -1   -1
 712     5.881    -7.988     0.000  834   -1   -1   -1
 713     5.882    -8.333     0.000  856   -1   -1   -1
 714     5.884    -0.750     0.000  459   -1   -1   -1
 715     5.887     1.984     0.000  319   -1   -1   -1
 716     5.891     5.064     0.000  147   -1   -1   -1
 717     5.940    -6.363     0.000  737   -1   -1   -1
 718     5.953    -6.465     0.000  743   -1   -1   -1
 719     5.977     2.729     0.000  271   -1   -1   -1
 720     6.001    -5.287     0.000  676   -1   -1   -1
 721     6.010     0.224     0.000  397   -1   -1   -1
 722     6.020    -4.331     0.000  608   -1   -1   -1
 723     6.040    -1.719     0.000  501   -1   -1   -1
 724     6.042     4.645     0.000  171   -1   -1   -1
 725     6.043    -0.472     0.000  435   -1   -1   -1
 726     6.046    -6.138     0.000  720   -1   -1   -1
 727     6.048    -3.053     0.000  560   -1   -1   -1
 728     6.144     1.704     0.000  332   -1   -1   -1
 729     6.153     6.539     0.000   78   -1   -1   -1
 730     6.163    -4.334     0.000  609   -1   -1   -1
 731     6.186     3.864     0.000  211   -1   -1   -1
 732     6.198    -4.217     0.000  603   -1   -1   -1
 733     6.204     3.195     0.000  242   -1   -1   -1
 734     6.205     0.285     0.000  395   -1   -1   -1
 735     6.268     7.273     0.000   47   -1   -1   -1
 736     6.287    -2.133     0.000  517   -1   -1   -1
 737     6.300    -2.934     0.000  555   -1   -1   -1
 738     6.340     1.961     0.000  322   -1   -1   -1
 739     6.351    -6.534     0.000  747   -1   -1   -1
 740     6.368     2.366     0.000  294   -1   -1   -1
 741     6.394    -4.264     0.000  605   -1   -1   -1
 742     6.395     7.020     0.000   60   -1   -1   -1
 743     6.464    -4.876     0.000  647   -1   -1   -1
 744     6.511    -5.951     0.000  707   -1   -1   -1
 745     6.512     5.505     0.000  129   -1   -1   -1
 746     6.532     6.913     0.000   64   -1   -1   -1
 747     6.547     4.671     0.000  169   -1   -1   -1
 748     6.553    -1.308     0.000  481   -1   -1   -1
 749     6.578     2.132     0.000  308   -1   -1   -1
 750     6.612    -6.050     0.000  713   -1   -1   -1
 751     6.613    -0.581     0.000  447   -1   -1   -1
 752     6.619     2.877     0.000  261   -1   -1   -1
 753     6.643    -5.129     0.000  663   -1   -1   -1
 754     6.664    -5.319     0.000  678   -1   -1   -1
 755     6.669     5.647     0.000  123   -1   -1   -1
 756     6.692    -6.209     0.000  727   -1   -1   -1
 757     6.702    -5.493     0.000  688   -1   -1   -1
 758     6.712     6.588     0.000   74   -1   -1   -1
 759     6.715     0.439     0.000  386   -1   -1   -1
 760     6.730     3.190     0.000  243   -1   -1   -1
 761     6.745    -1.880     0.000  509   -1   -1   -1
 762     6.752     3.307     0.000  238   -1   -1   -1
 763     6.755     2.060     0.000  313   -1   -1   -1
 764     6.782    -0.566     0.000  445   -1   -1   -1
 765     6.789    -6.042     0.000  712   -1   -1   -1
 766     6.793    -7.659     0.000  810   -1   -1   -1
 767     6.807    -0.763     0.000  460   -1   -1   -1
 768     6.847     5.228     0.000  140   -1   -1   -1
 769     6.854    -4.763     0.000  639   -1   -1   -1
 770     6.875    -7.982     0.000  833   -1   -1   -1
 771     6.883     3.626     0.000  221   -1   -1   -1
 772     6.906    -4.920     0.000  648   -1   -1   -1
 773     6.910    -0.908     0.000  467   -1   -1   -1
 774     6.930    -0.074     0.000  418   -1   -1   -1
 775     6.931     6.184     0.000   96   -1   -1   -1
 776     6.954    -0.682     0.000  453   -1   -1   -1
 777     6.965     0.441     0.000  385   -1   -1   -1
 778     6.981     2.094     0.000  309   -1   -1   -1
 779     7.011     3.422     0.000  231   -1   -1   -1
 780     7.026    -6.597     0.000  751   -1   -1   -1
 781     7.029    -5.787     0.000  696   -1   -1   -1
 782     7.033    -8.435     0.000  862   -1   -1   -1
 783     7.037     2.050     0.000  314   -1   -1   -1
 784     7.061    -4.027     0.000  598   -1   -1   -1
 785     7.071    -5.988     0.000  708   -1   -1   -1
 786     7.083    -0.187     0.000  425   -1   -1   -1
 787     7.093    -8.299     0.000  853   -1   -1   -1
 788     7.137     7.547     0.000   37   -1   -1   -1
 789     7.156     6.530     0.000   79   -1   -1   -1
 790     7.159    -6.160     0.000  721   -1   -1   -1
 791     7.199     0.201     0.000  399   -1   -1   -1
 792     7.210    -3.966     0.000  595   -1   -1   -1
 793     7.247     4.994     0.000  149   -1   -1   -1
 794     7.256     4.377     0.000  187   -1   -1   -1
 795     7.262    -4.396     0.000  617   -1   -1   -1
 796     7.280     6.748     0.000   69   -1   -1   -1
 797     7.297     4.318     0.000  189   -1   -1   -1
 798     7.301    -7.213     0.000  784   -1   -1   -1
 799     7.305     5.633     0.000  124   -1   -1   -1
 800     7.313    -0.145     0.000  422   -1   -1   -1
 801     7.360     3.552     0.000  227   -1   -1   -1
 802     7.372     1.419     0.000  343   -1   -1   -1
 803     7.381    -0.681     0.000  452   -1   -1   -1
 804     7.384    -6.396     0.000  740   -1   -1   -1
 805     7.410     2.072     0.000  310   -1   -1   -1
 806     7.458    -5.741     0.000  694   -1   -1   -1
 807     7.466     4.773     0.000  164   -1   -1   -1
 808     7.482     5.269     0.000  136   -1   -1   -1
 809     7.496     4.793     0.000  163   -1   -1   -1
 810     7.497     4.433     0.000  182   -1   -1   -1
 811     7.528    -2.899     0.000  553   -1   -1   -1
 812     7.557    -1.541     0.000  494   -1   -1   -1
 813     7.571     1.266     0.000  352   -1   -1   -1
 814     7.597     4.760     0.000  165   -1   -1   -1
 815     7.608     1.754     0.000  329   -1   -1   -1
 816     7.628    -8.286     0.000  852   -1   -1   -1
 817     7.630     2.282     0.000  298   -1   -1   -1
 818     7.696     7.745     0.000   30   -1   -1   -1
 819     7.726    -7.907     0.000  825   -1   -1   -1
 820     7.757     8.259     0.000    6   -1   -1   -1
 821     7.789     0.136     0.000  403   -1   -1   -1
 822     7.794     1.631     0.000  335   -1   -1   -1
 823     7.827    -0.852     0.000  463   -1   -1   -1
 824     7.828     6.735     0.000   70   -1   -1   -1
 825     7.901    -5.003     0.000  654   -1   -1   -1
 826     7.909    -2.998     0.000  556   -1   -1   -1
 827     7.984     7.161     0.000   53   -1   -1   -1
 828     7.994    -0.430     0.000  433   -1   -1   -1
 829     8.003    -6.788     0.000  762   -1   -1   -1
 830     8.006    -6.870     0.000  767   -1   -1   -1
 831     8.009    -1.191     0.000  475   -1   -1   -1
 832     8.018    -5.636     0.000  692   -1   -1   -1
 833     8.022     1.028     0.000  357   -1   -1   -1
 834     8.039    -7.608     0.000  806   -1   -1   -1
 835     8.066    -0.625     0.000  450   -1   -1   -1
 836     8.066     4.391     0.000  186   -1   -1   -1
 837     8.084     3.161     0.000  246   -1   -1   -1
 838     8.117    -4.768     0.000  640   -1   -1   -1
 839     8.125    -0.229     0.000  427   -1   -1   -1
 840     8.141    -4.532     0.000  626   -1   -1   -1
 841     8.160     1.714     0.000  331   -1   -1   -1
 842     8.171     2.507     0.000  284   -1   -1   -1
 843     8.171     3.236     0.000  241   -1   -1   -1
 844     8.174     4.615     0.000  174   -1   -1   -1
 845     8.204    -7.262     0.000  787   -1   -1   -1
 846     8.210     4.800     0.000  161   -1   -1   -1
 847     8.217    -6.318     0.000  735   -1   -1   -1
 848     8.246     7.264     0.000   48   -1   -1   -1
 849     8.257    -3.397     0.000  576   -1   -1   -1
 850     8.260    -6.035     0.000  711   -1   -1   -1
 851     8.295    -1.893     0.000  510   -1   -1   -1
 852     8.305    -7.352     0.000  791   -1   -1   -1
 853     8.311     5.272     0.000  135   -1   -1   -1
 854     8.331    -4.394     0.000  616   -1   -1   -1
 855     8.332     7.042     0.000   59   -1   -1   -1
 856     8.338     1.341     0.000  348   -1   -1   -1
 857     8.352     8.193     0.000   10   -1   -1   -1
 858     8.358     7.579     0.000   35   -1   -1   -1
 859     8.386    -8.244     0.000  849   -1   -1   -1
 860     8.391    -0.159     0.000  423   -1   -1   -1
 861     8.394     0.673     0.000  371   -1   -1   -1
 862     8.421     1.098     0.000  356   -1   -1   -1
 863     8.440    -2.478     0.000  532   -1   -1   -1
