854
   1    -8.398     7.537     0.000   35   -1   -1   -1
   2    -8.381    -6.901     0.000  771   -1   -1   -1
   3    -8.373    -3.318     0.000  564   -1   -1   -1
   4    -8.352    -8.167     0.000  838   -1   -1   -1
   5    -8.343    -4.644     0.000  629   -1   -1   -1
   6    -8.301     1.206     0.000  338   -1   -1   -1
   7    -8.295     0.538     0.000  372   -1   -1   -1
   8    -8.285    -1.805     0.000  495   -1   -1   -1
   9    -8.274     6.850     0.000   62   -1   -1   -1
  10    -8.242    -8.264     0.000  843   -1   -1   -1
  11    -8.228     4.227     0.000  192   -1   -1   -1
  12    -8.208    -7.943     0.000  823   -1   -1   -1
  13    -8.198     1.541     0.000  328   -1   -1   -1
  14    -8.178    -3.051     0.000  549   -1   -1   -1
  15    -8.176     4.420     0.000  185   -1   -1   -1
  16    -8.139     6.492     0.000   80   -1   -1   -1
  17    -8.120     2.615     0.000  275   -1   -1   -1
  18    -8.117    -2.518     0.000  527   -1   -1   -1
  19    -8.075     1.347     0.000  331   -1   -1   -1
  20    -8.038     2.237     0.000  294   -1   -1   -1
  21    -8.037    -7.419     0.000  800   -1   -1   -1
  22    -8.009    -6.266     0.000  727   -1   -1   -1
  23    -7.997     6.569     0.000   74   -1   -1   -1
  24    -7.980    -3.832     0.000  584   -1   -1   -1
  25    -7.940     5.654     0.000  114   -1   -1   -1
  26    -7.921    -0.964     0.000  452   -1   -1   -1
  27    -7.914    -6.990     0.000  775   -1   -1   -1
  28    -7.896     0.818     0.000  351   -1   -1   -1
  29    -7.890    -0.186     0.000  414   -1   -1   -1
  30    -7.885     2.322     0.000  289   -1   -1   -1
  31    -7.852    -6.136     0.000  718   -1   -1   -1
  32    -7.851     4.089     0.000  197   -1   -1   -1
  33    -7.830     3.879     0.000  205   -1   -1   -1
  34    -7.829     3.842     0.000  209   -1   -1   -1
  35    -7.813    -4.857     0.000  644   -1   -1   -1
  36    -7.807    -6.179     0.000  722   -1   -1   -1
  37    -7.800     2.485     0.000  283   -1   -1   -1
  38    -7.798     4.989     0.000  150   -1   -1   -1
  39    -7.779    -2.763     0.000  538   -1   -1   -1
  40    -7.767    -5.144     0.000  661   -1   -1   -1
  41    -7.764    -6.268     0.000  729   -1   -1   -1
  42    -7.754    -4.644     0.000  628   -1   -1   -1
  43    -7.754     1.971     0.000  312   -1   -1   -1
  44    -7.751     5.234     0.000  132   -1   -1   -1
  45    -7.750     7.139     0.000   52   -1   -1   -1
  46    -7.750    -6.745     0.000  761   -1   -1   -1
  47    -7.722    -0.691     0.000  439   -1   -1   -1
  48    -7.694     7.117     0.000   54   -1   -1   -1
  49    -7.681     6.650     0.000   69   -1   -1   -1
  50    -7.609     4.948     0.000  152   -1   -1   -1
  51    -7.585    -6.912     0.000  772   -1   -1   -1
  52    -7.573     0.418     0.000  378   -1   -1   -1
  53    -7.549    -0.005     0.000  401   -1   -1   -1
  54    -7.536     8.229     0.000    8   -1   -1   -1
  55    -7.537    -0.698     0.000  440   -1   -1   -1
  56    -7.521    -5.451     0.000  677   -1   -1   -1
  57    -7.509    -1.109     0.000  458   -1   -1   -1
  58    -7.476     7.991     0.000   19   -1   -1   -1
  59    -7.475     3.619     0.000  221   -1   -1   -1
  60    -7.434     3.853     0.000  207   -1   -1   -1
  61    -7.410    -1.443     0.000  477   -1   -1   -1
  62    -7.402     3.975     0.000  200   -1   -1   -1
  63    -7.385     3.678     0.000  218   -1   -1   -1
  64    -7.362    -6.217     0.000  724   -1   -1   -1
  65    -7.356     2.311     0.000  290   -1   -1   -1
  66    -7.329    -5.108     0.000  659   -1   -1   -1
  67    -7.322    -5.419     0.000  674   -1   -1   -1
  68    -7.311     3.852     0.000  208   -1   -1   -1
  69    -7.307     5.393     0.000  123   -1   -1   -1
  70    -7.248     3.239     0.000  239   -1   -1   -1
  71    -7.247    -8.395     0.000  852   -1   -1   -1
  72    -7.245     6.136     0.000   93   -1   -1   -1
  73    -7.212    -7.986     0.000  826   -1   -1   -1
  74    -7.186    -7.563     0.000  804   -1   -1   -1
  75    -7.175     7.646     0.000   29   -1   -1   -1
  76    -7.161     6.080     0.000   96   -1   -1   -1
  77    -7.159     5.093     0.000  144   -1   -1   -1
  78    -7.156    -6.771     0.000  763   -1   -1   -1
  79    -7.150     4.736     0.000  167   -1   -1   -1
  80    -7.149     4.039     0.000  199   -1   -1   -1
  81    -7.140    -2.428     0.000  519   -1   -1   -1
  82    -7.133     7.292     0.000   44   -1   -1   -1
  83    -7.131    -7.768     0.000  814   -1   -1   -1
  84    -7.118     7.452     0.000   39   -1   -1   -1
  85    -7.094     4.984     0.000  151   -1   -1   -1
  86    -7.048    -5.445     0.000  676   -1   -1   -1
  87    -7.026     0.019     0.000  400   -1   -1   -1
  88    -7.014     1.960     0.000  313   -1   -1   -1
  89    -6.997    -6.804     0.000  766   -1   -1   -1
  90    -6.992     4.430     0.000  183   -1   -1   -1
  91    -6.986    -2.416     0.000  518   -1   -1   -1
  92    -6.979     4.333     0.000  189   -1   -1   -1
  93    -6.979    -6.633     0.000  750   -1   -1   -1
  94    -6.965    -0.390     0.000  420   -1   -1   -1
  95    -6.956     5.109     0.000  140   -1   -1   -1
  96    -6.934    -2.713     0.000  536   -1   -1   -1
  97    -6.919     5.409     0.000  122   -1   -1   -1
  98    -6.912     3.370     0.000  233   -1   -1   -1
  99    -6.907    -0.839     0.000  445   -1   -1   -1
 100    -6.897     2.894     0.000  256   -1   -1   -1
 101    -6.873    -1.222     0.000  464   -1   -1   -1
 102    -6.872    -6.484     0.000  745   -1   -1   -1
 103    -6.847     7.547     0.000   33   -1   -1   -1
 104    -6.814    -7.528     0.000  803   -1   -1   -1
 105    -6.798     1.301     0.000  335   -1   -1   -1
 106    -6.790    -5.467     0.000  679   -1   -1   -1
 107    -6.762     2.407     0.000  285   -1   -1   -1
 108    -6.737     7.611     0.000   31   -1   -1   -1
 109    -6.735    -0.891     0.000  448   -1   -1   -1
 110    -6.726    -0.246     0.000  415   -1   -1   -1
 111    -6.714     4.286     0.000  191   -1   -1   -1
 112    -6.708    -3.055     0.000  550   -1   -1   -1
 113    -6.686     1.347     0.000  332   -1   -1   -1
 114    -6.686     1.665     0.000  322   -1   -1   -1
 115    -6.641     2.367     0.000  287   -1   -1   -1
 116    -6.638     3.535     0.000  225   -1   -1   -1
 117    -6.606     5.769     0.000  109   -1   -1   -1
 118    -6.592    -4.375     0.000  610   -1   -1   -1
 119    -6.588     6.971     0.000   58   -1   -1   -1
 120    -6.550    -6.389     0.000  740   -1   -1   -1
 121    -6.516     7.613     0.000   30   -1   -1   -1
 122    -6.508    -6.269     0.000  730   -1   -1   -1
 123    -6.503     3.054     0.000  248   -1   -1   -1
 124    -6.488    -4.796     0.000  639   -1   -1   -1
 125    -6.449    -2.032     0.000  508   -1   -1   -1
 126    -6.435     0.136     0.000  389   -1   -1   -1
 127    -6.369     4.869     0.000  156   -1   -1   -1
 128    -6.348    -0.500     0.000  426   -1   -1   -1
 129    -6.328    -7.914     0.000  820   -1   -1   -1
 130    -6.319    -0.101     0.000  409   -1   -1   -1
 131    -6.297     0.094     0.000  392   -1   -1   -1
 132    -6.285    -5.871     0.000  698   -1   -1   -1
 133    -6.282    -5.030     0.000  656   -1   -1   -1
 134    -6.279     0.326     0.000  379   -1   -1   -1
 135    -6.263    -1.674     0.000  485   -1   -1   -1
 136    -6.239     0.984     0.000  347   -1   -1   -1
 137    -6.236    -7.917     0.000  821   -1   -1   -1
 138    -6.202     2.493     0.000  282   -1   -1   -1
 139    -6.174     4.871     0.000  155   -1   -1   -1
 140    -6.170    -5.291     0.000  668   -1   -1   -1
 141    -6.163     3.361     0.000  234   -1   -1   -1
 142    -6.155     2.731     0.000  266   -1   -1   -1
 143    -6.136    -7.687     0.000  811   -1   -1   -1
 144    -6.111     1.236     0.000  337   -1   -1   -1
 145    -6.110     7.348     0.000   43   -1   -1   -1
 146    -6.101    -4.703     0.000  634   -1   -1   -1
 147    -6.101    -1.092     0.000  457   -1   -1   -1
 148    -6.099    -6.682     0.000  758   -1   -1   -1
 149    -6.077     6.275     0.000   89   -1   -1   -1
 150    -6.044     3.696     0.000  217   -1   -1   -1
 151    -6.021     7.842     0.000   23   -1   -1   -1
 152    -6.002    -7.807     0.000  816   -1   -1   -1
 153    -5.984    -7.353     0.000  793   -1   -1   -1
 154    -5.969    -0.469     0.000  423   -1   -1   -1
 155    -5.960     3.073     0.000  245   -1   -1   -1
 156    -5.956     6.801     0.000   65   -1   -1   -1
 157    -5.933    -6.379     0.000  739   -1   -1   -1
 158    -5.917     4.850     0.000  158   -1   -1   -1
 159    -5.894    -5.924     0.000  704   -1   -1   -1
 160    -5.883    -0.035     0.000  404   -1   -1   -1
 161    -5.864    -1.677     0.000  486   -1   -1   -1
 162    -5.845    -7.388     0.000  799   -1   -1   -1
 163    -5.838    -1.934     0.000  503   -1   -1   -1
 164    -5.837     4.692     0.000  170   -1   -1   -1
 165    -5.836     0.609     0.000  368   -1   -1   -1
 166    -5.800    -4.601     0.000  625   -1   -1   -1
 167    -5.756    -5.897     0.000  699   -1   -1   -1
 168    -5.734    -4.135     0.000  592   -1   -1   -1
 169    -5.705     7.407     0.000   40   -1   -1   -1
 170    -5.685     1.908     0.000  315   -1   -1   -1
 171    -5.673     5.741     0.000  111   -1   -1   -1
 172    -5.651     0.739     0.000  357   -1   -1   -1
 173    -5.631    -0.893     0.000  449   -1   -1   -1
 174    -5.627    -1.793     0.000  494   -1   -1   -1
 175    -5.607     7.235     0.000   47   -1   -1   -1
 176    -5.589    -2.467     0.000  522   -1   -1   -1
 177    -5.581     0.282     0.000  382   -1   -1   -1
 178    -5.573     6.028     0.000  100   -1   -1   -1
 179    -5.566    -8.217     0.000  839   -1   -1   -1
 180    -5.542    -4.993     0.000  653   -1   -1   -1
 181    -5.538     2.665     0.000  271   -1   -1   -1
 182    -5.537    -3.114     0.000  554   -1   -1   -1
 183    -5.507    -0.686     0.000  437   -1   -1   -1
 184    -5.474     4.789     0.000  164   -1   -1   -1
 185    -5.458    -7.526     0.000  802   -1   -1   -1
 186    -5.451     5.219     0.000  136   -1   -1   -1
 187    -5.382    -8.115     0.000  836   -1   -1   -1
 188    -5.369    -0.602     0.000  431   -1   -1   -1
 189    -5.368    -1.407     0.000  474   -1   -1   -1
 190    -5.344     6.104     0.000   95   -1   -1   -1
 191    -5.327     3.807     0.000  212   -1   -1   -1
 192    -5.305    -3.075     0.000  552   -1   -1   -1
 193    -5.278     2.066     0.000  305   -1   -1   -1
 194    -5.272     0.703     0.000  359   -1   -1   -1
 195    -5.244    -3.764     0.000  581   -1   -1   -1
 196    -5.231    -4.697     0.000  633   -1   -1   -1
 197    -5.226    -5.990     0.000  707   -1   -1   -1
 198    -5.195    -2.454     0.000  520   -1   -1   -1
 199    -5.175    -1.564     0.000  481   -1   -1   -1
 200    -5.169    -6.680     0.000  757   -1   -1   -1
 201    -5.163    -4.813     0.000  640   -1   -1   -1
 202    -5.116    -3.898     0.000  586   -1   -1   -1
 203    -5.110    -0.075     0.000  406   -1   -1   -1
 204    -5.097    -5.235     0.000  667   -1   -1   -1
 205    -5.054    -0.008     0.000  402   -1   -1   -1
 206    -5.054     1.559     0.000  327   -1   -1   -1
 207    -5.038    -3.252     0.000  560   -1   -1   -1
 208    -5.032     0.529     0.000  373   -1   -1   -1
 209    -5.021    -3.435     0.000  571   -1   -1   -1
 210    -5.001     5.102     0.000  142   -1   -1   -1
 211    -4.977    -0.320     0.000  418   -1   -1   -1
 212    -4.965    -4.332     0.000  603   -1   -1   -1
 213    -4.959    -7.820     0.000  818   -1   -1   -1
 214    -4.949     3.911     0.000  202   -1   -1   -1
 215    -4.946    -1.333     0.000  470   -1   -1   -1
 216    -4.946     3.728     0.000  216   -1   -1   -1
 217    -4.931    -4.136     0.000  593   -1   -1   -1
 218    -4.923     8.386     0.000    0   -1   -1   -1
 219    -4.904     8.222     0.000    9   -1   -1   -1
 220    -4.899    -1.401     0.000  472   -1   -1   -1
 221    -4.890     0.684     0.000  363   -1   -1   -1
 222    -4.877    -2.801     0.000  539   -1   -1   -1
 223    -4.874    -5.027     0.000  655   -1   -1   -1
 224    -4.862    -4.293     0.000  602   -1   -1   -1
 225    -4.851    -8.073     0.000  833   -1   -1   -1
 226    -4.820     0.079     0.000  395   -1   -1   -1
 227    -4.808     3.809     0.000  210   -1   -1   -1
 228    -4.808    -5.844     0.000  697   -1   -1   -1
 229    -4.716    -5.078     0.000  658   -1   -1   -1
 230    -4.703     4.468     0.000  182   -1   -1   -1
 231    -4.675    -6.830     0.000  767   -1   -1   -1
 232    -4.673     5.785     0.000  107   -1   -1   -1
 233    -4.661     2.659     0.000  272   -1   -1   -1
 234    -4.658    -4.760     0.000  636   -1   -1   -1
 235    -4.628     3.384     0.000  230   -1   -1   -1
 236    -4.614     3.585     0.000  222   -1   -1   -1
 237    -4.599     2.510     0.000  280   -1   -1   -1
 238    -4.537    -3.760     0.000  580   -1   -1   -1
 239    -4.536     2.572     0.000  278   -1   -1   -1
 240    -4.505     0.624     0.000  367   -1   -1   -1
 241    -4.499     2.176     0.000  297   -1   -1   -1
 242    -4.441    -6.047     0.000  713   -1   -1   -1
 243    -4.416    -4.367     0.000  609   -1   -1   -1
 244    -4.414     0.863     0.000  350   -1   -1   -1
 245    -4.414    -0.676     0.000  434   -1   -1   -1
 246    -4.411    -6.692     0.000  759   -1   -1   -1
 247    -4.402    -6.486     0.000  746   -1   -1   -1
 248    -4.391    -8.236     0.000  840   -1   -1   -1
 249    -4.373    -4.464     0.000  616   -1   -1   -1
 250    -4.364     0.679     0.000  364   -1   -1   -1
 251    -4.361     3.480     0.000  229   -1   -1   -1
 252    -4.355     1.010     0.000  345   -1   -1   -1
 253    -4.333     7.397     0.000   42   -1   -1   -1
 254    -4.328     4.800     0.000  161   -1   -1   -1
 255    -4.303     1.168     0.000  339   -1   -1   -1
 256    -4.299     0.644     0.000  366   -1   -1   -1
 257    -4.298     2.412     0.000  284   -1   -1   -1
 258    -4.290    -4.496     0.000  620   -1   -1   -1
 259    -4.233    -2.008     0.000  507   -1   -1   -1
 260    -4.195    -1.189     0.000  462   -1   -1   -1
 261    -4.174     7.670     0.000   28   -1   -1   -1
 262    -4.156    -4.622     0.000  627   -1   -1   -1
 263    -4.144    -2.495     0.000  524   -1   -1   -1
 264    -4.121    -0.461     0.000  422   -1   -1   -1
 265    -4.100     3.377     0.000  231   -1   -1   -1
 266    -4.098     5.749     0.000  110   -1   -1   -1
 267    -4.083     2.089     0.000  302   -1   -1   -1
 268    -4.077     2.607     0.000  276   -1   -1   -1
 269    -4.064    -4.759     0.000  635   -1   -1   -1
 270    -4.057     1.656     0.000  323   -1   -1   -1
 271    -4.044     5.644     0.000  116   -1   -1   -1
 272    -4.021    -4.871     0.000  646   -1   -1   -1
 273    -4.001    -1.443     0.000  476   -1   -1   -1
 274    -3.997     3.275     0.000  237   -1   -1   -1
 275    -3.992     5.364     0.000  124   -1   -1   -1
 276    -3.954    -6.148     0.000  720   -1   -1   -1
 277    -3.942    -7.288     0.000  792   -1   -1   -1
 278    -3.867     2.864     0.000  259   -1   -1   -1
 279    -3.845    -6.303     0.000  735   -1   -1   -1
 280    -3.794     2.192     0.000  296   -1   -1   -1
 281    -3.791     8.293     0.000    4   -1   -1   -1
 282    -3.764    -0.177     0.000  413   -1   -1   -1
 283    -3.750    -7.381     0.000  798   -1   -1   -1
 284    -3.747    -7.150     0.000  782   -1   -1   -1
 285    -3.734    -8.097     0.000  835   -1   -1   -1
 286    -3.721    -1.261     0.000  465   -1   -1   -1
 287    -3.713    -3.655     0.000  576   -1   -1   -1
 288    -3.702     7.854     0.000   22   -1   -1   -1
 289    -3.696    -4.601     0.000  624   -1   -1   -1
 290    -3.679    -4.355     0.000  606   -1   -1   -1
 291    -3.677    -7.151     0.000  783   -1   -1   -1
 292    -3.628     0.875     0.000  349   -1   -1   -1
 293    -3.610     6.064     0.000   98   -1   -1   -1
 294    -3.542     7.921     0.000   20   -1   -1   -1
 295    -3.524     6.382     0.000   85   -1   -1   -1
 296    -3.523     8.211     0.000   10   -1   -1   -1
 297    -3.493    -8.429     0.000  853   -1   -1   -1
 298    -3.476     2.961     0.000  254   -1   -1   -1
 299    -3.456     0.113     0.000  391   -1   -1   -1
 300    -3.428     0.326     0.000  380   -1   -1   -1
 301    -3.406    -2.509     0.000  525   -1   -1   -1
 302    -3.397     3.623     0.000  220   -1   -1   -1
 303    -3.384     0.085     0.000  393   -1   -1   -1
 304    -3.322     5.455     0.000  121   -1   -1   -1
 305    -3.315     3.897     0.000  204   -1   -1   -1
 306    -3.293     2.727     0.000  267   -1   -1   -1
 307    -3.292     0.997     0.000  346   -1   -1   -1
 308    -3.288    -5.918     0.000  703   -1   -1   -1
 309    -3.256    -2.704     0.000  535   -1   -1   -1
 310    -3.239     4.719     0.000  168   -1   -1   -1
 311    -3.202     0.470     0.000  375   -1   -1   -1
 312    -3.196     2.658     0.000  273   -1   -1   -1
 313    -3.173     4.860     0.000  157   -1   -1   -1
 314    -3.163    -1.760     0.000  491   -1   -1   -1
 315    -3.142    -4.503     0.000  621   -1   -1   -1
 316    -3.122    -5.900     0.000  701   -1   -1   -1
 317    -3.120     2.616     0.000  274   -1   -1   -1
 318    -3.113     3.519     0.000  228   -1   -1   -1
 319    -3.102     2.982     0.000  252   -1   -1   -1
 320    -3.081    -3.297     0.000  562   -1   -1   -1
 321    -3.070     3.911     0.000  203   -1   -1   -1
 322    -3.059     8.015     0.000   16   -1   -1   -1
 323    -3.057    -0.290     0.000  416   -1   -1   -1
 324    -3.044     6.245     0.000   90   -1   -1   -1
 325    -3.032    -5.773     0.000  693   -1   -1   -1
 326    -2.906     4.583     0.000  178   -1   -1   -1
 327    -2.903    -6.245     0.000  725   -1   -1   -1
 328    -2.879    -8.052     0.000  828   -1   -1   -1
 329    -2.850     7.212     0.000   48   -1   -1   -1
 330    -2.843     8.061     0.000   15   -1   -1   -1
 331    -2.769    -7.810     0.000  817   -1   -1   -1
 332    -2.737     2.780     0.000  265   -1   -1   -1
 333    -2.715     5.800     0.000  106   -1   -1   -1
 334    -2.695     3.535     0.000  226   -1   -1   -1
 335    -2.687     6.765     0.000   66   -1   -1   -1
 336    -2.679    -5.995     0.000  708   -1   -1   -1
 337    -2.653    -4.388     0.000  611   -1   -1   -1
 338    -2.639    -4.667     0.000  631   -1   -1   -1
 339    -2.633     6.619     0.000   72   -1   -1   -1
 340    -2.600    -2.476     0.000  523   -1   -1   -1
 341    -2.567     8.302     0.000    3   -1   -1   -1
 342    -2.538    -6.252     0.000  726   -1   -1   -1
 343    -2.533    -7.362     0.000  794   -1   -1   -1
 344    -2.489     0.800     0.000  352   -1   -1   -1
 345    -2.479     8.285     0.000    5   -1   -1   -1
 346    -2.476    -3.570     0.000  575   -1   -1   -1
 347    -2.443    -1.059     0.000  456   -1   -1   -1
 348    -2.420    -6.289     0.000  733   -1   -1   -1
 349    -2.390    -2.645     0.000  532   -1   -1   -1
 350    -2.347    -5.470     0.000  680   -1   -1   -1
 351    -2.343    -5.898     0.000  700   -1   -1   -1
 352    -2.301    -7.184     0.000  785   -1   -1   -1
 353    -2.296    -0.755     0.000  443   -1   -1   -1
 354    -2.260     1.147     0.000  340   -1   -1   -1
 355    -2.229     5.888     0.000  102   -1   -1   -1
 356    -2.192    -4.362     0.000  607   -1   -1   -1
 357    -2.166     5.234     0.000  133   -1   -1   -1
 358    -2.164     3.019     0.000  250   -1   -1   -1
 359    -2.100    -1.758     0.000  490   -1   -1   -1
 360    -2.092    -6.800     0.000  765   -1   -1   -1
 361    -2.058     6.842     0.000   63   -1   -1   -1
 362    -2.050    -1.910     0.000  500   -1   -1   -1
 363    -1.993     1.742     0.000  320   -1   -1   -1
 364    -1.968     0.072     0.000  396   -1   -1   -1
 365    -1.944    -4.697     0.000  632   -1   -1   -1
 366    -1.911     1.606     0.000  325   -1   -1   -1
 367    -1.806     3.371     0.000  232   -1   -1   -1
 368    -1.797     3.524     0.000  227   -1   -1   -1
 369    -1.791     3.791     0.000  214   -1   -1   -1
 370    -1.784     6.630     0.000   71   -1   -1   -1
 371    -1.769    -6.298     0.000  734   -1   -1   -1
 372    -1.745    -4.652     0.000  630   -1   -1   -1
 373    -1.711     4.417     0.000  186   -1   -1   -1
 374    -1.690     1.113     0.000  343   -1   -1   -1
 375    -1.669     2.100     0.000  301   -1   -1   -1
 376    -1.645    -2.843     0.000  540   -1   -1   -1
 377    -1.620     3.795     0.000  213   -1   -1   -1
 378    -1.612    -6.086     0.000  716   -1   -1   -1
 379    -1.599    -5.726     0.000  690   -1   -1   -1
 380    -1.355    -1.911     0.000  501   -1   -1   -1
 381    -1.350     5.259     0.000  129   -1   -1   -1
 382    -1.346     2.719     0.000  269   -1   -1   -1
 383    -1.342     7.156     0.000   50   -1   -1   -1
 384    -1.326     4.574     0.000  179   -1   -1   -1
 385    -1.308     7.401     0.000   41   -1   -1   -1
 386    -1.236    -7.775     0.000  815   -1   -1   -1
 387    -1.211    -2.202     0.000  513   -1   -1   -1
 388    -1.173     3.072     0.000  246   -1   -1   -1
 389    -1.122     0.587     0.000  370   -1   -1   -1
 390    -1.060     3.756     0.000  215   -1   -1   -1
 391    -1.045    -8.395     0.000  850   -1   -1   -1
 392    -1.032    -4.826     0.000  641   -1   -1   -1
 393    -1.028     4.796     0.000  163   -1   -1   -1
 394    -1.018    -1.994     0.000  505   -1   -1   -1
 395    -1.011    -4.394     0.000  612   -1   -1   -1
 396    -0.992    -6.363     0.000  737   -1   -1   -1
 397    -0.977     4.227     0.000  193   -1   -1   -1
 398    -0.901    -7.971     0.000  824   -1   -1   -1
 399    -0.813    -6.878     0.000  768   -1   -1   -1
 400    -0.774    -4.090     0.000  591   -1   -1   -1
 401    -0.746    -4.771     0.000  637   -1   -1   -1
 402    -0.653    -3.679     0.000  577   -1   -1   -1
 403    -0.616    -1.917     0.000  502   -1   -1   -1
 404    -0.594    -3.189     0.000  557   -1   -1   -1
 405    -0.553    -6.285     0.000  732   -1   -1   -1
 406    -0.502    -3.370     0.000  568   -1   -1   -1
 407    -0.454    -7.210     0.000  786   -1   -1   -1
 408    -0.448    -5.572     0.000  684   -1   -1   -1
 409    -0.379    -2.748     0.000  537   -1   -1   -1
 410    -0.317    -1.843     0.000  497   -1   -1   -1
 411    -0.176     4.673     0.000  171   -1   -1   -1
 412    -0.096    -6.913     0.000  773   -1   -1   -1
 413    -0.050     0.255     0.000  383   -1   -1   -1
 414    -0.035    -7.365     0.000  796   -1   -1   -1
 415     0.184    -7.264     0.000  789   -1   -1   -1
 416     0.231    -4.838     0.000  642   -1   -1   -1
 417     0.237    -4.610     0.000  626   -1   -1   -1
 418     0.238     5.093     0.000  145   -1   -1   -1
 419     0.305     2.161     0.000  299   -1   -1   -1
 420     0.318     6.480     0.000   81   -1   -1   -1
 421     0.394    -2.332     0.000  516   -1   -1   -1
 422     0.475     5.237     0.000  131   -1   -1   -1
 423     0.517    -4.470     0.000  618   -1   -1   -1
 424     0.522     2.855     0.000  260   -1   -1   -1
 425     0.599     4.167     0.000  195   -1   -1   -1
 426     0.625     6.523     0.000   77   -1   -1   -1
 427     0.670    -5.697     0.000  688   -1   -1   -1
 428     0.688    -0.317     0.000  417   -1   -1   -1
 429     0.729    -4.439     0.000  615   -1   -1   -1
 430     0.840     0.743     0.000  356   -1   -1   -1
 431     0.862    -5.635     0.000  685   -1   -1   -1
 432     0.881    -1.617     0.000  482   -1   -1   -1
 433     0.897    -3.443     0.000  572   -1   -1   -1
 434     0.973    -1.118     0.000  459   -1   -1   -1
 435     0.994    -3.506     0.000  574   -1   -1   -1
 436     1.019     6.508     0.000   79   -1   -1   -1
 437     1.026    -6.764     0.000  762   -1   -1   -1
 438     1.046    -2.253     0.000  515   -1   -1   -1
 439     1.062     0.156     0.000  387   -1   -1   -1
 440     1.096    -6.974     0.000  774   -1   -1   -1
 441     1.107    -4.269     0.000  599   -1   -1   -1
 442     1.129     3.216     0.000  241   -1   -1   -1
 443     1.186    -4.910     0.000  650   -1   -1   -1
 444     1.204    -0.101     0.000  408   -1   -1   -1
 445     1.238    -1.559     0.000  479   -1   -1   -1
 446     1.268    -2.361     0.000  517   -1   -1   -1
 447     1.275    -7.162     0.000  784   -1   -1   -1
 448     1.275    -6.663     0.000  756   -1   -1   -1
 449     1.276    -3.324     0.000  565   -1   -1   -1
 450     1.296     0.084     0.000  394   -1   -1   -1
 451     1.341     0.689     0.000  360   -1   -1   -1
 452     1.362    -3.930     0.000  588   -1   -1   -1
 453     1.409    -7.767     0.000  813   -1   -1   -1
 454     1.460     5.162     0.000  138   -1   -1   -1
 455     1.476     7.522     0.000   36   -1   -1   -1
 456     1.493    -5.693     0.000  687   -1   -1   -1
 457     1.509     3.251     0.000  238   -1   -1   -1
 458     1.526    -2.919     0.000  543   -1   -1   -1
 459     1.544    -8.095     0.000  834   -1   -1   -1
 460     1.631    -3.326     0.000  566   -1   -1   -1
 461     1.654    -3.769     0.000  582   -1   -1   -1
 462     1.656     1.791     0.000  317   -1   -1   -1
 463     1.692     0.172     0.000  386   -1   -1   -1
 464     1.698     0.781     0.000  353   -1   -1   -1
 465     1.727     2.868     0.000  258   -1   -1   -1
 466     1.733    -6.643     0.000  752   -1   -1   -1
 467     1.755    -4.872     0.000  647   -1   -1   -1
 468     1.782     0.689     0.000  361   -1   -1   -1
 469     1.792    -4.278     0.000  600   -1   -1   -1
 470     1.796     7.482     0.000   38   -1   -1   -1
 471     1.809     0.521     0.000  374   -1   -1   -1
 472     1.809    -7.023     0.000  778   -1   -1   -1
 473     1.809     5.070     0.000  146   -1   -1   -1
 474     1.830    -2.947     0.000  547   -1   -1   -1
 475     1.882     0.879     0.000  348   -1   -1   -1
 476     1.899     6.513     0.000   78   -1   -1   -1
 477     1.931     5.775     0.000  108   -1   -1   -1
 478     1.937    -4.238     0.000  597   -1   -1   -1
 479     1.974     4.117     0.000  196   -1   -1   -1
 480     1.996    -3.905     0.000  587   -1   -1   -1
 481     2.079     6.368     0.000   86   -1   -1   -1
 482     2.093    -4.863     0.000  645   -1   -1   -1
 483     2.097    -6.658     0.000  754   -1   -1   -1
 484     2.098     4.471     0.000  181   -1   -1   -1
 485     2.105    -1.295     0.000  467   -1   -1   -1
 486     2.117     1.122     0.000  342   -1   -1   -1
 487     2.120     7.241     0.000   46   -1   -1   -1
 488     2.121    -7.736     0.000  812   -1   -1   -1
 489     2.130    -1.700     0.000  487   -1   -1   -1
 490     2.133    -3.892     0.000  585   -1   -1   -1
 491     2.164     6.114     0.000   94   -1   -1   -1
 492     2.172    -0.344     0.000  419   -1   -1   -1
 493     2.172    -1.792     0.000  493   -1   -1   -1
 494     2.180    -0.537     0.000  427   -1   -1   -1
 495     2.227     5.803     0.000  105   -1   -1   -1
 496     2.233    -6.879     0.000  769   -1   -1   -1
 497     2.255     6.443     0.000   82   -1   -1   -1
 498     2.305    -7.645     0.000  807   -1   -1   -1
 499     2.317    -3.143     0.000  555   -1   -1   -1
 500     2.325    -3.270     0.000  561   -1   -1   -1
 501     2.326    -1.665     0.000  484   -1   -1   -1
 502     2.339     5.203     0.000  137   -1   -1   -1
 503     2.347     5.117     0.000  139   -1   -1   -1
 504     2.351    -1.131     0.000  460   -1   -1   -1
 505     2.362     4.190     0.000  194   -1   -1   -1
 506     2.371     5.900     0.000  101   -1   -1   -1
 507     2.378     0.703     0.000  358   -1   -1   -1
 508     2.395    -3.806     0.000  583   -1   -1   -1
 509     2.405    -5.932     0.000  705   -1   -1   -1
 510     2.418     5.659     0.000  113   -1   -1   -1
 511     2.418    -3.700     0.000  578   -1   -1   -1
 512     2.488    -3.243     0.000  559   -1   -1   -1
 513     2.503     5.278     0.000  126   -1   -1   -1
 514     2.538     3.808     0.000  211   -1   -1   -1
 515     2.563    -3.307     0.000  563   -1   -1   -1
 516     2.599    -5.171     0.000  664   -1   -1   -1
 517     2.638     2.258     0.000  292   -1   -1   -1
 518     2.666     2.806     0.000  264   -1   -1   -1
 519     2.679    -6.656     0.000  753   -1   -1   -1
 520     2.681     7.492     0.000   37   -1   -1   -1
 521     2.699    -1.404     0.000  473   -1   -1   -1
 522     2.756     5.661     0.000  112   -1   -1   -1
 523     2.781    -6.696     0.000  760   -1   -1   -1
 524     2.782     2.533     0.000  279   -1   -1   -1
 525     2.799    -2.515     0.000  526   -1   -1   -1
 526     2.819    -6.282     0.000  731   -1   -1   -1
 527     2.844     0.049     0.000  399   -1   -1   -1
 528     2.848    -0.023     0.000  403   -1   -1   -1
 529     2.874     6.365     0.000   88   -1   -1   -1
 530     2.903     4.810     0.000  160   -1   -1   -1
 531     2.909    -1.628     0.000  483   -1   -1   -1
 532     2.946     5.101     0.000  143   -1   -1   -1
 533     2.949     7.132     0.000   53   -1   -1   -1
 534     2.962    -5.200     0.000  666   -1   -1   -1
 535     2.966    -6.041     0.000  711   -1   -1   -1
 536     3.038     2.700     0.000  270   -1   -1   -1
 537     3.042    -2.568     0.000  530   -1   -1   -1
 538     3.048    -4.479     0.000  619   -1   -1   -1
 539     3.054     5.579     0.000  119   -1   -1   -1
 540     3.082    -1.179     0.000  461   -1   -1   -1
 541     3.092     0.578     0.000  371   -1   -1   -1
 542     3.115    -7.225     0.000  788   -1   -1   -1
 543     3.116     6.154     0.000   92   -1   -1   -1
 544     3.120    -1.968     0.000  504   -1   -1   -1
 545     3.125     2.837     0.000  262   -1   -1   -1
 546     3.139    -7.049     0.000  779   -1   -1   -1
 547     3.181     6.072     0.000   97   -1   -1   -1
 548     3.193     5.619     0.000  118   -1   -1   -1
 549     3.209    -8.342     0.000  846   -1   -1   -1
 550     3.211     8.239     0.000    7   -1   -1   -1
 551     3.259    -7.276     0.000  791   -1   -1   -1
 552     3.276    -0.699     0.000  441   -1   -1   -1
 553     3.277    -1.310     0.000  469   -1   -1   -1
 554     3.303    -3.227     0.000  558   -1   -1   -1
 555     3.332    -5.737     0.000  691   -1   -1   -1
 556     3.366     2.970     0.000  253   -1   -1   -1
 557     3.394    -5.440     0.000  675   -1   -1   -1
 558     3.408     6.643     0.000   70   -1   -1   -1
 559     3.412     2.842     0.000  261   -1   -1   -1
 560     3.437    -2.118     0.000  509   -1   -1   -1
 561     3.465     1.332     0.000  334   -1   -1   -1
 562     3.494     5.867     0.000  103   -1   -1   -1
 563     3.513    -7.014     0.000  777   -1   -1   -1
 564     3.520    -0.909     0.000  450   -1   -1   -1
 565     3.529    -4.569     0.000  623   -1   -1   -1
 566     3.554    -6.109     0.000  717   -1   -1   -1
 567     3.561    -0.473     0.000  424   -1   -1   -1
 568     3.572    -3.407     0.000  570   -1   -1   -1
 569     3.576    -2.947     0.000  546   -1   -1   -1
 570     3.579    -5.534     0.000  683   -1   -1   -1
 571     3.579     5.300     0.000  125   -1   -1   -1
 572     3.623    -0.047     0.000  405   -1   -1   -1
 573     3.648     5.032     0.000  148   -1   -1   -1
 574     3.661     2.073     0.000  303   -1   -1   -1
 575     3.663    -6.268     0.000  728   -1   -1   -1
 576     3.676     7.901     0.000   21   -1   -1   -1
 577     3.678    -6.011     0.000  710   -1   -1   -1
 578     3.690     2.594     0.000  277   -1   -1   -1
 579     3.714     4.048     0.000  198   -1   -1   -1
 580     3.724    -5.356     0.000  672   -1   -1   -1
 581     3.731    -7.002     0.000  776   -1   -1   -1
 582     3.735    -2.557     0.000  529   -1   -1   -1
 583     3.757    -2.143     0.000  512   -1   -1   -1
 584     3.771     7.707     0.000   27   -1   -1   -1
 585     3.782    -1.840     0.000  496   -1   -1   -1
 586     3.783    -0.573     0.000  429   -1   -1   -1
 587     3.791    -7.679     0.000  809   -1   -1   -1
 588     3.805    -1.035     0.000  455   -1   -1   -1
 589     3.809    -2.237     0.000  514   -1   -1   -1
 590     3.828    -5.903     0.000  702   -1   -1   -1
 591     3.854     4.928     0.000  153   -1   -1   -1
 592     3.868     5.254     0.000  130   -1   -1   -1
 593     3.871     0.241     0.000  384   -1   -1   -1
 594     3.893    -0.690     0.000  438   -1   -1   -1
 595     3.905    -1.270     0.000  466   -1   -1   -1
 596     3.912    -7.372     0.000  797   -1   -1   -1
 597     3.970    -2.538     0.000  528   -1   -1   -1
 598     3.979    -7.475     0.000  801   -1   -1   -1
 599     3.991    -8.071     0.000  832   -1   -1   -1
 600     3.997     2.907     0.000  255   -1   -1   -1
 601     4.001    -7.683     0.000  810   -1   -1   -1
 602     4.003    -1.770     0.000  492   -1   -1   -1
 603     4.010    -4.942     0.000  652   -1   -1   -1
 604     4.018    -4.177     0.000  595   -1   -1   -1
 605     4.021     8.103     0.000   13   -1   -1   -1
 606     4.038     0.151     0.000  388   -1   -1   -1
 607     4.038     3.062     0.000  247   -1   -1   -1
 608     4.042    -5.508     0.000  682   -1   -1   -1
 609     4.054    -8.053     0.000  829   -1   -1   -1
 610     4.060     0.688     0.000  362   -1   -1   -1
 611     4.073     4.914     0.000  154   -1   -1   -1
 612     4.156    -5.412     0.000  673   -1   -1   -1
 613     4.202    -0.990     0.000  454   -1   -1   -1
 614     4.217    -8.371     0.000  849   -1   -1   -1
 615     4.267    -4.365     0.000  608   -1   -1   -1
 616     4.269     4.706     0.000  169   -1   -1   -1
 617     4.270     2.237     0.000  295   -1   -1   -1
 618     4.323     8.335     0.000    1   -1   -1   -1
 619     4.335    -2.001     0.000  506   -1   -1   -1
 620     4.339    -5.708     0.000  689   -1   -1   -1
 621     4.370     2.173     0.000  298   -1   -1   -1
 622     4.373    -2.131     0.000  510   -1   -1   -1
 623     4.407    -1.720     0.000  488   -1   -1   -1
 624     4.430     7.799     0.000   24   -1   -1   -1
 625     4.443     4.644     0.000  173   -1   -1   -1
 626     4.464     0.767     0.000  354   -1   -1   -1
 627     4.466     2.983     0.000  251   -1   -1   -1
 628     4.484     8.015     0.000   17   -1   -1   -1
 629     4.503    -0.875     0.000  447   -1   -1   -1
 630     4.518     6.366     0.000   87   -1   -1   -1
 631     4.521     0.050     0.000  398   -1   -1   -1
 632     4.522     4.815     0.000  159   -1   -1   -1
 633     4.556    -8.354     0.000  848   -1   -1   -1
 634     4.557    -4.890     0.000  649   -1   -1   -1
 635     4.565     8.005     0.000   18   -1   -1   -1
 636     4.591     6.425     0.000   84   -1   -1   -1
 637     4.626    -3.724     0.000  579   -1   -1   -1
 638     4.631     3.306     0.000  235   -1   -1   -1
 639     4.634    -6.420     0.000  742   -1   -1   -1
 640     4.634     0.064     0.000  397   -1   -1   -1
 641     4.646     1.886     0.000  316   -1   -1   -1
 642     4.651    -1.439     0.000  475   -1   -1   -1
 643     4.666     0.595     0.000  369   -1   -1   -1
 644     4.668     2.807     0.000  263   -1   -1   -1
 645     4.696    -7.058     0.000  780   -1   -1   -1
 646     4.718     0.758     0.000  355   -1   -1   -1
 647     4.721    -5.168     0.000  663   -1   -1   -1
 648     4.768    -7.210     0.000  787   -1   -1   -1
 649     4.781     8.326     0.000    2   -1   -1   -1
 650     4.782     3.026     0.000  249   -1   -1   -1
 651     4.784     1.141     0.000  341   -1   -1   -1
 652     4.808    -3.339     0.000  567   -1   -1   -1
 653     4.863    -8.257     0.000  842   -1   -1   -1
 654     4.882    -2.676     0.000  534   -1   -1   -1
 655     4.934     3.583     0.000  223   -1   -1   -1
 656     4.937     5.106     0.000  141   -1   -1   -1
 657     4.949     5.228     0.000  134   -1   -1   -1
 658     4.990     0.322     0.000  381   -1   -1   -1
 659     4.995    -4.468     0.000  617   -1   -1   -1
 660     5.003    -5.194     0.000  665   -1   -1   -1
 661     5.004     1.491     0.000  329   -1   -1   -1
 662     5.015    -4.847     0.000  643   -1   -1   -1
 663     5.018    -2.860     0.000  541   -1   -1   -1
 664     5.044    -8.396     0.000  851   -1   -1   -1
 665     5.051     8.114     0.000   12   -1   -1   -1
 666     5.051     8.071     0.000   14   -1   -1   -1
 667     5.061    -4.283     0.000  601   -1   -1   -1
 668     5.085    -5.742     0.000  692   -1   -1   -1
 669     5.097     7.200     0.000   49   -1   -1   -1
 670     5.106     6.920     0.000   60   -1   -1   -1
 671     5.107     2.001     0.000  309   -1   -1   -1
 672     5.118    -2.669     0.000  533   -1   -1   -1
 673     5.159    -5.801     0.000  696   -1   -1   -1
 674     5.169    -6.470     0.000  743   -1   -1   -1
 675     5.217     6.838     0.000   64   -1   -1   -1
 676     5.217     6.428     0.000   83   -1   -1   -1
 677     5.261     1.565     0.000  326   -1   -1   -1
 678     5.297    -3.083     0.000  553   -1   -1   -1
 679     5.298     7.086     0.000   55   -1   -1   -1
 680     5.315     2.384     0.000  286   -1   -1   -1
 681     5.385     5.812     0.000  104   -1   -1   -1
 682     5.389    -0.125     0.000  410   -1   -1   -1
 683     5.418    -7.849     0.000  819   -1   -1   -1
 684     5.430    -2.928     0.000  544   -1   -1   -1
 685     5.439    -7.599     0.000  805   -1   -1   -1
 686     5.454     1.986     0.000  310   -1   -1   -1
 687     5.478     1.369     0.000  330   -1   -1   -1
 688     5.478     6.041     0.000   99   -1   -1   -1
 689     5.547     2.039     0.000  308   -1   -1   -1
 690     5.562     4.476     0.000  180   -1   -1   -1
 691     5.577    -5.060     0.000  657   -1   -1   -1
 692     5.598    -8.128     0.000  837   -1   -1   -1
 693     5.635     6.970     0.000   59   -1   -1   -1
 694     5.644    -6.662     0.000  755   -1   -1   -1
 695     5.664     3.923     0.000  201   -1   -1   -1
 696     5.675    -0.644     0.000  433   -1   -1   -1
 697     5.701    -3.183     0.000  556   -1   -1   -1
 698     5.753     4.596     0.000  176   -1   -1   -1
 699     5.754    -5.461     0.000  678   -1   -1   -1
 700     5.756    -5.795     0.000  695   -1   -1   -1
 701     5.788    -8.064     0.000  830   -1   -1   -1
 702     5.814    -2.454     0.000  521   -1   -1   -1
 703     5.825     1.759     0.000  318   -1   -1   -1
 704     5.827    -0.987     0.000  453   -1   -1   -1
 705     5.882    -3.462     0.000  573   -1   -1   -1
 706     5.887     1.975     0.000  311   -1   -1   -1
 707     5.887    -0.751     0.000  442   -1   -1   -1
 708     5.887    -8.315     0.000  845   -1   -1   -1
 709     5.896     5.061     0.000  147   -1   -1   -1
 710     5.906    -7.984     0.000  825   -1   -1   -1
 711     5.965    -6.372     0.000  738   -1   -1   -1
 712     5.978    -4.144     0.000  594   -1   -1   -1
 713     5.981    -6.473     0.000  744   -1   -1   -1
 714     5.985     2.722     0.000  268   -1   -1   -1
 715     6.016    -5.291     0.000  669   -1   -1   -1
 716     6.031    -4.333     0.000  604   -1   -1   -1
 717     6.047     4.640     0.000  174   -1   -1   -1
 718     6.049    -0.476     0.000  425   -1   -1   -1
 719     6.055    -1.724     0.000  489   -1   -1   -1
 720     6.055    -3.060     0.000  551   -1   -1   -1
 721     6.070    -6.141     0.000  719   -1   -1   -1
 722     6.149     1.696     0.000  321   -1   -1   -1
 723     6.159     6.543     0.000   75   -1   -1   -1
 724     6.173    -4.338     0.000  605   -1   -1   -1
 725     6.200     3.862     0.000  206   -1   -1   -1
 726     6.200    -4.219     0.000  596   -1   -1   -1
 727     6.211    -1.560     0.000  480   -1   -1   -1
 728     6.211     3.190     0.000  242   -1   -1   -1
 729     6.253    -6.643     0.000  751   -1   -1   -1
 730     6.301    -2.137     0.000  511   -1   -1   -1
 731     6.312    -2.941     0.000  545   -1   -1   -1
 732     6.312    -6.492     0.000  747   -1   -1   -1
 733     6.347     1.953     0.000  314   -1   -1   -1
 734     6.371    -6.537     0.000  748   -1   -1   -1
 735     6.372     2.363     0.000  288   -1   -1   -1
 736     6.401    -4.268     0.000  598   -1   -1   -1
 737     6.402     7.017     0.000   57   -1   -1   -1
 738     6.470    -1.376     0.000  471   -1   -1   -1
 739     6.476    -4.881     0.000  648   -1   -1   -1
 740     6.527    -5.957     0.000  706   -1   -1   -1
 741     6.528     6.902     0.000   61   -1   -1   -1
 742     6.535    -5.318     0.000  670   -1   -1   -1
 743     6.554     4.669     0.000  172   -1   -1   -1
 744     6.574    -1.302     0.000  468   -1   -1   -1
 745     6.592     2.129     0.000  300   -1   -1   -1
 746     6.615    -0.579     0.000  430   -1   -1   -1
 747     6.625     2.871     0.000  257   -1   -1   -1
 748     6.628    -6.054     0.000  715   -1   -1   -1
 749     6.656    -5.133     0.000  660   -1   -1   -1
 750     6.677     5.644     0.000  115   -1   -1   -1
 751     6.679    -5.327     0.000  671   -1   -1   -1
 752     6.710    -6.217     0.000  723   -1   -1   -1
 753     6.715     6.583     0.000   73   -1   -1   -1
 754     6.718     0.435     0.000  377   -1   -1   -1
 755     6.719    -5.503     0.000  681   -1   -1   -1
 756     6.741     3.185     0.000  243   -1   -1   -1
 757     6.752    -1.884     0.000  498   -1   -1   -1
 758     6.758     3.301     0.000  236   -1   -1   -1
 759     6.762     2.056     0.000  306   -1   -1   -1
 760     6.791    -0.570     0.000  428   -1   -1   -1
 761     6.805    -6.051     0.000  714   -1   -1   -1
 762     6.811    -7.660     0.000  808   -1   -1   -1
 763     6.813    -0.772     0.000  444   -1   -1   -1
 764     6.853     5.224     0.000  135   -1   -1   -1
 765     6.886    -7.996     0.000  827   -1   -1   -1
 766     6.889     3.623     0.000  219   -1   -1   -1
 767     6.917    -0.913     0.000  451   -1   -1   -1
 768     6.917    -4.927     0.000  651   -1   -1   -1
 769     6.926    -2.644     0.000  531   -1   -1   -1
 770     6.934    -0.077     0.000  407   -1   -1   -1
 771     6.934     6.177     0.000   91   -1   -1   -1
 772     6.953    -0.685     0.000  436   -1   -1   -1
 773     6.975     0.437     0.000  376   -1   -1   -1
 774     7.017     2.247     0.000  293   -1   -1   -1
 775     7.035    -6.601     0.000  749   -1   -1   -1
 776     7.039    -5.788     0.000  694   -1   -1   -1
 777     7.043     2.046     0.000  307   -1   -1   -1
 778     7.068    -4.033     0.000  590   -1   -1   -1
 779     7.087    -5.996     0.000  709   -1   -1   -1
 780     7.110    -8.299     0.000  844   -1   -1   -1
 781     7.141     7.545     0.000   34   -1   -1   -1
 782     7.172    -6.165     0.000  721   -1   -1   -1
 783     7.175     6.539     0.000   76   -1   -1   -1
 784     7.207     0.197     0.000  385   -1   -1   -1
 785     7.220    -3.971     0.000  589   -1   -1   -1
 786     7.249     4.992     0.000  149   -1   -1   -1
 787     7.262     4.373     0.000  188   -1   -1   -1
 788     7.270    -4.399     0.000  613   -1   -1   -1
 789     7.289     6.746     0.000   67   -1   -1   -1
 790     7.297     4.315     0.000  190   -1   -1   -1
 791     7.311     5.629     0.000  117   -1   -1   -1
 792     7.314    -0.150     0.000  411   -1   -1   -1
 793     7.345     5.546     0.000  120   -1   -1   -1
 794     7.365     3.548     0.000  224   -1   -1   -1
 795     7.390    -0.683     0.000  435   -1   -1   -1
 796     7.392    -8.066     0.000  831   -1   -1   -1
 797     7.396    -6.403     0.000  741   -1   -1   -1
 798     7.417     2.069     0.000  304   -1   -1   -1
 799     7.485     5.269     0.000  127   -1   -1   -1
 800     7.490     4.782     0.000  165   -1   -1   -1
 801     7.498     4.426     0.000  184   -1   -1   -1
 802     7.524     4.583     0.000  177   -1   -1   -1
 803     7.538    -2.905     0.000  542   -1   -1   -1
 804     7.562    -1.545     0.000  478   -1   -1   -1
 805     7.577     1.264     0.000  336   -1   -1   -1
 806     7.600     4.756     0.000  166   -1   -1   -1
 807     7.607    -8.344     0.000  847   -1   -1   -1
 808     7.611     1.750     0.000  319   -1   -1   -1
 809     7.634     2.277     0.000  291   -1   -1   -1
 810     7.685     7.728     0.000   26   -1   -1   -1
 811     7.715     7.752     0.000   25   -1   -1   -1
 812     7.731    -7.920     0.000  822   -1   -1   -1
 813     7.760    -2.988     0.000  548   -1   -1   -1
 814     7.760     8.256     0.000    6   -1   -1   -1
 815     7.790     0.129     0.000  390   -1   -1   -1
 816     7.791     1.628     0.000  324   -1   -1   -1
 817     7.825    -7.098     0.000  781   -1   -1   -1
 818     7.834     6.733     0.000   68   -1   -1   -1
 819     7.843    -0.860     0.000  446   -1   -1   -1
 820     7.884    -5.146     0.000  662   -1   -1   -1
 821     7.917    -5.013     0.000  654   -1   -1   -1
 822     7.987     7.153     0.000   51   -1   -1   -1
 823     8.003    -0.434     0.000  421   -1   -1   -1
 824     8.008    -6.799     0.000  764   -1   -1   -1
 825     8.014    -1.195     0.000  463   -1   -1   -1
 826     8.017    -6.880     0.000  770   -1   -1   -1
 827     8.023     1.022     0.000  344   -1   -1   -1
 828     8.029    -5.643     0.000  686   -1   -1   -1
 829     8.046    -7.619     0.000  806   -1   -1   -1
 830     8.066    -0.630     0.000  432   -1   -1   -1
 831     8.069     4.387     0.000  187   -1   -1   -1
 832     8.090     3.157     0.000  244   -1   -1   -1
 833     8.134    -4.773     0.000  638   -1   -1   -1
 834     8.151    -4.539     0.000  622   -1   -1   -1
 835     8.172     2.501     0.000  281   -1   -1   -1
 836     8.177     3.235     0.000  240   -1   -1   -1
 837     8.178     4.611     0.000  175   -1   -1   -1
 838     8.211    -7.273     0.000  790   -1   -1   -1
 839     8.215     4.798     0.000  162   -1   -1   -1
 840     8.221    -6.324     0.000  736   -1   -1   -1
 841     8.251     7.262     0.000   45   -1   -1   -1
 842     8.265    -3.404     0.000  569   -1   -1   -1
 843     8.271    -6.045     0.000  712   -1   -1   -1
 844     8.300    -1.898     0.000  499   -1   -1   -1
 845     8.314    -7.364     0.000  795   -1   -1   -1
 846     8.318     5.266     0.000  128   -1   -1   -1
 847     8.334     7.040     0.000   56   -1   -1   -1
 848     8.341    -4.401     0.000  614   -1   -1   -1
 849     8.343     1.338     0.000  333   -1   -1   -1
 850     8.356     8.190     0.000   11   -1   -1   -1
 851     8.362     7.576     0.000   32   -1   -1   -1
 852     8.389    -8.256     0.000  841   -1   -1   -1
 853     8.398     0.669     0.000  365   -1   -1   -1
 854     8.400    -0.163     0.000  412   -1   -1   -1
