857
   1    -8.395     7.540     0.000   38   -1   -1   -1
   2    -8.380    -6.890     0.000  764   -1   -1   -1
   3    -8.359    -3.311     0.000  558   -1   -1   -1
   4    -8.351    -8.156     0.000  836   -1   -1   -1
   5    -8.330    -4.632     0.000  622   -1   -1   -1
   6    -8.284     0.544     0.000  384   -1   -1   -1
   7    -8.269     6.851     0.000   66   -1   -1   -1
   8    -8.243    -8.254     0.000  845   -1   -1   -1
   9    -8.227     4.229     0.000  195   -1   -1   -1
  10    -8.210    -7.937     0.000  822   -1   -1   -1
  11    -8.191     1.551     0.000  339   -1   -1   -1
  12    -8.166     4.423     0.000  185   -1   -1   -1
  13    -8.166    -3.043     0.000  547   -1   -1   -1
  14    -8.137     6.498     0.000   81   -1   -1   -1
  15    -8.106    -2.508     0.000  522   -1   -1   -1
  16    -8.104     2.622     0.000  278   -1   -1   -1
  17    -8.065     1.351     0.000  346   -1   -1   -1
  18    -8.037    -7.405     0.000  792   -1   -1   -1
  19    -8.031     2.239     0.000  300   -1   -1   -1
  20    -8.005    -6.254     0.000  726   -1   -1   -1
  21    -7.991     6.570     0.000   78   -1   -1   -1
  22    -7.970    -3.821     0.000  577   -1   -1   -1
  23    -7.942     5.667     0.000  117   -1   -1   -1
  24    -7.910    -0.955     0.000  467   -1   -1   -1
  25    -7.885     0.822     0.000  367   -1   -1   -1
  26    -7.879     2.322     0.000  297   -1   -1   -1
  27    -7.879    -0.178     0.000  424   -1   -1   -1
  28    -7.860    -6.117     0.000  710   -1   -1   -1
  29    -7.845     4.092     0.000  198   -1   -1   -1
  30    -7.822     7.183     0.000   53   -1   -1   -1
  31    -7.822     3.870     0.000  211   -1   -1   -1
  32    -7.803    -4.844     0.000  633   -1   -1   -1
  33    -7.802    -6.166     0.000  716   -1   -1   -1
  34    -7.795     4.994     0.000  151   -1   -1   -1
  35    -7.789     2.492     0.000  287   -1   -1   -1
  36    -7.769    -2.754     0.000  536   -1   -1   -1
  37    -7.762    -6.256     0.000  728   -1   -1   -1
  38    -7.757    -5.141     0.000  650   -1   -1   -1
  39    -7.748    -6.732     0.000  755   -1   -1   -1
  40    -7.747     1.977     0.000  321   -1   -1   -1
  41    -7.742    -4.631     0.000  620   -1   -1   -1
  42    -7.741     7.143     0.000   56   -1   -1   -1
  43    -7.740     5.237     0.000  138   -1   -1   -1
  44    -7.711    -0.684     0.000  451   -1   -1   -1
  45    -7.681     6.659     0.000   75   -1   -1   -1
  46    -7.584    -6.898     0.000  765   -1   -1   -1
  47    -7.533     8.231     0.000    9   -1   -1   -1
  48    -7.533     0.001     0.000  410   -1   -1   -1
  49    -7.524    -0.692     0.000  453   -1   -1   -1
  50    -7.512    -5.440     0.000  674   -1   -1   -1
  51    -7.494    -1.102     0.000  471   -1   -1   -1
  52    -7.471     7.995     0.000   20   -1   -1   -1
  53    -7.471     3.621     0.000  225   -1   -1   -1
  54    -7.458     3.835     0.000  218   -1   -1   -1
  55    -7.411     3.857     0.000  214   -1   -1   -1
  56    -7.395    -1.437     0.000  483   -1   -1   -1
  57    -7.380     3.682     0.000  223   -1   -1   -1
  58    -7.359    -6.203     0.000  721   -1   -1   -1
  59    -7.345     2.316     0.000  298   -1   -1   -1
  60    -7.316    -5.406     0.000  670   -1   -1   -1
  61    -7.315    -5.094     0.000  646   -1   -1   -1
  62    -7.306     3.857     0.000  215   -1   -1   -1
  63    -7.298     5.397     0.000  131   -1   -1   -1
  64    -7.258    -8.387     0.000  852   -1   -1   -1
  65    -7.243     3.243     0.000  243   -1   -1   -1
  66    -7.242     6.142     0.000  100   -1   -1   -1
  67    -7.218    -7.969     0.000  823   -1   -1   -1
  68    -7.196    -7.547     0.000  797   -1   -1   -1
  69    -7.169     7.651     0.000   32   -1   -1   -1
  70    -7.159    -8.126     0.000  833   -1   -1   -1
  71    -7.155    -6.756     0.000  757   -1   -1   -1
  72    -7.153     6.087     0.000  102   -1   -1   -1
  73    -7.145     4.739     0.000  168   -1   -1   -1
  74    -7.143    -7.754     0.000  812   -1   -1   -1
  75    -7.140     4.042     0.000  200   -1   -1   -1
  76    -7.127     7.295     0.000   44   -1   -1   -1
  77    -7.124    -2.416     0.000  516   -1   -1   -1
  78    -7.115    -7.128     0.000  777   -1   -1   -1
  79    -7.104     7.456     0.000   39   -1   -1   -1
  80    -7.088     4.988     0.000  152   -1   -1   -1
  81    -7.040    -5.429     0.000  673   -1   -1   -1
  82    -7.014     1.961     0.000  323   -1   -1   -1
  83    -7.012     0.024     0.000  409   -1   -1   -1
  84    -6.997    -6.787     0.000  759   -1   -1   -1
  85    -6.986     4.431     0.000  184   -1   -1   -1
  86    -6.983    -6.601     0.000  746   -1   -1   -1
  87    -6.971    -6.645     0.000  752   -1   -1   -1
  88    -6.970     4.336     0.000  190   -1   -1   -1
  89    -6.969    -2.407     0.000  515   -1   -1   -1
  90    -6.952    -0.387     0.000  431   -1   -1   -1
  91    -6.948     5.113     0.000  144   -1   -1   -1
  92    -6.922    -2.700     0.000  535   -1   -1   -1
  93    -6.912     5.415     0.000  130   -1   -1   -1
  94    -6.892    -0.833     0.000  459   -1   -1   -1
  95    -6.888     2.894     0.000  263   -1   -1   -1
  96    -6.882    -7.029     0.000  771   -1   -1   -1
  97    -6.872    -6.467     0.000  738   -1   -1   -1
  98    -6.858    -1.215     0.000  474   -1   -1   -1
  99    -6.836     7.551     0.000   36   -1   -1   -1
 100    -6.820    -7.515     0.000  796   -1   -1   -1
 101    -6.788     1.304     0.000  351   -1   -1   -1
 102    -6.784    -5.447     0.000  675   -1   -1   -1
 103    -6.756     2.410     0.000  291   -1   -1   -1
 104    -6.732     7.615     0.000   34   -1   -1   -1
 105    -6.719    -0.885     0.000  461   -1   -1   -1
 106    -6.718     3.563     0.000  228   -1   -1   -1
 107    -6.707     4.291     0.000  193   -1   -1   -1
 108    -6.698    -3.044     0.000  549   -1   -1   -1
 109    -6.678     1.665     0.000  332   -1   -1   -1
 110    -6.676     1.350     0.000  347   -1   -1   -1
 111    -6.630     3.542     0.000  231   -1   -1   -1
 112    -6.626     2.374     0.000  294   -1   -1   -1
 113    -6.597     5.773     0.000  112   -1   -1   -1
 114    -6.580     6.974     0.000   61   -1   -1   -1
 115    -6.576    -4.361     0.000  603   -1   -1   -1
 116    -6.549    -6.371     0.000  735   -1   -1   -1
 117    -6.510    -6.251     0.000  725   -1   -1   -1
 118    -6.503     7.616     0.000   33   -1   -1   -1
 119    -6.499     3.057     0.000  253   -1   -1   -1
 120    -6.477    -4.781     0.000  630   -1   -1   -1
 121    -6.420     0.140     0.000  404   -1   -1   -1
 122    -6.381    -3.568     0.000  571   -1   -1   -1
 123    -6.367    -6.629     0.000  748   -1   -1   -1
 124    -6.359     4.875     0.000  157   -1   -1   -1
 125    -6.351    -7.882     0.000  818   -1   -1   -1
 126    -6.328     8.135     0.000   13   -1   -1   -1
 127    -6.328    -0.497     0.000  436   -1   -1   -1
 128    -6.285    -5.848     0.000  694   -1   -1   -1
 129    -6.279     0.096     0.000  405   -1   -1   -1
 130    -6.273    -5.013     0.000  642   -1   -1   -1
 131    -6.264     0.332     0.000  393   -1   -1   -1
 132    -6.241    -1.665     0.000  490   -1   -1   -1
 133    -6.226     0.984     0.000  360   -1   -1   -1
 134    -6.198     2.495     0.000  286   -1   -1   -1
 135    -6.169     4.876     0.000  156   -1   -1   -1
 136    -6.161     3.366     0.000  238   -1   -1   -1
 137    -6.161    -5.268     0.000  662   -1   -1   -1
 138    -6.151     2.732     0.000  271   -1   -1   -1
 139    -6.139    -7.661     0.000  807   -1   -1   -1
 140    -6.100     7.351     0.000   43   -1   -1   -1
 141    -6.099     1.236     0.000  353   -1   -1   -1
 142    -6.086    -5.061     0.000  645   -1   -1   -1
 143    -6.072     6.277     0.000   94   -1   -1   -1
 144    -6.043     3.701     0.000  222   -1   -1   -1
 145    -6.011     7.847     0.000   26   -1   -1   -1
 146    -6.010    -7.747     0.000  811   -1   -1   -1
 147    -5.998    -7.340     0.000  785   -1   -1   -1
 148    -5.967    -4.647     0.000  623   -1   -1   -1
 149    -5.959     3.078     0.000  251   -1   -1   -1
 150    -5.951     6.807     0.000   68   -1   -1   -1
 151    -5.949    -0.466     0.000  433   -1   -1   -1
 152    -5.940    -6.356     0.000  732   -1   -1   -1
 153    -5.915    -7.361     0.000  789   -1   -1   -1
 154    -5.906     4.857     0.000  159   -1   -1   -1
 155    -5.886    -5.897     0.000  696   -1   -1   -1
 156    -5.866    -0.034     0.000  414   -1   -1   -1
 157    -5.855    -7.371     0.000  790   -1   -1   -1
 158    -5.835    -1.664     0.000  489   -1   -1   -1
 159    -5.830     4.698     0.000  170   -1   -1   -1
 160    -5.821     0.609     0.000  379   -1   -1   -1
 161    -5.814    -1.908     0.000  503   -1   -1   -1
 162    -5.789    -7.892     0.000  819   -1   -1   -1
 163    -5.760    -5.863     0.000  695   -1   -1   -1
 164    -5.709    -4.135     0.000  588   -1   -1   -1
 165    -5.696     7.403     0.000   42   -1   -1   -1
 166    -5.678     1.908     0.000  325   -1   -1   -1
 167    -5.660     5.746     0.000  114   -1   -1   -1
 168    -5.640     0.738     0.000  372   -1   -1   -1
 169    -5.605    -0.891     0.000  462   -1   -1   -1
 170    -5.593    -1.781     0.000  496   -1   -1   -1
 171    -5.592     7.238     0.000   51   -1   -1   -1
 172    -5.577    -2.471     0.000  520   -1   -1   -1
 173    -5.563     0.278     0.000  397   -1   -1   -1
 174    -5.560     6.033     0.000  105   -1   -1   -1
 175    -5.527     2.667     0.000  276   -1   -1   -1
 176    -5.517    -3.113     0.000  553   -1   -1   -1
 177    -5.516    -4.960     0.000  640   -1   -1   -1
 178    -5.479     5.259     0.000  136   -1   -1   -1
 179    -5.477    -0.685     0.000  452   -1   -1   -1
 180    -5.463     4.799     0.000  164   -1   -1   -1
 181    -5.438     5.225     0.000  141   -1   -1   -1
 182    -5.423    -1.363     0.000  480   -1   -1   -1
 183    -5.408    -6.216     0.000  723   -1   -1   -1
 184    -5.381    -8.180     0.000  837   -1   -1   -1
 185    -5.376    -4.602     0.000  618   -1   -1   -1
 186    -5.361    -6.018     0.000  704   -1   -1   -1
 187    -5.357    -4.518     0.000  611   -1   -1   -1
 188    -5.343    -0.607     0.000  444   -1   -1   -1
 189    -5.328     3.811     0.000  220   -1   -1   -1
 190    -5.315    -3.053     0.000  551   -1   -1   -1
 191    -5.277    -4.294     0.000  595   -1   -1   -1
 192    -5.272     2.064     0.000  312   -1   -1   -1
 193    -5.246    -3.788     0.000  576   -1   -1   -1
 194    -5.203    -1.621     0.000  488   -1   -1   -1
 195    -5.187    -4.686     0.000  626   -1   -1   -1
 196    -5.136    -6.679     0.000  753   -1   -1   -1
 197    -5.107    -3.904     0.000  579   -1   -1   -1
 198    -5.104    -4.797     0.000  631   -1   -1   -1
 199    -5.095    -5.163     0.000  653   -1   -1   -1
 200    -5.083    -0.083     0.000  418   -1   -1   -1
 201    -5.063    -1.694     0.000  492   -1   -1   -1
 202    -5.059     7.284     0.000   47   -1   -1   -1
 203    -5.038    -0.016     0.000  412   -1   -1   -1
 204    -5.036     1.560     0.000  338   -1   -1   -1
 205    -5.034    -7.810     0.000  814   -1   -1   -1
 206    -5.021     0.529     0.000  385   -1   -1   -1
 207    -5.016    -7.900     0.000  820   -1   -1   -1
 208    -4.981     5.115     0.000  143   -1   -1   -1
 209    -4.975    -3.405     0.000  562   -1   -1   -1
 210    -4.960    -8.318     0.000  849   -1   -1   -1
 211    -4.960     3.930     0.000  208   -1   -1   -1
 212    -4.958    -0.328     0.000  428   -1   -1   -1
 213    -4.952    -4.338     0.000  601   -1   -1   -1
 214    -4.945     3.737     0.000  221   -1   -1   -1
 215    -4.908     8.384     0.000    0   -1   -1   -1
 216    -4.900     0.835     0.000  364   -1   -1   -1
 217    -4.895    -4.347     0.000  602   -1   -1   -1
 218    -4.891     8.223     0.000   10   -1   -1   -1
 219    -4.885    -1.364     0.000  481   -1   -1   -1
 220    -4.872     0.676     0.000  374   -1   -1   -1
 221    -4.834    -5.810     0.000  692   -1   -1   -1
 222    -4.830     3.824     0.000  219   -1   -1   -1
 223    -4.827     1.635     0.000  333   -1   -1   -1
 224    -4.818    -4.304     0.000  596   -1   -1   -1
 225    -4.805     0.072     0.000  407   -1   -1   -1
 226    -4.780     0.405     0.000  391   -1   -1   -1
 227    -4.761    -5.048     0.000  644   -1   -1   -1
 228    -4.760    -4.323     0.000  598   -1   -1   -1
 229    -4.711     4.509     0.000  181   -1   -1   -1
 230    -4.706     2.673     0.000  275   -1   -1   -1
 231    -4.655     5.786     0.000  111   -1   -1   -1
 232    -4.654     2.651     0.000  277   -1   -1   -1
 233    -4.645     3.561     0.000  229   -1   -1   -1
 234    -4.643     2.191     0.000  303   -1   -1   -1
 235    -4.633    -5.174     0.000  654   -1   -1   -1
 236    -4.630     3.391     0.000  236   -1   -1   -1
 237    -4.628    -6.929     0.000  768   -1   -1   -1
 238    -4.605    -4.853     0.000  634   -1   -1   -1
 239    -4.576    -1.230     0.000  475   -1   -1   -1
 240    -4.573     2.521     0.000  284   -1   -1   -1
 241    -4.533    -6.614     0.000  747   -1   -1   -1
 242    -4.517    -8.220     0.000  842   -1   -1   -1
 243    -4.500     2.168     0.000  305   -1   -1   -1
 244    -4.490     0.614     0.000  378   -1   -1   -1
 245    -4.456    -6.202     0.000  720   -1   -1   -1
 246    -4.445    -6.077     0.000  708   -1   -1   -1
 247    -4.434    -6.834     0.000  761   -1   -1   -1
 248    -4.392     0.851     0.000  363   -1   -1   -1
 249    -4.383    -2.851     0.000  541   -1   -1   -1
 250    -4.366     3.493     0.000  232   -1   -1   -1
 251    -4.344    -4.842     0.000  632   -1   -1   -1
 252    -4.343    -4.423     0.000  608   -1   -1   -1
 253    -4.320     7.411     0.000   41   -1   -1   -1
 254    -4.310     1.031     0.000  358   -1   -1   -1
 255    -4.290    -4.485     0.000  609   -1   -1   -1
 256    -4.285     1.151     0.000  355   -1   -1   -1
 257    -4.267     0.615     0.000  377   -1   -1   -1
 258    -4.145    -1.286     0.000  476   -1   -1   -1
 259    -4.120     3.346     0.000  239   -1   -1   -1
 260    -4.115    -2.570     0.000  524   -1   -1   -1
 261    -4.072     2.597     0.000  280   -1   -1   -1
 262    -4.069     5.738     0.000  115   -1   -1   -1
 263    -4.059    -6.585     0.000  744   -1   -1   -1
 264    -4.040     1.613     0.000  335   -1   -1   -1
 265    -4.040     2.063     0.000  313   -1   -1   -1
 266    -4.030     5.655     0.000  119   -1   -1   -1
 267    -3.987    -6.250     0.000  724   -1   -1   -1
 268    -3.958     4.174     0.000  196   -1   -1   -1
 269    -3.947     5.347     0.000  132   -1   -1   -1
 270    -3.946     5.210     0.000  142   -1   -1   -1
 271    -3.891    -8.193     0.000  838   -1   -1   -1
 272    -3.876     2.872     0.000  265   -1   -1   -1
 273    -3.841     4.337     0.000  189   -1   -1   -1
 274    -3.823    -8.231     0.000  843   -1   -1   -1
 275    -3.807     2.175     0.000  304   -1   -1   -1
 276    -3.787    -6.325     0.000  731   -1   -1   -1
 277    -3.770     8.256     0.000    7   -1   -1   -1
 278    -3.769    -7.579     0.000  799   -1   -1   -1
 279    -3.768     8.290     0.000    5   -1   -1   -1
 280    -3.739     0.479     0.000  386   -1   -1   -1
 281    -3.711    -2.167     0.000  510   -1   -1   -1
 282    -3.692    -0.196     0.000  426   -1   -1   -1
 283    -3.686    -7.321     0.000  784   -1   -1   -1
 284    -3.682    -1.344     0.000  479   -1   -1   -1
 285    -3.673     7.836     0.000   27   -1   -1   -1
 286    -3.661    -3.729     0.000  573   -1   -1   -1
 287    -3.611     6.764     0.000   71   -1   -1   -1
 288    -3.611    -4.648     0.000  624   -1   -1   -1
 289    -3.597    -4.410     0.000  607   -1   -1   -1
 290    -3.572     0.767     0.000  370   -1   -1   -1
 291    -3.522     8.184     0.000   12   -1   -1   -1
 292    -3.500     6.380     0.000   86   -1   -1   -1
 293    -3.487     2.961     0.000  261   -1   -1   -1
 294    -3.404    -7.464     0.000  794   -1   -1   -1
 295    -3.402     7.866     0.000   24   -1   -1   -1
 296    -3.387    -2.656     0.000  529   -1   -1   -1
 297    -3.355    -2.097     0.000  508   -1   -1   -1
 298    -3.345     0.806     0.000  368   -1   -1   -1
 299    -3.340    -0.031     0.000  413   -1   -1   -1
 300    -3.332    -6.184     0.000  718   -1   -1   -1
 301    -3.327     3.950     0.000  205   -1   -1   -1
 302    -3.324     0.177     0.000  402   -1   -1   -1
 303    -3.314     5.452     0.000  129   -1   -1   -1
 304    -3.307     2.605     0.000  279   -1   -1   -1
 305    -3.299     6.265     0.000   95   -1   -1   -1
 306    -3.275     4.550     0.000  180   -1   -1   -1
 307    -3.208    -2.805     0.000  537   -1   -1   -1
 308    -3.203     2.463     0.000  288   -1   -1   -1
 309    -3.170    -6.170     0.000  717   -1   -1   -1
 310    -3.120    -7.805     0.000  813   -1   -1   -1
 311    -3.109     1.923     0.000  324   -1   -1   -1
 312    -3.105     4.816     0.000  162   -1   -1   -1
 313    -3.099     2.399     0.000  292   -1   -1   -1
 314    -3.099     0.256     0.000  398   -1   -1   -1
 315    -3.097     3.865     0.000  213   -1   -1   -1
 316    -3.088    -4.596     0.000  617   -1   -1   -1
 317    -3.071     3.029     0.000  256   -1   -1   -1
 318    -3.056     7.984     0.000   21   -1   -1   -1
 319    -3.031    -0.526     0.000  438   -1   -1   -1
 320    -3.027    -3.434     0.000  565   -1   -1   -1
 321    -2.915    -0.333     0.000  429   -1   -1   -1
 322    -2.904    -5.829     0.000  693   -1   -1   -1
 323    -2.889    -6.516     0.000  741   -1   -1   -1
 324    -2.867    -2.845     0.000  540   -1   -1   -1
 325    -2.848     2.575     0.000  283   -1   -1   -1
 326    -2.827    -3.318     0.000  559   -1   -1   -1
 327    -2.813     7.172     0.000   54   -1   -1   -1
 328    -2.807    -0.517     0.000  437   -1   -1   -1
 329    -2.800     7.920     0.000   22   -1   -1   -1
 330    -2.780     8.352     0.000    1   -1   -1   -1
 331    -2.764     6.285     0.000   93   -1   -1   -1
 332    -2.763    -8.117     0.000  832   -1   -1   -1
 333    -2.717     6.805     0.000   69   -1   -1   -1
 334    -2.710     5.660     0.000  118   -1   -1   -1
 335    -2.692     3.459     0.000  234   -1   -1   -1
 336    -2.684    -6.310     0.000  729   -1   -1   -1
 337    -2.650     6.683     0.000   74   -1   -1   -1
 338    -2.634    -8.194     0.000  839   -1   -1   -1
 339    -2.625     8.342     0.000    2   -1   -1   -1
 340    -2.576    -4.679     0.000  625   -1   -1   -1
 341    -2.563     8.130     0.000   14   -1   -1   -1
 342    -2.553     0.174     0.000  403   -1   -1   -1
 343    -2.552    -6.524     0.000  742   -1   -1   -1
 344    -2.534    -7.742     0.000  810   -1   -1   -1
 345    -2.488     7.852     0.000   25   -1   -1   -1
 346    -2.474     1.768     0.000  327   -1   -1   -1
 347    -2.456    -3.744     0.000  574   -1   -1   -1
 348    -2.391    -1.184     0.000  472   -1   -1   -1
 349    -2.389    -6.922     0.000  767   -1   -1   -1
 350    -2.365     0.963     0.000  361   -1   -1   -1
 351    -2.361     0.595     0.000  380   -1   -1   -1
 352    -2.348    -5.355     0.000  668   -1   -1   -1
 353    -2.329    -2.826     0.000  538   -1   -1   -1
 354    -2.321     2.703     0.000  273   -1   -1   -1
 355    -2.255     1.192     0.000  354   -1   -1   -1
 356    -2.255    -3.457     0.000  567   -1   -1   -1
 357    -2.232    -7.582     0.000  801   -1   -1   -1
 358    -2.230     5.612     0.000  124   -1   -1   -1
 359    -2.202    -4.765     0.000  628   -1   -1   -1
 360    -2.162    -2.522     0.000  523   -1   -1   -1
 361    -2.150     4.862     0.000  158   -1   -1   -1
 362    -2.120     6.452     0.000   83   -1   -1   -1
 363    -2.118    -2.300     0.000  514   -1   -1   -1
 364    -2.024     6.153     0.000   99   -1   -1   -1
 365    -2.005     5.940     0.000  106   -1   -1   -1
 366    -2.003    -5.196     0.000  658   -1   -1   -1
 367    -1.946     1.424     0.000  341   -1   -1   -1
 368    -1.905    -7.033     0.000  772   -1   -1   -1
 369    -1.840     0.468     0.000  387   -1   -1   -1
 370    -1.826    -6.826     0.000  760   -1   -1   -1
 371    -1.805    -5.183     0.000  656   -1   -1   -1
 372    -1.798     6.295     0.000   92   -1   -1   -1
 373    -1.748     3.986     0.000  202   -1   -1   -1
 374    -1.722     3.074     0.000  252   -1   -1   -1
 375    -1.712     6.188     0.000   97   -1   -1   -1
 376    -1.689     2.217     0.000  302   -1   -1   -1
 377    -1.674    -6.369     0.000  734   -1   -1   -1
 378    -1.602    -4.126     0.000  587   -1   -1   -1
 379    -1.595    -3.497     0.000  569   -1   -1   -1
 380    -1.574     0.074     0.000  406   -1   -1   -1
 381    -1.573    -2.148     0.000  509   -1   -1   -1
 382    -1.550     1.394     0.000  344   -1   -1   -1
 383    -1.513    -0.609     0.000  445   -1   -1   -1
 384    -1.501     2.032     0.000  317   -1   -1   -1
 385    -1.331    -1.810     0.000  498   -1   -1   -1
 386    -1.256    -5.426     0.000  671   -1   -1   -1
 387    -1.242    -8.417     0.000  853   -1   -1   -1
 388    -1.235     2.431     0.000  289   -1   -1   -1
 389    -1.218    -2.442     0.000  517   -1   -1   -1
 390    -1.184    -5.157     0.000  652   -1   -1   -1
 391    -1.169    -6.968     0.000  769   -1   -1   -1
 392    -1.077     3.045     0.000  254   -1   -1   -1
 393    -0.997     3.463     0.000  233   -1   -1   -1
 394    -0.831    -5.404     0.000  669   -1   -1   -1
 395    -0.830     6.316     0.000   90   -1   -1   -1
 396    -0.794    -8.013     0.000  828   -1   -1   -1
 397    -0.785    -2.236     0.000  513   -1   -1   -1
 398    -0.743    -0.725     0.000  454   -1   -1   -1
 399    -0.720    -4.537     0.000  613   -1   -1   -1
 400    -0.708     6.923     0.000   64   -1   -1   -1
 401    -0.702    -6.848     0.000  762   -1   -1   -1
 402    -0.691    -4.138     0.000  589   -1   -1   -1
 403    -0.608    -1.511     0.000  484   -1   -1   -1
 404    -0.562    -4.632     0.000  621   -1   -1   -1
 405    -0.533    -5.936     0.000  698   -1   -1   -1
 406    -0.411    -3.558     0.000  570   -1   -1   -1
 407    -0.333    -7.256     0.000  780   -1   -1   -1
 408    -0.331    -7.876     0.000  817   -1   -1   -1
 409    -0.311    -6.715     0.000  754   -1   -1   -1
 410    -0.228    -2.693     0.000  534   -1   -1   -1
 411    -0.214    -7.711     0.000  809   -1   -1   -1
 412    -0.171     3.373     0.000  237   -1   -1   -1
 413    -0.121     3.841     0.000  217   -1   -1   -1
 414    -0.047    -0.592     0.000  443   -1   -1   -1
 415    -0.014    -5.503     0.000  680   -1   -1   -1
 416    -0.013     1.396     0.000  343   -1   -1   -1
 417     0.139     1.605     0.000  336   -1   -1   -1
 418     0.172     4.310     0.000  192   -1   -1   -1
 419     0.208    -7.554     0.000  798   -1   -1   -1
 420     0.268    -5.015     0.000  643   -1   -1   -1
 421     0.542    -4.917     0.000  637   -1   -1   -1
 422     0.603     5.642     0.000  122   -1   -1   -1
 423     0.623    -1.743     0.000  494   -1   -1   -1
 424     0.666    -6.003     0.000  703   -1   -1   -1
 425     0.682     3.027     0.000  257   -1   -1   -1
 426     0.726    -5.959     0.000  701   -1   -1   -1
 427     0.734    -0.952     0.000  466   -1   -1   -1
 428     0.761    -4.322     0.000  597   -1   -1   -1
 429     0.815     3.209     0.000  245   -1   -1   -1
 430     0.822    -2.470     0.000  519   -1   -1   -1
 431     0.916    -8.022     0.000  829   -1   -1   -1
 432     0.997     0.833     0.000  365   -1   -1   -1
 433     1.007     0.421     0.000  390   -1   -1   -1
 434     1.019    -2.692     0.000  533   -1   -1   -1
 435     1.026    -4.614     0.000  619   -1   -1   -1
 436     1.034    -1.551     0.000  487   -1   -1   -1
 437     1.041     5.844     0.000  108   -1   -1   -1
 438     1.063    -5.188     0.000  657   -1   -1   -1
 439     1.089     2.805     0.000  269   -1   -1   -1
 440     1.100    -7.099     0.000  775   -1   -1   -1
 441     1.157     5.646     0.000  121   -1   -1   -1
 442     1.173     2.680     0.000  274   -1   -1   -1
 443     1.201    -2.075     0.000  507   -1   -1   -1
 444     1.225    -4.002     0.000  584   -1   -1   -1
 445     1.256    -6.907     0.000  766   -1   -1   -1
 446     1.282     6.351     0.000   88   -1   -1   -1
 447     1.287     3.844     0.000  216   -1   -1   -1
 448     1.297     0.313     0.000  394   -1   -1   -1
 449     1.305    -0.361     0.000  430   -1   -1   -1
 450     1.311    -2.678     0.000  532   -1   -1   -1
 451     1.318    -3.756     0.000  575   -1   -1   -1
 452     1.319    -4.548     0.000  614   -1   -1   -1
 453     1.323    -8.144     0.000  834   -1   -1   -1
 454     1.327    -0.648     0.000  448   -1   -1   -1
 455     1.366    -5.944     0.000  699   -1   -1   -1
 456     1.376     7.294     0.000   46   -1   -1   -1
 457     1.450     2.969     0.000  260   -1   -1   -1
 458     1.463    -0.546     0.000  439   -1   -1   -1
 459     1.469     3.929     0.000  209   -1   -1   -1
 460     1.525     6.469     0.000   82   -1   -1   -1
 461     1.543    -3.293     0.000  557   -1   -1   -1
 462     1.591     7.738     0.000   30   -1   -1   -1
 463     1.625     2.424     0.000  290   -1   -1   -1
 464     1.632    -5.120     0.000  648   -1   -1   -1
 465     1.680    -6.136     0.000  711   -1   -1   -1
 466     1.692    -1.784     0.000  497   -1   -1   -1
 467     1.727    -6.090     0.000  709   -1   -1   -1
 468     1.735     7.295     0.000   45   -1   -1   -1
 469     1.740    -5.119     0.000  647   -1   -1   -1
 470     1.740    -0.135     0.000  420   -1   -1   -1
 471     1.749     0.256     0.000  399   -1   -1   -1
 472     1.750    -7.270     0.000  782   -1   -1   -1
 473     1.767     4.964     0.000  153   -1   -1   -1
 474     1.783     1.319     0.000  350   -1   -1   -1
 475     1.811     0.586     0.000  382   -1   -1   -1
 476     1.830    -4.593     0.000  616   -1   -1   -1
 477     1.847     3.101     0.000  249   -1   -1   -1
 478     1.875     5.686     0.000  116   -1   -1   -1
 479     1.885    -3.275     0.000  556   -1   -1   -1
 480     1.886    -5.288     0.000  664   -1   -1   -1
 481     1.912    -8.377     0.000  851   -1   -1   -1
 482     1.914     2.121     0.000  307   -1   -1   -1
 483     1.915     0.368     0.000  392   -1   -1   -1
 484     1.959     3.595     0.000  226   -1   -1   -1
 485     1.974     3.886     0.000  210   -1   -1   -1
 486     2.006     6.207     0.000   96   -1   -1   -1
 487     2.009     4.392     0.000  186   -1   -1   -1
 488     2.010     0.303     0.000  395   -1   -1   -1
 489     2.011     6.304     0.000   91   -1   -1   -1
 490     2.034     3.981     0.000  203   -1   -1   -1
 491     2.041    -5.239     0.000  660   -1   -1   -1
 492     2.050    -7.645     0.000  804   -1   -1   -1
 493     2.104    -1.855     0.000  499   -1   -1   -1
 494     2.109     6.057     0.000  103   -1   -1   -1
 495     2.110     7.271     0.000   49   -1   -1   -1
 496     2.113     0.832     0.000  366   -1   -1   -1
 497     2.123    -1.415     0.000  482   -1   -1   -1
 498     2.126    -0.764     0.000  457   -1   -1   -1
 499     2.156    -4.141     0.000  590   -1   -1   -1
 500     2.163    -7.119     0.000  776   -1   -1   -1
 501     2.170    -0.570     0.000  440   -1   -1   -1
 502     2.171     5.754     0.000  113   -1   -1   -1
 503     2.206     4.271     0.000  194   -1   -1   -1
 504     2.214    -7.972     0.000  824   -1   -1   -1
 505     2.284    -7.991     0.000  827   -1   -1   -1
 506     2.290    -1.994     0.000  505   -1   -1   -1
 507     2.302    -3.431     0.000  564   -1   -1   -1
 508     2.313     5.088     0.000  146   -1   -1   -1
 509     2.318    -5.531     0.000  681   -1   -1   -1
 510     2.327     5.836     0.000  109   -1   -1   -1
 511     2.402     5.580     0.000  126   -1   -1   -1
 512     2.428    -3.474     0.000  568   -1   -1   -1
 513     2.429     0.591     0.000  381   -1   -1   -1
 514     2.455    -3.911     0.000  580   -1   -1   -1
 515     2.466     3.980     0.000  204   -1   -1   -1
 516     2.484    -1.993     0.000  504   -1   -1   -1
 517     2.536    -3.373     0.000  560   -1   -1   -1
 518     2.559    -5.322     0.000  667   -1   -1   -1
 519     2.564     3.930     0.000  207   -1   -1   -1
 520     2.594     2.794     0.000  270   -1   -1   -1
 521     2.598     6.786     0.000   70   -1   -1   -1
 522     2.626     2.105     0.000  308   -1   -1   -1
 523     2.631     4.821     0.000  160   -1   -1   -1
 524     2.666    -7.005     0.000  770   -1   -1   -1
 525     2.695     7.420     0.000   40   -1   -1   -1
 526     2.703     4.555     0.000  179   -1   -1   -1
 527     2.732     4.028     0.000  201   -1   -1   -1
 528     2.752    -8.197     0.000  840   -1   -1   -1
 529     2.826    -0.079     0.000  417   -1   -1   -1
 530     2.858    -6.637     0.000  750   -1   -1   -1
 531     2.873     6.335     0.000   89   -1   -1   -1
 532     2.880    -6.189     0.000  719   -1   -1   -1
 533     2.883    -5.265     0.000  661   -1   -1   -1
 534     2.890     5.025     0.000  149   -1   -1   -1
 535     2.891    -1.689     0.000  491   -1   -1   -1
 536     2.894     4.572     0.000  178   -1   -1   -1
 537     2.928    -1.538     0.000  485   -1   -1   -1
 538     2.942     7.122     0.000   57   -1   -1   -1
 539     2.969    -2.665     0.000  530   -1   -1   -1
 540     3.018    -7.395     0.000  791   -1   -1   -1
 541     3.025     5.563     0.000  127   -1   -1   -1
 542     3.090     2.854     0.000  267   -1   -1   -1
 543     3.092    -4.572     0.000  615   -1   -1   -1
 544     3.109     6.132     0.000  101   -1   -1   -1
 545     3.137    -7.292     0.000  783   -1   -1   -1
 546     3.166     5.595     0.000  125   -1   -1   -1
 547     3.193    -7.450     0.000  793   -1   -1   -1
 548     3.195    -3.939     0.000  581   -1   -1   -1
 549     3.205     8.253     0.000    8   -1   -1   -1
 550     3.228    -8.430     0.000  855   -1   -1   -1
 551     3.231     0.923     0.000  362   -1   -1   -1
 552     3.278    -4.152     0.000  591   -1   -1   -1
 553     3.312     2.985     0.000  259   -1   -1   -1
 554     3.316    -5.544     0.000  682   -1   -1   -1
 555     3.366     2.866     0.000  266   -1   -1   -1
 556     3.386    -2.201     0.000  512   -1   -1   -1
 557     3.395     6.639     0.000   76   -1   -1   -1
 558     3.436    -0.936     0.000  465   -1   -1   -1
 559     3.440     1.325     0.000  349   -1   -1   -1
 560     3.475     5.858     0.000  107   -1   -1   -1
 561     3.479    -6.255     0.000  727   -1   -1   -1
 562     3.492    -5.646     0.000  685   -1   -1   -1
 563     3.530    -0.488     0.000  435   -1   -1   -1
 564     3.530     5.291     0.000  133   -1   -1   -1
 565     3.589    -3.133     0.000  554   -1   -1   -1
 566     3.603    -0.050     0.000  415   -1   -1   -1
 567     3.617    -6.147     0.000  714   -1   -1   -1
 568     3.618    -7.060     0.000  773   -1   -1   -1
 569     3.622     5.032     0.000  148   -1   -1   -1
 570     3.628     2.583     0.000  282   -1   -1   -1
 571     3.650    -5.468     0.000  677   -1   -1   -1
 572     3.656     1.976     0.000  322   -1   -1   -1
 573     3.666    -2.198     0.000  511   -1   -1   -1
 574     3.673     7.905     0.000   23   -1   -1   -1
 575     3.682     4.049     0.000  199   -1   -1   -1
 576     3.714    -1.880     0.000  501   -1   -1   -1
 577     3.720    -2.671     0.000  531   -1   -1   -1
 578     3.749    -1.065     0.000  470   -1   -1   -1
 579     3.754    -0.582     0.000  442   -1   -1   -1
 580     3.760     7.709     0.000   31   -1   -1   -1
 581     3.789    -7.648     0.000  805   -1   -1   -1
 582     3.811    -6.139     0.000  713   -1   -1   -1
 583     3.822    -0.725     0.000  455   -1   -1   -1
 584     3.832     4.933     0.000  154   -1   -1   -1
 585     3.843     5.252     0.000  137   -1   -1   -1
 586     3.857    -1.301     0.000  477   -1   -1   -1
 587     3.886    -0.015     0.000  411   -1   -1   -1
 588     3.887    -2.613     0.000  525   -1   -1   -1
 589     3.917    -7.486     0.000  795   -1   -1   -1
 590     3.940     2.358     0.000  296   -1   -1   -1
 591     3.941    -7.580     0.000  800   -1   -1   -1
 592     3.954    -5.581     0.000  683   -1   -1   -1
 593     3.965     2.938     0.000  262   -1   -1   -1
 594     3.965     4.124     0.000  197   -1   -1   -1
 595     3.979    -7.347     0.000  786   -1   -1   -1
 596     4.000     0.656     0.000  376   -1   -1   -1
 597     4.009     3.087     0.000  250   -1   -1   -1
 598     4.013     8.105     0.000   16   -1   -1   -1
 599     4.017    -0.140     0.000  421   -1   -1   -1
 600     4.017    -4.387     0.000  604   -1   -1   -1
 601     4.024    -8.209     0.000  841   -1   -1   -1
 602     4.026    -7.710     0.000  808   -1   -1   -1
 603     4.048     4.918     0.000  155   -1   -1   -1
 604     4.081    -7.161     0.000  779   -1   -1   -1
 605     4.086    -4.239     0.000  593   -1   -1   -1
 606     4.096    -5.500     0.000  679   -1   -1   -1
 607     4.098    -8.033     0.000  830   -1   -1   -1
 608     4.160    -1.029     0.000  469   -1   -1   -1
 609     4.239     2.224     0.000  301   -1   -1   -1
 610     4.250    -4.014     0.000  585   -1   -1   -1
 611     4.256     4.718     0.000  169   -1   -1   -1
 612     4.266    -5.748     0.000  688   -1   -1   -1
 613     4.297    -2.005     0.000  506   -1   -1   -1
 614     4.299    -5.904     0.000  697   -1   -1   -1
 615     4.315     8.338     0.000    3   -1   -1   -1
 616     4.365    -1.744     0.000  495   -1   -1   -1
 617     4.394     4.663     0.000  172   -1   -1   -1
 618     4.420     7.798     0.000   28   -1   -1   -1
 619     4.434     4.644     0.000  174   -1   -1   -1
 620     4.455     2.995     0.000  258   -1   -1   -1
 621     4.468     0.756     0.000  371   -1   -1   -1
 622     4.476     8.017     0.000   18   -1   -1   -1
 623     4.478    -0.908     0.000  464   -1   -1   -1
 624     4.503     4.819     0.000  161   -1   -1   -1
 625     4.506     6.364     0.000   87   -1   -1   -1
 626     4.534    -4.931     0.000  639   -1   -1   -1
 627     4.551     8.006     0.000   19   -1   -1   -1
 628     4.588     6.439     0.000   84   -1   -1   -1
 629     4.615     3.318     0.000  240   -1   -1   -1
 630     4.616    -3.044     0.000  548   -1   -1   -1
 631     4.619     0.071     0.000  408   -1   -1   -1
 632     4.620     1.884     0.000  326   -1   -1   -1
 633     4.641    -7.159     0.000  778   -1   -1   -1
 634     4.641     2.591     0.000  281   -1   -1   -1
 635     4.647     2.823     0.000  268   -1   -1   -1
 636     4.664     0.569     0.000  383   -1   -1   -1
 637     4.697    -3.725     0.000  572   -1   -1   -1
 638     4.702    -5.175     0.000  655   -1   -1   -1
 639     4.733     0.768     0.000  369   -1   -1   -1
 640     4.768     3.039     0.000  255   -1   -1   -1
 641     4.775     8.332     0.000    4   -1   -1   -1
 642     4.800    -2.644     0.000  527   -1   -1   -1
 643     4.846     1.119     0.000  356   -1   -1   -1
 644     4.912    -3.408     0.000  563   -1   -1   -1
 645     4.922    -8.263     0.000  846   -1   -1   -1
 646     4.926     5.111     0.000  145   -1   -1   -1
 647     4.931     3.593     0.000  227   -1   -1   -1
 648     4.932     5.229     0.000  140   -1   -1   -1
 649     4.969    -5.203     0.000  659   -1   -1   -1
 650     4.980    -4.487     0.000  610   -1   -1   -1
 651     4.984     1.506     0.000  340   -1   -1   -1
 652     4.987     3.315     0.000  241   -1   -1   -1
 653     4.999    -4.864     0.000  635   -1   -1   -1
 654     4.999    -2.840     0.000  539   -1   -1   -1
 655     5.027    -8.418     0.000  854   -1   -1   -1
 656     5.043     8.075     0.000   17   -1   -1   -1
 657     5.043     8.118     0.000   15   -1   -1   -1
 658     5.069    -3.968     0.000  583   -1   -1   -1
 659     5.069    -5.744     0.000  687   -1   -1   -1
 660     5.089     7.204     0.000   52   -1   -1   -1
 661     5.094     2.007     0.000  318   -1   -1   -1
 662     5.096     6.924     0.000   63   -1   -1   -1
 663     5.099    -2.653     0.000  528   -1   -1   -1
 664     5.100    -6.488     0.000  740   -1   -1   -1
 665     5.156    -5.791     0.000  690   -1   -1   -1
 666     5.206     6.431     0.000   85   -1   -1   -1
 667     5.207     6.841     0.000   67   -1   -1   -1
 668     5.248     1.578     0.000  337   -1   -1   -1
 669     5.275    -3.060     0.000  552   -1   -1   -1
 670     5.276     7.076     0.000   58   -1   -1   -1
 671     5.310     2.397     0.000  293   -1   -1   -1
 672     5.374     5.816     0.000  110   -1   -1   -1
 673     5.413    -2.910     0.000  543   -1   -1   -1
 674     5.422    -7.609     0.000  803   -1   -1   -1
 675     5.423    -7.834     0.000  816   -1   -1   -1
 676     5.444     1.991     0.000  319   -1   -1   -1
 677     5.467     6.045     0.000  104   -1   -1   -1
 678     5.469     1.378     0.000  345   -1   -1   -1
 679     5.536     2.046     0.000  316   -1   -1   -1
 680     5.553     4.484     0.000  182   -1   -1   -1
 681     5.590    -8.157     0.000  835   -1   -1   -1
 682     5.592    -6.640     0.000  751   -1   -1   -1
 683     5.625     6.973     0.000   62   -1   -1   -1
 684     5.651     3.931     0.000  206   -1   -1   -1
 685     5.664    -0.641     0.000  447   -1   -1   -1
 686     5.691    -3.174     0.000  555   -1   -1   -1
 687     5.723    -5.796     0.000  691   -1   -1   -1
 688     5.727    -5.458     0.000  676   -1   -1   -1
 689     5.741     4.601     0.000  176   -1   -1   -1
 690     5.795    -2.445     0.000  518   -1   -1   -1
 691     5.806    -8.051     0.000  831   -1   -1   -1
 692     5.812     1.763     0.000  328   -1   -1   -1
 693     5.816    -0.984     0.000  468   -1   -1   -1
 694     5.870    -3.456     0.000  566   -1   -1   -1
 695     5.881    -8.337     0.000  850   -1   -1   -1
 696     5.882    -7.989     0.000  826   -1   -1   -1
 697     5.883     1.986     0.000  320   -1   -1   -1
 698     5.885    -0.750     0.000  456   -1   -1   -1
 699     5.891     5.068     0.000  147   -1   -1   -1
 700     5.928    -7.350     0.000  788   -1   -1   -1
 701     5.935    -6.361     0.000  733   -1   -1   -1
 702     5.948    -6.463     0.000  737   -1   -1   -1
 703     5.975     2.729     0.000  272   -1   -1   -1
 704     5.996    -5.288     0.000  663   -1   -1   -1
 705     6.009     0.224     0.000  400   -1   -1   -1
 706     6.018    -4.331     0.000  599   -1   -1   -1
 707     6.039    -1.717     0.000  493   -1   -1   -1
 708     6.041     4.646     0.000  173   -1   -1   -1
 709     6.041    -6.138     0.000  712   -1   -1   -1
 710     6.042    -0.471     0.000  434   -1   -1   -1
 711     6.045    -3.051     0.000  550   -1   -1   -1
 712     6.056    -5.429     0.000  672   -1   -1   -1
 713     6.143     1.706     0.000  331   -1   -1   -1
 714     6.154     6.541     0.000   79   -1   -1   -1
 715     6.158    -4.332     0.000  600   -1   -1   -1
 716     6.185     3.865     0.000  212   -1   -1   -1
 717     6.195    -4.216     0.000  592   -1   -1   -1
 718     6.202     3.196     0.000  246   -1   -1   -1
 719     6.203     0.287     0.000  396   -1   -1   -1
 720     6.223    -6.633     0.000  749   -1   -1   -1
 721     6.268     7.275     0.000   48   -1   -1   -1
 722     6.284    -6.485     0.000  739   -1   -1   -1
 723     6.300    -2.933     0.000  545   -1   -1   -1
 724     6.338    -6.527     0.000  743   -1   -1   -1
 725     6.366     2.368     0.000  295   -1   -1   -1
 726     6.391    -4.263     0.000  594   -1   -1   -1
 727     6.394     7.020     0.000   60   -1   -1   -1
 728     6.397    -2.917     0.000  544   -1   -1   -1
 729     6.436    -3.842     0.000  578   -1   -1   -1
 730     6.460    -4.876     0.000  636   -1   -1   -1
 731     6.506    -5.950     0.000  700   -1   -1   -1
 732     6.507     5.504     0.000  128   -1   -1   -1
 733     6.518    -5.311     0.000  665   -1   -1   -1
 734     6.531     6.913     0.000   65   -1   -1   -1
 735     6.544     4.672     0.000  171   -1   -1   -1
 736     6.552    -1.307     0.000  478   -1   -1   -1
 737     6.578     2.133     0.000  306   -1   -1   -1
 738     6.606    -6.044     0.000  707   -1   -1   -1
 739     6.609    -0.579     0.000  441   -1   -1   -1
 740     6.617     2.878     0.000  264   -1   -1   -1
 741     6.640    -5.128     0.000  649   -1   -1   -1
 742     6.661    -5.317     0.000  666   -1   -1   -1
 743     6.667     5.648     0.000  120   -1   -1   -1
 744     6.688    -6.207     0.000  722   -1   -1   -1
 745     6.701    -5.493     0.000  678   -1   -1   -1
 746     6.711     6.589     0.000   77   -1   -1   -1
 747     6.714     0.440     0.000  389   -1   -1   -1
 748     6.725     2.069     0.000  311   -1   -1   -1
 749     6.728     3.191     0.000  247   -1   -1   -1
 750     6.741    -1.879     0.000  500   -1   -1   -1
 751     6.750     3.308     0.000  242   -1   -1   -1
 752     6.760     2.060     0.000  314   -1   -1   -1
 753     6.782    -6.037     0.000  706   -1   -1   -1
 754     6.785     0.688     0.000  373   -1   -1   -1
 755     6.786    -7.657     0.000  806   -1   -1   -1
 756     6.803    -0.768     0.000  458   -1   -1   -1
 757     6.845     5.230     0.000  139   -1   -1   -1
 758     6.851    -4.762     0.000  627   -1   -1   -1
 759     6.871    -7.980     0.000  825   -1   -1   -1
 760     6.883     3.627     0.000  224   -1   -1   -1
 761     6.893    -0.101     0.000  419   -1   -1   -1
 762     6.902    -4.919     0.000  638   -1   -1   -1
 763     6.907    -0.906     0.000  463   -1   -1   -1
 764     6.914    -2.638     0.000  526   -1   -1   -1
 765     6.926    -0.074     0.000  416   -1   -1   -1
 766     6.930     6.186     0.000   98   -1   -1   -1
 767     6.938    -0.678     0.000  449   -1   -1   -1
 768     6.964     0.442     0.000  388   -1   -1   -1
 769     6.979     2.095     0.000  309   -1   -1   -1
 770     7.010     3.423     0.000  235   -1   -1   -1
 771     7.022    -6.592     0.000  745   -1   -1   -1
 772     7.026    -5.784     0.000  689   -1   -1   -1
 773     7.030    -8.435     0.000  856   -1   -1   -1
 774     7.036     2.052     0.000  315   -1   -1   -1
 775     7.059    -4.026     0.000  586   -1   -1   -1
 776     7.068    -5.986     0.000  702   -1   -1   -1
 777     7.083    -0.186     0.000  425   -1   -1   -1
 778     7.090    -8.300     0.000  848   -1   -1   -1
 779     7.135     7.549     0.000   37   -1   -1   -1
 780     7.153     6.529     0.000   80   -1   -1   -1
 781     7.156    -6.156     0.000  715   -1   -1   -1
 782     7.197     0.202     0.000  401   -1   -1   -1
 783     7.208    -3.964     0.000  582   -1   -1   -1
 784     7.247     4.995     0.000  150   -1   -1   -1
 785     7.251    -6.734     0.000  756   -1   -1   -1
 786     7.256     4.378     0.000  188   -1   -1   -1
 787     7.260    -4.394     0.000  605   -1   -1   -1
 788     7.277     6.749     0.000   72   -1   -1   -1
 789     7.296     4.319     0.000  191   -1   -1   -1
 790     7.303     5.633     0.000  123   -1   -1   -1
 791     7.312    -0.143     0.000  422   -1   -1   -1
 792     7.358     3.552     0.000  230   -1   -1   -1
 793     7.367     1.420     0.000  342   -1   -1   -1
 794     7.374    -0.680     0.000  450   -1   -1   -1
 795     7.381    -6.394     0.000  736   -1   -1   -1
 796     7.410     2.072     0.000  310   -1   -1   -1
 797     7.458    -5.742     0.000  686   -1   -1   -1
 798     7.465     4.773     0.000  166   -1   -1   -1
 799     7.480     5.271     0.000  135   -1   -1   -1
 800     7.494     4.794     0.000  165   -1   -1   -1
 801     7.496     4.434     0.000  183   -1   -1   -1
 802     7.512     4.581     0.000  177   -1   -1   -1
 803     7.524    -2.898     0.000  542   -1   -1   -1
 804     7.554    -1.540     0.000  486   -1   -1   -1
 805     7.569     1.265     0.000  352   -1   -1   -1
 806     7.596     4.760     0.000  167   -1   -1   -1
 807     7.608     1.755     0.000  329   -1   -1   -1
 808     7.628     2.283     0.000  299   -1   -1   -1
 809     7.643    -8.278     0.000  847   -1   -1   -1
 810     7.695     7.745     0.000   29   -1   -1   -1
 811     7.721    -7.903     0.000  821   -1   -1   -1
 812     7.756     8.260     0.000    6   -1   -1   -1
 813     7.791     1.633     0.000  334   -1   -1   -1
 814     7.809    -7.081     0.000  774   -1   -1   -1
 815     7.826    -0.853     0.000  460   -1   -1   -1
 816     7.827     6.736     0.000   73   -1   -1   -1
 817     7.873    -5.142     0.000  651   -1   -1   -1
 818     7.899    -5.001     0.000  641   -1   -1   -1
 819     7.908    -2.996     0.000  546   -1   -1   -1
 820     7.982     7.161     0.000   55   -1   -1   -1
 821     7.992    -0.429     0.000  432   -1   -1   -1
 822     7.999    -6.784     0.000  758   -1   -1   -1
 823     8.003    -6.867     0.000  763   -1   -1   -1
 824     8.008    -1.189     0.000  473   -1   -1   -1
 825     8.018    -5.635     0.000  684   -1   -1   -1
 826     8.022     1.030     0.000  359   -1   -1   -1
 827     8.037    -7.605     0.000  802   -1   -1   -1
 828     8.060     4.385     0.000  187   -1   -1   -1
 829     8.066    -0.624     0.000  446   -1   -1   -1
 830     8.084     3.163     0.000  248   -1   -1   -1
 831     8.117    -4.767     0.000  629   -1   -1   -1
 832     8.124    -0.228     0.000  427   -1   -1   -1
 833     8.139    -4.530     0.000  612   -1   -1   -1
 834     8.163     1.715     0.000  330   -1   -1   -1
 835     8.171     2.509     0.000  285   -1   -1   -1
 836     8.172     3.237     0.000  244   -1   -1   -1
 837     8.174     4.616     0.000  175   -1   -1   -1
 838     8.203    -7.260     0.000  781   -1   -1   -1
 839     8.209     4.800     0.000  163   -1   -1   -1
 840     8.214    -6.315     0.000  730   -1   -1   -1
 841     8.230    -7.815     0.000  815   -1   -1   -1
 842     8.246     7.265     0.000   50   -1   -1   -1
 843     8.253    -3.396     0.000  561   -1   -1   -1
 844     8.258    -6.034     0.000  705   -1   -1   -1
 845     8.293    -1.891     0.000  502   -1   -1   -1
 846     8.301    -7.349     0.000  787   -1   -1   -1
 847     8.311     5.273     0.000  134   -1   -1   -1
 848     8.330    -4.394     0.000  606   -1   -1   -1
 849     8.332     7.043     0.000   59   -1   -1   -1
 850     8.337     1.343     0.000  348   -1   -1   -1
 851     8.352     8.193     0.000   11   -1   -1   -1
 852     8.358     7.581     0.000   35   -1   -1   -1
 853     8.384    -8.239     0.000  844   -1   -1   -1
 854     8.390    -0.158     0.000  423   -1   -1   -1
 855     8.392     0.674     0.000  375   -1   -1   -1
 856     8.419     1.099     0.000  357   -1   -1   -1
 857     8.439    -2.477     0.000  521   -1   -1   -1
