871
   1    -8.435    -3.457     0.000  599   -1   -1   -1
   2    -8.424    -2.150     0.000  531   -1   -1   -1
   3    -8.391    -0.892     0.000  460   -1   -1   -1
   4    -8.386     7.548     0.000   44   -1   -1   -1
   5    -8.376    -6.868     0.000  785   -1   -1   -1
   6    -8.351    -8.141     0.000  848   -1   -1   -1
   7    -8.346    -3.298     0.000  591   -1   -1   -1
   8    -8.320    -4.612     0.000  650   -1   -1   -1
   9    -8.281     1.215     0.000  362   -1   -1   -1
  10    -8.267     0.552     0.000  388   -1   -1   -1
  11    -8.261     6.855     0.000   68   -1   -1   -1
  12    -8.255    -1.787     0.000  519   -1   -1   -1
  13    -8.245    -8.238     0.000  856   -1   -1   -1
  14    -8.211     4.241     0.000  201   -1   -1   -1
  15    -8.210    -7.920     0.000  840   -1   -1   -1
  16    -8.182     1.563     0.000  344   -1   -1   -1
  17    -8.164     4.431     0.000  189   -1   -1   -1
  18    -8.150    -3.029     0.000  576   -1   -1   -1
  19    -8.122     6.498     0.000   83   -1   -1   -1
  20    -8.101     2.628     0.000  277   -1   -1   -1
  21    -8.089    -2.497     0.000  544   -1   -1   -1
  22    -8.055     1.358     0.000  354   -1   -1   -1
  23    -8.037    -7.387     0.000  809   -1   -1   -1
  24    -8.020     2.246     0.000  301   -1   -1   -1
  25    -7.998    -6.234     0.000  738   -1   -1   -1
  26    -7.988     6.577     0.000   81   -1   -1   -1
  27    -7.953    -3.805     0.000  610   -1   -1   -1
  28    -7.927     5.670     0.000  118   -1   -1   -1
  29    -7.910    -6.962     0.000  788   -1   -1   -1
  30    -7.892    -0.946     0.000  464   -1   -1   -1
  31    -7.869     0.828     0.000  373   -1   -1   -1
  32    -7.860    -0.171     0.000  424   -1   -1   -1
  33    -7.842     4.095     0.000  206   -1   -1   -1
  34    -7.840    -5.312     0.000  686   -1   -1   -1
  35    -7.812     3.875     0.000  216   -1   -1   -1
  36    -7.810     7.186     0.000   56   -1   -1   -1
  37    -7.787    -4.824     0.000  660   -1   -1   -1
  38    -7.783     5.000     0.000  157   -1   -1   -1
  39    -7.780     2.494     0.000  286   -1   -1   -1
  40    -7.766    -6.209     0.000  735   -1   -1   -1
  41    -7.751    -2.741     0.000  552   -1   -1   -1
  42    -7.743    -5.108     0.000  673   -1   -1   -1
  43    -7.743    -6.711     0.000  776   -1   -1   -1
  44    -7.735     5.247     0.000  142   -1   -1   -1
  45    -7.734     1.983     0.000  325   -1   -1   -1
  46    -7.726    -4.613     0.000  651   -1   -1   -1
  47    -7.691    -0.677     0.000  448   -1   -1   -1
  48    -7.676     7.125     0.000   57   -1   -1   -1
  49    -7.661     6.655     0.000   77   -1   -1   -1
  50    -7.591     4.959     0.000  160   -1   -1   -1
  51    -7.581    -6.877     0.000  787   -1   -1   -1
  52    -7.542     0.427     0.000  395   -1   -1   -1
  53    -7.516     8.231     0.000    9   -1   -1   -1
  54    -7.511     0.010     0.000  414   -1   -1   -1
  55    -7.504    -0.685     0.000  449   -1   -1   -1
  56    -7.474    -1.094     0.000  472   -1   -1   -1
  57    -7.463     7.996     0.000   20   -1   -1   -1
  58    -7.462     3.629     0.000  227   -1   -1   -1
  59    -7.387     3.985     0.000  211   -1   -1   -1
  60    -7.379     3.689     0.000  223   -1   -1   -1
  61    -7.376    -1.426     0.000  498   -1   -1   -1
  62    -7.360     1.738     0.000  334   -1   -1   -1
  63    -7.349    -6.180     0.000  733   -1   -1   -1
  64    -7.338     2.319     0.000  297   -1   -1   -1
  65    -7.301    -5.072     0.000  671   -1   -1   -1
  66    -7.300    -5.383     0.000  688   -1   -1   -1
  67    -7.296     3.865     0.000  217   -1   -1   -1
  68    -7.290     5.402     0.000  136   -1   -1   -1
  69    -7.272    -8.368     0.000  864   -1   -1   -1
  70    -7.233     3.251     0.000  246   -1   -1   -1
  71    -7.227     6.149     0.000   96   -1   -1   -1
  72    -7.198    -7.517     0.000  813   -1   -1   -1
  73    -7.158     7.656     0.000   35   -1   -1   -1
  74    -7.145    -7.726     0.000  828   -1   -1   -1
  75    -7.143     6.091     0.000   98   -1   -1   -1
  76    -7.142     5.104     0.000  152   -1   -1   -1
  77    -7.137     4.051     0.000  208   -1   -1   -1
  78    -7.134     4.748     0.000  176   -1   -1   -1
  79    -7.115     7.298     0.000   48   -1   -1   -1
  80    -7.103    -2.399     0.000  540   -1   -1   -1
  81    -7.093     7.464     0.000   45   -1   -1   -1
  82    -7.077     4.996     0.000  159   -1   -1   -1
  83    -7.026    -5.401     0.000  690   -1   -1   -1
  84    -6.997    -6.760     0.000  777   -1   -1   -1
  85    -6.997     1.965     0.000  326   -1   -1   -1
  86    -6.991     0.029     0.000  413   -1   -1   -1
  87    -6.983    -6.571     0.000  763   -1   -1   -1
  88    -6.968     4.339     0.000  196   -1   -1   -1
  89    -6.966    -6.615     0.000  769   -1   -1   -1
  90    -6.954    -2.392     0.000  538   -1   -1   -1
  91    -6.937     5.120     0.000  150   -1   -1   -1
  92    -6.935     5.468     0.000  131   -1   -1   -1
  93    -6.904    -2.685     0.000  551   -1   -1   -1
  94    -6.898     5.420     0.000  135   -1   -1   -1
  95    -6.879     2.903     0.000  261   -1   -1   -1
  96    -6.870    -6.443     0.000  752   -1   -1   -1
  97    -6.864    -0.825     0.000  457   -1   -1   -1
  98    -6.835    -1.206     0.000  480   -1   -1   -1
  99    -6.828    -7.487     0.000  811   -1   -1   -1
 100    -6.827     7.554     0.000   43   -1   -1   -1
 101    -6.771     1.308     0.000  358   -1   -1   -1
 102    -6.770    -5.419     0.000  691   -1   -1   -1
 103    -6.744     2.418     0.000  289   -1   -1   -1
 104    -6.725     7.616     0.000   38   -1   -1   -1
 105    -6.699     4.301     0.000  199   -1   -1   -1
 106    -6.682    -3.029     0.000  575   -1   -1   -1
 107    -6.661     1.670     0.000  338   -1   -1   -1
 108    -6.659     1.356     0.000  355   -1   -1   -1
 109    -6.621     2.382     0.000  293   -1   -1   -1
 110    -6.620     3.548     0.000  233   -1   -1   -1
 111    -6.583     5.780     0.000  112   -1   -1   -1
 112    -6.567     6.978     0.000   64   -1   -1   -1
 113    -6.553    -4.342     0.000  634   -1   -1   -1
 114    -6.545    -6.337     0.000  744   -1   -1   -1
 115    -6.508    -6.220     0.000  736   -1   -1   -1
 116    -6.498    -1.393     0.000  496   -1   -1   -1
 117    -6.490     7.616     0.000   39   -1   -1   -1
 118    -6.486     3.064     0.000  255   -1   -1   -1
 119    -6.455    -4.759     0.000  658   -1   -1   -1
 120    -6.444     6.775     0.000   72   -1   -1   -1
 121    -6.398     0.142     0.000  407   -1   -1   -1
 122    -6.381    -7.824     0.000  834   -1   -1   -1
 123    -6.367    -6.600     0.000  767   -1   -1   -1
 124    -6.364    -3.556     0.000  603   -1   -1   -1
 125    -6.351     3.523     0.000  234   -1   -1   -1
 126    -6.347     4.885     0.000  165   -1   -1   -1
 127    -6.309    -0.492     0.000  435   -1   -1   -1
 128    -6.278    -5.810     0.000  713   -1   -1   -1
 129    -6.252     0.098     0.000  408   -1   -1   -1
 130    -6.242     0.333     0.000  400   -1   -1   -1
 131    -6.207    -1.648     0.000  510   -1   -1   -1
 132    -6.205    -8.249     0.000  858   -1   -1   -1
 133    -6.186     2.502     0.000  285   -1   -1   -1
 134    -6.154    -4.577     0.000  647   -1   -1   -1
 135    -6.152     4.886     0.000  164   -1   -1   -1
 136    -6.152     3.379     0.000  240   -1   -1   -1
 137    -6.141    -7.612     0.000  816   -1   -1   -1
 138    -6.139     2.737     0.000  270   -1   -1   -1
 139    -6.138    -5.235     0.000  682   -1   -1   -1
 140    -6.085     1.238     0.000  360   -1   -1   -1
 141    -6.085     7.354     0.000   47   -1   -1   -1
 142    -6.078    -7.115     0.000  796   -1   -1   -1
 143    -6.059     6.283     0.000   91   -1   -1   -1
 144    -6.037    -1.075     0.000  470   -1   -1   -1
 145    -6.036     3.715     0.000  222   -1   -1   -1
 146    -5.985    -7.654     0.000  821   -1   -1   -1
 147    -5.964     2.483     0.000  287   -1   -1   -1
 148    -5.947     3.085     0.000  253   -1   -1   -1
 149    -5.935     6.812     0.000   71   -1   -1   -1
 150    -5.925    -6.856     0.000  784   -1   -1   -1
 151    -5.916    -0.466     0.000  434   -1   -1   -1
 152    -5.893     4.868     0.000  166   -1   -1   -1
 153    -5.867    -5.852     0.000  716   -1   -1   -1
 154    -5.867    -4.728     0.000  655   -1   -1   -1
 155    -5.840    -0.034     0.000  416   -1   -1   -1
 156    -5.817     4.708     0.000  179   -1   -1   -1
 157    -5.791    -1.643     0.000  509   -1   -1   -1
 158    -5.771    -1.877     0.000  524   -1   -1   -1
 159    -5.756    -5.803     0.000  710   -1   -1   -1
 160    -5.679     7.406     0.000   46   -1   -1   -1
 161    -5.665    -4.131     0.000  623   -1   -1   -1
 162    -5.664     1.910     0.000  327   -1   -1   -1
 163    -5.640     5.752     0.000  114   -1   -1   -1
 164    -5.632     0.737     0.000  378   -1   -1   -1
 165    -5.612    -3.210     0.000  585   -1   -1   -1
 166    -5.576     7.240     0.000   53   -1   -1   -1
 167    -5.560    -0.890     0.000  459   -1   -1   -1
 168    -5.547    -2.536     0.000  545   -1   -1   -1
 169    -5.547    -1.770     0.000  517   -1   -1   -1
 170    -5.544     0.273     0.000  402   -1   -1   -1
 171    -5.542     6.040     0.000  100   -1   -1   -1
 172    -5.541    -7.775     0.000  830   -1   -1   -1
 173    -5.524     2.666     0.000  274   -1   -1   -1
 174    -5.483    -3.112     0.000  582   -1   -1   -1
 175    -5.470    -4.913     0.000  665   -1   -1   -1
 176    -5.461    -8.391     0.000  868   -1   -1   -1
 177    -5.446     4.809     0.000  170   -1   -1   -1
 178    -5.442    -6.499     0.000  756   -1   -1   -1
 179    -5.435    -0.690     0.000  451   -1   -1   -1
 180    -5.428    -6.344     0.000  745   -1   -1   -1
 181    -5.427    -1.285     0.000  486   -1   -1   -1
 182    -5.418     5.237     0.000  144   -1   -1   -1
 183    -5.353    -3.032     0.000  577   -1   -1   -1
 184    -5.325     3.828     0.000  220   -1   -1   -1
 185    -5.324    -4.598     0.000  649   -1   -1   -1
 186    -5.324    -2.396     0.000  539   -1   -1   -1
 187    -5.310    -3.055     0.000  580   -1   -1   -1
 188    -5.307    -0.614     0.000  443   -1   -1   -1
 189    -5.305    -4.518     0.000  643   -1   -1   -1
 190    -5.259     2.066     0.000  314   -1   -1   -1
 191    -5.247    -3.833     0.000  612   -1   -1   -1
 192    -5.237    -4.315     0.000  629   -1   -1   -1
 193    -5.225     0.690     0.000  379   -1   -1   -1
 194    -5.177    -8.022     0.000  847   -1   -1   -1
 195    -5.116    -4.685     0.000  654   -1   -1   -1
 196    -5.112    -8.001     0.000  844   -1   -1   -1
 197    -5.105    -1.762     0.000  516   -1   -1   -1
 198    -5.097    -6.667     0.000  773   -1   -1   -1
 199    -5.087    -3.895     0.000  614   -1   -1   -1
 200    -5.045    -0.097     0.000  419   -1   -1   -1
 201    -5.041     7.287     0.000   50   -1   -1   -1
 202    -5.031    -4.880     0.000  663   -1   -1   -1
 203    -5.020    -0.022     0.000  415   -1   -1   -1
 204    -5.018     1.560     0.000  345   -1   -1   -1
 205    -5.002     0.522     0.000  390   -1   -1   -1
 206    -4.965     3.960     0.000  212   -1   -1   -1
 207    -4.948     5.120     0.000  149   -1   -1   -1
 208    -4.938     3.758     0.000  221   -1   -1   -1
 209    -4.932    -0.345     0.000  430   -1   -1   -1
 210    -4.916    -5.746     0.000  705   -1   -1   -1
 211    -4.908    -4.236     0.000  626   -1   -1   -1
 212    -4.883     8.380     0.000    1   -1   -1   -1
 213    -4.882     1.598     0.000  341   -1   -1   -1
 214    -4.872    -3.372     0.000  594   -1   -1   -1
 215    -4.869     8.226     0.000   10   -1   -1   -1
 216    -4.851     3.857     0.000  218   -1   -1   -1
 217    -4.849    -1.357     0.000  492   -1   -1   -1
 218    -4.842     0.661     0.000  382   -1   -1   -1
 219    -4.817     1.622     0.000  340   -1   -1   -1
 220    -4.806    -3.307     0.000  592   -1   -1   -1
 221    -4.795    -3.550     0.000  602   -1   -1   -1
 222    -4.784     0.057     0.000  411   -1   -1   -1
 223    -4.779    -4.383     0.000  638   -1   -1   -1
 224    -4.745    -8.180     0.000  852   -1   -1   -1
 225    -4.745     0.388     0.000  398   -1   -1   -1
 226    -4.709     3.569     0.000  231   -1   -1   -1
 227    -4.702    -6.785     0.000  781   -1   -1   -1
 228    -4.695     4.559     0.000  186   -1   -1   -1
 229    -4.691     2.671     0.000  272   -1   -1   -1
 230    -4.661    -4.359     0.000  635   -1   -1   -1
 231    -4.661    -5.807     0.000  712   -1   -1   -1
 232    -4.651     2.639     0.000  276   -1   -1   -1
 233    -4.633     3.410     0.000  239   -1   -1   -1
 234    -4.628     2.153     0.000  308   -1   -1   -1
 235    -4.625     5.785     0.000  111   -1   -1   -1
 236    -4.582    -5.175     0.000  678   -1   -1   -1
 237    -4.578    -3.097     0.000  581   -1   -1   -1
 238    -4.558    -7.085     0.000  795   -1   -1   -1
 239    -4.553     2.537     0.000  283   -1   -1   -1
 240    -4.520    -5.032     0.000  669   -1   -1   -1
 241    -4.505     2.161     0.000  306   -1   -1   -1
 242    -4.491    -5.362     0.000  687   -1   -1   -1
 243    -4.488    -1.284     0.000  485   -1   -1   -1
 244    -4.475     0.591     0.000  386   -1   -1   -1
 245    -4.457    -6.396     0.000  749   -1   -1   -1
 246    -4.446    -6.277     0.000  741   -1   -1   -1
 247    -4.384    -1.391     0.000  495   -1   -1   -1
 248    -4.360     3.523     0.000  235   -1   -1   -1
 249    -4.346    -4.680     0.000  653   -1   -1   -1
 250    -4.297     1.077     0.000  366   -1   -1   -1
 251    -4.271     1.035     0.000  369   -1   -1   -1
 252    -4.211     0.564     0.000  387   -1   -1   -1
 253    -4.180    -4.644     0.000  652   -1   -1   -1
 254    -4.177     7.662     0.000   34   -1   -1   -1
 255    -4.168    -6.771     0.000  779   -1   -1   -1
 256    -4.164    -6.692     0.000  774   -1   -1   -1
 257    -4.148     3.306     0.000  244   -1   -1   -1
 258    -4.142    -4.544     0.000  646   -1   -1   -1
 259    -4.114    -4.326     0.000  633   -1   -1   -1
 260    -4.105     2.610     0.000  279   -1   -1   -1
 261    -4.092    -1.442     0.000  499   -1   -1   -1
 262    -4.052    -4.595     0.000  648   -1   -1   -1
 263    -4.038     2.545     0.000  282   -1   -1   -1
 264    -4.026     1.558     0.000  346   -1   -1   -1
 265    -4.022     5.711     0.000  116   -1   -1   -1
 266    -4.019    -8.250     0.000  859   -1   -1   -1
 267    -3.999    -1.619     0.000  506   -1   -1   -1
 268    -3.994     2.033     0.000  318   -1   -1   -1
 269    -3.957    -7.611     0.000  815   -1   -1   -1
 270    -3.914    -4.248     0.000  627   -1   -1   -1
 271    -3.912     5.206     0.000  146   -1   -1   -1
 272    -3.888     5.319     0.000  137   -1   -1   -1
 273    -3.886    -1.414     0.000  497   -1   -1   -1
 274    -3.873     2.894     0.000  262   -1   -1   -1
 275    -3.834     2.157     0.000  307   -1   -1   -1
 276    -3.806    -7.883     0.000  837   -1   -1   -1
 277    -3.797     4.367     0.000  193   -1   -1   -1
 278    -3.764    -0.529     0.000  437   -1   -1   -1
 279    -3.744     8.257     0.000    8   -1   -1   -1
 280    -3.672    -7.903     0.000  838   -1   -1   -1
 281    -3.665     0.376     0.000  399   -1   -1   -1
 282    -3.629     7.796     0.000   28   -1   -1   -1
 283    -3.603    -1.482     0.000  501   -1   -1   -1
 284    -3.569    -0.269     0.000  426   -1   -1   -1
 285    -3.506     8.148     0.000   13   -1   -1   -1
 286    -3.477     0.637     0.000  383   -1   -1   -1
 287    -3.470     2.978     0.000  260   -1   -1   -1
 288    -3.460    -3.297     0.000  590   -1   -1   -1
 289    -3.447    -4.747     0.000  656   -1   -1   -1
 290    -3.444    -1.621     0.000  507   -1   -1   -1
 291    -3.441     6.370     0.000   88   -1   -1   -1
 292    -3.436     2.170     0.000  305   -1   -1   -1
 293    -3.433     8.393     0.000    0   -1   -1   -1
 294    -3.432    -4.497     0.000  642   -1   -1   -1
 295    -3.425    -6.588     0.000  766   -1   -1   -1
 296    -3.417    -7.710     0.000  827   -1   -1   -1
 297    -3.408     0.465     0.000  392   -1   -1   -1
 298    -3.389     7.828     0.000   25   -1   -1   -1
 299    -3.373    -2.881     0.000  563   -1   -1   -1
 300    -3.321     4.262     0.000  200   -1   -1   -1
 301    -3.318     2.401     0.000  291   -1   -1   -1
 302    -3.313    -8.389     0.000  867   -1   -1   -1
 303    -3.306     5.424     0.000  134   -1   -1   -1
 304    -3.258     6.186     0.000   94   -1   -1   -1
 305    -3.248     1.029     0.000  370   -1   -1   -1
 306    -3.228    -0.273     0.000  427   -1   -1   -1
 307    -3.200     2.198     0.000  303   -1   -1   -1
 308    -3.175    -3.238     0.000  586   -1   -1   -1
 309    -3.166    -6.504     0.000  757   -1   -1   -1
 310    -3.061     7.920     0.000   22   -1   -1   -1
 311    -3.033     2.046     0.000  317   -1   -1   -1
 312    -3.021    -2.166     0.000  532   -1   -1   -1
 313    -3.011     3.068     0.000  254   -1   -1   -1
 314    -3.006    -5.172     0.000  677   -1   -1   -1
 315    -3.002    -0.908     0.000  462   -1   -1   -1
 316    -2.992    -1.207     0.000  481   -1   -1   -1
 317    -2.957    -2.937     0.000  569   -1   -1   -1
 318    -2.934    -1.210     0.000  482   -1   -1   -1
 319    -2.913     0.788     0.000  375   -1   -1   -1
 320    -2.901    -0.686     0.000  450   -1   -1   -1
 321    -2.887    -6.966     0.000  790   -1   -1   -1
 322    -2.859     4.332     0.000  197   -1   -1   -1
 323    -2.846    -4.773     0.000  659   -1   -1   -1
 324    -2.844     1.407     0.000  351   -1   -1   -1
 325    -2.841    -0.577     0.000  441   -1   -1   -1
 326    -2.835    -1.333     0.000  490   -1   -1   -1
 327    -2.830    -7.658     0.000  823   -1   -1   -1
 328    -2.784    -3.239     0.000  587   -1   -1   -1
 329    -2.761     8.044     0.000   17   -1   -1   -1
 330    -2.756     1.515     0.000  348   -1   -1   -1
 331    -2.751    -3.534     0.000  601   -1   -1   -1
 332    -2.743     7.671     0.000   33   -1   -1   -1
 333    -2.742     5.704     0.000  117   -1   -1   -1
 334    -2.717     6.665     0.000   76   -1   -1   -1
 335    -2.715     6.307     0.000   90   -1   -1   -1
 336    -2.697    -6.849     0.000  783   -1   -1   -1
 337    -2.693     8.137     0.000   14   -1   -1   -1
 338    -2.685     7.086     0.000   59   -1   -1   -1
 339    -2.655     3.312     0.000  243   -1   -1   -1
 340    -2.649     7.825     0.000   26   -1   -1   -1
 341    -2.632    -5.473     0.000  695   -1   -1   -1
 342    -2.620    -6.965     0.000  789   -1   -1   -1
 343    -2.617    -8.247     0.000  857   -1   -1   -1
 344    -2.605     6.402     0.000   86   -1   -1   -1
 345    -2.570    -6.658     0.000  772   -1   -1   -1
 346    -2.565    -1.233     0.000  483   -1   -1   -1
 347    -2.565     0.606     0.000  385   -1   -1   -1
 348    -2.553    -2.956     0.000  571   -1   -1   -1
 349    -2.545     1.372     0.000  353   -1   -1   -1
 350    -2.517    -5.247     0.000  683   -1   -1   -1
 351    -2.512    -3.316     0.000  593   -1   -1   -1
 352    -2.480     2.306     0.000  298   -1   -1   -1
 353    -2.358    -3.242     0.000  588   -1   -1   -1
 354    -2.314    -6.263     0.000  739   -1   -1   -1
 355    -2.287    -4.088     0.000  622   -1   -1   -1
 356    -2.262     5.800     0.000  110   -1   -1   -1
 357    -2.217    -5.398     0.000  689   -1   -1   -1
 358    -2.198     5.171     0.000  147   -1   -1   -1
 359    -2.167     0.425     0.000  396   -1   -1   -1
 360    -2.153    -1.375     0.000  494   -1   -1   -1
 361    -2.146    -0.307     0.000  428   -1   -1   -1
 362    -2.145    -6.054     0.000  730   -1   -1   -1
 363    -2.114    -3.936     0.000  615   -1   -1   -1
 364    -2.108     5.514     0.000  128   -1   -1   -1
 365    -2.082     4.342     0.000  195   -1   -1   -1
 366    -2.062     7.899     0.000   24   -1   -1   -1
 367    -2.055     5.917     0.000  103   -1   -1   -1
 368    -2.001    -1.791     0.000  520   -1   -1   -1
 369    -1.983    -2.240     0.000  534   -1   -1   -1
 370    -1.979     0.807     0.000  374   -1   -1   -1
 371    -1.952     5.573     0.000  124   -1   -1   -1
 372    -1.924    -4.320     0.000  630   -1   -1   -1
 373    -1.881     5.834     0.000  107   -1   -1   -1
 374    -1.857    -5.649     0.000  700   -1   -1   -1
 375    -1.820     0.485     0.000  391   -1   -1   -1
 376    -1.805     1.987     0.000  324   -1   -1   -1
 377    -1.759     1.035     0.000  368   -1   -1   -1
 378    -1.744     5.517     0.000  126   -1   -1   -1
 379    -1.737     2.332     0.000  295   -1   -1   -1
 380    -1.707    -3.799     0.000  609   -1   -1   -1
 381    -1.703    -1.755     0.000  515   -1   -1   -1
 382    -1.693    -0.990     0.000  467   -1   -1   -1
 383    -1.690    -4.543     0.000  645   -1   -1   -1
 384    -1.675     5.829     0.000  108   -1   -1   -1
 385    -1.543     3.854     0.000  219   -1   -1   -1
 386    -1.513    -1.102     0.000  473   -1   -1   -1
 387    -1.487    -7.294     0.000  802   -1   -1   -1
 388    -1.473    -6.350     0.000  747   -1   -1   -1
 389    -1.454    -2.880     0.000  562   -1   -1   -1
 390    -1.447     1.762     0.000  333   -1   -1   -1
 391    -1.404    -3.735     0.000  607   -1   -1   -1
 392    -1.328     1.452     0.000  350   -1   -1   -1
 393    -1.316     1.864     0.000  329   -1   -1   -1
 394    -1.190    -1.135     0.000  477   -1   -1   -1
 395    -1.136     1.501     0.000  349   -1   -1   -1
 396    -0.955    -2.341     0.000  536   -1   -1   -1
 397    -0.945    -2.746     0.000  553   -1   -1   -1
 398    -0.933    -1.365     0.000  493   -1   -1   -1
 399    -0.932     5.128     0.000  148   -1   -1   -1
 400    -0.873    -6.586     0.000  765   -1   -1   -1
 401    -0.814    -5.739     0.000  704   -1   -1   -1
 402    -0.783    -7.658     0.000  822   -1   -1   -1
 403    -0.773     6.239     0.000   92   -1   -1   -1
 404    -0.726    -5.905     0.000  720   -1   -1   -1
 405    -0.718    -2.272     0.000  535   -1   -1   -1
 406    -0.683     5.625     0.000  122   -1   -1   -1
 407    -0.671    -2.751     0.000  554   -1   -1   -1
 408    -0.652     1.718     0.000  336   -1   -1   -1
 409    -0.605    -1.719     0.000  514   -1   -1   -1
 410    -0.559    -4.865     0.000  661   -1   -1   -1
 411    -0.483     6.323     0.000   89   -1   -1   -1
 412    -0.477    -2.758     0.000  555   -1   -1   -1
 413    -0.334     0.986     0.000  371   -1   -1   -1
 414    -0.228    -2.943     0.000  570   -1   -1   -1
 415    -0.198     1.995     0.000  323   -1   -1   -1
 416    -0.170     5.074     0.000  154   -1   -1   -1
 417    -0.159    -3.944     0.000  616   -1   -1   -1
 418    -0.151    -8.323     0.000  862   -1   -1   -1
 419    -0.068     0.776     0.000  376   -1   -1   -1
 420    -0.059    -6.272     0.000  740   -1   -1   -1
 421    -0.038     2.567     0.000  281   -1   -1   -1
 422    -0.015    -1.923     0.000  526   -1   -1   -1
 423     0.013    -1.634     0.000  508   -1   -1   -1
 424     0.371    -6.975     0.000  791   -1   -1   -1
 425     0.405    -6.414     0.000  750   -1   -1   -1
 426     0.461    -7.809     0.000  833   -1   -1   -1
 427     0.567    -1.654     0.000  511   -1   -1   -1
 428     0.605     7.555     0.000   42   -1   -1   -1
 429     0.625     4.382     0.000  192   -1   -1   -1
 430     0.667    -6.515     0.000  760   -1   -1   -1
 431     0.676     7.630     0.000   36   -1   -1   -1
 432     0.695    -1.999     0.000  528   -1   -1   -1
 433     0.697     4.207     0.000  202   -1   -1   -1
 434     0.752    -7.615     0.000  817   -1   -1   -1
 435     0.805    -3.530     0.000  600   -1   -1   -1
 436     0.882    -1.576     0.000  504   -1   -1   -1
 437     0.913     8.206     0.000   11   -1   -1   -1
 438     0.919     6.824     0.000   70   -1   -1   -1
 439     0.947     1.328     0.000  357   -1   -1   -1
 440     0.951     1.585     0.000  343   -1   -1   -1
 441     0.967     0.760     0.000  377   -1   -1   -1
 442     1.018     4.734     0.000  177   -1   -1   -1
 443     1.067    -1.668     0.000  512   -1   -1   -1
 444     1.093     4.841     0.000  168   -1   -1   -1
 445     1.140    -5.467     0.000  694   -1   -1   -1
 446     1.142    -6.326     0.000  743   -1   -1   -1
 447     1.144     7.987     0.000   21   -1   -1   -1
 448     1.170     6.890     0.000   67   -1   -1   -1
 449     1.197     4.064     0.000  207   -1   -1   -1
 450     1.197    -7.641     0.000  819   -1   -1   -1
 451     1.214    -7.341     0.000  807   -1   -1   -1
 452     1.215     3.902     0.000  214   -1   -1   -1
 453     1.236     5.591     0.000  123   -1   -1   -1
 454     1.279    -0.331     0.000  429   -1   -1   -1
 455     1.308    -0.104     0.000  420   -1   -1   -1
 456     1.312    -3.654     0.000  604   -1   -1   -1
 457     1.325    -7.189     0.000  798   -1   -1   -1
 458     1.339     7.679     0.000   32   -1   -1   -1
 459     1.343    -2.551     0.000  546   -1   -1   -1
 460     1.344     3.472     0.000  237   -1   -1   -1
 461     1.388     1.727     0.000  335   -1   -1   -1
 462     1.402     5.769     0.000  113   -1   -1   -1
 463     1.407     7.289     0.000   49   -1   -1   -1
 464     1.430    -4.443     0.000  640   -1   -1   -1
 465     1.449     2.400     0.000  292   -1   -1   -1
 466     1.494    -5.602     0.000  698   -1   -1   -1
 467     1.508    -1.332     0.000  489   -1   -1   -1
 468     1.526    -6.630     0.000  771   -1   -1   -1
 469     1.541    -0.912     0.000  463   -1   -1   -1
 470     1.559    -7.709     0.000  825   -1   -1   -1
 471     1.560    -3.858     0.000  613   -1   -1   -1
 472     1.627     3.689     0.000  224   -1   -1   -1
 473     1.635     5.912     0.000  104   -1   -1   -1
 474     1.647    -6.710     0.000  775   -1   -1   -1
 475     1.651    -7.665     0.000  824   -1   -1   -1
 476     1.679    -5.790     0.000  708   -1   -1   -1
 477     1.682     4.804     0.000  172   -1   -1   -1
 478     1.714     0.083     0.000  409   -1   -1   -1
 479     1.723     8.326     0.000    4   -1   -1   -1
 480     1.742     2.462     0.000  288   -1   -1   -1
 481     1.746    -6.225     0.000  737   -1   -1   -1
 482     1.751     2.673     0.000  271   -1   -1   -1
 483     1.782    -5.546     0.000  697   -1   -1   -1
 484     1.796     5.483     0.000  130   -1   -1   -1
 485     1.800    -5.147     0.000  676   -1   -1   -1
 486     1.828    -3.261     0.000  589   -1   -1   -1
 487     1.861    -5.980     0.000  724   -1   -1   -1
 488     1.876    -7.176     0.000  797   -1   -1   -1
 489     1.894    -0.630     0.000  445   -1   -1   -1
 490     1.917    -6.869     0.000  786   -1   -1   -1
 491     1.922     7.096     0.000   58   -1   -1   -1
 492     1.925    -0.360     0.000  431   -1   -1   -1
 493     1.941    -3.810     0.000  611   -1   -1   -1
 494     1.975     3.664     0.000  225   -1   -1   -1
 495     1.980    -8.159     0.000  850   -1   -1   -1
 496     1.987    -5.814     0.000  714   -1   -1   -1
 497     1.993     1.863     0.000  330   -1   -1   -1
 498     2.005    -2.847     0.000  560   -1   -1   -1
 499     2.047     5.994     0.000  102   -1   -1   -1
 500     2.055     3.277     0.000  245   -1   -1   -1
 501     2.063    -7.458     0.000  810   -1   -1   -1
 502     2.078     5.643     0.000  120   -1   -1   -1
 503     2.080     7.217     0.000   54   -1   -1   -1
 504     2.083    -1.202     0.000  479   -1   -1   -1
 505     2.120     0.270     0.000  403   -1   -1   -1
 506     2.126    -3.027     0.000  574   -1   -1   -1
 507     2.183    -6.976     0.000  792   -1   -1   -1
 508     2.244     5.005     0.000  156   -1   -1   -1
 509     2.251     8.320     0.000    5   -1   -1   -1
 510     2.254     4.175     0.000  204   -1   -1   -1
 511     2.269     5.717     0.000  115   -1   -1   -1
 512     2.272    -4.996     0.000  668   -1   -1   -1
 513     2.315     4.049     0.000  209   -1   -1   -1
 514     2.318     6.175     0.000   95   -1   -1   -1
 515     2.322     5.455     0.000  132   -1   -1   -1
 516     2.322    -5.885     0.000  717   -1   -1   -1
 517     2.326    -8.380     0.000  866   -1   -1   -1
 518     2.357    -5.422     0.000  692   -1   -1   -1
 519     2.384    -3.991     0.000  618   -1   -1   -1
 520     2.401     7.621     0.000   37   -1   -1   -1
 521     2.404     5.447     0.000  133   -1   -1   -1
 522     2.433    -7.279     0.000  801   -1   -1   -1
 523     2.435     4.940     0.000  161   -1   -1   -1
 524     2.453     0.424     0.000  397   -1   -1   -1
 525     2.472     2.786     0.000  268   -1   -1   -1
 526     2.549     3.520     0.000  236   -1   -1   -1
 527     2.552     6.686     0.000   75   -1   -1   -1
 528     2.554    -4.462     0.000  641   -1   -1   -1
 529     2.556    -3.780     0.000  608   -1   -1   -1
 530     2.579     3.629     0.000  228   -1   -1   -1
 531     2.597    -2.412     0.000  541   -1   -1   -1
 532     2.606    -3.708     0.000  606   -1   -1   -1
 533     2.673     1.224     0.000  361   -1   -1   -1
 534     2.683     5.523     0.000  125   -1   -1   -1
 535     2.726     2.250     0.000  300   -1   -1   -1
 536     2.730    -5.900     0.000  719   -1   -1   -1
 537     2.758    -6.438     0.000  751   -1   -1   -1
 538     2.788     2.091     0.000  310   -1   -1   -1
 539     2.792    -0.111     0.000  421   -1   -1   -1
 540     2.804     7.719     0.000   30   -1   -1   -1
 541     2.807     4.857     0.000  167   -1   -1   -1
 542     2.870    -1.801     0.000  521   -1   -1   -1
 543     2.881    -2.862     0.000  561   -1   -1   -1
 544     2.887    -7.205     0.000  800   -1   -1   -1
 545     2.899     4.193     0.000  203   -1   -1   -1
 546     2.916     5.850     0.000  105   -1   -1   -1
 547     2.939    -0.995     0.000  468   -1   -1   -1
 548     2.945     2.006     0.000  320   -1   -1   -1
 549     2.945    -1.549     0.000  503   -1   -1   -1
 550     2.971     5.515     0.000  127   -1   -1   -1
 551     3.008     2.889     0.000  263   -1   -1   -1
 552     3.084    -2.816     0.000  558   -1   -1   -1
 553     3.104    -5.232     0.000  681   -1   -1   -1
 554     3.116     6.098     0.000   97   -1   -1   -1
 555     3.128    -7.749     0.000  829   -1   -1   -1
 556     3.143     2.651     0.000  275   -1   -1   -1
 557     3.148     6.023     0.000  101   -1   -1   -1
 558     3.166    -0.768     0.000  455   -1   -1   -1
 559     3.177    -1.322     0.000  488   -1   -1   -1
 560     3.196     8.266     0.000    7   -1   -1   -1
 561     3.212     0.842     0.000  372   -1   -1   -1
 562     3.223     3.003     0.000  258   -1   -1   -1
 563     3.275    -2.838     0.000  559   -1   -1   -1
 564     3.286    -5.130     0.000  675   -1   -1   -1
 565     3.293    -0.997     0.000  469   -1   -1   -1
 566     3.293     2.888     0.000  264   -1   -1   -1
 567     3.316    -2.342     0.000  537   -1   -1   -1
 568     3.347    -8.251     0.000  860   -1   -1   -1
 569     3.359    -5.833     0.000  715   -1   -1   -1
 570     3.363    -6.492     0.000  755   -1   -1   -1
 571     3.365    -7.295     0.000  803   -1   -1   -1
 572     3.375    -4.024     0.000  620   -1   -1   -1
 573     3.382     6.641     0.000   78   -1   -1   -1
 574     3.444     4.361     0.000  194   -1   -1   -1
 575     3.450     5.838     0.000  106   -1   -1   -1
 576     3.452     5.261     0.000  140   -1   -1   -1
 577     3.488    -0.513     0.000  436   -1   -1   -1
 578     3.496    -3.018     0.000  573   -1   -1   -1
 579     3.515     2.597     0.000  280   -1   -1   -1
 580     3.525    -3.438     0.000  597   -1   -1   -1
 581     3.525    -6.381     0.000  748   -1   -1   -1
 582     3.532    -5.652     0.000  701   -1   -1   -1
 583     3.569     5.023     0.000  155   -1   -1   -1
 584     3.573    -0.050     0.000  417   -1   -1   -1
 585     3.609    -2.587     0.000  547   -1   -1   -1
 586     3.609    -1.961     0.000  527   -1   -1   -1
 587     3.620     4.048     0.000  210   -1   -1   -1
 588     3.634    -3.421     0.000  596   -1   -1   -1
 589     3.640     1.122     0.000  363   -1   -1   -1
 590     3.643    -1.113     0.000  475   -1   -1   -1
 591     3.658     7.904     0.000   23   -1   -1   -1
 592     3.668    -2.915     0.000  567   -1   -1   -1
 593     3.669    -0.784     0.000  456   -1   -1   -1
 594     3.712    -0.603     0.000  442   -1   -1   -1
 595     3.744     7.707     0.000   31   -1   -1   -1
 596     3.759    -2.777     0.000  556   -1   -1   -1
 597     3.763    -7.554     0.000  814   -1   -1   -1
 598     3.778    -1.356     0.000  491   -1   -1   -1
 599     3.783    -7.627     0.000  818   -1   -1   -1
 600     3.788     4.938     0.000  162   -1   -1   -1
 601     3.788    -6.507     0.000  758   -1   -1   -1
 602     3.800    -5.691     0.000  702   -1   -1   -1
 603     3.803     5.252     0.000  141   -1   -1   -1
 604     3.870    -1.875     0.000  523   -1   -1   -1
 605     3.900     2.991     0.000  259   -1   -1   -1
 606     3.946     3.117     0.000  252   -1   -1   -1
 607     3.972    -7.785     0.000  831   -1   -1   -1
 608     3.997    -0.535     0.000  438   -1   -1   -1
 609     3.998     8.106     0.000   15   -1   -1   -1
 610     4.008     4.918     0.000  163   -1   -1   -1
 611     4.018     0.613     0.000  384   -1   -1   -1
 612     4.022    -1.125     0.000  476   -1   -1   -1
 613     4.051    -7.300     0.000  804   -1   -1   -1
 614     4.090    -6.001     0.000  726   -1   -1   -1
 615     4.090    -7.964     0.000  842   -1   -1   -1
 616     4.099    -1.092     0.000  471   -1   -1   -1
 617     4.135    -8.355     0.000  863   -1   -1   -1
 618     4.181     2.329     0.000  296   -1   -1   -1
 619     4.186    -4.322     0.000  631   -1   -1   -1
 620     4.195    -5.991     0.000  725   -1   -1   -1
 621     4.199    -7.941     0.000  841   -1   -1   -1
 622     4.204     2.200     0.000  302   -1   -1   -1
 623     4.213    -5.894     0.000  718   -1   -1   -1
 624     4.217    -2.229     0.000  533   -1   -1   -1
 625     4.218     4.729     0.000  178   -1   -1   -1
 626     4.237    -2.018     0.000  529   -1   -1   -1
 627     4.265    -7.983     0.000  843   -1   -1   -1
 628     4.268    -6.771     0.000  780   -1   -1   -1
 629     4.270    -4.062     0.000  621   -1   -1   -1
 630     4.276    -6.521     0.000  762   -1   -1   -1
 631     4.281    -4.389     0.000  639   -1   -1   -1
 632     4.289    -1.785     0.000  518   -1   -1   -1
 633     4.302     8.342     0.000    2   -1   -1   -1
 634     4.353     2.189     0.000  304   -1   -1   -1
 635     4.356    -1.587     0.000  505   -1   -1   -1
 636     4.365    -8.145     0.000  849   -1   -1   -1
 637     4.398     4.652     0.000  182   -1   -1   -1
 638     4.407     7.798     0.000   27   -1   -1   -1
 639     4.449     3.015     0.000  257   -1   -1   -1
 640     4.449    -0.970     0.000  465   -1   -1   -1
 641     4.460     8.021     0.000   18   -1   -1   -1
 642     4.463     4.822     0.000  169   -1   -1   -1
 643     4.474    -7.044     0.000  793   -1   -1   -1
 644     4.487     6.370     0.000   87   -1   -1   -1
 645     4.515     0.685     0.000  380   -1   -1   -1
 646     4.535     8.011     0.000   19   -1   -1   -1
 647     4.537     0.550     0.000  389   -1   -1   -1
 648     4.563     6.429     0.000   85   -1   -1   -1
 649     4.577     1.878     0.000  328   -1   -1   -1
 650     4.583     3.334     0.000  241   -1   -1   -1
 651     4.585     2.667     0.000  273   -1   -1   -1
 652     4.585    -1.454     0.000  500   -1   -1   -1
 653     4.600     0.074     0.000  410   -1   -1   -1
 654     4.601    -7.350     0.000  808   -1   -1   -1
 655     4.627     2.611     0.000  278   -1   -1   -1
 656     4.632     2.854     0.000  266   -1   -1   -1
 657     4.644    -2.668     0.000  550   -1   -1   -1
 658     4.675    -5.188     0.000  679   -1   -1   -1
 659     4.695    -3.173     0.000  584   -1   -1   -1
 660     4.745     3.059     0.000  256   -1   -1   -1
 661     4.758     8.332     0.000    3   -1   -1   -1
 662     4.772    -3.671     0.000  605   -1   -1   -1
 663     4.808    -7.508     0.000  812   -1   -1   -1
 664     4.900     5.118     0.000  151   -1   -1   -1
 665     4.915     3.610     0.000  229   -1   -1   -1
 666     4.916     5.243     0.000  143   -1   -1   -1
 667     4.918    -5.216     0.000  680   -1   -1   -1
 668     4.920     1.081     0.000  365   -1   -1   -1
 669     4.938     1.528     0.000  347   -1   -1   -1
 670     4.964    -2.811     0.000  557   -1   -1   -1
 671     4.972    -7.710     0.000  826   -1   -1   -1
 672     4.976    -4.897     0.000  664   -1   -1   -1
 673     4.996    -3.449     0.000  598   -1   -1   -1
 674     5.001    -6.508     0.000  759   -1   -1   -1
 675     5.014    -8.226     0.000  855   -1   -1   -1
 676     5.029     8.096     0.000   16   -1   -1   -1
 677     5.033    -5.909     0.000  721   -1   -1   -1
 678     5.043    -5.754     0.000  706   -1   -1   -1
 679     5.053    -2.914     0.000  566   -1   -1   -1
 680     5.061    -2.633     0.000  549   -1   -1   -1
 681     5.071     2.020     0.000  319   -1   -1   -1
 682     5.074     7.208     0.000   55   -1   -1   -1
 683     5.080     6.928     0.000   65   -1   -1   -1
 684     5.157    -5.794     0.000  709   -1   -1   -1
 685     5.188     6.435     0.000   84   -1   -1   -1
 686     5.191     6.842     0.000   69   -1   -1   -1
 687     5.219    -7.867     0.000  835   -1   -1   -1
 688     5.230     1.594     0.000  342   -1   -1   -1
 689     5.235    -3.036     0.000  578   -1   -1   -1
 690     5.263     7.075     0.000   60   -1   -1   -1
 691     5.295     2.415     0.000  290   -1   -1   -1
 692     5.354     5.819     0.000  109   -1   -1   -1
 693     5.379    -7.642     0.000  820   -1   -1   -1
 694     5.380    -2.890     0.000  565   -1   -1   -1
 695     5.397     2.805     0.000  267   -1   -1   -1
 696     5.396    -7.786     0.000  832   -1   -1   -1
 697     5.429     2.002     0.000  321   -1   -1   -1
 698     5.451     6.053     0.000   99   -1   -1   -1
 699     5.455     1.394     0.000  352   -1   -1   -1
 700     5.481    -7.905     0.000  839   -1   -1   -1
 701     5.495    -6.620     0.000  770   -1   -1   -1
 702     5.496    -5.106     0.000  672   -1   -1   -1
 703     5.521     2.058     0.000  315   -1   -1   -1
 704     5.534     4.495     0.000  187   -1   -1   -1
 705     5.576     0.050     0.000  412   -1   -1   -1
 706     5.586    -8.202     0.000  853   -1   -1   -1
 707     5.611     6.978     0.000   63   -1   -1   -1
 708     5.632     3.940     0.000  213   -1   -1   -1
 709     5.646    -0.638     0.000  446   -1   -1   -1
 710     5.669    -3.157     0.000  583   -1   -1   -1
 711     5.671    -5.804     0.000  711   -1   -1   -1
 712     5.691    -5.460     0.000  693   -1   -1   -1
 713     5.724     4.610     0.000  184   -1   -1   -1
 714     5.769    -2.438     0.000  542   -1   -1   -1
 715     5.799    -0.984     0.000  466   -1   -1   -1
 716     5.802     1.775     0.000  331   -1   -1   -1
 717     5.837    -8.012     0.000  845   -1   -1   -1
 718     5.868     1.996     0.000  322   -1   -1   -1
 719     5.871    -8.372     0.000  865   -1   -1   -1
 720     5.873    -0.747     0.000  453   -1   -1   -1
 721     5.873     5.077     0.000  153   -1   -1   -1
 722     5.879    -6.349     0.000  746   -1   -1   -1
 723     5.888    -6.454     0.000  753   -1   -1   -1
 724     5.891    -7.333     0.000  806   -1   -1   -1
 725     5.944    -4.134     0.000  624   -1   -1   -1
 726     5.960     2.742     0.000  269   -1   -1   -1
 727     5.965    -5.283     0.000  684   -1   -1   -1
 728     5.980     3.578     0.000  230   -1   -1   -1
 729     5.994    -6.137     0.000  731   -1   -1   -1
 730     5.995     0.231     0.000  404   -1   -1   -1
 731     5.996    -4.324     0.000  632   -1   -1   -1
 732     6.011    -1.709     0.000  513   -1   -1   -1
 733     6.018     4.653     0.000  181   -1   -1   -1
 734     6.024    -3.037     0.000  579   -1   -1   -1
 735     6.035    -0.465     0.000  433   -1   -1   -1
 736     6.131     1.717     0.000  337   -1   -1   -1
 737     6.169    -6.613     0.000  768   -1   -1   -1
 738     6.173     3.877     0.000  215   -1   -1   -1
 739     6.176    -4.209     0.000  625   -1   -1   -1
 740     6.188     3.206     0.000  248   -1   -1   -1
 741     6.193     0.298     0.000  401   -1   -1   -1
 742     6.233    -6.468     0.000  754   -1   -1   -1
 743     6.254     7.277     0.000   51   -1   -1   -1
 744     6.268    -2.122     0.000  530   -1   -1   -1
 745     6.282    -2.920     0.000  568   -1   -1   -1
 746     6.299    -6.518     0.000  761   -1   -1   -1
 747     6.350     2.378     0.000  294   -1   -1   -1
 748     6.374    -4.254     0.000  628   -1   -1   -1
 749     6.382     7.028     0.000   62   -1   -1   -1
 750     6.435    -4.870     0.000  662   -1   -1   -1
 751     6.475    -5.942     0.000  722   -1   -1   -1
 752     6.479     4.119     0.000  205   -1   -1   -1
 753     6.493     5.506     0.000  129   -1   -1   -1
 754     6.514     6.914     0.000   66   -1   -1   -1
 755     6.531     4.681     0.000  180   -1   -1   -1
 756     6.535    -1.299     0.000  487   -1   -1   -1
 757     6.562     2.143     0.000  309   -1   -1   -1
 758     6.562    -6.038     0.000  729   -1   -1   -1
 759     6.564    -1.271     0.000  484   -1   -1   -1
 760     6.566     0.212     0.000  405   -1   -1   -1
 761     6.600    -0.569     0.000  440   -1   -1   -1
 762     6.605     2.887     0.000  265   -1   -1   -1
 763     6.615    -5.121     0.000  674   -1   -1   -1
 764     6.630    -5.309     0.000  685   -1   -1   -1
 765     6.655    -6.197     0.000  734   -1   -1   -1
 766     6.657     5.653     0.000  119   -1   -1   -1
 767     6.671    -5.490     0.000  696   -1   -1   -1
 768     6.701     6.598     0.000   80   -1   -1   -1
 769     6.702     0.449     0.000  393   -1   -1   -1
 770     6.717     3.201     0.000  249   -1   -1   -1
 771     6.722    -1.871     0.000  522   -1   -1   -1
 772     6.740     3.316     0.000  242   -1   -1   -1
 773     6.741     2.072     0.000  312   -1   -1   -1
 774     6.751    -6.032     0.000  728   -1   -1   -1
 775     6.769    -0.557     0.000  439   -1   -1   -1
 776     6.793    -0.759     0.000  454   -1   -1   -1
 777     6.834     5.237     0.000  145   -1   -1   -1
 778     6.871     3.637     0.000  226   -1   -1   -1
 779     6.881    -4.913     0.000  666   -1   -1   -1
 780     6.884    -5.033     0.000  670   -1   -1   -1
 781     6.895    -0.898     0.000  461   -1   -1   -1
 782     6.896    -2.630     0.000  548   -1   -1   -1
 783     6.906    -0.070     0.000  418   -1   -1   -1
 784     6.918     6.189     0.000   93   -1   -1   -1
 785     6.933    -0.673     0.000  447   -1   -1   -1
 786     6.952     0.449     0.000  394   -1   -1   -1
 787     6.994    -5.772     0.000  707   -1   -1   -1
 788     6.995    -6.579     0.000  764   -1   -1   -1
 789     6.995    -8.420     0.000  870   -1   -1   -1
 790     6.998     3.432     0.000  238   -1   -1   -1
 791     7.000     6.637     0.000   79   -1   -1   -1
 792     7.004     2.047     0.000  316   -1   -1   -1
 793     7.031     2.067     0.000  313   -1   -1   -1
 794     7.037    -4.017     0.000  619   -1   -1   -1
 795     7.039    -5.974     0.000  723   -1   -1   -1
 796     7.059    -8.309     0.000  861   -1   -1   -1
 797     7.066    -0.178     0.000  425   -1   -1   -1
 798     7.128    -6.144     0.000  732   -1   -1   -1
 799     7.128     7.556     0.000   41   -1   -1   -1
 800     7.160     6.550     0.000   82   -1   -1   -1
 801     7.188     0.211     0.000  406   -1   -1   -1
 802     7.190    -3.954     0.000  617   -1   -1   -1
 803     7.239     4.999     0.000  158   -1   -1   -1
 804     7.239    -4.381     0.000  637   -1   -1   -1
 805     7.242     4.384     0.000  191   -1   -1   -1
 806     7.265     6.753     0.000   73   -1   -1   -1
 807     7.269    -7.191     0.000  799   -1   -1   -1
 808     7.281     4.320     0.000  198   -1   -1   -1
 809     7.295     5.640     0.000  121   -1   -1   -1
 810     7.296    -0.135     0.000  422   -1   -1   -1
 811     7.346    -8.015     0.000  846   -1   -1   -1
 812     7.348     3.559     0.000  232   -1   -1   -1
 813     7.399     2.081     0.000  311   -1   -1   -1
 814     7.431    -5.724     0.000  703   -1   -1   -1
 815     7.454     4.783     0.000  174   -1   -1   -1
 816     7.472     5.277     0.000  138   -1   -1   -1
 817     7.485     4.801     0.000  173   -1   -1   -1
 818     7.485     4.437     0.000  188   -1   -1   -1
 819     7.502    -8.392     0.000  869   -1   -1   -1
 820     7.507     4.595     0.000  185   -1   -1   -1
 821     7.508    -2.888     0.000  564   -1   -1   -1
 822     7.539    -1.531     0.000  502   -1   -1   -1
 823     7.561     1.278     0.000  359   -1   -1   -1
 824     7.585     4.768     0.000  175   -1   -1   -1
 825     7.594     1.763     0.000  332   -1   -1   -1
 826     7.617     2.292     0.000  299   -1   -1   -1
 827     7.675    -8.179     0.000  851   -1   -1   -1
 828     7.696     7.757     0.000   29   -1   -1   -1
 829     7.702    -7.874     0.000  836   -1   -1   -1
 830     7.736    -2.971     0.000  572   -1   -1   -1
 831     7.750     8.266     0.000    6   -1   -1   -1
 832     7.779     1.643     0.000  339   -1   -1   -1
 833     7.788    -7.062     0.000  794   -1   -1   -1
 834     7.816    -0.844     0.000  458   -1   -1   -1
 835     7.821     6.741     0.000   74   -1   -1   -1
 836     7.882    -4.989     0.000  667   -1   -1   -1
 837     7.975    -0.716     0.000  452   -1   -1   -1
 838     7.978    -6.768     0.000  778   -1   -1   -1
 839     7.981    -0.422     0.000  432   -1   -1   -1
 840     7.984    -6.846     0.000  782   -1   -1   -1
 841     7.994    -1.181     0.000  478   -1   -1   -1
 842     8.001    -5.622     0.000  699   -1   -1   -1
 843     8.005     1.035     0.000  367   -1   -1   -1
 844     8.050    -0.619     0.000  444   -1   -1   -1
 845     8.059     4.397     0.000  190   -1   -1   -1
 846     8.074    -1.103     0.000  474   -1   -1   -1
 847     8.074     3.176     0.000  250   -1   -1   -1
 848     8.085     3.144     0.000  251   -1   -1   -1
 849     8.102    -4.753     0.000  657   -1   -1   -1
 850     8.122    -4.518     0.000  644   -1   -1   -1
 851     8.157     2.515     0.000  284   -1   -1   -1
 852     8.165     4.624     0.000  183   -1   -1   -1
 853     8.169     3.247     0.000  247   -1   -1   -1
 854     8.192    -6.298     0.000  742   -1   -1   -1
 855     8.204     4.805     0.000  171   -1   -1   -1
 856     8.238    -3.387     0.000  595   -1   -1   -1
 857     8.240    -6.019     0.000  727   -1   -1   -1
 858     8.241     7.273     0.000   52   -1   -1   -1
 859     8.281    -1.882     0.000  525   -1   -1   -1
 860     8.282    -7.324     0.000  805   -1   -1   -1
 861     8.305     5.277     0.000  139   -1   -1   -1
 862     8.314    -4.380     0.000  636   -1   -1   -1
 863     8.324     7.045     0.000   61   -1   -1   -1
 864     8.327     1.352     0.000  356   -1   -1   -1
 865     8.349     8.199     0.000   12   -1   -1   -1
 866     8.354     7.594     0.000   40   -1   -1   -1
 867     8.376    -8.210     0.000  854   -1   -1   -1
 868     8.381     0.682     0.000  381   -1   -1   -1
 869     8.381    -0.153     0.000  423   -1   -1   -1
 870     8.414     1.107     0.000  364   -1   -1   -1
 871     8.422    -2.467     0.000  543   -1   -1   -1
