848
   1    -8.437    -5.361     0.000  667   -1   -1   -1
   2    -8.412     7.531     0.000   35   -1   -1   -1
   3    -8.388    -3.335     0.000  554   -1   -1   -1
   4    -8.382    -6.921     0.000  773   -1   -1   -1
   5    -8.357    -4.662     0.000  620   -1   -1   -1
   6    -8.353    -8.183     0.000  836   -1   -1   -1
   7    -8.318     1.199     0.000  340   -1   -1   -1
   8    -8.316     0.528     0.000  376   -1   -1   -1
   9    -8.304    -1.820     0.000  490   -1   -1   -1
  10    -8.284     6.845     0.000   62   -1   -1   -1
  11    -8.243     4.222     0.000  188   -1   -1   -1
  12    -8.240    -8.275     0.000  840   -1   -1   -1
  13    -8.214     1.536     0.000  319   -1   -1   -1
  14    -8.208    -7.958     0.000  827   -1   -1   -1
  15    -8.196    -3.067     0.000  544   -1   -1   -1
  16    -8.181     4.411     0.000  178   -1   -1   -1
  17    -8.140     6.480     0.000   76   -1   -1   -1
  18    -8.135    -2.536     0.000  518   -1   -1   -1
  19    -8.127     2.613     0.000  265   -1   -1   -1
  20    -8.091     1.342     0.000  328   -1   -1   -1
  21    -8.053     2.232     0.000  285   -1   -1   -1
  22    -8.037    -7.437     0.000  791   -1   -1   -1
  23    -8.016    -6.289     0.000  730   -1   -1   -1
  24    -8.007     6.562     0.000   72   -1   -1   -1
  25    -7.998    -3.852     0.000  572   -1   -1   -1
  26    -7.954     5.648     0.000  107   -1   -1   -1
  27    -7.942    -0.973     0.000  455   -1   -1   -1
  28    -7.916    -0.195     0.000  415   -1   -1   -1
  29    -7.916     0.811     0.000  354   -1   -1   -1
  30    -7.861     4.080     0.000  191   -1   -1   -1
  31    -7.857    -6.146     0.000  720   -1   -1   -1
  32    -7.835     7.174     0.000   50   -1   -1   -1
  33    -7.835     3.857     0.000  197   -1   -1   -1
  34    -7.825    -4.879     0.000  631   -1   -1   -1
  35    -7.810    -6.202     0.000  724   -1   -1   -1
  36    -7.810     2.480     0.000  270   -1   -1   -1
  37    -7.807     4.982     0.000  141   -1   -1   -1
  38    -7.799    -2.780     0.000  527   -1   -1   -1
  39    -7.776    -5.180     0.000  653   -1   -1   -1
  40    -7.769    -4.665     0.000  621   -1   -1   -1
  41    -7.768    -6.293     0.000  731   -1   -1   -1
  42    -7.769     1.965     0.000  299   -1   -1   -1
  43    -7.756     5.231     0.000  124   -1   -1   -1
  44    -7.752    -6.767     0.000  765   -1   -1   -1
  45    -7.747    -0.701     0.000  441   -1   -1   -1
  46    -7.708     7.110     0.000   54   -1   -1   -1
  47    -7.696     6.644     0.000   68   -1   -1   -1
  48    -7.624     4.936     0.000  145   -1   -1   -1
  49    -7.585    -6.932     0.000  774   -1   -1   -1
  50    -7.571    -0.018     0.000  405   -1   -1   -1
  51    -7.561    -0.708     0.000  442   -1   -1   -1
  52    -7.546     8.228     0.000    8   -1   -1   -1
  53    -7.530    -1.123     0.000  463   -1   -1   -1
  54    -7.490     7.989     0.000   16   -1   -1   -1
  55    -7.486     3.610     0.000  212   -1   -1   -1
  56    -7.435    -1.458     0.000  475   -1   -1   -1
  57    -7.400     3.667     0.000  210   -1   -1   -1
  58    -7.394     1.721     0.000  308   -1   -1   -1
  59    -7.372     2.306     0.000  277   -1   -1   -1
  60    -7.365    -6.243     0.000  727   -1   -1   -1
  61    -7.338    -5.133     0.000  648   -1   -1   -1
  62    -7.334    -5.445     0.000  671   -1   -1   -1
  63    -7.320     3.845     0.000  199   -1   -1   -1
  64    -7.315     5.387     0.000  115   -1   -1   -1
  65    -7.313     0.089     0.000  397   -1   -1   -1
  66    -7.262     6.131     0.000   88   -1   -1   -1
  67    -7.258     3.232     0.000  226   -1   -1   -1
  68    -7.235    -8.410     0.000  845   -1   -1   -1
  69    -7.199    -8.003     0.000  828   -1   -1   -1
  70    -7.187     7.638     0.000   30   -1   -1   -1
  71    -7.179    -7.580     0.000  802   -1   -1   -1
  72    -7.173     6.077     0.000   90   -1   -1   -1
  73    -7.162     4.729     0.000  159   -1   -1   -1
  74    -7.156    -2.450     0.000  516   -1   -1   -1
  75    -7.155     4.030     0.000  194   -1   -1   -1
  76    -7.146     7.285     0.000   43   -1   -1   -1
  77    -7.125     7.442     0.000   36   -1   -1   -1
  78    -7.120    -7.790     0.000  817   -1   -1   -1
  79    -7.106     4.976     0.000  144   -1   -1   -1
  80    -7.055    -5.476     0.000  672   -1   -1   -1
  81    -7.049     0.014     0.000  403   -1   -1   -1
  82    -7.029     1.953     0.000  301   -1   -1   -1
  83    -7.002    -2.439     0.000  515   -1   -1   -1
  84    -7.001     4.419     0.000  177   -1   -1   -1
  85    -6.996    -6.830     0.000  769   -1   -1   -1
  86    -6.995    -0.403     0.000  422   -1   -1   -1
  87    -6.985     4.325     0.000  182   -1   -1   -1
  88    -6.984    -6.647     0.000  753   -1   -1   -1
  89    -6.968    -6.683     0.000  757   -1   -1   -1
  90    -6.967     5.102     0.000  131   -1   -1   -1
  91    -6.953    -2.732     0.000  526   -1   -1   -1
  92    -6.936    -0.851     0.000  449   -1   -1   -1
  93    -6.932     5.401     0.000  113   -1   -1   -1
  94    -6.910     2.890     0.000  246   -1   -1   -1
  95    -6.901    -1.235     0.000  467   -1   -1   -1
  96    -6.869    -6.512     0.000  745   -1   -1   -1
  97    -6.859     7.540     0.000   33   -1   -1   -1
  98    -6.821     1.299     0.000  333   -1   -1   -1
  99    -6.798    -5.496     0.000  674   -1   -1   -1
 100    -6.796    -7.559     0.000  800   -1   -1   -1
 101    -6.777     2.401     0.000  273   -1   -1   -1
 102    -6.763    -0.902     0.000  453   -1   -1   -1
 103    -6.759    -0.253     0.000  416   -1   -1   -1
 104    -6.732     3.553     0.000  215   -1   -1   -1
 105    -6.707     1.345     0.000  327   -1   -1   -1
 106    -6.706     1.661     0.000  313   -1   -1   -1
 107    -6.650     2.362     0.000  275   -1   -1   -1
 108    -6.645     3.528     0.000  217   -1   -1   -1
 109    -6.621     5.757     0.000  103   -1   -1   -1
 110    -6.612    -4.402     0.000  603   -1   -1   -1
 111    -6.602     6.964     0.000   58   -1   -1   -1
 112    -6.549    -6.420     0.000  738   -1   -1   -1
 113    -6.529     7.603     0.000   31   -1   -1   -1
 114    -6.515     3.048     0.000  235   -1   -1   -1
 115    -6.507    -4.827     0.000  628   -1   -1   -1
 116    -6.503    -6.302     0.000  732   -1   -1   -1
 117    -6.463     0.125     0.000  392   -1   -1   -1
 118    -6.410    -3.596     0.000  565   -1   -1   -1
 119    -6.380    -0.509     0.000  430   -1   -1   -1
 120    -6.375     4.857     0.000  152   -1   -1   -1
 121    -6.330     0.089     0.000  398   -1   -1   -1
 122    -6.297    -5.059     0.000  644   -1   -1   -1
 123    -6.296    -1.701     0.000  483   -1   -1   -1
 124    -6.285    -7.954     0.000  824   -1   -1   -1
 125    -6.278    -5.912     0.000  701   -1   -1   -1
 126    -6.214     2.490     0.000  269   -1   -1   -1
 127    -6.188     4.860     0.000  151   -1   -1   -1
 128    -6.185    -5.329     0.000  662   -1   -1   -1
 129    -6.170     3.354     0.000  222   -1   -1   -1
 130    -6.169     2.725     0.000  255   -1   -1   -1
 131    -6.131     1.233     0.000  337   -1   -1   -1
 132    -6.130    -4.744     0.000  625   -1   -1   -1
 133    -6.128    -1.107     0.000  461   -1   -1   -1
 134    -6.127     7.339     0.000   39   -1   -1   -1
 135    -6.111    -7.731     0.000  815   -1   -1   -1
 136    -6.101     6.263     0.000   84   -1   -1   -1
 137    -6.098    -6.712     0.000  760   -1   -1   -1
 138    -6.055     3.688     0.000  209   -1   -1   -1
 139    -6.037     7.834     0.000   22   -1   -1   -1
 140    -6.012    -0.478     0.000  426   -1   -1   -1
 141    -6.009    -6.503     0.000  744   -1   -1   -1
 142    -5.974     6.795     0.000   64   -1   -1   -1
 143    -5.969     3.067     0.000  233   -1   -1   -1
 144    -5.954    -7.894     0.000  823   -1   -1   -1
 145    -5.943    -7.448     0.000  792   -1   -1   -1
 146    -5.930     4.832     0.000  153   -1   -1   -1
 147    -5.917    -0.034     0.000  406   -1   -1   -1
 148    -5.912    -1.699     0.000  482   -1   -1   -1
 149    -5.911    -6.397     0.000  735   -1   -1   -1
 150    -5.887    -5.970     0.000  707   -1   -1   -1
 151    -5.873    -1.974     0.000  499   -1   -1   -1
 152    -5.869     0.612     0.000  373   -1   -1   -1
 153    -5.854    -7.421     0.000  790   -1   -1   -1
 154    -5.851     4.680     0.000  161   -1   -1   -1
 155    -5.783    -4.153     0.000  585   -1   -1   -1
 156    -5.750    -2.381     0.000  511   -1   -1   -1
 157    -5.743    -5.948     0.000  704   -1   -1   -1
 158    -5.725     7.402     0.000   37   -1   -1   -1
 159    -5.702     1.908     0.000  303   -1   -1   -1
 160    -5.692     5.730     0.000  106   -1   -1   -1
 161    -5.685    -0.900     0.000  452   -1   -1   -1
 162    -5.679    -1.813     0.000  489   -1   -1   -1
 163    -5.678     0.738     0.000  363   -1   -1   -1
 164    -5.625     7.224     0.000   48   -1   -1   -1
 165    -5.612     0.290     0.000  383   -1   -1   -1
 166    -5.591     6.019     0.000   93   -1   -1   -1
 167    -5.573    -5.051     0.000  642   -1   -1   -1
 168    -5.559    -0.690     0.000  439   -1   -1   -1
 169    -5.540     2.665     0.000  260   -1   -1   -1
 170    -5.517    -2.845     0.000  532   -1   -1   -1
 171    -5.509    -7.463     0.000  797   -1   -1   -1
 172    -5.488     4.777     0.000  156   -1   -1   -1
 173    -5.469     5.203     0.000  127   -1   -1   -1
 174    -5.436    -4.540     0.000  615   -1   -1   -1
 175    -5.371    -8.108     0.000  834   -1   -1   -1
 176    -5.319     3.800     0.000  202   -1   -1   -1
 177    -5.309     0.713     0.000  364   -1   -1   -1
 178    -5.294    -4.722     0.000  622   -1   -1   -1
 179    -5.294     2.070     0.000  292   -1   -1   -1
 180    -5.250    -4.956     0.000  636   -1   -1   -1
 181    -5.241    -3.728     0.000  567   -1   -1   -1
 182    -5.212    -1.473     0.000  476   -1   -1   -1
 183    -5.161    -0.065     0.000  408   -1   -1   -1
 184    -5.126    -3.885     0.000  573   -1   -1   -1
 185    -5.126     7.167     0.000   51   -1   -1   -1
 186    -5.093     7.262     0.000   45   -1   -1   -1
 187    -5.092    -3.493     0.000  562   -1   -1   -1
 188    -5.086    -0.002     0.000  404   -1   -1   -1
 189    -5.075     1.565     0.000  317   -1   -1   -1
 190    -5.071    -4.322     0.000  598   -1   -1   -1
 191    -5.058     0.536     0.000  375   -1   -1   -1
 192    -5.028     5.076     0.000  134   -1   -1   -1
 193    -5.024    -1.332     0.000  472   -1   -1   -1
 194    -5.023    -5.112     0.000  647   -1   -1   -1
 195    -5.015    -0.304     0.000  419   -1   -1   -1
 196    -4.996    -4.265     0.000  591   -1   -1   -1
 197    -4.987    -5.946     0.000  703   -1   -1   -1
 198    -4.947     3.715     0.000  206   -1   -1   -1
 199    -4.944     3.910     0.000  196   -1   -1   -1
 200    -4.944    -1.424     0.000  474   -1   -1   -1
 201    -4.943    -4.282     0.000  594   -1   -1   -1
 202    -4.933     0.699     0.000  365   -1   -1   -1
 203    -4.931     8.215     0.000    9   -1   -1   -1
 204    -4.927     1.631     0.000  315   -1   -1   -1
 205    -4.873    -7.530     0.000  798   -1   -1   -1
 206    -4.863    -5.002     0.000  639   -1   -1   -1
 207    -4.857     1.656     0.000  314   -1   -1   -1
 208    -4.850     0.087     0.000  399   -1   -1   -1
 209    -4.824    -5.342     0.000  665   -1   -1   -1
 210    -4.820    -5.887     0.000  699   -1   -1   -1
 211    -4.813    -5.571     0.000  679   -1   -1   -1
 212    -4.776     3.791     0.000  204   -1   -1   -1
 213    -4.755    -6.656     0.000  755   -1   -1   -1
 214    -4.753    -4.625     0.000  619   -1   -1   -1
 215    -4.719    -2.096     0.000  505   -1   -1   -1
 216    -4.707     5.786     0.000  100   -1   -1   -1
 217    -4.695    -7.352     0.000  788   -1   -1   -1
 218    -4.680     4.409     0.000  179   -1   -1   -1
 219    -4.672     2.200     0.000  286   -1   -1   -1
 220    -4.669     2.675     0.000  259   -1   -1   -1
 221    -4.655    -3.729     0.000  568   -1   -1   -1
 222    -4.619     3.382     0.000  221   -1   -1   -1
 223    -4.613     2.530     0.000  267   -1   -1   -1
 224    -4.608    -7.618     0.000  807   -1   -1   -1
 225    -4.603    -7.766     0.000  816   -1   -1   -1
 226    -4.580    -4.117     0.000  582   -1   -1   -1
 227    -4.576    -4.838     0.000  629   -1   -1   -1
 228    -4.556    -4.328     0.000  599   -1   -1   -1
 229    -4.553     2.596     0.000  266   -1   -1   -1
 230    -4.552     3.600     0.000  213   -1   -1   -1
 231    -4.530     0.631     0.000  370   -1   -1   -1
 232    -4.507     2.195     0.000  287   -1   -1   -1
 233    -4.493    -4.428     0.000  608   -1   -1   -1
 234    -4.467    -6.088     0.000  716   -1   -1   -1
 235    -4.461    -0.309     0.000  420   -1   -1   -1
 236    -4.454    -7.208     0.000  782   -1   -1   -1
 237    -4.430    -4.448     0.000  609   -1   -1   -1
 238    -4.426     1.020     0.000  345   -1   -1   -1
 239    -4.424    -5.786     0.000  691   -1   -1   -1
 240    -4.383    -6.109     0.000  717   -1   -1   -1
 241    -4.381    -5.928     0.000  702   -1   -1   -1
 242    -4.368     4.781     0.000  155   -1   -1   -1
 243    -4.357     0.682     0.000  366   -1   -1   -1
 244    -4.356     7.373     0.000   38   -1   -1   -1
 245    -4.351     3.471     0.000  218   -1   -1   -1
 246    -4.343     1.201     0.000  339   -1   -1   -1
 247    -4.322    -1.035     0.000  459   -1   -1   -1
 248    -4.307    -1.843     0.000  491   -1   -1   -1
 249    -4.306    -3.980     0.000  576   -1   -1   -1
 250    -4.295     2.428     0.000  272   -1   -1   -1
 251    -4.230    -8.231     0.000  838   -1   -1   -1
 252    -4.216    -0.408     0.000  423   -1   -1   -1
 253    -4.208    -4.744     0.000  624   -1   -1   -1
 254    -4.183    -6.267     0.000  729   -1   -1   -1
 255    -4.172     7.664     0.000   29   -1   -1   -1
 256    -4.152     5.760     0.000  102   -1   -1   -1
 257    -4.137     2.113     0.000  291   -1   -1   -1
 258    -4.108     1.724     0.000  307   -1   -1   -1
 259    -4.068     5.396     0.000  114   -1   -1   -1
 260    -4.067     2.624     0.000  263   -1   -1   -1
 261    -4.063     3.447     0.000  219   -1   -1   -1
 262    -4.030    -7.247     0.000  784   -1   -1   -1
 263    -3.990    -1.907     0.000  495   -1   -1   -1
 264    -3.984     3.341     0.000  223   -1   -1   -1
 265    -3.972    -7.036     0.000  778   -1   -1   -1
 266    -3.966    -1.240     0.000  468   -1   -1   -1
 267    -3.919    -5.988     0.000  708   -1   -1   -1
 268    -3.912    -2.648     0.000  523   -1   -1   -1
 269    -3.864    -0.150     0.000  411   -1   -1   -1
 270    -3.850     2.872     0.000  248   -1   -1   -1
 271    -3.837    -4.527     0.000  614   -1   -1   -1
 272    -3.830    -8.038     0.000  830   -1   -1   -1
 273    -3.827     8.320     0.000    1   -1   -1   -1
 274    -3.784     2.236     0.000  283   -1   -1   -1
 275    -3.780    -1.138     0.000  464   -1   -1   -1
 276    -3.779     7.895     0.000   21   -1   -1   -1
 277    -3.767    -7.806     0.000  819   -1   -1   -1
 278    -3.700    -7.677     0.000  811   -1   -1   -1
 279    -3.698    -1.367     0.000  473   -1   -1   -1
 280    -3.683     1.023     0.000  344   -1   -1   -1
 281    -3.604     7.963     0.000   18   -1   -1   -1
 282    -3.570     6.375     0.000   82   -1   -1   -1
 283    -3.552     1.358     0.000  325   -1   -1   -1
 284    -3.528     8.260     0.000    5   -1   -1   -1
 285    -3.469    -7.705     0.000  813   -1   -1   -1
 286    -3.440    -7.616     0.000  806   -1   -1   -1
 287    -3.431     0.238     0.000  387   -1   -1   -1
 288    -3.428     2.971     0.000  241   -1   -1   -1
 289    -3.397     0.787     0.000  358   -1   -1   -1
 290    -3.390    -2.052     0.000  502   -1   -1   -1
 291    -3.323     5.462     0.000  111   -1   -1   -1
 292    -3.307     4.895     0.000  149   -1   -1   -1
 293    -3.294     3.834     0.000  200   -1   -1   -1
 294    -3.293     2.942     0.000  244   -1   -1   -1
 295    -3.240    -6.683     0.000  756   -1   -1   -1
 296    -3.239    -4.287     0.000  596   -1   -1   -1
 297    -3.199     3.057     0.000  234   -1   -1   -1
 298    -3.185     4.979     0.000  143   -1   -1   -1
 299    -3.164     0.116     0.000  394   -1   -1   -1
 300    -3.143     0.247     0.000  386   -1   -1   -1
 301    -3.132    -7.451     0.000  794   -1   -1   -1
 302    -3.104    -1.876     0.000  492   -1   -1   -1
 303    -3.099     3.039     0.000  237   -1   -1   -1
 304    -3.082    -5.650     0.000  680   -1   -1   -1
 305    -3.058    -6.593     0.000  749   -1   -1   -1
 306    -3.057     8.054     0.000   14   -1   -1   -1
 307    -2.995    -5.493     0.000  673   -1   -1   -1
 308    -2.959    -5.794     0.000  693   -1   -1   -1
 309    -2.944     1.689     0.000  311   -1   -1   -1
 310    -2.932    -5.190     0.000  655   -1   -1   -1
 311    -2.932     3.797     0.000  203   -1   -1   -1
 312    -2.915     8.277     0.000    4   -1   -1   -1
 313    -2.871    -7.555     0.000  799   -1   -1   -1
 314    -2.868     7.306     0.000   42   -1   -1   -1
 315    -2.859    -8.426     0.000  846   -1   -1   -1
 316    -2.813    -7.871     0.000  822   -1   -1   -1
 317    -2.804    -2.692     0.000  524   -1   -1   -1
 318    -2.795    -7.222     0.000  783   -1   -1   -1
 319    -2.795    -2.430     0.000  513   -1   -1   -1
 320    -2.751    -3.892     0.000  574   -1   -1   -1
 321    -2.680     6.057     0.000   91   -1   -1   -1
 322    -2.675    -3.141     0.000  548   -1   -1   -1
 323    -2.637     6.928     0.000   59   -1   -1   -1
 324    -2.612    -2.065     0.000  503   -1   -1   -1
 325    -2.610    -5.537     0.000  677   -1   -1   -1
 326    -2.608    -3.981     0.000  577   -1   -1   -1
 327    -2.587    -5.759     0.000  688   -1   -1   -1
 328    -2.581     1.270     0.000  334   -1   -1   -1
 329    -2.579    -8.356     0.000  843   -1   -1   -1
 330    -2.540     3.711     0.000  207   -1   -1   -1
 331    -2.498    -0.808     0.000  447   -1   -1   -1
 332    -2.483     0.808     0.000  357   -1   -1   -1
 333    -2.476     3.215     0.000  228   -1   -1   -1
 334    -2.453     0.061     0.000  400   -1   -1   -1
 335    -2.446    -0.494     0.000  429   -1   -1   -1
 336    -2.445    -3.437     0.000  559   -1   -1   -1
 337    -2.415    -0.266     0.000  418   -1   -1   -1
 338    -2.414    -4.412     0.000  605   -1   -1   -1
 339    -2.399    -2.281     0.000  509   -1   -1   -1
 340    -2.393    -1.906     0.000  494   -1   -1   -1
 341    -2.368     5.042     0.000  138   -1   -1   -1
 342    -2.353    -5.759     0.000  687   -1   -1   -1
 343    -2.301    -3.133     0.000  547   -1   -1   -1
 344    -2.299    -6.154     0.000  722   -1   -1   -1
 345    -2.284    -4.267     0.000  592   -1   -1   -1
 346    -2.263     0.934     0.000  348   -1   -1   -1
 347    -2.257    -5.210     0.000  657   -1   -1   -1
 348    -2.226     5.873     0.000   98   -1   -1   -1
 349    -2.172     2.258     0.000  280   -1   -1   -1
 350    -2.165    -6.141     0.000  719   -1   -1   -1
 351    -2.159    -3.389     0.000  556   -1   -1   -1
 352    -2.005     4.203     0.000  189   -1   -1   -1
 353    -2.000     0.404     0.000  380   -1   -1   -1
 354    -1.971    -2.792     0.000  528   -1   -1   -1
 355    -1.938     0.810     0.000  355   -1   -1   -1
 356    -1.908     1.481     0.000  321   -1   -1   -1
 357    -1.889     7.692     0.000   27   -1   -1   -1
 358    -1.846    -4.148     0.000  584   -1   -1   -1
 359    -1.836     7.319     0.000   40   -1   -1   -1
 360    -1.833    -4.479     0.000  610   -1   -1   -1
 361    -1.775     0.786     0.000  359   -1   -1   -1
 362    -1.765     4.293     0.000  185   -1   -1   -1
 363    -1.682     2.684     0.000  258   -1   -1   -1
 364    -1.651     4.594     0.000  169   -1   -1   -1
 365    -1.642    -3.584     0.000  564   -1   -1   -1
 366    -1.584     6.439     0.000   77   -1   -1   -1
 367    -1.550     7.781     0.000   24   -1   -1   -1
 368    -1.525     5.435     0.000  112   -1   -1   -1
 369    -1.525    -4.896     0.000  633   -1   -1   -1
 370    -1.505    -4.495     0.000  612   -1   -1   -1
 371    -1.456     5.297     0.000  119   -1   -1   -1
 372    -1.431     3.775     0.000  205   -1   -1   -1
 373    -1.417    -7.613     0.000  804   -1   -1   -1
 374    -1.413     0.574     0.000  374   -1   -1   -1
 375    -1.388     5.081     0.000  133   -1   -1   -1
 376    -1.378     5.756     0.000  104   -1   -1   -1
 377    -1.376    -1.029     0.000  458   -1   -1   -1
 378    -1.314     4.547     0.000  172   -1   -1   -1
 379    -1.279    -4.941     0.000  634   -1   -1   -1
 380    -1.133    -1.736     0.000  485   -1   -1   -1
 381    -1.128    -7.567     0.000  801   -1   -1   -1
 382    -1.106     0.341     0.000  381   -1   -1   -1
 383    -1.096     4.046     0.000  193   -1   -1   -1
 384    -1.092    -0.895     0.000  451   -1   -1   -1
 385    -1.059     4.264     0.000  186   -1   -1   -1
 386    -0.966    -5.208     0.000  656   -1   -1   -1
 387    -0.931     3.690     0.000  208   -1   -1   -1
 388    -0.808    -0.613     0.000  435   -1   -1   -1
 389    -0.782    -5.341     0.000  664   -1   -1   -1
 390    -0.739    -0.486     0.000  428   -1   -1   -1
 391    -0.735    -2.982     0.000  542   -1   -1   -1
 392    -0.692    -0.830     0.000  448   -1   -1   -1
 393    -0.674    -3.749     0.000  569   -1   -1   -1
 394    -0.672     4.899     0.000  148   -1   -1   -1
 395    -0.637     0.996     0.000  347   -1   -1   -1
 396    -0.624    -7.264     0.000  785   -1   -1   -1
 397    -0.611    -6.059     0.000  712   -1   -1   -1
 398    -0.561    -3.645     0.000  566   -1   -1   -1
 399    -0.561    -6.054     0.000  710   -1   -1   -1
 400    -0.551     4.890     0.000  150   -1   -1   -1
 401    -0.549    -2.225     0.000  508   -1   -1   -1
 402    -0.502    -1.971     0.000  497   -1   -1   -1
 403    -0.419     0.109     0.000  395   -1   -1   -1
 404    -0.414    -4.857     0.000  630   -1   -1   -1
 405    -0.391    -5.058     0.000  643   -1   -1   -1
 406    -0.343    -0.352     0.000  421   -1   -1   -1
 407    -0.305     6.239     0.000   85   -1   -1   -1
 408    -0.285    -5.366     0.000  668   -1   -1   -1
 409     0.044     6.490     0.000   75   -1   -1   -1
 410     0.064     1.705     0.000  310   -1   -1   -1
 411     0.117    -5.957     0.000  705   -1   -1   -1
 412     0.195     0.846     0.000  352   -1   -1   -1
 413     0.232     0.214     0.000  388   -1   -1   -1
 414     0.269    -6.733     0.000  763   -1   -1   -1
 415     0.271     6.400     0.000   80   -1   -1   -1
 416     0.320    -0.780     0.000  445   -1   -1   -1
 417     0.426    -6.687     0.000  758   -1   -1   -1
 418     0.523    -8.360     0.000  844   -1   -1   -1
 419     0.526     0.922     0.000  349   -1   -1   -1
 420     0.528     1.102     0.000  342   -1   -1   -1
 421     0.596    -3.778     0.000  570   -1   -1   -1
 422     0.634     2.922     0.000  245   -1   -1   -1
 423     0.676     3.091     0.000  232   -1   -1   -1
 424     0.765     0.619     0.000  371   -1   -1   -1
 425     0.816    -5.227     0.000  658   -1   -1   -1
 426     0.858    -2.924     0.000  536   -1   -1   -1
 427     0.872    -6.302     0.000  733   -1   -1   -1
 428     0.875    -4.741     0.000  623   -1   -1   -1
 429     0.915    -6.132     0.000  718   -1   -1   -1
 430     0.929     7.898     0.000   20   -1   -1   -1
 431     1.011     1.262     0.000  335   -1   -1   -1
 432     1.015    -6.730     0.000  762   -1   -1   -1
 433     1.050     1.039     0.000  343   -1   -1   -1
 434     1.053     5.198     0.000  128   -1   -1   -1
 435     1.202     4.512     0.000  173   -1   -1   -1
 436     1.210    -3.819     0.000  571   -1   -1   -1
 437     1.214    -3.481     0.000  561   -1   -1   -1
 438     1.224    -2.632     0.000  522   -1   -1   -1
 439     1.236     2.233     0.000  284   -1   -1   -1
 440     1.244    -4.319     0.000  597   -1   -1   -1
 441     1.275     1.313     0.000  331   -1   -1   -1
 442     1.286    -6.564     0.000  748   -1   -1   -1
 443     1.301     5.010     0.000  140   -1   -1   -1
 444     1.304    -6.419     0.000  737   -1   -1   -1
 445     1.327     2.289     0.000  278   -1   -1   -1
 446     1.367     2.690     0.000  257   -1   -1   -1
 447     1.379    -2.068     0.000  504   -1   -1   -1
 448     1.447    -3.241     0.000  552   -1   -1   -1
 449     1.453     1.361     0.000  324   -1   -1   -1
 450     1.457    -4.961     0.000  637   -1   -1   -1
 451     1.472    -2.591     0.000  520   -1   -1   -1
 452     1.476    -4.581     0.000  617   -1   -1   -1
 453     1.478    -3.181     0.000  549   -1   -1   -1
 454     1.501     7.307     0.000   41   -1   -1   -1
 455     1.561     3.816     0.000  201   -1   -1   -1
 456     1.573     5.044     0.000  137   -1   -1   -1
 457     1.593    -3.262     0.000  553   -1   -1   -1
 458     1.605    -2.356     0.000  510   -1   -1   -1
 459     1.611    -5.723     0.000  684   -1   -1   -1
 460     1.632    -6.206     0.000  725   -1   -1   -1
 461     1.657    -3.194     0.000  550   -1   -1   -1
 462     1.676    -7.452     0.000  795   -1   -1   -1
 463     1.716     0.769     0.000  361   -1   -1   -1
 464     1.796    -1.806     0.000  487   -1   -1   -1
 465     1.808    -0.515     0.000  431   -1   -1   -1
 466     1.815     0.668     0.000  368   -1   -1   -1
 467     1.858    -6.258     0.000  728   -1   -1   -1
 468     1.861     5.300     0.000  118   -1   -1   -1
 469     1.864    -6.778     0.000  767   -1   -1   -1
 470     1.864     7.690     0.000   28   -1   -1   -1
 471     1.867     1.313     0.000  332   -1   -1   -1
 472     1.885    -7.687     0.000  812   -1   -1   -1
 473     1.903    -2.586     0.000  519   -1   -1   -1
 474     1.923    -2.906     0.000  534   -1   -1   -1
 475     1.924     0.308     0.000  382   -1   -1   -1
 476     1.939    -6.596     0.000  750   -1   -1   -1
 477     1.943    -3.530     0.000  563   -1   -1   -1
 478     1.958    -1.073     0.000  460   -1   -1   -1
 479     1.959    -0.257     0.000  417   -1   -1   -1
 480     1.971    -4.504     0.000  613   -1   -1   -1
 481     2.024     1.426     0.000  323   -1   -1   -1
 482     2.062     5.903     0.000   95   -1   -1   -1
 483     2.090    -7.614     0.000  805   -1   -1   -1
 484     2.122     2.127     0.000  289   -1   -1   -1
 485     2.123     4.300     0.000  184   -1   -1   -1
 486     2.130    -2.824     0.000  530   -1   -1   -1
 487     2.131     0.633     0.000  369   -1   -1   -1
 488     2.155    -3.427     0.000  558   -1   -1   -1
 489     2.170    -4.234     0.000  588   -1   -1   -1
 490     2.172     7.255     0.000   46   -1   -1   -1
 491     2.172     1.531     0.000  320   -1   -1   -1
 492     2.190     0.089     0.000  396   -1   -1   -1
 493     2.228     4.510     0.000  174   -1   -1   -1
 494     2.255     0.779     0.000  360   -1   -1   -1
 495     2.263    -0.625     0.000  436   -1   -1   -1
 496     2.288     5.048     0.000  136   -1   -1   -1
 497     2.288    -5.544     0.000  678   -1   -1   -1
 498     2.297     5.876     0.000   97   -1   -1   -1
 499     2.337     6.619     0.000   70   -1   -1   -1
 500     2.354     5.377     0.000  116   -1   -1   -1
 501     2.358     0.922     0.000  350   -1   -1   -1
 502     2.361    -6.910     0.000  772   -1   -1   -1
 503     2.386    -0.175     0.000  414   -1   -1   -1
 504     2.419     0.419     0.000  379   -1   -1   -1
 505     2.422    -2.948     0.000  538   -1   -1   -1
 506     2.427    -3.370     0.000  555   -1   -1   -1
 507     2.429     5.184     0.000  130   -1   -1   -1
 508     2.430     5.991     0.000   94   -1   -1   -1
 509     2.491     4.667     0.000  162   -1   -1   -1
 510     2.562     4.253     0.000  187   -1   -1   -1
 511     2.681    -4.966     0.000  638   -1   -1   -1
 512     2.682    -6.055     0.000  711   -1   -1   -1
 513     2.720     5.762     0.000  101   -1   -1   -1
 514     2.732    -5.692     0.000  682   -1   -1   -1
 515     2.772     0.861     0.000  351   -1   -1   -1
 516     2.782    -4.123     0.000  583   -1   -1   -1
 517     2.807     5.741     0.000  105   -1   -1   -1
 518     2.828    -1.692     0.000  481   -1   -1   -1
 519     2.842     7.976     0.000   17   -1   -1   -1
 520     2.866    -6.442     0.000  741   -1   -1   -1
 521     2.882     6.396     0.000   81   -1   -1   -1
 522     2.934     0.122     0.000  393   -1   -1   -1
 523     2.956    -1.520     0.000  477   -1   -1   -1
 524     2.970     5.194     0.000  129   -1   -1   -1
 525     2.980     7.151     0.000   52   -1   -1   -1
 526     3.047     3.007     0.000  239   -1   -1   -1
 527     3.071     2.728     0.000  254   -1   -1   -1
 528     3.078     5.290     0.000  120   -1   -1   -1
 529     3.120    -5.794     0.000  692   -1   -1   -1
 530     3.123    -1.123     0.000  462   -1   -1   -1
 531     3.126     5.595     0.000  110   -1   -1   -1
 532     3.142     6.188     0.000   86   -1   -1   -1
 533     3.157    -6.619     0.000  751   -1   -1   -1
 534     3.158    -5.064     0.000  645   -1   -1   -1
 535     3.181    -2.391     0.000  512   -1   -1   -1
 536     3.208     2.814     0.000  251   -1   -1   -1
 537     3.211     8.230     0.000    7   -1   -1   -1
 538     3.211     6.112     0.000   89   -1   -1   -1
 539     3.229     2.640     0.000  261   -1   -1   -1
 540     3.235    -1.812     0.000  488   -1   -1   -1
 541     3.248    -7.856     0.000  821   -1   -1   -1
 542     3.262    -6.975     0.000  775   -1   -1   -1
 543     3.309    -2.831     0.000  531   -1   -1   -1
 544     3.341    -1.292     0.000  470   -1   -1   -1
 545     3.347    -2.962     0.000  541   -1   -1   -1
 546     3.383    -4.490     0.000  611   -1   -1   -1
 547     3.394    -7.026     0.000  777   -1   -1   -1
 548     3.420     6.653     0.000   67   -1   -1   -1
 549     3.447    -7.050     0.000  779   -1   -1   -1
 550     3.451    -4.388     0.000  602   -1   -1   -1
 551     3.456     2.954     0.000  243   -1   -1   -1
 552     3.489    -7.340     0.000  787   -1   -1   -1
 553     3.521     1.337     0.000  329   -1   -1   -1
 554     3.524     2.816     0.000  250   -1   -1   -1
 555     3.538     5.889     0.000   96   -1   -1   -1
 556     3.540    -5.254     0.000  659   -1   -1   -1
 557     3.542    -1.973     0.000  498   -1   -1   -1
 558     3.562    -3.022     0.000  543   -1   -1   -1
 559     3.587    -2.612     0.000  521   -1   -1   -1
 560     3.617    -0.450     0.000  425   -1   -1   -1
 561     3.626    -6.739     0.000  764   -1   -1   -1
 562     3.642    -6.891     0.000  770   -1   -1   -1
 563     3.643     3.043     0.000  236   -1   -1   -1
 564     3.655    -0.866     0.000  450   -1   -1   -1
 565     3.667    -0.036     0.000  407   -1   -1   -1
 566     3.668     5.301     0.000  117   -1   -1   -1
 567     3.679     2.238     0.000  282   -1   -1   -1
 568     3.689    -5.854     0.000  698   -1   -1   -1
 569     3.690     7.902     0.000   19   -1   -1   -1
 570     3.697     5.035     0.000  139   -1   -1   -1
 571     3.700    -5.105     0.000  646   -1   -1   -1
 572     3.734    -5.347     0.000  666   -1   -1   -1
 573     3.776     4.046     0.000  192   -1   -1   -1
 574     3.787     7.707     0.000   26   -1   -1   -1
 575     3.787    -7.728     0.000  814   -1   -1   -1
 576     3.801     2.621     0.000  264   -1   -1   -1
 577     3.804     0.186     0.000  391   -1   -1   -1
 578     3.805    -5.773     0.000  690   -1   -1   -1
 579     3.809    -4.582     0.000  618   -1   -1   -1
 580     3.811    -5.813     0.000  696   -1   -1   -1
 581     3.816    -6.652     0.000  754   -1   -1   -1
 582     3.834    -5.168     0.000  652   -1   -1   -1
 583     3.836    -0.554     0.000  432   -1   -1   -1
 584     3.838    -7.463     0.000  796   -1   -1   -1
 585     3.841     0.837     0.000  353   -1   -1   -1
 586     3.846    -6.983     0.000  776   -1   -1   -1
 587     3.860    -7.662     0.000  809   -1   -1   -1
 588     3.869    -4.050     0.000  580   -1   -1   -1
 589     3.892    -0.989     0.000  456   -1   -1   -1
 590     3.897    -5.527     0.000  676   -1   -1   -1
 591     3.898    -2.046     0.000  501   -1   -1   -1
 592     3.905    -1.765     0.000  486   -1   -1   -1
 593     3.907     4.921     0.000  146   -1   -1   -1
 594     3.912     5.254     0.000  123   -1   -1   -1
 595     3.965    -7.799     0.000  818   -1   -1   -1
 596     3.973    -8.021     0.000  829   -1   -1   -1
 597     3.982    -1.216     0.000  466   -1   -1   -1
 598     4.009     2.477     0.000  271   -1   -1   -1
 599     4.040     4.111     0.000  190   -1   -1   -1
 600     4.041     8.101     0.000   12   -1   -1   -1
 601     4.045    -2.432     0.000  514   -1   -1   -1
 602     4.049     2.873     0.000  247   -1   -1   -1
 603     4.083     1.224     0.000  338   -1   -1   -1
 604     4.096     3.027     0.000  238   -1   -1   -1
 605     4.114     4.910     0.000  147   -1   -1   -1
 606     4.161    -5.370     0.000  669   -1   -1   -1
 607     4.187     0.759     0.000  362   -1   -1   -1
 608     4.217    -7.449     0.000  793   -1   -1   -1
 609     4.278    -6.703     0.000  759   -1   -1   -1
 610     4.306     4.697     0.000  160   -1   -1   -1
 611     4.310    -8.268     0.000  839   -1   -1   -1
 612     4.329     2.245     0.000  281   -1   -1   -1
 613     4.333    -4.286     0.000  595   -1   -1   -1
 614     4.338     8.331     0.000    0   -1   -1   -1
 615     4.394     2.169     0.000  288   -1   -1   -1
 616     4.399    -1.996     0.000  500   -1   -1   -1
 617     4.442     4.648     0.000  165   -1   -1   -1
 618     4.446     7.797     0.000   23   -1   -1   -1
 619     4.481     2.970     0.000  242   -1   -1   -1
 620     4.486     4.628     0.000  167   -1   -1   -1
 621     4.489    -1.682     0.000  480   -1   -1   -1
 622     4.500     8.011     0.000   15   -1   -1   -1
 623     4.503     0.810     0.000  356   -1   -1   -1
 624     4.519    -5.699     0.000  683   -1   -1   -1
 625     4.547     4.798     0.000  154   -1   -1   -1
 626     4.548     6.374     0.000   83   -1   -1   -1
 627     4.552     0.043     0.000  402   -1   -1   -1
 628     4.561    -3.224     0.000  551   -1   -1   -1
 629     4.599    -4.819     0.000  627   -1   -1   -1
 630     4.616    -8.226     0.000  837   -1   -1   -1
 631     4.620     2.634     0.000  262   -1   -1   -1
 632     4.624     6.432     0.000   78   -1   -1   -1
 633     4.653     1.167     0.000  341   -1   -1   -1
 634     4.654    -8.151     0.000  835   -1   -1   -1
 635     4.656     0.059     0.000  401   -1   -1   -1
 636     4.664     3.289     0.000  225   -1   -1   -1
 637     4.673    -4.263     0.000  590   -1   -1   -1
 638     4.688     2.803     0.000  252   -1   -1   -1
 639     4.698     1.875     0.000  304   -1   -1   -1
 640     4.704     0.618     0.000  372   -1   -1   -1
 641     4.733    -6.435     0.000  740   -1   -1   -1
 642     4.763    -5.159     0.000  651   -1   -1   -1
 643     4.795     8.319     0.000    2   -1   -1   -1
 644     4.811     3.004     0.000  240   -1   -1   -1
 645     4.854    -4.072     0.000  581   -1   -1   -1
 646     4.950    -2.793     0.000  529   -1   -1   -1
 647     4.956     3.565     0.000  214   -1   -1   -1
 648     4.959    -7.161     0.000  780   -1   -1   -1
 649     4.964     5.099     0.000  132   -1   -1   -1
 650     4.976     5.219     0.000  125   -1   -1   -1
 651     5.014    -4.422     0.000  607   -1   -1   -1
 652     5.015     0.282     0.000  384   -1   -1   -1
 653     5.027     1.456     0.000  322   -1   -1   -1
 654     5.055    -2.892     0.000  533   -1   -1   -1
 655     5.060    -4.251     0.000  589   -1   -1   -1
 656     5.065     8.066     0.000   13   -1   -1   -1
 657     5.065     8.109     0.000   11   -1   -1   -1
 658     5.066    -5.183     0.000  654   -1   -1   -1
 659     5.097     4.663     0.000  163   -1   -1   -1
 660     5.113     7.196     0.000   49   -1   -1   -1
 661     5.114    -3.948     0.000  575   -1   -1   -1
 662     5.122    -5.747     0.000  686   -1   -1   -1
 663     5.125     6.916     0.000   60   -1   -1   -1
 664     5.134     1.991     0.000  297   -1   -1   -1
 665     5.161    -2.699     0.000  525   -1   -1   -1
 666     5.178    -5.831     0.000  697   -1   -1   -1
 667     5.215    -7.601     0.000  803   -1   -1   -1
 668     5.225    -7.207     0.000  781   -1   -1   -1
 669     5.234     6.836     0.000   63   -1   -1   -1
 670     5.235     6.422     0.000   79   -1   -1   -1
 671     5.236    -5.899     0.000  700   -1   -1   -1
 672     5.279     1.545     0.000  318   -1   -1   -1
 673     5.310    -3.119     0.000  546   -1   -1   -1
 674     5.341     2.373     0.000  274   -1   -1   -1
 675     5.406     5.805     0.000   99   -1   -1   -1
 676     5.412    -7.841     0.000  820   -1   -1   -1
 677     5.445     2.769     0.000  253   -1   -1   -1
 678     5.451    -2.957     0.000  539   -1   -1   -1
 679     5.472     1.973     0.000  298   -1   -1   -1
 680     5.496     1.355     0.000  326   -1   -1   -1
 681     5.497     6.038     0.000   92   -1   -1   -1
 682     5.498    -5.743     0.000  685   -1   -1   -1
 683     5.567     2.027     0.000  296   -1   -1   -1
 684     5.581     4.466     0.000  175   -1   -1   -1
 685     5.622    -8.076     0.000  831   -1   -1   -1
 686     5.630    -5.029     0.000  641   -1   -1   -1
 687     5.649     6.965     0.000   57   -1   -1   -1
 688     5.684     3.913     0.000  195   -1   -1   -1
 689     5.698    -0.648     0.000  437   -1   -1   -1
 690     5.717    -6.714     0.000  761   -1   -1   -1
 691     5.758    -8.076     0.000  832   -1   -1   -1
 692     5.763    -8.438     0.000  847   -1   -1   -1
 693     5.775     4.588     0.000  170   -1   -1   -1
 694     5.816    -5.795     0.000  694   -1   -1   -1
 695     5.842    -2.469     0.000  517   -1   -1   -1
 696     5.843     1.746     0.000  305   -1   -1   -1
 697     5.850    -6.445     0.000  742   -1   -1   -1
 698     5.856    -0.996     0.000  457   -1   -1   -1
 699     5.857    -5.154     0.000  650   -1   -1   -1
 700     5.899    -3.476     0.000  560   -1   -1   -1
 701     5.903     1.961     0.000  300   -1   -1   -1
 702     5.905    -0.758     0.000  444   -1   -1   -1
 703     5.913     5.052     0.000  135   -1   -1   -1
 704     5.938    -7.955     0.000  825   -1   -1   -1
 705     6.004     2.709     0.000  256   -1   -1   -1
 706     6.008    -4.156     0.000  586   -1   -1   -1
 707     6.013    -6.398     0.000  736   -1   -1   -1
 708     6.033    -6.497     0.000  743   -1   -1   -1
 709     6.040     0.210     0.000  389   -1   -1   -1
 710     6.054    -5.301     0.000  660   -1   -1   -1
 711     6.057    -4.339     0.000  600   -1   -1   -1
 712     6.064    -0.485     0.000  427   -1   -1   -1
 713     6.065     4.631     0.000  166   -1   -1   -1
 714     6.075    -1.729     0.000  484   -1   -1   -1
 715     6.078    -3.075     0.000  545   -1   -1   -1
 716     6.109    -5.439     0.000  670   -1   -1   -1
 717     6.117    -6.153     0.000  721   -1   -1   -1
 718     6.164     1.683     0.000  312   -1   -1   -1
 719     6.173     6.536     0.000   73   -1   -1   -1
 720     6.203    -4.345     0.000  601   -1   -1   -1
 721     6.210     0.264     0.000  385   -1   -1   -1
 722     6.220     3.850     0.000  198   -1   -1   -1
 723     6.224    -4.227     0.000  587   -1   -1   -1
 724     6.226     3.179     0.000  229   -1   -1   -1
 725     6.236    -1.567     0.000  479   -1   -1   -1
 726     6.287     7.264     0.000   44   -1   -1   -1
 727     6.319    -2.150     0.000  507   -1   -1   -1
 728     6.331    -2.959     0.000  540   -1   -1   -1
 729     6.350    -6.516     0.000  746   -1   -1   -1
 730     6.361     1.941     0.000  302   -1   -1   -1
 731     6.387     2.350     0.000  276   -1   -1   -1
 732     6.405    -6.556     0.000  747   -1   -1   -1
 733     6.416     7.015     0.000   56   -1   -1   -1
 734     6.428    -4.276     0.000  593   -1   -1   -1
 735     6.436    -2.934     0.000  537   -1   -1   -1
 736     6.498    -4.889     0.000  632   -1   -1   -1
 737     6.551     6.903     0.000   61   -1   -1   -1
 738     6.564    -5.327     0.000  661   -1   -1   -1
 739     6.566    -5.969     0.000  706   -1   -1   -1
 740     6.570     4.659     0.000  164   -1   -1   -1
 741     6.585    -1.320     0.000  471   -1   -1   -1
 742     6.605     2.119     0.000  290   -1   -1   -1
 743     6.614    -1.290     0.000  469   -1   -1   -1
 744     6.634    -0.589     0.000  434   -1   -1   -1
 745     6.639     2.862     0.000  249   -1   -1   -1
 746     6.660    -6.070     0.000  715   -1   -1   -1
 747     6.684    -5.145     0.000  649   -1   -1   -1
 748     6.689     5.635     0.000  108   -1   -1   -1
 749     6.707    -5.340     0.000  663   -1   -1   -1
 750     6.727     6.581     0.000   71   -1   -1   -1
 751     6.730     0.423     0.000  378   -1   -1   -1
 752     6.743    -6.234     0.000  726   -1   -1   -1
 753     6.750    -5.513     0.000  675   -1   -1   -1
 754     6.754     3.177     0.000  230   -1   -1   -1
 755     6.769     3.292     0.000  224   -1   -1   -1
 756     6.773    -1.894     0.000  493   -1   -1   -1
 757     6.776     2.044     0.000  294   -1   -1   -1
 758     6.802    -0.579     0.000  433   -1   -1   -1
 759     6.802     0.678     0.000  367   -1   -1   -1
 760     6.830    -0.780     0.000  446   -1   -1   -1
 761     6.836    -6.068     0.000  714   -1   -1   -1
 762     6.852    -7.676     0.000  810   -1   -1   -1
 763     6.868     5.215     0.000  126   -1   -1   -1
 764     6.901     3.613     0.000  211   -1   -1   -1
 765     6.917    -0.119     0.000  410   -1   -1   -1
 766     6.932    -0.922     0.000  454   -1   -1   -1
 767     6.943     6.169     0.000   87   -1   -1   -1
 768     6.945    -4.941     0.000  635   -1   -1   -1
 769     6.950    -0.087     0.000  409   -1   -1   -1
 770     6.972    -0.693     0.000  440   -1   -1   -1
 771     6.989     0.427     0.000  377   -1   -1   -1
 772     7.030     3.409     0.000  220   -1   -1   -1
 773     7.030     6.625     0.000   69   -1   -1   -1
 774     7.057     2.035     0.000  295   -1   -1   -1
 775     7.066    -5.802     0.000  695   -1   -1   -1
 776     7.069    -6.624     0.000  752   -1   -1   -1
 777     7.093    -4.045     0.000  579   -1   -1   -1
 778     7.112    -6.014     0.000  709   -1   -1   -1
 779     7.149     7.536     0.000   34   -1   -1   -1
 780     7.155    -8.306     0.000  842   -1   -1   -1
 781     7.172     6.519     0.000   74   -1   -1   -1
 782     7.201    -6.182     0.000  723   -1   -1   -1
 783     7.219     0.187     0.000  390   -1   -1   -1
 784     7.239    -3.984     0.000  578   -1   -1   -1
 785     7.264     4.982     0.000  142   -1   -1   -1
 786     7.275     4.363     0.000  181   -1   -1   -1
 787     7.291    -4.412     0.000  604   -1   -1   -1
 788     7.291     6.734     0.000   65   -1   -1   -1
 789     7.294    -6.771     0.000  766   -1   -1   -1
 790     7.313     4.305     0.000  183   -1   -1   -1
 791     7.320     5.622     0.000  109   -1   -1   -1
 792     7.334    -0.160     0.000  412   -1   -1   -1
 793     7.376     3.539     0.000  216   -1   -1   -1
 794     7.410    -0.688     0.000  438   -1   -1   -1
 795     7.415    -8.101     0.000  833   -1   -1   -1
 796     7.416    -6.424     0.000  739   -1   -1   -1
 797     7.428     2.058     0.000  293   -1   -1   -1
 798     7.492    -5.763     0.000  689   -1   -1   -1
 799     7.496     5.257     0.000  122   -1   -1   -1
 800     7.502     4.773     0.000  157   -1   -1   -1
 801     7.510     4.420     0.000  176   -1   -1   -1
 802     7.527     4.566     0.000  171   -1   -1   -1
 803     7.554    -2.917     0.000  535   -1   -1   -1
 804     7.578    -1.555     0.000  478   -1   -1   -1
 805     7.593     1.233     0.000  336   -1   -1   -1
 806     7.609     4.750     0.000  158   -1   -1   -1
 807     7.626     1.741     0.000  306   -1   -1   -1
 808     7.647     2.269     0.000  279   -1   -1   -1
 809     7.715     7.735     0.000   25   -1   -1   -1
 810     7.754    -7.956     0.000  826   -1   -1   -1
 811     7.767     8.244     0.000    6   -1   -1   -1
 812     7.813     1.617     0.000  316   -1   -1   -1
 813     7.840     6.725     0.000   66   -1   -1   -1
 814     7.897     8.307     0.000    3   -1   -1   -1
 815     7.933    -5.028     0.000  640   -1   -1   -1
 816     7.944    -2.122     0.000  506   -1   -1   -1
 817     7.992     7.147     0.000   53   -1   -1   -1
 818     8.016    -0.444     0.000  424   -1   -1   -1
 819     8.027    -6.821     0.000  768   -1   -1   -1
 820     8.029    -1.206     0.000  465   -1   -1   -1
 821     8.035    -6.901     0.000  771   -1   -1   -1
 822     8.038     1.016     0.000  346   -1   -1   -1
 823     8.050    -5.660     0.000  681   -1   -1   -1
 824     8.061    -7.649     0.000  808   -1   -1   -1
 825     8.072     4.376     0.000  180   -1   -1   -1
 826     8.100     3.148     0.000  231   -1   -1   -1
 827     8.149    -4.788     0.000  626   -1   -1   -1
 828     8.169    -4.554     0.000  616   -1   -1   -1
 829     8.183     2.493     0.000  268   -1   -1   -1
 830     8.188     1.707     0.000  309   -1   -1   -1
 831     8.189     3.228     0.000  227   -1   -1   -1
 832     8.191    -0.726     0.000  443   -1   -1   -1
 833     8.191     4.603     0.000  168   -1   -1   -1
 834     8.228    -7.298     0.000  786   -1   -1   -1
 835     8.240    -6.346     0.000  734   -1   -1   -1
 836     8.257     7.254     0.000   47   -1   -1   -1
 837     8.282    -3.415     0.000  557   -1   -1   -1
 838     8.286    -6.064     0.000  713   -1   -1   -1
 839     8.316    -1.908     0.000  496   -1   -1   -1
 840     8.325     5.261     0.000  121   -1   -1   -1
 841     8.329    -7.391     0.000  789   -1   -1   -1
 842     8.335     7.028     0.000   55   -1   -1   -1
 843     8.353     1.329     0.000  330   -1   -1   -1
 844     8.354    -4.414     0.000  606   -1   -1   -1
 845     8.363     8.187     0.000   10   -1   -1   -1
 846     8.371     7.572     0.000   32   -1   -1   -1
 847     8.377    -8.282     0.000  841   -1   -1   -1
 848     8.410    -0.173     0.000  413   -1   -1   -1
