504
   0   -2     -1.557      0.505      0.000 4
   1   -2     -1.553     -0.972      0.000 4
  -1   -2     -1.543     -1.100      0.000 4
   2   -2     -1.543      0.766      0.000 4
   4   -2     -1.539      0.362      0.000 4
   5   -2     -1.523     -0.008      0.000 4
  -1   -2     -1.523      0.975      0.000 4
   7   -2     -1.511      0.233      0.000 4
  -1   -2     -1.511     -0.186      0.000 4
  -1   -2     -1.482     -1.087      0.000 4
  10   -2     -1.468     -0.896      0.000 4
  11   -2     -1.460      0.783      0.000 4
  12   -2     -1.459      0.923      0.000 4
  13   -2     -1.453      0.200      0.000 4
  14   -2     -1.445      0.289      0.000 4
  -1   -2     -1.444      1.031      0.000 4
  15   -2     -1.442      0.584      0.000 4
  17   -2     -1.438     -0.241      0.000 4
  18   -2     -1.434      0.250      0.000 4
  19   -2     -1.425     -0.535      0.000 4
  20   -2     -1.424      0.366      0.000 4
  22   -2     -1.400      0.145      0.000 4
  -1   -2     -1.392     -1.089      0.000 4
  23   -2     -1.382     -0.296      0.000 4
  28   -2     -1.372     -0.963      0.000 4
  25   -2     -1.372      0.637      0.000 4
  26   -2     -1.370      1.030      0.000 4
  29   -2     -1.369     -0.820      0.000 4
  30   -2     -1.361      0.688      0.000 4
  31   -2     -1.360      0.310      0.000 4
  32   -2     -1.358     -1.063      0.000 4
  33   -2     -1.344     -0.334      0.000 4
  24   -2     -1.341      0.478      0.000 4
  35   -2     -1.338      0.128      0.000 4
  -1   -2     -1.332     -0.471      0.000 4
  50   -2     -1.331     -1.173      0.000 4
  37   -2     -1.324      0.948      0.000 4
  38   -2     -1.322      1.007      0.000 4
  36   -2     -1.317      0.572      0.000 4
  39   -2     -1.315      0.258      0.000 4
  40   -2     -1.311     -0.179      0.000 4
  41   -2     -1.303      0.070      0.000 4
  43   -2     -1.300     -0.759      0.000 4
  44   -2     -1.299      0.855      0.000 4
  45   -2     -1.298      1.149      0.000 4
  47   -2     -1.288     -0.915      0.000 4
  -1   -2     -1.282      0.029      0.000 4
  52   -2     -1.275     -1.162      0.000 4
  51   -2     -1.272      0.637      0.000 4
  -1   -2     -1.256      1.073      0.000 4
  74   -2     -1.245      0.041      0.000 4
  53   -2     -1.244      0.002      0.000 4
  -1   -2     -1.238     -1.062      0.000 4
  58   -2     -1.233     -0.775      0.000 4
  56   -2     -1.233     -0.572      0.000 4
  57   -2     -1.231     -0.299      0.000 4
  59   -2     -1.230      0.934      0.000 4
  60   -2     -1.224      0.157      0.000 4
  -1   -2     -1.216     -1.026      0.000 4
  61   -2     -1.213      0.509      0.000 4
  -1   -2     -1.206     -0.481      0.000 4
  63   -2     -1.186      0.582      0.000 4
  -1   -2     -1.179     -0.418      0.000 4
  65   -2     -1.173     -0.598      0.000 4
  66   -2     -1.169     -0.815      0.000 4
  67   -2     -1.163      0.783      0.000 4
  70   -2     -1.162     -0.781      0.000 4
  69   -2     -1.158      0.473      0.000 4
  71   -2     -1.156      0.986      0.000 4
  72   -2     -1.143      0.950      0.000 4
  75   -2     -1.130     -0.998      0.000 4
  77   -2     -1.118      0.683      0.000 4
  78   -2     -1.116     -0.112      0.000 4
  79   -2     -1.108     -0.525      0.000 4
  80   -2     -1.107      0.994      0.000 4
  81   -2     -1.083      0.595      0.000 4
  82   -2     -1.079     -1.165      0.000 4
  83   -2     -1.065     -0.329      0.000 4
  84   -2     -1.059     -1.015      0.000 4
  86   -2     -1.032      0.381      0.000 4
  85   -2     -1.032      0.152      0.000 4
  88   -2     -1.017     -0.700      0.000 4
  87   -2     -1.017     -0.356      0.000 4
  89   -2     -1.016     -0.831      0.000 4
  -1   -2     -1.015     -0.887      0.000 4
  90   -2     -1.012      0.770      0.000 4
  92   -2     -1.008     -1.077      0.000 4
  -1   -2     -1.002      0.655      0.000 4
  94   -2     -0.996     -0.102      0.000 4
  96   -2     -0.986      0.998      0.000 4
  95   -2     -0.984     -0.271      0.000 4
  93   -2     -0.973     -0.980      0.000 4
  98   -2     -0.963      0.382      0.000 4
  99   -2     -0.961      0.888      0.000 4
 100   -2     -0.950      0.462      0.000 4
 101   -2     -0.949     -0.913      0.000 4
 103   -2     -0.928     -0.422      0.000 4
  -1   -2     -0.927     -0.158      0.000 4
  -1   -2     -0.917     -0.566      0.000 4
 105   -2     -0.912      0.378      0.000 4
 108   -2     -0.909      1.067      0.000 4
 107   -2     -0.906     -0.215      0.000 4
  -1   -2     -0.902     -0.760      0.000 4
 109   -2     -0.900      0.183      0.000 4
 110   -2     -0.897     -0.178      0.000 4
 112   -2     -0.868      0.331      0.000 4
 114   -2     -0.864      0.893      0.000 4
  -1   -2     -0.862      0.428      0.000 4
 115   -2     -0.840     -1.161      0.000 4
 111   -2     -0.839     -0.735      0.000 4
 117   -2     -0.831     -1.084      0.000 4
 118   -2     -0.827      0.565      0.000 4
 119   -2     -0.821      1.088      0.000 4
 123   -2     -0.814      1.043      0.000 4
 121   -2     -0.814     -0.692      0.000 4
 122   -2     -0.812     -0.612      0.000 4
 120   -2     -0.808     -0.942      0.000 4
 124   -2     -0.804      0.694      0.000 4
  -1   -2     -0.793     -0.095      0.000 4
 125   -2     -0.772     -0.448      0.000 4
 127   -2     -0.769      0.998      0.000 4
 128   -2     -0.768     -0.801      0.000 4
 130   -2     -0.757     -0.932      0.000 4
 131   -2     -0.754     -0.756      0.000 4
 134   -2     -0.746     -1.011      0.000 4
 137   -2     -0.743     -0.965      0.000 4
 133   -2     -0.742      0.822      0.000 4
 135   -2     -0.742     -0.144      0.000 4
 138   -2     -0.741      0.478      0.000 4
 139   -2     -0.740      0.896      0.000 4
 136   -2     -0.736     -0.223      0.000 4
  -1   -2     -0.720     -0.063      0.000 4
  -1   -2     -0.714      0.455      0.000 4
 141   -2     -0.707      0.995      0.000 4
 140   -2     -0.706     -0.016      0.000 4
 142   -2     -0.689      0.305      0.000 4
 146   -2     -0.684     -0.462      0.000 4
 148   -2     -0.678     -1.102      0.000 4
 147   -2     -0.675      1.084      0.000 4
 149   -2     -0.662      1.031      0.000 4
  -1   -2     -0.656      0.815      0.000 4
 150   -2     -0.653     -0.068      0.000 4
 151   -2     -0.644     -0.708      0.000 4
 153   -2     -0.635     -1.022      0.000 4
 152   -2     -0.635      0.029      0.000 4
 154   -2     -0.629     -0.578      0.000 4
  -1   -2     -0.628     -0.669      0.000 4
 165   -2     -0.620     -1.162      0.000 4
 155   -2     -0.616      0.757      0.000 4
  -1   -2     -0.615      1.109      0.000 4
 156   -2     -0.611     -0.166      0.000 4
 158   -2     -0.608      0.541      0.000 4
 157   -2     -0.604      0.139      0.000 4
 159   -2     -0.595     -0.597      0.000 4
 160   -2     -0.595     -0.794      0.000 4
 162   -2     -0.579     -0.121      0.000 4
 163   -2     -0.574     -0.953      0.000 4
 164   -2     -0.569      0.926      0.000 4
  -1   -2     -0.564     -0.734      0.000 4
 168   -2     -0.555     -0.810      0.000 4
  -1   -2     -0.552     -0.874      0.000 4
 170   -2     -0.548      1.099      0.000 4
 171   -2     -0.542     -0.337      0.000 4
 172   -2     -0.539     -1.094      0.000 4
 173   -2     -0.533     -0.471      0.000 4
 174   -2     -0.532     -0.547      0.000 4
 175   -2     -0.507     -0.311      0.000 4
 176   -2     -0.481     -0.557      0.000 4
 177   -2     -0.469      0.037      0.000 4
  -1   -2     -0.466      0.369      0.000 4
 179   -2     -0.465      1.033      0.000 4
 180   -2     -0.463      0.720      0.000 4
  -1   -2     -0.449     -1.111      0.000 4
 183   -2     -0.448      0.513      0.000 4
 182   -2     -0.447     -0.268      0.000 4
 184   -2     -0.439     -1.007      0.000 4
 178   -2     -0.438      0.281      0.000 4
 186   -2     -0.438     -0.733      0.000 4
 188   -2     -0.409     -0.904      0.000 4
 190   -2     -0.397      1.144      0.000 4
 189   -2     -0.395      0.071      0.000 4
 191   -2     -0.393      0.191      0.000 4
 187   -2     -0.379     -1.031      0.000 4
 193   -2     -0.378     -0.069      0.000 4
 192   -2     -0.375     -1.157      0.000 4
 195   -2     -0.367     -0.331      0.000 4
 196   -2     -0.367      1.144      0.000 4
  -1   -2     -0.367     -0.159      0.000 4
 199   -2     -0.351     -0.668      0.000 4
 198   -2     -0.349      0.483      0.000 4
 200   -2     -0.347     -0.576      0.000 4
 197   -2     -0.346      0.811      0.000 4
  -1   -2     -0.345      0.188      0.000 4
 201   -2     -0.340      1.072      0.000 4
  -1   -2     -0.338     -0.029      0.000 4
 203   -2     -0.338     -0.742      0.000 4
 204   -2     -0.331     -0.408      0.000 4
 206   -2     -0.324      0.564      0.000 4
 207   -2     -0.317      0.955      0.000 4
 208   -2     -0.312      0.350      0.000 4
 209   -2     -0.308     -0.225      0.000 4
 210   -2     -0.302     -1.015      0.000 4
 211   -2     -0.297     -0.343      0.000 4
 212   -2     -0.296     -1.069      0.000 4
 213   -2     -0.286     -0.303      0.000 4
 214   -2     -0.284     -0.927      0.000 4
  -1   -2     -0.279      0.568      0.000 4
 217   -2     -0.277     -1.162      0.000 4
 218   -2     -0.274     -0.653      0.000 4
 219   -2     -0.272     -0.838      0.000 4
 220   -2     -0.265      0.881      0.000 4
  -1   -2     -0.262      0.507      0.000 4
  -1   -2     -0.242      0.592      0.000 4
 221   -2     -0.231     -0.967      0.000 4
 216   -2     -0.229     -0.552      0.000 4
 222   -2     -0.221      0.327      0.000 4
 223   -2     -0.221     -1.092      0.000 4
 224   -2     -0.211     -0.769      0.000 4
 225   -2     -0.203     -0.229      0.000 4
 226   -2     -0.194     -0.474      0.000 4
 227   -2     -0.193      0.459      0.000 4
 234   -2     -0.176     -0.905      0.000 4
 228   -2     -0.171      0.797      0.000 4
  -1   -2     -0.149     -0.993      0.000 4
  -1   -2     -0.133     -0.599      0.000 4
 235   -2     -0.132     -0.012      0.000 4
 259   -2     -0.129     -1.144      0.000 4
  -1   -2     -0.129     -0.081      0.000 4
 237   -2     -0.111     -0.760      0.000 4
 232   -2     -0.107      0.063      0.000 4
 238   -2     -0.105     -0.322      0.000 4
 240   -2     -0.085      0.546      0.000 4
 241   -2     -0.081      0.702      0.000 4
 242   -2     -0.078     -0.240      0.000 4
 262   -2     -0.057     -0.120      0.000 4
 246   -2     -0.055      0.364      0.000 4
 247   -2     -0.052      0.789      0.000 4
  -1   -2     -0.050     -0.957      0.000 4
 249   -2     -0.046     -0.736      0.000 4
  -1   -2     -0.038     -0.605      0.000 4
 250   -2     -0.036      0.241      0.000 4
  -1   -2     -0.031     -0.212      0.000 4
 252   -2     -0.026      0.664      0.000 4
 253   -2     -0.024     -0.407      0.000 4
 254   -2     -0.021      0.389      0.000 4
 255   -2     -0.019     -0.996      0.000 4
 256   -2      0.002     -0.034      0.000 4
 270   -2      0.003      0.844      0.000 4
 257   -2      0.004      0.121      0.000 4
 258   -2      0.008      1.097      0.000 4
  -1   -2      0.010     -0.609      0.000 4
 260   -2      0.016     -0.571      0.000 4
  -1   -2      0.022      0.642      0.000 4
  -1   -2      0.032      0.592      0.000 4
 265   -2      0.053      0.652      0.000 4
 261   -2      0.056      0.358      0.000 4
 266   -2      0.057      0.029      0.000 4
 267   -2      0.058      1.021      0.000 4
  -1   -2      0.060     -0.294      0.000 4
  -1   -2      0.069     -1.164      0.000 4
 269   -2      0.069      0.742      0.000 4
 271   -2      0.079     -1.040      0.000 4
  -1   -2      0.095     -1.089      0.000 4
  -1   -2      0.101     -0.828      0.000 4
 272   -2      0.107      0.150      0.000 4
 273   -2      0.112      0.508      0.000 4
 274   -2      0.118      0.098      0.000 4
  -1   -2      0.124     -0.099      0.000 4
 276   -2      0.127      0.961      0.000 4
 279   -2      0.138     -0.949      0.000 4
 277   -2      0.138      0.767      0.000 4
 278   -2      0.153     -0.578      0.000 4
  -1   -2      0.153     -0.701      0.000 4
 280   -2      0.174      0.407      0.000 4
 282   -2      0.175     -0.797      0.000 4
 283   -2      0.190      1.082      0.000 4
 289   -2      0.199      0.631      0.000 4
 285   -2      0.200     -0.548      0.000 4
  -1   -2      0.203      1.164      0.000 4
 286   -2      0.209      0.004      0.000 4
 288   -2      0.215     -1.125      0.000 4
 287   -2      0.218     -0.370      0.000 4
 290   -2      0.231     -0.203      0.000 4
 292   -2      0.235     -0.999      0.000 4
 291   -2      0.236      1.081      0.000 4
  -1   -2      0.249      0.891      0.000 4
 295   -2      0.251     -0.452      0.000 4
 294   -2      0.252      0.818      0.000 4
 296   -2      0.256      0.262      0.000 4
 297   -2      0.260      0.130      0.000 4
  -1   -2      0.280     -0.954      0.000 4
 299   -2      0.291     -0.182      0.000 4
 300   -2      0.296      0.039      0.000 4
 301   -2      0.299     -0.251      0.000 4
 302   -2      0.301     -0.400      0.000 4
  -1   -2      0.304      0.200      0.000 4
 298   -2      0.305     -1.119      0.000 4
 304   -2      0.310      1.131      0.000 4
  -1   -2      0.321     -0.688      0.000 4
 305   -2      0.331      0.733      0.000 4
 307   -2      0.343      0.044      0.000 4
  -1   -2      0.345     -1.168      0.000 4
 309   -2      0.349      0.323      0.000 4
 306   -2      0.362     -0.484      0.000 4
  -1   -2      0.365      1.035      0.000 4
 310   -2      0.366      0.175      0.000 4
 313   -2      0.371     -0.902      0.000 4
 314   -2      0.379     -0.538      0.000 4
 315   -2      0.385      0.986      0.000 4
 316   -2      0.389     -0.019      0.000 4
 317   -2      0.390     -1.072      0.000 4
 318   -2      0.396      0.789      0.000 4
 308   -2      0.406     -1.165      0.000 4
 319   -2      0.409     -0.752      0.000 4
 321   -2      0.413      0.696      0.000 4
 320   -2      0.416     -0.977      0.000 4
 323   -2      0.417      0.350      0.000 4
 325   -2      0.421      0.824      0.000 4
 324   -2      0.425     -0.676      0.000 4
  -1   -2      0.426      0.049      0.000 4
 326   -2      0.431     -0.497      0.000 4
 327   -2      0.437     -0.052      0.000 4
  -1   -2      0.463      0.850      0.000 4
 331   -2      0.465      0.998      0.000 4
 329   -2      0.467      0.771      0.000 4
 328   -2      0.480     -0.872      0.000 4
 332   -2      0.481     -0.693      0.000 4
 334   -2      0.492     -1.153      0.000 4
 335   -2      0.505     -1.021      0.000 4
 336   -2      0.507     -0.057      0.000 4
 337   -2      0.510      0.934      0.000 4
 338   -2      0.512     -0.404      0.000 4
 339   -2      0.514      0.564      0.000 4
 340   -2      0.520     -0.636      0.000 4
  -1   -2      0.522      0.604      0.000 4
 342   -2      0.531      0.998      0.000 4
 343   -2      0.533     -0.979      0.000 4
 344   -2      0.537      0.360      0.000 4
 345   -2      0.554      1.129      0.000 4
 346   -2      0.554      0.897      0.000 4
 347   -2      0.559     -1.023      0.000 4
 349   -2      0.562      0.543      0.000 4
  -1   -2      0.564      0.682      0.000 4
  -1   -2      0.569     -1.173      0.000 4
 348   -2      0.577      0.586      0.000 4
 351   -2      0.587     -0.801      0.000 4
 350   -2      0.588     -0.442      0.000 4
  -1   -2      0.600     -0.729      0.000 4
 352   -2      0.605      0.934      0.000 4
 354   -2      0.612      1.022      0.000 4
 355   -2      0.613     -0.517      0.000 4
 356   -2      0.614     -0.009      0.000 4
 357   -2      0.618     -0.890      0.000 4
 353   -2      0.620     -1.046      0.000 4
 358   -2      0.634      0.285      0.000 4
 359   -2      0.648      0.325      0.000 4
  -1   -2      0.651      0.928      0.000 4
  -1   -2      0.657     -0.025      0.000 4
 362   -2      0.660     -0.405      0.000 4
 361   -2      0.665     -1.170      0.000 4
 364   -2      0.676      0.374      0.000 4
 365   -2      0.677      0.429      0.000 4
 366   -2      0.686     -1.072      0.000 4
 367   -2      0.688     -0.896      0.000 4
 363   -2      0.690     -0.734      0.000 4
 368   -2      0.697      0.698      0.000 4
 369   -2      0.697     -0.082      0.000 4
 370   -2      0.701      1.155      0.000 4
  -1   -2      0.716      0.473      0.000 4
  -1   -2      0.724     -0.823      0.000 4
 371   -2      0.727     -0.920      0.000 4
 372   -2      0.728     -0.669      0.000 4
  -1   -2      0.731      0.908      0.000 4
 373   -2      0.737     -0.039      0.000 4
 374   -2      0.743      0.105      0.000 4
  -1   -2      0.746     -0.239      0.000 4
  -1   -2      0.747     -1.100      0.000 4
  -1   -2      0.751      0.981      0.000 4
 377   -2      0.772      0.182      0.000 4
  -1   -2      0.780      0.670      0.000 4
 380   -2      0.783      0.955      0.000 4
  -1   -2      0.786      0.327      0.000 4
 383   -2      0.787      0.459      0.000 4
 381   -2      0.788     -1.046      0.000 4
 382   -2      0.789      0.558      0.000 4
 388   -2      0.789     -1.147      0.000 4
 384   -2      0.791     -0.154      0.000 4
  -1   -2      0.799      0.517      0.000 4
 385   -2      0.803      0.704      0.000 4
 386   -2      0.806     -0.275      0.000 4
 387   -2      0.811      0.754      0.000 4
  -1   -2      0.816      0.038      0.000 4
 389   -2      0.820      0.816      0.000 4
 379   -2      0.820      0.256      0.000 4
  -1   -2      0.821     -0.624      0.000 4
 392   -2      0.833     -0.810      0.000 4
 394   -2      0.841     -0.463      0.000 4
  -1   -2      0.851      0.920      0.000 4
 395   -2      0.856     -1.078      0.000 4
 396   -2      0.857      0.561      0.000 4
 399   -2      0.864      0.482      0.000 4
 400   -2      0.867      1.126      0.000 4
 398   -2      0.868     -0.286      0.000 4
 401   -2      0.873     -0.547      0.000 4
 402   -2      0.875     -0.149      0.000 4
  -1   -2      0.877     -0.249      0.000 4
  -1   -2      0.893     -0.875      0.000 4
 404   -2      0.897     -0.803      0.000 4
  -1   -2      0.901     -1.150      0.000 4
 406   -2      0.902     -1.006      0.000 4
 408   -2      0.902     -0.024      0.000 4
 410   -2      0.919     -0.694      0.000 4
 409   -2      0.928     -0.861      0.000 4
 411   -2      0.931     -0.999      0.000 4
  -1   -2      0.935      0.794      0.000 4
  -1   -2      0.941     -1.076      0.000 4
 415   -2      0.945      0.010      0.000 4
 412   -2      0.949      0.717      0.000 4
  -1   -2      0.958     -0.319      0.000 4
 416   -2      0.962      0.275      0.000 4
  -1   -2      0.966     -0.035      0.000 4
 417   -2      0.966     -0.873      0.000 4
 428   -2      0.971     -0.386      0.000 4
 420   -2      0.975     -0.579      0.000 4
 422   -2      0.983      0.111      0.000 4
  -1   -2      0.984     -1.111      0.000 4
 424   -2      0.988     -1.174      0.000 4
 429   -2      0.990     -1.103      0.000 4
 425   -2      0.992      0.860      0.000 4
  -1   -2      1.011      0.217      0.000 4
 427   -2      1.025     -0.671      0.000 4
 426   -2      1.025      0.993      0.000 4
  -1   -2      1.030     -0.311      0.000 4
  -1   -2      1.055      0.719      0.000 4
 430   -2      1.057     -0.618      0.000 4
  -1   -2      1.063     -0.552      0.000 4
 431   -2      1.072     -1.173      0.000 4
  -1   -2      1.090      0.043      0.000 4
 432   -2      1.091      1.039      0.000 4
  -1   -2      1.106     -0.934      0.000 4
 433   -2      1.107     -0.510      0.000 4
 434   -2      1.108      0.291      0.000 4
  -1   -2      1.116      0.652      0.000 4
 435   -2      1.125     -0.733      0.000 4
  -1   -2      1.132      0.959      0.000 4
 436   -2      1.132      0.557      0.000 4
  -1   -2      1.136     -0.810      0.000 4
 437   -2      1.137     -1.167      0.000 4
 439   -2      1.144      0.394      0.000 4
 438   -2      1.144     -0.325      0.000 4
 440   -2      1.161     -1.030      0.000 4
 442   -2      1.166     -0.452      0.000 4
 444   -2      1.192     -0.508      0.000 4
 445   -2      1.196      0.982      0.000 4
  -1   -2      1.201      0.422      0.000 4
 448   -2      1.213      0.906      0.000 4
  -1   -2      1.243      0.701      0.000 4
 452   -2      1.248     -0.416      0.000 4
 454   -2      1.263      0.185      0.000 4
 455   -2      1.273      0.115      0.000 4
 456   -2      1.275     -0.489      0.000 4
  -1   -2      1.282      0.734      0.000 4
 457   -2      1.310      0.486      0.000 4
 458   -2      1.311      0.238      0.000 4
 459   -2      1.323     -0.176      0.000 4
 460   -2      1.335     -0.269      0.000 4
 462   -2      1.341     -0.984      0.000 4
 463   -2      1.344      1.049      0.000 4
 461   -2      1.352     -1.171      0.000 4
 464   -2      1.353      0.542      0.000 4
 465   -2      1.359     -0.836      0.000 4
 466   -2      1.359     -0.319      0.000 4
  -1   -2      1.361      1.152      0.000 4
 467   -2      1.364     -0.375      0.000 4
  -1   -2      1.373     -0.125      0.000 4
 468   -2      1.378     -0.891      0.000 4
 470   -2      1.383      0.263      0.000 4
 472   -2      1.395      0.758      0.000 4
 473   -2      1.400     -0.838      0.000 4
 484   -2      1.405     -1.087      0.000 4
 476   -2      1.425      0.394      0.000 4
 475   -2      1.426      0.990      0.000 4
 479   -2      1.431     -0.013      0.000 4
 483   -2      1.440     -0.941      0.000 4
 480   -2      1.442     -0.133      0.000 4
 482   -2      1.446     -0.182      0.000 4
 485   -2      1.450      0.093      0.000 4
 486   -2      1.458     -0.633      0.000 4
 487   -2      1.465      0.637      0.000 4
 488   -2      1.468      0.525      0.000 4
  -1   -2      1.472     -1.070      0.000 4
 489   -2      1.478     -0.379      0.000 4
 490   -2      1.485      0.347      0.000 4
 491   -2      1.496      1.005      0.000 4
 492   -2      1.500      1.125      0.000 4
 493   -2      1.511     -0.492      0.000 4
 494   -2      1.519     -1.086      0.000 4
 495   -2      1.519      0.407      0.000 4
 496   -2      1.522      0.770      0.000 4
  -1   -2      1.531     -0.131      0.000 4
 497   -2      1.533      1.044      0.000 4
 498   -2      1.537     -0.793      0.000 4
 499   -2      1.539     -0.912      0.000 4
 500   -2      1.546     -0.685      0.000 4
