516
   0    9     -1.569      0.521      0.000 4
   1    0     -1.555      0.374      0.000 4
   2    1     -1.550      0.789      0.000 4
   3    2     -1.549     -0.993      0.000 4
  -1   -2     -1.540     -0.853      0.000 4
   4   -2     -1.537     -0.010      0.000 4
  12   -2     -1.535     -1.115      0.000 4
  -1    5     -1.531      0.880      0.000 4
   5    4     -1.528     -0.045      0.000 4
   7    6     -1.525      0.241      0.000 4
  -1   -2     -1.493     -0.101      0.000 4
  15   11     -1.474     -1.107      0.000 4
  14   13     -1.472      0.205      0.000 4
  16   12     -1.464      0.801      0.000 4
  17   10     -1.463     -0.919      0.000 4
  18   14     -1.461      0.947      0.000 4
  20   17     -1.455      0.604      0.000 4
  19   16     -1.455      0.483      0.000 4
  21   19     -1.454      0.266      0.000 4
  22   18     -1.450     -0.252      0.000 4
  23   22     -1.441      0.377      0.000 4
  25   23     -1.430     -0.551      0.000 4
  27   25     -1.418      0.149      0.000 4
  28   24     -1.417      0.523      0.000 4
   8   -2     -1.409     -0.653      0.000 4
  29   -2     -1.400     -0.067      0.000 4
  30   28     -1.395      0.449      0.000 4
  31   27     -1.393     -0.308      0.000 4
  -1   29     -1.385      0.657      0.000 4
  34   30     -1.381     -1.118      0.000 4
  35   32     -1.373      0.705      0.000 4
  36   35     -1.372      1.055      0.000 4
  33   31     -1.370      0.316      0.000 4
  38   33     -1.367     -0.982      0.000 4
  37   34     -1.366     -0.839      0.000 4
  39   36     -1.357     -0.345      0.000 4
  -1   -2     -1.357      0.131      0.000 4
  40   38     -1.350     -1.083      0.000 4
  42   39     -1.335      0.266      0.000 4
  41   41     -1.335      0.586      0.000 4
  -1   -2     -1.331      0.976      0.000 4
  45   44     -1.325      0.068      0.000 4
  44   43     -1.323      1.023      0.000 4
  -1   -2     -1.311     -1.171      0.000 4
  48   45     -1.307      0.874      0.000 4
  -1   46     -1.304      0.028      0.000 4
  50   47     -1.299     -0.776      0.000 4
  51   48     -1.287     -0.940      0.000 4
  -1   -2     -1.286      0.650      0.000 4
  52   -2     -1.266      0.002      0.000 4
  43   -2     -1.265     -0.372      0.000 4
  54   50     -1.263      0.038      0.000 4
  55   51     -1.261     -0.654      0.000 4
  56   -2     -1.255      0.715      0.000 4
  57   52     -1.250      0.161      0.000 4
  58   53     -1.250     -0.309      0.000 4
  -1   55     -1.246      0.306      0.000 4
  59   54     -1.240     -0.585      0.000 4
  -1   -2     -1.238      0.617      0.000 4
  61   -2     -1.237      0.998      0.000 4
  60   57     -1.234      0.520      0.000 4
  63   56     -1.233      0.948      0.000 4
  62   58     -1.233     -0.787      0.000 4
  64   60     -1.216     -0.490      0.000 4
  -1   59     -1.206     -1.041      0.000 4
  67   -2     -1.204     -1.151      0.000 4
  66   62     -1.200      0.369      0.000 4
  69   63     -1.181      0.600      0.000 4
  70   64     -1.178     -0.603      0.000 4
  68   66     -1.174      0.796      0.000 4
  71   67     -1.170     -0.829      0.000 4
  72   68     -1.163     -0.792      0.000 4
  -1   -2     -1.158     -0.004      0.000 4
  73   -2     -1.157     -0.962      0.000 4
  75   70     -1.140     -0.111      0.000 4
  76   71     -1.134      0.695      0.000 4
  -1   76     -1.130      0.599      0.000 4
  77   72     -1.126     -1.021      0.000 4
  -1   -2     -1.122     -0.984      0.000 4
  78   75     -1.111      1.005      0.000 4
  79   -2     -1.102      0.607      0.000 4
  81   77     -1.084     -0.331      0.000 4
  82   78     -1.075     -1.168      0.000 4
  83   79     -1.058      0.384      0.000 4
  84   81     -1.056      0.628      0.000 4
  -1   80     -1.051     -0.663      0.000 4
  86   -2     -1.042      0.421      0.000 4
  87   82     -1.035     -0.361      0.000 4
  88   83     -1.026      0.052      0.000 4
  89   84     -1.024      0.776      0.000 4
  91   87     -1.024     -0.706      0.000 4
  90   85     -1.021     -0.102      0.000 4
  92   86     -1.016     -0.838      0.000 4
  -1   -2     -1.009     -0.663      0.000 4
  93   88     -1.007     -0.273      0.000 4
  95   91     -0.990      0.386      0.000 4
  96   90     -0.988      1.006      0.000 4
  97   92     -0.972      0.464      0.000 4
  98   94     -0.970      0.893      0.000 4
  99   93     -0.964     -0.983      0.000 4
 100   95     -0.955      0.566      0.000 4
 101   96     -0.955     -0.157      0.000 4
 103   97     -0.949     -0.918      0.000 4
 102  100     -0.947     -0.423      0.000 4
 105  101     -0.938      0.379      0.000 4
 106  103     -0.930     -0.215      0.000 4
  -1  104     -0.916      0.764      0.000 4
 108  106     -0.909      1.073      0.000 4
 109  107     -0.906     -1.073      0.000 4
  -1  108     -0.905     -0.761      0.000 4
 110  109     -0.896      0.333      0.000 4
  -1   -2     -0.885      0.429      0.000 4
 111  111     -0.871      0.895      0.000 4
 112  112     -0.852      0.565      0.000 4
  -1   -2     -0.850      0.739      0.000 4
 113  113     -0.848     -0.734      0.000 4
 114  114     -0.847     -1.163      0.000 4
 115   -2     -0.830      0.303      0.000 4
  -1  117     -0.824     -0.690      0.000 4
 118  118     -0.823     -0.611      0.000 4
 116  115     -0.823     -1.088      0.000 4
  -1   -2     -0.822     -0.936      0.000 4
 121  116     -0.822      1.088      0.000 4
 122  119     -0.819      0.693      0.000 4
 124  120     -0.815      1.044      0.000 4
 125  122     -0.788     -0.445      0.000 4
 126  123     -0.779     -0.494      0.000 4
 128  124     -0.776      0.996      0.000 4
  -1  130     -0.776      0.776      0.000 4
  -1   -2     -0.773     -0.335      0.000 4
 129  126     -0.766     -0.141      0.000 4
 130  127     -0.764     -0.221      0.000 4
 131  128     -0.760     -0.755      0.000 4
 133   -2     -0.758      0.820      0.000 4
 132  136     -0.754      0.464      0.000 4
 134  134     -0.749     -0.945      0.000 4
 136  131     -0.747      0.893      0.000 4
  -1  137     -0.747     -1.164      0.000 4
  -1  139     -0.745      0.333      0.000 4
 137  132     -0.744     -1.011      0.000 4
 139  135     -0.739     -0.016      0.000 4
 140  133     -0.729     -0.069      0.000 4
 143  141     -0.712      0.398      0.000 4
 142   -2     -0.707      0.291      0.000 4
 145  142     -0.701     -0.459      0.000 4
 147  143     -0.683     -1.127      0.000 4
 146  146     -0.677     -0.064      0.000 4
  -1   -2     -0.677      0.389      0.000 4
 148  145     -0.677      1.079      0.000 4
 152  147     -0.670     -1.169      0.000 4
 150  151     -0.661      0.031      0.000 4
 151  149     -0.660     -1.086      0.000 4
  -1   -2     -0.656     -0.367      0.000 4
 153  152     -0.651      1.162      0.000 4
 154  154     -0.647     -0.576      0.000 4
 155  156     -0.634     -0.161      0.000 4
  -1  155     -0.634     -1.016      0.000 4
 156  157     -0.632      0.141      0.000 4
 157  158     -0.628      0.749      0.000 4
 159  160     -0.601     -0.115      0.000 4
  -1  161     -0.601     -0.787      0.000 4
 161  163     -0.589     -1.115      0.000 4
 162  164     -0.578      0.916      0.000 4
  -1   -2     -0.569     -0.564      0.000 4
 158   -2     -0.564     -1.007      0.000 4
 163  166     -0.561     -0.327      0.000 4
 164  165     -0.560     -0.800      0.000 4
 165  169     -0.550     -0.460      0.000 4
 166  167     -0.548      1.089      0.000 4
 167  168     -0.546     -0.538      0.000 4
  -1  171     -0.541     -1.167      0.000 4
  -1  170     -0.536     -1.086      0.000 4
 169   -2     -0.528     -0.303      0.000 4
 171  172     -0.499      0.844      0.000 4
 170  174     -0.495      0.039      0.000 4
 172  173     -0.495     -0.544      0.000 4
 173  175     -0.485      0.361      0.000 4
 174  176     -0.477      0.708      0.000 4
 176  178     -0.473      0.504      0.000 4
  -1   -2     -0.472      0.568      0.000 4
 177  179     -0.470     -0.258      0.000 4
 179  180     -0.464      0.277      0.000 4
 180   -2     -0.462     -1.167      0.000 4
 181  182     -0.446     -0.721      0.000 4
  -1  181     -0.443     -1.096      0.000 4
  -1   -2     -0.443     -0.326      0.000 4
  -1   -2     -0.440      0.035      0.000 4
  -1   -2     -0.438      0.287      0.000 4
 182  183     -0.438     -0.994      0.000 4
 183  184     -0.418      0.075      0.000 4
 184  185     -0.415      0.191      0.000 4
 185  186     -0.411     -0.888      0.000 4
 186  187     -0.397     -0.063      0.000 4
  -1  192     -0.397      1.129      0.000 4
 187  189     -0.385     -0.149      0.000 4
 188  190     -0.385     -0.320      0.000 4
 189  191     -0.378     -1.012      0.000 4
 190  194     -0.368      0.475      0.000 4
  -1   -2     -0.368     -0.619      0.000 4
 191   -2     -0.367      1.124      0.000 4
 193  195     -0.361      0.127      0.000 4
 194  196     -0.359     -0.654      0.000 4
 196  198     -0.358      0.794      0.000 4
 195  197     -0.357     -0.558      0.000 4
 198  200     -0.343      1.052      0.000 4
 199  201     -0.342     -0.722      0.000 4
  -1   -2     -0.338      0.552      0.000 4
 201  203     -0.327      0.344      0.000 4
 202  204     -0.323     -0.212      0.000 4
 203  205     -0.323      0.934      0.000 4
 204   -2     -0.312     -0.329      0.000 4
 205  206     -0.304     -0.290      0.000 4
 206  207     -0.302     -0.994      0.000 4
 209  213     -0.296     -1.150      0.000 4
 207  209     -0.294     -1.048      0.000 4
 210  212     -0.282     -0.632      0.000 4
 212  214     -0.277     -0.815      0.000 4
  -1   -2     -0.273     -1.147      0.000 4
 213  216     -0.272      0.861      0.000 4
 216  211     -0.272      0.572      0.000 4
 214  217     -0.236      0.320      0.000 4
 217  220     -0.226     -1.093      0.000 4
  -1  222     -0.220     -0.147      0.000 4
 219  223     -0.218     -0.748      0.000 4
 220  225     -0.217     -0.224      0.000 4
 225  224     -0.212      1.146      0.000 4
 221  226     -0.206      0.448      0.000 4
 222  227     -0.203     -0.454      0.000 4
 223  228     -0.178      0.775      0.000 4
 224  229     -0.175      0.119      0.000 4
 228   -2     -0.144     -0.006      0.000 4
  -1  231     -0.143      0.416      0.000 4
 226  232     -0.143     -0.578      0.000 4
 227   -2     -0.140     -0.859      0.000 4
 229  233     -0.136     -1.104      0.000 4
 235   -2     -0.130     -1.110      0.000 4
  -1   -2     -0.125     -0.160      0.000 4
  -1  234     -0.125     -0.073      0.000 4
  -1  221     -0.122      0.932      0.000 4
  -1  236     -0.120      0.011      0.000 4
 230  235     -0.120     -0.314      0.000 4
 231  237     -0.114     -0.738      0.000 4
  -1  238     -0.103     -1.173      0.000 4
 232  239     -0.096     -0.908      0.000 4
 233  240     -0.092      0.527      0.000 4
 234  241     -0.089     -0.226      0.000 4
 236  242     -0.086      0.682      0.000 4
 237  244     -0.083     -0.022      0.000 4
 238  245     -0.068     -0.108      0.000 4
 242  249     -0.056     -0.716      0.000 4
 241  250     -0.055      0.766      0.000 4
 243   -2     -0.054     -0.776      0.000 4
 244  251     -0.044      0.237      0.000 4
 245  252     -0.040     -0.198      0.000 4
  -1   -2     -0.033     -0.353      0.000 4
 246  253     -0.031     -0.388      0.000 4
 247  254     -0.029      0.644      0.000 4
 248  255     -0.028      0.379      0.000 4
 249  256     -0.004     -0.030      0.000 4
 250  257      0.001      0.121      0.000 4
 252  258      0.007     -0.586      0.000 4
 254  259      0.011      1.068      0.000 4
 253  260      0.012     -0.547      0.000 4
 256  261      0.017      0.622      0.000 4
  -1   -2      0.018     -0.707      0.000 4
 258   -2      0.020     -1.137      0.000 4
 257   -2      0.020      0.943      0.000 4
  -1  262      0.041     -0.997      0.000 4
 260  264      0.048      0.028      0.000 4
 261  265      0.055      0.632      0.000 4
 262  263      0.055      0.374      0.000 4
 263  266      0.060      0.992      0.000 4
  -1  272      0.067     -1.167      0.000 4
 264  267      0.067      0.719      0.000 4
 267  269      0.075     -0.081      0.000 4
 269  270      0.077     -0.232      0.000 4
 268  271      0.077     -1.010      0.000 4
 270  287      0.099     -0.798      0.000 4
 271  274      0.105      0.149      0.000 4
  -1  277      0.105     -0.162      0.000 4
 272  275      0.113      0.493      0.000 4
 273  276      0.115      0.100      0.000 4
 274   -2      0.124      1.055      0.000 4
  -1  278      0.126      0.957      0.000 4
 266   -2      0.132      0.921      0.000 4
  -1  281      0.140     -0.954      0.000 4
 277  283      0.144      1.136      0.000 4
 278  284      0.147      0.200      0.000 4
 279  285      0.151     -0.553      0.000 4
 280  286      0.153     -0.674      0.000 4
  -1  288      0.170     -0.128      0.000 4
 281  289      0.171      0.395      0.000 4
 282  290      0.176     -0.767      0.000 4
  -1   -2      0.191      1.048      0.000 4
  -1  293      0.202      0.611      0.000 4
 284  294      0.210      0.009      0.000 4
 285  295      0.213     -1.095      0.000 4
 286   -2      0.220     -0.356      0.000 4
 290  296      0.228     -0.967      0.000 4
 288  297      0.233     -0.189      0.000 4
 289  298      0.236      1.052      0.000 4
 291  299      0.247      0.130      0.000 4
 294  300      0.254     -0.430      0.000 4
  -1  301      0.255      0.803      0.000 4
  -1   -2      0.258     -0.983      0.000 4
 295  303      0.261      0.258      0.000 4
  -1  302      0.261      1.022      0.000 4
  -1  304      0.270      0.168      0.000 4
 296   -2      0.272     -0.917      0.000 4
  -1   -2      0.273      0.495      0.000 4
 298  307      0.283     -0.179      0.000 4
  -1   -2      0.287     -0.485      0.000 4
  -1   -2      0.300      0.975      0.000 4
 299  308      0.300      0.042      0.000 4
 302  310      0.303     -0.238      0.000 4
 301  311      0.306     -1.091      0.000 4
 303  309      0.307     -1.173      0.000 4
 304  312      0.310      1.102      0.000 4
 305  315      0.351      0.045      0.000 4
 297   -2      0.353      0.726      0.000 4
 306  316      0.357      0.317      0.000 4
 307   -2      0.360      0.245      0.000 4
 308  317      0.367     -0.464      0.000 4
 309  318      0.369      0.172      0.000 4
 310  319      0.371     -0.878      0.000 4
  -1  321      0.383     -0.518      0.000 4
  -1   -2      0.391      0.961      0.000 4
 314  323      0.396     -0.014      0.000 4
  -1   -2      0.402      0.767      0.000 4
 315  332      0.404      1.099      0.000 4
 317  326      0.416     -0.956      0.000 4
 313  341      0.428     -1.174      0.000 4
 320  328      0.429      0.341      0.000 4
  -1  329      0.430      0.805      0.000 4
 319  331      0.430     -0.651      0.000 4
 321  333      0.437     -0.481      0.000 4
  -1   -2      0.442     -0.858      0.000 4
 322  334      0.447     -0.046      0.000 4
 324  336      0.468      0.541      0.000 4
  -1   -2      0.471     -0.399      0.000 4
 325  337      0.471      0.973      0.000 4
 326  338      0.474      0.827      0.000 4
 329  339      0.482     -0.851      0.000 4
 328  340      0.485     -0.680      0.000 4
 323   -2      0.492     -1.166      0.000 4
 331  342      0.504     -1.005      0.000 4
 332   -2      0.516     -0.399      0.000 4
 334  344      0.523     -0.054      0.000 4
 336  346      0.527      0.548      0.000 4
 335  345      0.527     -0.620      0.000 4
 338  347      0.531      0.589      0.000 4
 337  349      0.535     -0.963      0.000 4
  -1  348      0.539     -0.476      0.000 4
 339  350      0.539      0.976      0.000 4
 340  351      0.553      0.353      0.000 4
 341  353      0.558      1.106      0.000 4
 342  354      0.560     -1.007      0.000 4
 343  355      0.564      0.875      0.000 4
 344  356      0.572      0.605      0.000 4
  -1   -2      0.578     -1.174      0.000 4
 345  357      0.580      0.529      0.000 4
 346  358      0.590     -0.788      0.000 4
 347   -2      0.611     -0.719      0.000 4
 348  361      0.612     -1.035      0.000 4
 352  362      0.615      0.915      0.000 4
 355  366      0.619      0.998      0.000 4
 354  367      0.619     -0.877      0.000 4
 356  365      0.624     -0.504      0.000 4
 357  368      0.628     -0.008      0.000 4
 359  364      0.646      0.278      0.000 4
 358  370      0.653     -1.166      0.000 4
 360  373      0.663      0.320      0.000 4
  -1  372      0.665     -0.070      0.000 4
 361  374      0.674     -0.394      0.000 4
 362  375      0.678     -0.676      0.000 4
  -1  376      0.682     -0.932      0.000 4
 363  377      0.692     -0.888      0.000 4
  -1  379      0.694     -0.724      0.000 4
 364  378      0.696      0.365      0.000 4
 365  380      0.696      0.418      0.000 4
 366  381      0.706      1.136      0.000 4
 367  382      0.715      0.681      0.000 4
  -1  383      0.715     -0.079      0.000 4
 368  385      0.724     -0.914      0.000 4
 369  384      0.725     -0.212      0.000 4
 370  386      0.735     -0.661      0.000 4
  -1  387      0.744      0.890      0.000 4
 371  388      0.756     -0.036      0.000 4
 372   -2      0.761      0.964      0.000 4
 373   -2      0.764      0.105      0.000 4
 374  389      0.775     -0.843      0.000 4
 375  392      0.787     -1.039      0.000 4
 376  393      0.792      0.178      0.000 4
 377  395      0.795      0.944      0.000 4
 378  391      0.808      0.127      0.000 4
 381  398      0.809     -0.151      0.000 4
  -1  399      0.809      0.320      0.000 4
  -1  397      0.809      0.547      0.000 4
 380  396      0.809      0.450      0.000 4
 382  400      0.814     -0.268      0.000 4
 383  402      0.819     -0.887      0.000 4
 384  401      0.821      0.687      0.000 4
 385  403      0.827      0.742      0.000 4
  -1   -2      0.831     -0.621      0.000 4
 386  404      0.832      0.805      0.000 4
 379   -2      0.835     -1.143      0.000 4
 387  405      0.837     -0.808      0.000 4
 390  406      0.842      0.250      0.000 4
 389  408      0.844     -0.293      0.000 4
 388  407      0.852     -0.460      0.000 4
  -1   -2      0.852      0.405      0.000 4
 392  409      0.855     -1.075      0.000 4
  -1   -2      0.856     -1.136      0.000 4
 393  410      0.864      1.105      0.000 4
 394  411      0.875      0.838      0.000 4
  -1   -2      0.877     -0.331      0.000 4
 395  412      0.878      0.551      0.000 4
 396  413      0.883     -0.544      0.000 4
 397  417      0.887      0.475      0.000 4
 399  414      0.890     -0.243      0.000 4
 400  415      0.890     -0.149      0.000 4
 401   -2      0.901     -0.802      0.000 4
 402  418      0.903     -1.006      0.000 4
 403  420      0.903     -0.943      0.000 4
 405   -2      0.913      0.029      0.000 4
 404  421      0.914     -0.868      0.000 4
 406  422      0.924     -0.026      0.000 4
  -1   -2      0.940     -1.077      0.000 4
 409   -2      0.941     -0.233      0.000 4
 410  426      0.949      0.786      0.000 4
 411  427      0.954      0.687      0.000 4
 413  428      0.969      0.006      0.000 4
 414  429      0.973     -0.320      0.000 4
  -1  431      0.976     -0.041      0.000 4
  -1   -2      0.981     -0.121      0.000 4
 415  432      0.982     -0.581      0.000 4
 417  433      0.987     -1.106      0.000 4
 425  434      0.990      0.275      0.000 4
  -1  419      0.997     -0.812      0.000 4
 420   -2      0.999      0.180      0.000 4
 423  435      1.001      0.111      0.000 4
 422  436      1.008      0.852      0.000 4
  -1   -2      1.018      1.043      0.000 4
 424  438      1.031      0.984      0.000 4
 427  439      1.064     -0.625      0.000 4
  -1   -2      1.065     -0.892      0.000 4
 429  440      1.070     -1.173      0.000 4
 431  441      1.089     -0.551      0.000 4
 432  442      1.096      1.037      0.000 4
 428   -2      1.110     -0.941      0.000 4
 434  444      1.117     -0.519      0.000 4
 435  445      1.122     -0.048      0.000 4
 433  452      1.124     -0.979      0.000 4
 436  446      1.130     -0.742      0.000 4
  -1   -2      1.136      1.026      0.000 4
 438  448      1.141     -0.825      0.000 4
 442  450      1.154      0.554      0.000 4
 441   -2      1.157     -1.043      0.000 4
 446  447      1.158     -1.171      0.000 4
 444  455      1.166      0.392      0.000 4
 443  454      1.168      1.108      0.000 4
 445  456      1.176     -0.457      0.000 4
 447  461      1.192      0.023      0.000 4
 449  458      1.197     -1.131      0.000 4
 450  459      1.200     -0.146      0.000 4
 451  457      1.201     -0.514      0.000 4
 452  460      1.207      0.984      0.000 4
 454  463      1.230     -0.457      0.000 4
 455  462      1.231      0.913      0.000 4
 456  467      1.259     -0.427      0.000 4
 459  469      1.285     -0.504      0.000 4
 461  470      1.287      0.177      0.000 4
 462  473      1.331      0.493      0.000 4
 464  474      1.332      0.238      0.000 4
  -1   -2      1.332     -0.646      0.000 4
 465  475      1.335     -0.191      0.000 4
 466  476      1.341     -1.003      0.000 4
 467  477      1.347     -0.280      0.000 4
 468  478      1.351      1.059      0.000 4
 460  479      1.352     -1.163      0.000 4
 469  480      1.363     -0.856      0.000 4
 472  484      1.369     -0.395      0.000 4
 471  482      1.369     -0.335      0.000 4
 470   -2      1.371     -1.099      0.000 4
 473  483      1.372      0.550      0.000 4
 474  485      1.378     -0.917      0.000 4
 475  486      1.387     -0.133      0.000 4
 477  487      1.402      0.265      0.000 4
 478  488      1.405     -0.858      0.000 4
 480  489      1.412      0.772      0.000 4
  -1  491      1.419      0.118      0.000 4
 481  493      1.432     -0.944      0.000 4
  -1  492      1.432      0.996      0.000 4
 483  494      1.443      0.400      0.000 4
 484  495      1.444     -0.019      0.000 4
 485  496      1.452     -0.144      0.000 4
 486  500      1.461     -0.198      0.000 4
 487  499      1.463     -0.654      0.000 4
  -1   -2      1.464     -0.620      0.000 4
  -1  497      1.464     -1.084      0.000 4
 488  498      1.466      0.089      0.000 4
 490  501      1.472      0.009      0.000 4
 492  502      1.482      0.652      0.000 4
 493  503      1.484      0.537      0.000 4
 494  504      1.501      0.353      0.000 4
 495  505      1.505      1.022      0.000 4
 496  506      1.519      0.725      0.000 4
  -1   -2      1.526      0.948      0.000 4
 498  507      1.527     -0.521      0.000 4
 497  509      1.528      0.775      0.000 4
  -1  508      1.528     -1.115      0.000 4
 499  510      1.535      0.416      0.000 4
 500  511      1.541      1.063      0.000 4
 501  512      1.542     -0.818      0.000 4
 502  513      1.543     -0.936      0.000 4
 504  515      1.551     -0.711      0.000 4
