526
  -1   27     -1.569     -0.038      0.000 4
  -1   -2     -1.562     -0.150      0.000 4
   1    0     -1.555      0.240      0.000 4
   2    1     -1.551      0.358      0.000 4
   3   -2     -1.551      0.883      0.000 4
   4    2     -1.546      1.023      0.000 4
   5    3     -1.540      0.306      0.000 4
   6    4     -1.532      0.581      0.000 4
   8    5     -1.529      0.453      0.000 4
   9    6     -1.520      0.720      0.000 4
  10    7     -1.516     -0.329      0.000 4
  11    8     -1.510      0.169      0.000 4
  -1    9     -1.502     -1.119      0.000 4
  12   -2     -1.501     -0.436      0.000 4
  13   10     -1.495      0.933      0.000 4
  14   12     -1.483      0.535      0.000 4
  15   13     -1.480      0.375      0.000 4
  17   14     -1.466      1.081      0.000 4
  -1   15     -1.463     -0.590      0.000 4
  18   16     -1.461     -0.389      0.000 4
  20   17     -1.456     -0.663      0.000 4
  21   20     -1.448      0.311      0.000 4
  22   19     -1.446      0.768      0.000 4
  23   21     -1.434      0.067      0.000 4
  24   23     -1.428      0.818      0.000 4
  26   24     -1.426     -0.427      0.000 4
  -1   22     -1.424     -1.091      0.000 4
  29   26     -1.421      0.693      0.000 4
  30   -2     -1.406      0.657      0.000 4
  32   30     -1.388     -0.577      0.000 4
  33   31     -1.385     -0.011      0.000 4
  34   34     -1.375      0.180      0.000 4
  36   33     -1.370     -0.912      0.000 4
  39   37     -1.345     -0.952      0.000 4
  42   39     -1.337     -0.368      0.000 4
  41   38     -1.336      0.593      0.000 4
  43   40     -1.332      0.981      0.000 4
  44   42     -1.327      0.418      0.000 4
  47   44     -1.316     -1.099      0.000 4
  -1   45     -1.314      1.135      0.000 4
  55   47     -1.300     -0.468      0.000 4
  -1   48     -1.300     -0.865      0.000 4
  50   50     -1.278     -0.894      0.000 4
  -1   -2     -1.278      0.814      0.000 4
  53   52     -1.276     -0.563      0.000 4
  -1   51     -1.272     -0.658      0.000 4
  54   53     -1.268     -0.134      0.000 4
  -1   -2     -1.260      0.169      0.000 4
  56   54     -1.249     -1.033      0.000 4
  57   -2     -1.245      1.042      0.000 4
  58   55     -1.228     -0.880      0.000 4
  59   56     -1.227      0.874      0.000 4
  60   57     -1.213     -0.680      0.000 4
  61   59     -1.212      0.760      0.000 4
  -1   58     -1.207     -0.814      0.000 4
  -1   60     -1.203      0.660      0.000 4
  62   62     -1.199      0.422      0.000 4
  -1   61     -1.195     -1.103      0.000 4
  63   63     -1.187     -0.369      0.000 4
  66   64     -1.170     -1.173      0.000 4
  69   65     -1.163      1.058      0.000 4
  70   67     -1.163     -0.871      0.000 4
  67   68     -1.163     -0.113      0.000 4
  68   66     -1.161     -0.909      0.000 4
  71   70     -1.158      0.678      0.000 4
  72   72     -1.138     -0.393      0.000 4
  73   73     -1.135      0.414      0.000 4
  74   74     -1.127     -0.297      0.000 4
  83   69     -1.119     -1.150      0.000 4
  75   75     -1.116      1.073      0.000 4
  -1   76     -1.112      0.495      0.000 4
  79   81     -1.095     -0.168      0.000 4
  76   79     -1.091      0.198      0.000 4
  77   78     -1.089      0.827      0.000 4
  78   80     -1.087      0.401      0.000 4
  65   -2     -1.076      0.071      0.000 4
  80   82     -1.075      0.596      0.000 4
  82   77     -1.073     -1.096      0.000 4
  84   83     -1.065     -0.227      0.000 4
  87   84     -1.052     -0.755      0.000 4
  86   86     -1.051      0.349      0.000 4
  89   87     -1.040     -0.445      0.000 4
  88   -2     -1.038      0.447      0.000 4
  90   88     -1.016     -0.890      0.000 4
  91   89     -1.014      0.931      0.000 4
  92   91     -1.013     -0.798      0.000 4
  -1   90     -1.011     -1.172      0.000 4
  94   94     -1.002      0.794      0.000 4
  93   92     -1.001     -1.099      0.000 4
  95   93     -1.001      1.047      0.000 4
  96   95     -0.991     -0.594      0.000 4
  -1   96     -0.989      0.313      0.000 4
  -1   97     -0.976     -0.435      0.000 4
  98  100     -0.975      0.583      0.000 4
  97   99     -0.974     -0.090      0.000 4
  99   98     -0.971     -1.026      0.000 4
 100  101     -0.966      1.071      0.000 4
  -1  103     -0.935     -0.964      0.000 4
 104  104     -0.919      0.696      0.000 4
 103  105     -0.918     -0.135      0.000 4
  -1  106     -0.913      1.129      0.000 4
  -1  118     -0.911     -1.071      0.000 4
 106   -2     -0.908      1.096      0.000 4
  -1   -2     -0.905      0.476      0.000 4
  -1  102     -0.904      0.780      0.000 4
 107  107     -0.903     -0.216      0.000 4
 109  108     -0.898     -0.010      0.000 4
 111  109     -0.893     -1.161      0.000 4
 110  112     -0.887     -0.618      0.000 4
 113  113     -0.883     -0.752      0.000 4
  -1   -2     -0.882      0.446      0.000 4
 114   -2     -0.878      0.258      0.000 4
 115  114     -0.877      0.321      0.000 4
 116  115     -0.872     -0.697      0.000 4
 117  116     -0.862      0.733      0.000 4
 112   -2     -0.860      0.395      0.000 4
 119  119     -0.835     -0.056      0.000 4
 121  120     -0.828      1.047      0.000 4
 120  121     -0.828      0.813      0.000 4
  -1   -2     -0.824      0.381      0.000 4
 123  122     -0.822      1.093      0.000 4
 122  123     -0.819      0.038      0.000 4
  -1   -2     -0.818     -0.385      0.000 4
 124  133     -0.814     -0.922      0.000 4
 127  125     -0.803      0.881      0.000 4
 126  127     -0.802     -0.441      0.000 4
  -1  124     -0.799     -0.801      0.000 4
 128  128     -0.798      0.992      0.000 4
 129  129     -0.798     -0.754      0.000 4
 130  130     -0.791      0.140      0.000 4
  -1  144     -0.788      0.636      0.000 4
  -1  131     -0.782     -0.596      0.000 4
 132  126     -0.782     -1.108      0.000 4
 131  132     -0.780     -0.144      0.000 4
 133   -2     -0.775     -0.343      0.000 4
 134  134     -0.766      0.506      0.000 4
  -1  138     -0.764      0.778      0.000 4
 136   -2     -0.753     -0.929      0.000 4
 135  135     -0.752     -0.098      0.000 4
 137   -2     -0.737      0.758      0.000 4
 138  140     -0.735      0.066      0.000 4
 139  137     -0.734     -0.962      0.000 4
 141  141     -0.725     -1.011      0.000 4
 144  145     -0.723     -1.168      0.000 4
  -1  142     -0.723     -0.546      0.000 4
 143  146     -0.717      0.864      0.000 4
 145  147     -0.709     -0.677      0.000 4
 142   -2     -0.709      0.714      0.000 4
 146   -2     -0.701     -0.631      0.000 4
  -1   -2     -0.696      1.106      0.000 4
 147  148     -0.693      0.993      0.000 4
 148   -2     -0.689      1.047      0.000 4
 149  150     -0.684     -0.295      0.000 4
 150  149     -0.682      0.915      0.000 4
  -1  151     -0.680     -1.125      0.000 4
 152  153     -0.650     -0.418      0.000 4
 151  152     -0.649     -0.267      0.000 4
 155  154     -0.642      1.127      0.000 4
 156  156     -0.641     -0.749      0.000 4
 154  155     -0.640      0.048      0.000 4
  -1   -2     -0.640     -1.109      0.000 4
 140   -2     -0.634     -0.492      0.000 4
 158  158     -0.630      0.866      0.000 4
  -1  159     -0.628     -1.064      0.000 4
 159  161     -0.627      0.340      0.000 4
 162  160     -0.621      1.056      0.000 4
 170  162     -0.613     -0.985      0.000 4
 166  166     -0.604      0.260      0.000 4
 165  164     -0.599     -0.752      0.000 4
 164  165     -0.596      0.463      0.000 4
 167  167     -0.596     -0.222      0.000 4
  -1   -2     -0.586      0.522      0.000 4
 168  168     -0.583     -0.489      0.000 4
 169   -2     -0.575      0.647      0.000 4
 171  170     -0.565      1.015      0.000 4
 172  171     -0.558      0.082      0.000 4
  -1  169     -0.557      0.682      0.000 4
 173  172     -0.552      0.182      0.000 4
 175  176     -0.532     -0.039      0.000 4
 176  175     -0.531      1.148      0.000 4
 177  177     -0.512     -0.118      0.000 4
 160   -2     -0.502      0.934      0.000 4
 179  180     -0.499     -0.649      0.000 4
  -1  178     -0.499     -1.167      0.000 4
 181  182     -0.499      0.126      0.000 4
 180  183     -0.495     -0.266      0.000 4
 192   -2     -0.492     -0.009      0.000 4
  -1  185     -0.489      0.461      0.000 4
 182   -2     -0.480      0.423      0.000 4
 183  186     -0.466     -0.734      0.000 4
 184  187     -0.445      0.307      0.000 4
 185  188     -0.444     -0.913      0.000 4
 187  189     -0.440     -0.168      0.000 4
 186  190     -0.438      0.487      0.000 4
 188  193     -0.437      0.712      0.000 4
 190  192     -0.436     -0.800      0.000 4
  -1   -2     -0.425     -1.015      0.000 4
 191  194     -0.424     -0.566      0.000 4
 194   -2     -0.413     -1.092      0.000 4
 193  196     -0.410     -0.243      0.000 4
 196   -2     -0.405      1.020      0.000 4
 195  198     -0.403      0.687      0.000 4
 197  199     -0.400     -0.626      0.000 4
  -1   -2     -0.387      0.488      0.000 4
  -1   -2     -0.385     -0.699      0.000 4
 200  201     -0.380     -0.914      0.000 4
 201  202     -0.376      1.010      0.000 4
 202  203     -0.368     -0.619      0.000 4
 203  204     -0.365      0.937      0.000 4
 204  205     -0.364      0.824      0.000 4
 205  206     -0.356     -1.128      0.000 4
 198  215     -0.356     -1.169      0.000 4
 206  207     -0.346     -0.533      0.000 4
 207  208     -0.344      0.181      0.000 4
 208  210     -0.338      0.281      0.000 4
 209  211     -0.324      0.748      0.000 4
  -1   -2     -0.311     -0.786      0.000 4
 211  213     -0.309     -0.875      0.000 4
 212   -2     -0.305     -0.442      0.000 4
 213  218     -0.295      0.389      0.000 4
  -1  216     -0.294     -1.102      0.000 4
 214  217     -0.292     -0.928      0.000 4
 215  220     -0.277     -0.364      0.000 4
 217  224     -0.266      0.694      0.000 4
  -1   -2     -0.265     -1.169      0.000 4
 218  223     -0.261     -1.011      0.000 4
 219  225     -0.260     -0.621      0.000 4
 220  226     -0.255     -1.125      0.000 4
 223  228     -0.232      0.015      0.000 4
 224  227     -0.231     -1.090      0.000 4
 225  229     -0.228      0.658      0.000 4
 227  230     -0.226     -0.193      0.000 4
  -1  233     -0.204     -0.109      0.000 4
 229   -2     -0.204      0.039      0.000 4
 228  232     -0.201     -0.738      0.000 4
 230  235     -0.187     -0.231      0.000 4
 231  236     -0.183     -1.126      0.000 4
  -1   -2     -0.183      1.112      0.000 4
  -1   -2     -0.180      1.163      0.000 4
  -1   -2     -0.163     -0.709      0.000 4
 233  238     -0.158     -0.162      0.000 4
 234  240     -0.147      0.445      0.000 4
 238  239     -0.146     -0.601      0.000 4
 235  241     -0.146      0.357      0.000 4
 236  245     -0.135     -0.068      0.000 4
 240  244     -0.131     -0.948      0.000 4
 239  246     -0.131      0.570      0.000 4
  -1  247     -0.124     -0.285      0.000 4
  -1  242     -0.122     -1.134      0.000 4
 242  248     -0.121      0.305      0.000 4
  -1  237     -0.108     -0.753      0.000 4
 243  251     -0.107     -1.172      0.000 4
 244  249     -0.101      0.212      0.000 4
 245  250     -0.097     -0.137      0.000 4
  -1   -2     -0.091     -0.576      0.000 4
  -1   -2     -0.086      0.636      0.000 4
 247  254     -0.083      1.060      0.000 4
 248  255     -0.080     -0.285      0.000 4
 249  256     -0.077      0.322      0.000 4
 250  257     -0.075     -1.007      0.000 4
 251  258     -0.062      0.533      0.000 4
 252  259     -0.055     -0.000      0.000 4
 253   -2     -0.037     -0.370      0.000 4
 254  260     -0.035      1.128      0.000 4
 256  252     -0.020     -0.631      0.000 4
 257  262     -0.019     -0.116      0.000 4
 255  263     -0.019     -0.422      0.000 4
 260  264     -0.009      0.516      0.000 4
 261  265     -0.008      0.287      0.000 4
  -1   -2      0.004      0.116      0.000 4
 259  271      0.005     -1.152      0.000 4
 263  268      0.011      0.895      0.000 4
 262  267      0.012      0.338      0.000 4
 264  269      0.013      0.044      0.000 4
 265  270      0.013      0.785      0.000 4
  -1   -2      0.019     -0.339      0.000 4
 267  272      0.031      0.526      0.000 4
 269  273      0.040      0.307      0.000 4
 270  274      0.045     -0.040      0.000 4
 268  275      0.060      0.594      0.000 4
 271  276      0.062      0.823      0.000 4
 273  277      0.066     -0.992      0.000 4
  -1  278      0.070      0.719      0.000 4
 275  280      0.074     -0.835      0.000 4
 274  279      0.074      0.538      0.000 4
  -1   -2      0.077     -0.932      0.000 4
  -1  281      0.079     -0.885      0.000 4
 276  282      0.087      0.142      0.000 4
  -1   -2      0.090      1.052      0.000 4
 277  283      0.092     -0.641      0.000 4
 278  285      0.100      0.102      0.000 4
 281  284      0.102      1.112      0.000 4
 280  286      0.102      0.409      0.000 4
 279   -2      0.103     -0.040      0.000 4
 283  287      0.117      0.368      0.000 4
 282   -2      0.133     -1.152      0.000 4
  -1   -2      0.135     -0.946      0.000 4
 284  288      0.139      0.774      0.000 4
 286   -2      0.140     -0.523      0.000 4
 293  289      0.141     -1.110      0.000 4
 287  291      0.145     -0.422      0.000 4
 288  292      0.149      0.610      0.000 4
 289  293      0.155     -0.600      0.000 4
 290  294      0.159      0.957      0.000 4
 291  295      0.178      0.335      0.000 4
 292  296      0.187     -0.621      0.000 4
 294  297      0.199     -0.402      0.000 4
 296  300      0.208      0.880      0.000 4
 295  298      0.209      0.986      0.000 4
 297  301      0.214     -0.929      0.000 4
 298  302      0.217      0.031      0.000 4
 300  303      0.220      0.507      0.000 4
 302  307      0.225     -0.500      0.000 4
 303  304      0.229     -0.801      0.000 4
 304  305      0.242     -0.129      0.000 4
  -1  306      0.261     -1.108      0.000 4
 307  309      0.266      0.879      0.000 4
 306  310      0.266     -0.327      0.000 4
 308  311      0.277      1.099      0.000 4
 309  312      0.284      1.024      0.000 4
 311  313      0.286      0.225      0.000 4
  -1  316      0.304     -1.167      0.000 4
 313  318      0.327     -0.291      0.000 4
 314  319      0.329     -0.171      0.000 4
 315  314      0.331      0.648      0.000 4
 323   -2      0.332      0.055      0.000 4
 317  321      0.337      0.937      0.000 4
  -1  320      0.338      0.010      0.000 4
 319  322      0.363     -1.110      0.000 4
  -1  323      0.370     -0.363      0.000 4
 322  325      0.381     -0.740      0.000 4
  -1  326      0.388      1.042      0.000 4
 320  328      0.389     -1.165      0.000 4
 324  329      0.405     -0.368      0.000 4
 325  330      0.407      0.270      0.000 4
 326  331      0.411     -0.416      0.000 4
 329  332      0.420      0.155      0.000 4
 327  333      0.420     -1.047      0.000 4
 330  334      0.424     -0.822      0.000 4
 332  336      0.432      0.816      0.000 4
 331  337      0.435     -0.614      0.000 4
  -1   -2      0.437     -0.865      0.000 4
  -1  338      0.446     -1.156      0.000 4
 333   -2      0.447      1.138      0.000 4
 334  339      0.458     -0.554      0.000 4
 345  341      0.462      0.006      0.000 4
 336  343      0.468      0.465      0.000 4
  -1  346      0.469     -1.124      0.000 4
 337  345      0.477     -0.391      0.000 4
  -1  344      0.477     -0.118      0.000 4
 339   -2      0.480     -0.615      0.000 4
 341  347      0.486      0.567      0.000 4
  -1  350      0.489     -1.152      0.000 4
 340  349      0.490      0.679      0.000 4
 328  359      0.495     -0.897      0.000 4
 343  352      0.499     -0.738      0.000 4
 356   -2      0.502      0.061      0.000 4
 344  353      0.503      0.291      0.000 4
 346  354      0.511     -0.024      0.000 4
 347  355      0.514      0.620      0.000 4
  -1   -2      0.517      0.328      0.000 4
 349  356      0.517      0.833      0.000 4
 348  357      0.520     -0.577      0.000 4
 350   -2      0.543     -0.858      0.000 4
 352  360      0.563     -0.908      0.000 4
 353  361      0.566     -0.533      0.000 4
  -1  362      0.576      0.443      0.000 4
 354  364      0.592      0.842      0.000 4
 355  365      0.596      0.969      0.000 4
  -1  366      0.598     -0.036      0.000 4
  -1  367      0.607     -0.949      0.000 4
 358  369      0.615     -0.703      0.000 4
 359  368      0.617      0.463      0.000 4
 360  370      0.621      0.500      0.000 4
 376   -2      0.631     -1.090      0.000 4
 363  371      0.631      0.754      0.000 4
 364   -2      0.634      0.080      0.000 4
 361   -2      0.636     -0.628      0.000 4
 365  375      0.638     -0.799      0.000 4
  -1  374      0.641     -1.169      0.000 4
 367   -2      0.662      1.113      0.000 4
 368  376      0.666      0.518      0.000 4
 370  377      0.672      0.877      0.000 4
 371  378      0.673      0.452      0.000 4
 369  380      0.676     -0.429      0.000 4
 373  379      0.680      0.796      0.000 4
  -1   -2      0.681     -0.998      0.000 4
  -1   -2      0.682     -0.466      0.000 4
  -1  381      0.683     -0.158      0.000 4
  -1  383      0.709     -0.828      0.000 4
  -1   -2      0.710     -1.100      0.000 4
 379  372      0.719     -0.622      0.000 4
 366  394      0.722      0.271      0.000 4
 377   -2      0.723     -0.476      0.000 4
 383  385      0.724      1.118      0.000 4
  -1   -2      0.729      0.797      0.000 4
 378  386      0.730     -0.004      0.000 4
 381  390      0.733     -1.050      0.000 4
 380  389      0.733      1.025      0.000 4
  -1  391      0.736     -0.866      0.000 4
 384  392      0.743     -0.357      0.000 4
  -1  393      0.752     -0.771      0.000 4
  -1  395      0.767     -1.092      0.000 4
  -1  398      0.778     -0.029      0.000 4
 386  399      0.778     -0.622      0.000 4
  -1  397      0.785      0.271      0.000 4
 388  402      0.798     -0.798      0.000 4
  -1   -2      0.807      1.013      0.000 4
 390  403      0.808     -0.136      0.000 4
 394  405      0.814      0.601      0.000 4
 392  407      0.814      0.795      0.000 4
 393  406      0.815      0.316      0.000 4
  -1  408      0.822      0.869      0.000 4
  -1  409      0.829      0.493      0.000 4
 398  410      0.834     -0.863      0.000 4
 399  416      0.838     -1.121      0.000 4
 400  411      0.847     -1.057      0.000 4
 401  412      0.849      1.034      0.000 4
 374  435      0.856     -0.784      0.000 4
  -1  413      0.858     -0.535      0.000 4
 402  414      0.863      0.854      0.000 4
 405  415      0.868     -0.043      0.000 4
  -1   -2      0.885      0.083      0.000 4
 406  418      0.889     -0.203      0.000 4
 410   -2      0.906      1.043      0.000 4
 404   -2      0.907     -1.157      0.000 4
 411  421      0.914     -0.269      0.000 4
 412  422      0.916     -0.164      0.000 4
 420  431      0.920      0.152      0.000 4
 414  423      0.920     -0.454      0.000 4
 417  427      0.925     -0.803      0.000 4
 418  426      0.925      1.137      0.000 4
 419  428      0.928      0.728      0.000 4
 422  429      0.930      0.623      0.000 4
  -1  432      0.932     -1.080      0.000 4
 423  430      0.932      0.674      0.000 4
 425  433      0.938      0.402      0.000 4
 424  434      0.941     -0.545      0.000 4
 407   -2      0.959     -0.705      0.000 4
 427  436      0.967      0.774      0.000 4
  -1   -2      0.972     -0.323      0.000 4
  -1  420      0.974      1.004      0.000 4
 432  438      0.975     -0.229      0.000 4
 430  439      0.977      0.218      0.000 4
 426   -2      0.978     -0.613      0.000 4
 433  441      0.996     -0.168      0.000 4
 434  442      1.004      0.506      0.000 4
 435  443      1.014     -0.836      0.000 4
 436  444      1.020      0.437      0.000 4
 437  445      1.033     -0.606      0.000 4
 438  446      1.036     -0.254      0.000 4
 440  448      1.050      0.741      0.000 4
 443  451      1.058     -0.347      0.000 4
 445  452      1.070      0.644      0.000 4
  -1   -2      1.077     -0.028      0.000 4
  -1   -2      1.079     -0.898      0.000 4
 446  454      1.087     -0.018      0.000 4
 448  456      1.089      0.951      0.000 4
 449  455      1.092      0.821      0.000 4
 451  458      1.097      0.279      0.000 4
 450  457      1.098      0.704      0.000 4
  -1  459      1.103      1.025      0.000 4
 453  460      1.106     -0.670      0.000 4
 454  461      1.112     -0.998      0.000 4
 456  464      1.125      0.248      0.000 4
  -1   -2      1.129     -0.594      0.000 4
 457   -2      1.130     -0.007      0.000 4
 458  465      1.133      0.088      0.000 4
 459  466      1.140      1.024      0.000 4
 461  467      1.150     -0.805      0.000 4
  -1   -2      1.150     -1.108      0.000 4
  -1   -2      1.153     -0.383      0.000 4
 463   -2      1.154     -0.891      0.000 4
 460  463      1.155     -1.110      0.000 4
 465  468      1.170     -0.572      0.000 4
  -1   -2      1.178      0.714      0.000 4
  -1   -2      1.188     -0.039      0.000 4
 466  472      1.223      0.259      0.000 4
 468  471      1.233     -0.526      0.000 4
 469  470      1.233     -0.395      0.000 4
  -1   -2      1.248      0.658      0.000 4
 471  477      1.261      1.004      0.000 4
  -1   -2      1.261     -0.896      0.000 4
  -1   -2      1.269      0.562      0.000 4
  -1   -2      1.281     -0.337      0.000 4
 472  479      1.283     -0.540      0.000 4
 473  478      1.288     -0.172      0.000 4
  -1   -2      1.297      0.205      0.000 4
 474  480      1.298      0.394      0.000 4
 476   -2      1.305      0.448      0.000 4
 477   -2      1.310     -1.001      0.000 4
 478  481      1.313     -0.517      0.000 4
 480  483      1.330     -0.601      0.000 4
  -1  484      1.341     -1.115      0.000 4
 481  485      1.352      0.438      0.000 4
 482  473      1.362      0.753      0.000 4
 487  487      1.384     -0.979      0.000 4
 484  488      1.387     -1.032      0.000 4
 485  489      1.393      1.119      0.000 4
 486  490      1.399      0.163      0.000 4
  -1  491      1.404      0.093      0.000 4
 488  492      1.411     -0.372      0.000 4
 489  493      1.414     -0.259      0.000 4
 490  496      1.423     -0.498      0.000 4
 491  498      1.425     -0.435      0.000 4
 492  499      1.441      0.237      0.000 4
 493  500      1.444      0.540      0.000 4
  -1   -2      1.447      1.062      0.000 4
  -1  501      1.449     -0.400      0.000 4
 497  504      1.477      0.609      0.000 4
  -1   -2      1.478      1.088      0.000 4
 499  505      1.483     -0.792      0.000 4
 501  506      1.496      0.855      0.000 4
 502  507      1.500      0.277      0.000 4
 503  511      1.514     -0.227      0.000 4
 504  509      1.515     -0.067      0.000 4
 506   -2      1.530     -0.515      0.000 4
  -1   -2      1.533     -0.572      0.000 4
  -1   -2      1.538     -0.037      0.000 4
 507  512      1.541      0.062      0.000 4
 508  513      1.542      0.447      0.000 4
 510  514      1.551     -0.660      0.000 4
 509  515      1.552      1.127      0.000 4
 511  517      1.555     -1.082      0.000 4
 513  518      1.567     -0.866      0.000 4
  -1  520      1.574      0.861      0.000 4
