490
   0    1     -1.562     -0.024      0.000 4
   2    2     -1.553      0.255      0.000 4
  -1    5     -1.538      0.929      0.000 4
   3    4     -1.536      0.795      0.000 4
   4    6     -1.532     -1.033      0.000 4
  -1    7     -1.522      1.049      0.000 4
   5    9     -1.502      0.217      0.000 4
   6    8     -1.494      0.315      0.000 4
  -1   10     -1.485      0.514      0.000 4
   9   11     -1.484      0.272      0.000 4
  10   -2     -1.482      0.846      0.000 4
  12   12     -1.480      0.639      0.000 4
  11   13     -1.479     -0.279      0.000 4
  13   14     -1.474      0.400      0.000 4
  15   15     -1.465      0.992      0.000 4
  16   17     -1.454      0.154      0.000 4
  18   18     -1.443     -0.588      0.000 4
  20   -2     -1.427      0.474      0.000 4
  21   -2     -1.426     -0.285      0.000 4
  22   20     -1.422     -0.331      0.000 4
  24   19     -1.416     -0.694      0.000 4
  23   21     -1.416      0.334      0.000 4
  25   22     -1.409      0.694      0.000 4
  -1   -2     -1.397      0.135      0.000 4
  -1   -2     -1.394      0.517      0.000 4
  -1   25     -1.384     -0.836      0.000 4
  26   24     -1.384     -0.371      0.000 4
  28   23     -1.381      0.838      0.000 4
  27   26     -1.380      0.279      0.000 4
  31   27     -1.372      1.093      0.000 4
  30   28     -1.366      0.616      0.000 4
  32   31     -1.365      0.067      0.000 4
  33   29     -1.361     -0.877      0.000 4
  34   30     -1.357     -0.705      0.000 4
  36   32     -1.353     -1.021      0.000 4
  37   33     -1.352     -0.515      0.000 4
  -1   -2     -1.348      0.032      0.000 4
  38   35     -1.331      1.005      0.000 4
  -1   -2     -1.330     -0.982      0.000 4
  39   36     -1.327     -1.120      0.000 4
  -1   -2     -1.324      1.065      0.000 4
  40   37     -1.320      0.910      0.000 4
  -1   38     -1.314      0.679      0.000 4
  41   39     -1.311     -0.003      0.000 4
  44   40     -1.296     -0.813      0.000 4
  43   41     -1.294      0.167      0.000 4
  45   47     -1.283     -0.328      0.000 4
  -1   45     -1.282     -0.117      0.000 4
  47   46     -1.276     -0.971      0.000 4
  48   48     -1.272      0.541      0.000 4
  46   49     -1.269      0.646      0.000 4
  49   50     -1.256     -0.610      0.000 4
  50   52     -1.245      0.387      0.000 4
  52   54     -1.238     -0.513      0.000 4
  53   55     -1.233     -0.817      0.000 4
  58   56     -1.213     -1.101      0.000 4
  56   57     -1.197      0.817      0.000 4
  -1   58     -1.193     -0.631      0.000 4
  -1   -2     -1.185     -0.118      0.000 4
  -1   -2     -1.176     -1.169      0.000 4
  60   60     -1.168     -0.855      0.000 4
  62   62     -1.165     -0.819      0.000 4
  63   63     -1.164      1.028      0.000 4
  61   64     -1.163      0.714      0.000 4
  64   65     -1.156      0.988      0.000 4
  59   69     -1.148      0.615      0.000 4
  66   67     -1.145     -0.990      0.000 4
  68   70     -1.119     -0.341      0.000 4
  69   71     -1.116      1.028      0.000 4
  71   72     -1.113     -1.010      0.000 4
  72   73     -1.112     -1.047      0.000 4
  70   74     -1.108      0.394      0.000 4
  74   75     -1.092      0.640      0.000 4
  75   80     -1.078      0.058      0.000 4
  76   76     -1.072     -0.368      0.000 4
  77   77     -1.070     -0.104      0.000 4
  -1   -2     -1.069     -0.136      0.000 4
  78   -2     -1.065     -0.473      0.000 4
  79   78     -1.064     -0.681      0.000 4
  80   81     -1.048     -0.279      0.000 4
  81   79     -1.048      0.795      0.000 4
  -1   88     -1.044     -1.169      0.000 4
  82   83     -1.040      0.393      0.000 4
  -1   -2     -1.040     -0.769      0.000 4
  84   87     -1.022      0.473      0.000 4
  85   86     -1.018     -0.854      0.000 4
  87   89     -1.003     -0.778      0.000 4
  88   -2     -0.998      0.572      0.000 4
  90   90     -0.994      1.019      0.000 4
  89   91     -0.991      0.387      0.000 4
  86   93     -0.988     -0.169      0.000 4
  92   92     -0.986      0.905      0.000 4
  91   95     -0.984      0.189      0.000 4
  93   97     -0.978     -0.219      0.000 4
  94   96     -0.977     -0.430      0.000 4
  97   98     -0.969      1.057      0.000 4
  99   -2     -0.951     -0.574      0.000 4
  98  100     -0.950      0.336      0.000 4
 100   99     -0.946      0.775      0.000 4
 101  101     -0.942     -0.933      0.000 4
 103  103     -0.923      1.096      0.000 4
 102  102     -0.916     -0.762      0.000 4
 105  105     -0.894      0.572      0.000 4
  -1  104     -0.889     -1.089      0.000 4
 107  106     -0.887      0.899      0.000 4
 106  107     -0.885      0.305      0.000 4
 109  108     -0.873     -0.089      0.000 4
 110  109     -0.859     -0.739      0.000 4
  -1  114     -0.853     -1.088      0.000 4
 111  110     -0.850      0.691      0.000 4
 112  111     -0.845     -0.611      0.000 4
 113  112     -0.840     -0.690      0.000 4
 108  133     -0.824     -0.443      0.000 4
 104  140     -0.824     -1.164      0.000 4
 115  115     -0.822      1.089      0.000 4
  -1   -2     -0.820     -0.942      0.000 4
 116  117     -0.820      1.045      0.000 4
 114  118     -0.818     -0.137      0.000 4
 117  119     -0.810     -0.215      0.000 4
 118  120     -0.806      0.737      0.000 4
  -1   -2     -0.804     -0.489      0.000 4
 120  125     -0.795     -0.051      0.000 4
  -1  121     -0.795      0.330      0.000 4
 121   -2     -0.790     -0.011      0.000 4
 124  122     -0.785      0.993      0.000 4
 122  126     -0.779      0.816      0.000 4
 125  127     -0.773     -0.753      0.000 4
 127  128     -0.770      0.254      0.000 4
 130  129     -0.766      0.888      0.000 4
 132  130     -0.760      0.395      0.000 4
 131  132     -0.755     -0.930      0.000 4
 126  131     -0.754      0.314      0.000 4
 133   -2     -0.739     -0.963      0.000 4
 134  134     -0.738     -1.010      0.000 4
 135  135     -0.735     -0.450      0.000 4
 136  136     -0.731     -0.059      0.000 4
 138  137     -0.722      0.984      0.000 4
 139  139     -0.716      0.037      0.000 4
 128   -2     -0.696     -0.357      0.000 4
  -1   -2     -0.688      1.131      0.000 4
 142  142     -0.685     -0.155      0.000 4
 141  141     -0.685      0.139      0.000 4
  -1   -2     -0.684     -1.136      0.000 4
  -1  143     -0.680      1.067      0.000 4
 143  144     -0.680      0.891      0.000 4
 144  145     -0.675      1.014      0.000 4
 145  146     -0.671     -0.560      0.000 4
 147  148     -0.664     -1.173      0.000 4
 151  149     -0.650     -1.079      0.000 4
 140  151     -0.649      0.734      0.000 4
 150  150     -0.648     -0.108      0.000 4
 153  152     -0.645      1.150      0.000 4
 152  153     -0.645      0.163      0.000 4
 149   -2     -0.636     -0.574      0.000 4
 154  155     -0.631      0.068      0.000 4
 155  154     -0.631     -1.118      0.000 4
 156  156     -0.628     -1.008      0.000 4
 158  157     -0.615      1.077      0.000 4
 159  158     -0.613     -0.773      0.000 4
 160  159     -0.602     -0.314      0.000 4
 161  160     -0.599     -0.050      0.000 4
 162  161     -0.594      0.896      0.000 4
  -1   -2     -0.582     -1.160      0.000 4
 163   -2     -0.580     -0.438      0.000 4
 165  162     -0.575     -0.521      0.000 4
 166  163     -0.573     -0.783      0.000 4
 167  165     -0.567     -0.287      0.000 4
 169  167     -0.553      1.065      0.000 4
 170  169     -0.543      0.041      0.000 4
 173  170     -0.523     -0.523      0.000 4
 172   -2     -0.516      0.313      0.000 4
 176  172     -0.509      0.550      0.000 4
 175  173     -0.509     -0.244      0.000 4
 177  174     -0.507      0.485      0.000 4
 178  171     -0.507      0.687      0.000 4
  -1   -2     -0.503      0.726      0.000 4
  -1   -2     -0.488     -1.164      0.000 4
 180  175     -0.476      0.987      0.000 4
 182  176     -0.465     -0.690      0.000 4
 181  177     -0.464      0.078      0.000 4
 183  178     -0.458      0.190      0.000 4
 184  180     -0.442     -0.055      0.000 4
 185  179     -0.439     -0.964      0.000 4
 187  196     -0.434     -1.068      0.000 4
 189  181     -0.429     -0.136      0.000 4
  -1   -2     -0.423      1.036      0.000 4
 190  183     -0.421     -0.299      0.000 4
 191  182     -0.418     -0.855      0.000 4
  -1   -2     -0.417     -0.556      0.000 4
 193  184     -0.405      0.455      0.000 4
 194   -2     -0.395      1.089      0.000 4
 196  186     -0.382     -0.534      0.000 4
 195  189     -0.378      0.761      0.000 4
 197  188     -0.377     -0.621      0.000 4
 198  187     -0.376     -0.979      0.000 4
 188   -2     -0.374     -1.166      0.000 4
  -1  190     -0.371      0.650      0.000 4
 199  192     -0.369      0.527      0.000 4
 201  191     -0.367      1.084      0.000 4
 200  195     -0.367      0.329      0.000 4
 202  193     -0.363     -0.198      0.000 4
 203  194     -0.362     -0.688      0.000 4
 207  197     -0.347      1.011      0.000 4
 206  198     -0.345     -0.304      0.000 4
  -1   -2     -0.338      0.692      0.000 4
 209  199     -0.334     -0.267      0.000 4
 210  200     -0.334      0.894      0.000 4
 211  202     -0.302     -0.595      0.000 4
 212  203     -0.300     -0.953      0.000 4
 213  204     -0.291     -1.007      0.000 4
 214  205     -0.287      0.820      0.000 4
 216  206     -0.279      0.554      0.000 4
  -1   -2     -0.270     -0.330      0.000 4
 217  207     -0.269      0.305      0.000 4
 218  208     -0.268     -1.094      0.000 4
 219  209     -0.262     -0.490      0.000 4
 220   -2     -0.259     -1.169      0.000 4
 221  210     -0.247     -0.203      0.000 4
 222  212     -0.234      0.427      0.000 4
 225  213     -0.230     -0.703      0.000 4
  -1   -2     -0.229      0.778      0.000 4
 226  214     -0.226     -0.421      0.000 4
  -1  216     -0.211      1.092      0.000 4
 228  218     -0.192      0.733      0.000 4
  -1  220     -0.164      0.394      0.000 4
  -1   -2     -0.147     -0.912      0.000 4
 232  223     -0.146      0.068      0.000 4
 230   -2     -0.144      0.021      0.000 4
  -1   -2     -0.142     -1.115      0.000 4
 235  225     -0.138     -0.278      0.000 4
 236  227     -0.132     -1.050      0.000 4
 237  229     -0.126     -0.682      0.000 4
 238  228     -0.115     -0.201      0.000 4
 239  230     -0.107      0.498      0.000 4
 241   -2     -0.104      0.393      0.000 4
 242  231     -0.101      1.124      0.000 4
 243  232     -0.099      0.640      0.000 4
 244   -2     -0.095     -0.852      0.000 4
  -1   -2     -0.090     -0.506      0.000 4
 245  233     -0.088     -0.097      0.000 4
 248  236     -0.083     -1.166      0.000 4
  -1  234     -0.082     -1.122      0.000 4
  -1  235     -0.081      0.336      0.000 4
 247   -2     -0.065     -0.665      0.000 4
 249  237     -0.061      0.227      0.000 4
 250  238     -0.058     -0.178      0.000 4
  -1   -2     -0.049     -0.315      0.000 4
 251  240     -0.044     -0.349      0.000 4
 252  241     -0.043      0.358      0.000 4
 253  242     -0.039      0.606      0.000 4
  -1  243     -0.028      0.772      0.000 4
 256  246     -0.018      0.128      0.000 4
 254  245     -0.018     -0.018      0.000 4
  -1   -2     -0.015     -0.443      0.000 4
 255  247      0.002     -0.500      0.000 4
 264   -2      0.007     -1.136      0.000 4
 257  249      0.011      0.583      0.000 4
 258  248      0.012      1.007      0.000 4
  -1   -2      0.017     -0.150      0.000 4
 259  253      0.018      0.318      0.000 4
  -1   -2      0.018      0.886      0.000 4
 260  250      0.033      0.377      0.000 4
 262   -2      0.042      0.592      0.000 4
 263  254      0.054      0.342      0.000 4
 265  255      0.061      0.930      0.000 4
 266   -2      0.061     -0.053      0.000 4
 267  256      0.067      0.672      0.000 4
 269   -2      0.071      0.817      0.000 4
 268  257      0.077     -0.945      0.000 4
 270  258      0.083     -0.227      0.000 4
  -1   -2      0.095     -0.995      0.000 4
  -1  260      0.097     -0.740      0.000 4
 275  259      0.097     -1.145      0.000 4
 272  261      0.100      0.146      0.000 4
  -1   -2      0.102     -0.513      0.000 4
 273  262      0.108      0.461      0.000 4
 274  263      0.113      0.100      0.000 4
 276  265      0.123     -0.070      0.000 4
  -1  264      0.123      0.411      0.000 4
 277  266      0.134      0.876      0.000 4
 278  267      0.138     -0.955      0.000 4
 280  269      0.149      1.073      0.000 4
 279  271      0.150     -0.505      0.000 4
 281  270      0.150     -0.620      0.000 4
 282  273      0.158     -0.701      0.000 4
 285  275      0.175      0.372      0.000 4
 286  276      0.188     -0.720      0.000 4
 287  277      0.199      0.993      0.000 4
 289  278      0.209      0.572      0.000 4
 290  279      0.212      0.019      0.000 4
 291  280      0.215     -1.039      0.000 4
 293  282      0.226     -0.589      0.000 4
 294  283      0.227     -0.907      0.000 4
 295  284      0.236     -0.168      0.000 4
 296  285      0.246      0.993      0.000 4
 298  286      0.253     -0.674      0.000 4
 297   -2      0.254      0.126      0.000 4
 299   -2      0.258     -0.392      0.000 4
 304   -2      0.259     -0.924      0.000 4
 303  290      0.268      1.140      0.000 4
 302  289      0.269      0.245      0.000 4
 305  292      0.280      0.147      0.000 4
 306  293      0.292      0.598      0.000 4
 307  302      0.304     -1.171      0.000 4
 316  287      0.308     -0.345      0.000 4
 308  295      0.309      0.046      0.000 4
 310  299      0.315     -0.214      0.000 4
 315  301      0.330     -0.619      0.000 4
 313  309      0.350      1.092      0.000 4
 317  303      0.351     -0.426      0.000 4
  -1   -2      0.355     -1.051      0.000 4
 318  305      0.358      0.679      0.000 4
 319  306      0.364      0.050      0.000 4
 320  307      0.365      0.242      0.000 4
 321  310      0.372     -0.830      0.000 4
 322  308      0.374      0.297      0.000 4
 323  312      0.384     -0.429      0.000 4
 325  311      0.385      0.168      0.000 4
 324  313      0.387     -0.997      0.000 4
  -1   -2      0.391     -1.087      0.000 4
 346   -2      0.402     -0.226      0.000 4
 326   -2      0.404      0.909      0.000 4
 327  315      0.415     -0.007      0.000 4
 328  316      0.419     -0.907      0.000 4
 329  317      0.419     -0.687      0.000 4
  -1   -2      0.424     -1.144      0.000 4
 331  319      0.438     -0.621      0.000 4
  -1  320      0.446      0.577      0.000 4
 336  323      0.450     -0.447      0.000 4
 335  324      0.452      0.757      0.000 4
 337  325      0.461      0.324      0.000 4
 338  326      0.466     -0.683      0.000 4
 339  328      0.471     -0.037      0.000 4
 341  329      0.485      0.923      0.000 4
 342  332      0.485     -0.812      0.000 4
 348  334      0.488     -0.646      0.000 4
 360   -2      0.488     -0.367      0.000 4
 345  333      0.493      0.783      0.000 4
 349  335      0.502     -0.975      0.000 4
  -1  327      0.509      0.726      0.000 4
 350   -2      0.514      1.071      0.000 4
 351  338      0.537     -0.927      0.000 4
 352  337      0.538     -0.588      0.000 4
  -1  336      0.539      0.865      0.000 4
 353  339      0.544     -0.047      0.000 4
 354   -2      0.554     -0.447      0.000 4
 356  340      0.556      0.928      0.000 4
 357  341      0.557     -0.971      0.000 4
 355   -2      0.557      0.518      0.000 4
 358  342      0.563      0.557      0.000 4
 359  343      0.569      1.057      0.000 4
 361  345      0.586      0.332      0.000 4
  -1  344      0.586      0.831      0.000 4
 340  357      0.591     -1.158      0.000 4
 362  347      0.595     -0.757      0.000 4
  -1  346      0.596     -0.907      0.000 4
 363  349      0.609     -1.016      0.000 4
 365  350      0.609     -0.651      0.000 4
 364  351      0.611      0.501      0.000 4
 366   -2      0.614      1.063      0.000 4
  -1   -2      0.619     -0.691      0.000 4
 368  353      0.625     -0.849      0.000 4
 369  355      0.635      0.958      0.000 4
 370  354      0.636      0.874      0.000 4
 372  356      0.642     -0.484      0.000 4
 374  369      0.661     -0.008      0.000 4
 376  358      0.690      0.265      0.000 4
 377  360      0.697     -0.381      0.000 4
 378  362      0.707     -0.705      0.000 4
 379  361      0.708     -0.874      0.000 4
 380  363      0.713      1.097      0.000 4
  -1   -2      0.721      0.294      0.000 4
 382  365      0.735      0.346      0.000 4
 383  366      0.738      0.399      0.000 4
 385  368      0.746      0.654      0.000 4
  -1   -2      0.746     -0.468      0.000 4
 384  370      0.748     -0.647      0.000 4
  -1   -2      0.751     -0.075      0.000 4
 386  371      0.773      1.066      0.000 4
  -1  372      0.782     -0.820      0.000 4
 387  374      0.793     -0.038      0.000 4
  -1  377      0.804      0.918      0.000 4
 388  376      0.804      0.098      0.000 4
  -1  380      0.818     -0.546      0.000 4
 393  382      0.834      0.168      0.000 4
 391  383      0.835      1.098      0.000 4
 392  384      0.839     -0.796      0.000 4
  -1  385      0.845     -0.153      0.000 4
 389  399      0.849     -1.141      0.000 4
 394  389      0.849     -1.070      0.000 4
 399  386      0.850      0.527      0.000 4
 390   -2      0.850      0.922      0.000 4
 396  387      0.852      0.432      0.000 4
 400  392      0.853     -0.271      0.000 4
 397  390      0.854      0.306      0.000 4
 398  391      0.855      0.666      0.000 4
 401  393      0.862      0.716      0.000 4
 402  394      0.865      0.777      0.000 4
 404  395      0.877     -0.455      0.000 4
  -1  396      0.883      1.087      0.000 4
 406  397      0.889      0.240      0.000 4
 405  398      0.897      1.118      0.000 4
 407  405      0.898     -0.876      0.000 4
 408   -2      0.900     -1.134      0.000 4
 417  401      0.902     -1.005      0.000 4
 410  400      0.903     -0.543      0.000 4
 412  403      0.909     -0.801      0.000 4
 413  404      0.921      0.533      0.000 4
 414   -2      0.926     -0.152      0.000 4
 415  406      0.927     -0.254      0.000 4
 420  408      0.931      0.459      0.000 4
 418   -2      0.939     -0.866      0.000 4
  -1  409      0.940     -0.700      0.000 4
 422  410      0.966     -0.034      0.000 4
 421  411      0.972     -0.733      0.000 4
 423  412      0.974     -0.237      0.000 4
  -1   -2      0.976      0.294      0.000 4
 424  413      0.983     -1.117      0.000 4
 426  415      1.001     -0.587      0.000 4
 427   -2      1.003     -0.326      0.000 4
 429  417      1.010     -0.002      0.000 4
 440  414      1.028      0.722      0.000 4
 430  420      1.029      0.260      0.000 4
 432  419      1.034      0.841      0.000 4
 433  422      1.046      0.102      0.000 4
 434  423      1.050      0.173      0.000 4
 435  424      1.055      0.975      0.000 4
 437  426      1.079     -0.639      0.000 4
 438   -2      1.085     -0.334      0.000 4
 441  428      1.108     -0.962      0.000 4
 439  427      1.108      1.032      0.000 4
 442  430      1.138     -0.541      0.000 4
 443  431      1.139     -0.762      0.000 4
 444  433      1.153      0.877      0.000 4
 446  435      1.158     -1.064      0.000 4
 447  436      1.163     -0.060      0.000 4
  -1  434      1.168      1.104      0.000 4
 451  438      1.176      0.285      0.000 4
  -1  439      1.185     -0.352      0.000 4
 449  440      1.192     -1.153      0.000 4
 453   -2      1.194      0.101      0.000 4
 452  441      1.197     -0.478      0.000 4
  -1   -2      1.207      0.020      0.000 4
 454  442      1.212      0.391      0.000 4
 456  443      1.224     -0.543      0.000 4
 455  444      1.225      0.990      0.000 4
  -1   -2      1.233      1.034      0.000 4
 457  447      1.238      0.826      0.000 4
  -1  445      1.249     -0.485      0.000 4
 459  446      1.252      0.924      0.000 4
 460  448      1.278     -0.457      0.000 4
 461  449      1.283     -1.165      0.000 4
 462  451      1.302     -0.535      0.000 4
  -1   -2      1.304     -0.934      0.000 4
 463  452      1.327      0.171      0.000 4
 465  453      1.342     -1.041      0.000 4
 466  454      1.363      1.078      0.000 4
 467  455      1.364     -0.210      0.000 4
 468  456      1.366     -0.897      0.000 4
 471  457      1.370      0.239      0.000 4
 470  458      1.370      0.505      0.000 4
 469  459      1.374     -0.307      0.000 4
 472  460      1.384     -0.953      0.000 4
 473  461      1.389     -0.366      0.000 4
 474  462      1.392     -0.425      0.000 4
 475  464      1.408     -0.901      0.000 4
 476  463      1.410      0.569      0.000 4
 477  466      1.416     -0.342      0.000 4
  -1  465      1.421     -1.160      0.000 4
 478  467      1.437      0.268      0.000 4
 479  468      1.441      0.797      0.000 4
  -1  469      1.451      1.034      0.000 4
  -1   -2      1.452     -1.009      0.000 4
 484  473      1.471     -0.702      0.000 4
 485  472      1.472     -0.036      0.000 4
 486  474      1.478     -0.176      0.000 4
 487  476      1.479      0.414      0.000 4
 489  477      1.493      0.080      0.000 4
 493  479      1.519      0.679      0.000 4
 492  480      1.519      0.559      0.000 4
 494  481      1.524      1.059      0.000 4
 495  482      1.531      0.366      0.000 4
 497  483      1.535      0.766      0.000 4
 496   -2      1.536     -0.566      0.000 4
  -1   -2      1.539      0.107      0.000 4
 499  485      1.545     -0.870      0.000 4
 498  486      1.545     -0.986      0.000 4
  -1   -2      1.553     -0.167      0.000 4
 502  489      1.556     -0.765      0.000 4
 503  490      1.559      1.101      0.000 4
