492
   1    0     -1.562     -0.433      0.000 4
   3    2     -1.558      0.845      0.000 4
   4    1     -1.555     -0.965      0.000 4
   5    4     -1.549      0.634      0.000 4
  -1   -2     -1.548      1.160      0.000 4
  -1    5     -1.548      0.735      0.000 4
   6    6     -1.540      0.159      0.000 4
   8    8     -1.530      0.364      0.000 4
   9   12     -1.514      0.056      0.000 4
  -1    9     -1.514     -0.962      0.000 4
  10   11     -1.510     -0.491      0.000 4
  11   24     -1.507      1.064      0.000 4
  -1   -2     -1.497      0.002      0.000 4
  14   16     -1.476     -0.038      0.000 4
  15   17     -1.471      0.801      0.000 4
  16   19     -1.471      0.200      0.000 4
  17   18     -1.471     -0.530      0.000 4
  -1   20     -1.468      0.018      0.000 4
  21   21     -1.464     -0.787      0.000 4
  -1   -2     -1.462     -0.921      0.000 4
  20   22     -1.462      0.761      0.000 4
  -1   -2     -1.461      0.696      0.000 4
  -1   23     -1.459      0.397      0.000 4
  -1   29     -1.411     -0.043      0.000 4
  24   30     -1.408      0.847      0.000 4
  -1   -2     -1.406     -0.687      0.000 4
  25   31     -1.402     -0.452      0.000 4
  27   32     -1.391      0.275      0.000 4
  31   37     -1.355      0.910      0.000 4
  -1   -2     -1.352     -0.761      0.000 4
  -1   -2     -1.352     -0.555      0.000 4
  33   38     -1.343     -1.157      0.000 4
  18   -2     -1.340     -1.025      0.000 4
  -1   40     -1.336     -0.336      0.000 4
  32   41     -1.334      1.082      0.000 4
  -1   -2     -1.333      0.030      0.000 4
  35   43     -1.311     -0.653      0.000 4
  36   53     -1.311      1.006      0.000 4
  34   45     -1.311      0.470      0.000 4
  37   44     -1.309     -1.061      0.000 4
  38   46     -1.295     -0.765      0.000 4
  -1   47     -1.292      0.506      0.000 4
  -1   48     -1.286      0.736      0.000 4
  -1   -2     -1.282     -0.716      0.000 4
  40   49     -1.281     -0.139      0.000 4
  41   -2     -1.281     -0.823      0.000 4
  -1   50     -1.281     -0.968      0.000 4
  43   52     -1.268     -0.431      0.000 4
  47   55     -1.256      0.457      0.000 4
  67   -2     -1.256      0.958      0.000 4
  48   54     -1.255      1.073      0.000 4
  44   -2     -1.251     -0.996      0.000 4
  49   56     -1.236      1.129      0.000 4
  50   57     -1.233     -0.764      0.000 4
  51   59     -1.232      0.741      0.000 4
  52   60     -1.230      0.206      0.000 4
  54   62     -1.224      0.539      0.000 4
  53   61     -1.224     -0.343      0.000 4
  55   63     -1.221     -0.447      0.000 4
  56   65     -1.215      0.438      0.000 4
  57   66     -1.209     -0.973      0.000 4
  45   -2     -1.204      0.798      0.000 4
  58   64     -1.203     -0.205      0.000 4
  60   68     -1.188      0.376      0.000 4
  61   70     -1.182     -0.259      0.000 4
  63   71     -1.171      0.641      0.000 4
  65   72     -1.153      1.130      0.000 4
  66   74     -1.147     -0.955      0.000 4
  77   -2     -1.139      0.878      0.000 4
  68   75     -1.139     -0.993      0.000 4
  69   77     -1.135      0.332      0.000 4
  -1   78     -1.122     -0.490      0.000 4
  71   79     -1.114     -0.101      0.000 4
  72   80     -1.105      1.135      0.000 4
  75   82     -1.081      0.608      0.000 4
  70   86     -1.073     -0.451      0.000 4
  76   83     -1.071     -1.127      0.000 4
  78   84     -1.068     -0.814      0.000 4
  79   85     -1.056     -0.145      0.000 4
  -1   -2     -1.053     -0.382      0.000 4
  80   88     -1.048     -0.010      0.000 4
  81   89     -1.040      0.972      0.000 4
  82   92     -1.032     -0.228      0.000 4
  85   93     -1.022      0.328      0.000 4
  88   94     -1.019     -1.164      0.000 4
  89   96     -1.008     -0.949      0.000 4
  -1   97     -1.004      0.717      0.000 4
  91   98     -1.001      1.087      0.000 4
  90  102     -0.985      0.392      0.000 4
  92  100     -0.983     -0.055      0.000 4
  94  101     -0.978      0.040      0.000 4
  -1   -2     -0.972     -0.779      0.000 4
  97  103     -0.959      0.932      0.000 4
  99   -2     -0.952     -1.013      0.000 4
  -1   -2     -0.949     -1.157      0.000 4
  98  107     -0.948      0.140      0.000 4
 101  108     -0.945     -0.644      0.000 4
  -1  109     -0.945      0.747      0.000 4
 102  112     -0.923     -0.145      0.000 4
 104  111     -0.913     -1.009      0.000 4
 103  113     -0.912     -0.726      0.000 4
 105  114     -0.911     -0.778      0.000 4
 107  115     -0.905     -1.078      0.000 4
 106  117     -0.902     -0.097      0.000 4
 109  116     -0.901      1.121      0.000 4
 108  118     -0.899     -0.448      0.000 4
 110  120     -0.895      0.064      0.000 4
 111  119     -0.895      0.815      0.000 4
 112  122     -0.856     -1.166      0.000 4
  -1  123     -0.856      0.879      0.000 4
  -1  124     -0.845      0.039      0.000 4
 114  128     -0.839      1.051      0.000 4
 115  125     -0.833     -0.765      0.000 4
 116  126     -0.830      0.986      0.000 4
 117   -2     -0.822      1.095      0.000 4
  -1   -2     -0.819      0.721      0.000 4
  -1  129     -0.810     -0.926      0.000 4
 118  130     -0.809     -0.285      0.000 4
 120  131     -0.805     -0.538      0.000 4
 119  133     -0.802      0.695      0.000 4
 121  135     -0.793      0.050      0.000 4
  -1  137     -0.777      0.841      0.000 4
 122  139     -0.773      0.954      0.000 4
 124  141     -0.763     -0.673      0.000 4
 145  127     -0.756     -0.938      0.000 4
 125  144     -0.754     -0.401      0.000 4
  -1  145     -0.754      0.250      0.000 4
 127  146     -0.728     -0.966      0.000 4
  -1   -2     -0.728      0.578      0.000 4
 129  147     -0.728     -0.472      0.000 4
 130  148     -0.726     -0.205      0.000 4
 128  151     -0.718      0.436      0.000 4
 134  152     -0.710     -1.012      0.000 4
 135  154     -0.709      0.079      0.000 4
 136  153     -0.708      1.020      0.000 4
 140  157     -0.700     -1.168      0.000 4
 137  155     -0.700      0.174      0.000 4
 138  156     -0.691      0.828      0.000 4
 141  158     -0.684     -0.729      0.000 4
 139  159     -0.681     -0.257      0.000 4
 143  160     -0.675     -0.461      0.000 4
 142  161     -0.674     -0.032      0.000 4
 144  163     -0.671      0.610      0.000 4
 146  164     -0.645     -0.105      0.000 4
 147  165     -0.645     -0.723      0.000 4
 149   -2     -0.644      1.083      0.000 4
 151  167     -0.629     -1.119      0.000 4
 152  168     -0.617     -0.237      0.000 4
  -1  169     -0.609     -1.044      0.000 4
 155  170     -0.609      0.399      0.000 4
 153  171     -0.601     -0.955      0.000 4
 163  166     -0.593      0.968      0.000 4
 159  173     -0.579      0.284      0.000 4
  -1  174     -0.573     -0.052      0.000 4
 161  175     -0.567     -0.599      0.000 4
 160  176     -0.562     -0.140      0.000 4
 162  178     -0.556      0.443      0.000 4
 164  177     -0.553     -1.170      0.000 4
 165   -2     -0.531     -0.230      0.000 4
 167  181     -0.529      1.080      0.000 4
  -1  186     -0.529      0.542      0.000 4
 168  182     -0.525     -0.197      0.000 4
 169  183     -0.521      0.646      0.000 4
 170   -2     -0.516     -0.675      0.000 4
 171  184     -0.502     -0.509      0.000 4
 183   -2     -0.499      0.436      0.000 4
 172   -2     -0.490      0.618      0.000 4
 173  188     -0.478     -0.732      0.000 4
  -1  187     -0.478     -1.123      0.000 4
 174  189     -0.470     -0.561      0.000 4
 175  191     -0.463     -0.843      0.000 4
 176  192     -0.457      0.252      0.000 4
 182   -2     -0.454     -1.172      0.000 4
  -1  194     -0.441      0.443      0.000 4
  -1  201     -0.435      0.924      0.000 4
  -1   -2     -0.434     -0.550      0.000 4
 178  196     -0.428      0.734      0.000 4
 179  199     -0.425     -0.464      0.000 4
 181  197     -0.424      1.073      0.000 4
 180  200     -0.422     -0.131      0.000 4
 184  202     -0.408      0.838      0.000 4
 185   -2     -0.406      0.908      0.000 4
 187  204     -0.402     -0.831      0.000 4
 186  205     -0.399      0.341      0.000 4
 189  206     -0.394      0.658      0.000 4
 190  207     -0.371     -0.304      0.000 4
 191  208     -0.367     -0.610      0.000 4
 192  198     -0.351     -1.134      0.000 4
 193  210     -0.340      0.629      0.000 4
 194  211     -0.337     -0.778      0.000 4
 195  214     -0.334      1.085      0.000 4
 197  213     -0.332      0.026      0.000 4
 196  216     -0.322     -0.533      0.000 4
 198  217     -0.313     -0.822      0.000 4
 200  219     -0.295      0.564      0.000 4
 202  222     -0.278     -1.164      0.000 4
  -1  221     -0.278      0.827      0.000 4
  -1  228     -0.277     -0.181      0.000 4
 203  223     -0.268     -0.899      0.000 4
  -1   -2     -0.241     -0.120      0.000 4
  -1  227     -0.241      0.865      0.000 4
 206  229     -0.227      0.302      0.000 4
 208  230     -0.220     -1.088      0.000 4
 209  231     -0.214     -0.042      0.000 4
  -1  233     -0.206     -0.595      0.000 4
 210  232     -0.203     -0.493      0.000 4
 211  234     -0.196      0.262      0.000 4
 204  256     -0.192     -0.220      0.000 4
 212  236     -0.191      0.481      0.000 4
 213  238     -0.179      1.052      0.000 4
 214  239     -0.176      0.187      0.000 4
 216  226     -0.175     -0.998      0.000 4
 215  241     -0.170     -0.098      0.000 4
 217  243     -0.147     -0.811      0.000 4
 219  247     -0.142      0.274      0.000 4
 218  246     -0.141     -0.222      0.000 4
 221  245     -0.140     -0.620      0.000 4
 232  240     -0.130     -0.455      0.000 4
  -1   -2     -0.128      0.977      0.000 4
 224  250     -0.120      1.059      0.000 4
 226  252     -0.114      0.448      0.000 4
  -1  249     -0.113     -0.517      0.000 4
 227  253     -0.100     -0.925      0.000 4
 231  254     -0.094     -1.144      0.000 4
 229  255     -0.092      0.901      0.000 4
  -1   -2     -0.090     -0.289      0.000 4
  -1   -2     -0.089      1.111      0.000 4
 230  258     -0.084     -0.868      0.000 4
 233  259     -0.069      1.006      0.000 4
  -1  260     -0.068     -0.326      0.000 4
 234  262     -0.056      0.247      0.000 4
  -1  263     -0.052      0.397      0.000 4
 235   -2     -0.048      0.428      0.000 4
 236  264     -0.036      0.052      0.000 4
 237  266     -0.030      0.286      0.000 4
 238  265     -0.029      0.955      0.000 4
  -1   -2     -0.015     -0.145      0.000 4
  -1   -2     -0.005      0.654      0.000 4
 239  267     -0.002      0.435      0.000 4
 240  268     -0.001      0.747      0.000 4
 241  269      0.000      0.260      0.000 4
  -1  270      0.004      0.116      0.000 4
 242  271      0.006     -0.022      0.000 4
 244  272      0.011     -0.986      0.000 4
 245   -2      0.019     -1.109      0.000 4
 246  275      0.038      1.145      0.000 4
 247   -2      0.039      0.490      0.000 4
 249  277      0.053      0.682      0.000 4
 251  278      0.059     -0.839      0.000 4
 250  279      0.059      0.128      0.000 4
  -1  280      0.060      0.918      0.000 4
 253  281      0.062     -0.686      0.000 4
 256  282      0.074      0.098      0.000 4
 257  283      0.075     -0.512      0.000 4
  -1  284      0.076     -0.011      0.000 4
 284   -2      0.086      0.343      0.000 4
 258  274      0.090      0.466      0.000 4
  -1   -2      0.098      0.885      0.000 4
 259   -2      0.100     -0.163      0.000 4
 262  289      0.100     -1.158      0.000 4
 261  290      0.108     -1.077      0.000 4
  -1  288      0.111      0.943      0.000 4
 266  292      0.130     -0.326      0.000 4
 269  295      0.142      0.640      0.000 4
 270  296      0.149      0.508      0.000 4
 268  297      0.149     -0.972      0.000 4
 271  298      0.165      0.800      0.000 4
 273  299      0.166     -0.488      0.000 4
 272  300      0.173      0.279      0.000 4
 274  301      0.187     -0.957      0.000 4
 275  302      0.197     -0.310      0.000 4
 276   -2      0.203     -1.169      0.000 4
 277  303      0.213     -0.778      0.000 4
 279  306      0.222      0.997      0.000 4
 278  304      0.223      0.041      0.000 4
  -1   -2      0.227     -0.994      0.000 4
  -1  309      0.229      0.301      0.000 4
 281  308      0.230     -0.659      0.000 4
 280  307      0.232      0.735      0.000 4
 282  310      0.234      0.419      0.000 4
 283  313      0.250     -0.089      0.000 4
  -1  316      0.257      0.078      0.000 4
 285  317      0.273     -0.465      0.000 4
 288  315      0.274     -1.144      0.000 4
 286  318      0.276     -0.248      0.000 4
 287  320      0.284      0.116      0.000 4
 289  321      0.294      0.734      0.000 4
 291  323      0.298      0.933      0.000 4
 290   -2      0.300      1.080      0.000 4
 292  325      0.306     -0.793      0.000 4
 293  326      0.307      0.865      0.000 4
  -1   -2      0.312     -0.086      0.000 4
 294  327      0.312      0.194      0.000 4
 295  337      0.329      0.653      0.000 4
 297  331      0.346     -1.125      0.000 4
 298  333      0.356     -0.126      0.000 4
 299  335      0.358     -0.975      0.000 4
  -1   -2      0.361     -1.055      0.000 4
 300  330      0.363      0.685      0.000 4
 301  336      0.365      0.056      0.000 4
 302   -2      0.371      0.789      0.000 4
 303  338      0.383     -1.032      0.000 4
 305  341      0.398     -0.786      0.000 4
 304  340      0.399     -0.624      0.000 4
 306  342      0.401     -0.290      0.000 4
 308   -2      0.409     -1.163      0.000 4
 307  343      0.418     -0.925      0.000 4
  -1   -2      0.420      0.887      0.000 4
  -1   -2      0.430      0.492      0.000 4
 309  345      0.438     -0.710      0.000 4
 310  348      0.443     -0.298      0.000 4
 311  349      0.450     -0.343      0.000 4
  -1   -2      0.454     -0.148      0.000 4
 314   -2      0.464     -0.519      0.000 4
 313  351      0.464      0.228      0.000 4
 315  352      0.472      0.988      0.000 4
 316  354      0.476      0.134      0.000 4
 317   -2      0.481     -0.636      0.000 4
 318  353      0.481      0.685      0.000 4
 319  358      0.492     -0.461      0.000 4
 322  360      0.509      0.009      0.000 4
 324  355      0.517      0.785      0.000 4
 325  361      0.523     -0.329      0.000 4
 326  362      0.525     -0.649      0.000 4
 327  363      0.536     -1.125      0.000 4
  -1  364      0.543      1.091      0.000 4
 321  367      0.549      0.395      0.000 4
 331  365      0.550     -0.503      0.000 4
 323   -2      0.557      0.572      0.000 4
 330  369      0.559      0.430      0.000 4
 329  370      0.561     -0.771      0.000 4
 332  373      0.564      0.246      0.000 4
 335  371      0.571      0.170      0.000 4
 334   -2      0.577     -0.824      0.000 4
 337  375      0.582     -0.019      0.000 4
  -1  376      0.598     -0.986      0.000 4
 340  377      0.602      0.597      0.000 4
 341  378      0.611     -0.469      0.000 4
 342  379      0.615     -0.873      0.000 4
  -1   -2      0.620     -0.772      0.000 4
 343  381      0.623      1.081      0.000 4
  -1  380      0.624      1.145      0.000 4
 344  382      0.627     -1.026      0.000 4
 345  384      0.644      0.843      0.000 4
 347   -2      0.646      0.669      0.000 4
 348  385      0.648     -0.639      0.000 4
 350  386      0.657      0.726      0.000 4
 351  387      0.661     -0.737      0.000 4
 353  388      0.680     -0.542      0.000 4
 354  390      0.681     -0.033      0.000 4
 352  391      0.683     -0.937      0.000 4
 355  392      0.696     -0.210      0.000 4
 356  393      0.702      0.654      0.000 4
 357  394      0.714      0.411      0.000 4
 359  397      0.720      0.059      0.000 4
 360  399      0.728     -1.007      0.000 4
 361  400      0.731     -0.783      0.000 4
 363  401      0.739     -0.412      0.000 4
 362  403      0.740      0.768      0.000 4
 364  402      0.751      1.006      0.000 4
 365   -2      0.754     -0.824      0.000 4
 366  406      0.757     -1.059      0.000 4
 367  405      0.758      0.695      0.000 4
 368   -2      0.759     -0.133      0.000 4
 369  407      0.761      0.256      0.000 4
 370  412      0.771     -0.231      0.000 4
 371  413      0.779      0.386      0.000 4
 372  414      0.783      0.911      0.000 4
  -1   -2      0.783     -0.731      0.000 4
  -1  404      0.784     -0.164      0.000 4
 373  415      0.790     -0.979      0.000 4
  -1   -2      0.792     -1.167      0.000 4
 374  417      0.798      1.015      0.000 4
 375  419      0.815     -0.781      0.000 4
 376  418      0.816     -0.340      0.000 4
 377  420      0.821     -0.598      0.000 4
 378  422      0.826     -1.103      0.000 4
 380  423      0.840     -1.043      0.000 4
 382  424      0.851      0.913      0.000 4
 381  425      0.853     -0.849      0.000 4
 385  426      0.875      1.093      0.000 4
 384   -2      0.878     -1.159      0.000 4
 387   -2      0.880     -0.776      0.000 4
  -1  427      0.881     -1.165      0.000 4
 389  428      0.885      0.217      0.000 4
 391   -2      0.903      1.094      0.000 4
 393  442      0.924     -0.875      0.000 4
 394   -2      0.924     -0.091      0.000 4
 396  432      0.925      0.537      0.000 4
 397   -2      0.927     -1.096      0.000 4
 395  433      0.927     -0.601      0.000 4
 398  434      0.935      0.317      0.000 4
 399  435      0.937      0.274      0.000 4
 400  437      0.940      0.778      0.000 4
 401  438      0.943      0.953      0.000 4
 402  439      0.946     -0.813      0.000 4
 403  440      0.947      1.066      0.000 4
 404  441      0.952      0.999      0.000 4
  -1   -2      0.957      0.455      0.000 4
 406  443      0.975     -0.059      0.000 4
 407  444      0.985     -0.467      0.000 4
  -1   -2      0.987     -1.124      0.000 4
 409  445      0.994     -0.560      0.000 4
 408   -2      0.994     -0.726      0.000 4
 410  446      0.996     -0.278      0.000 4
 411  447      1.000      0.061      0.000 4
 412  448      1.020     -0.310      0.000 4
 414  450      1.026      0.677      0.000 4
 416  451      1.035      0.623      0.000 4
 417   -2      1.036      0.009      0.000 4
 418  453      1.043      0.577      0.000 4
 420   -2      1.055     -0.944      0.000 4
  -1  458      1.057     -0.211      0.000 4
 423  455      1.057      0.450      0.000 4
 421   -2      1.057     -0.346      0.000 4
 424  454      1.058      0.186      0.000 4
 425  456      1.059      0.725      0.000 4
 426  457      1.067      0.366      0.000 4
 427  459      1.075     -0.643      0.000 4
  -1  468      1.078      1.066      0.000 4
 428  460      1.079     -0.292      0.000 4
  -1  462      1.100     -0.192      0.000 4
 429  464      1.105     -1.055      0.000 4
 431  463      1.107      0.188      0.000 4
 433  465      1.126     -1.166      0.000 4
  -1   -2      1.128     -0.288      0.000 4
 434  466      1.132      0.474      0.000 4
 435   -2      1.134     -0.386      0.000 4
 436  467      1.137     -0.725      0.000 4
  -1  471      1.145      0.928      0.000 4
 437  470      1.151      0.405      0.000 4
 439  472      1.159     -0.080      0.000 4
 438   -2      1.161     -0.959      0.000 4
 441   -2      1.169     -0.654      0.000 4
 440  473      1.169     -0.871      0.000 4
 442  474      1.175      0.805      0.000 4
 443  476      1.177      1.012      0.000 4
  -1   -2      1.185      0.438      0.000 4
 446   -2      1.192     -0.465      0.000 4
  -1   -2      1.193     -0.143      0.000 4
 448  478      1.204     -0.053      0.000 4
 449  479      1.211     -0.646      0.000 4
  -1   -2      1.224      1.125      0.000 4
 444  481      1.231      0.568      0.000 4
 450  483      1.244      0.226      0.000 4
  -1   -2      1.244      0.972      0.000 4
 451  484      1.249      0.056      0.000 4
 453  485      1.275     -0.611      0.000 4
 454  475      1.283      0.721      0.000 4
  -1  486      1.283      0.865      0.000 4
 455  487      1.285     -0.688      0.000 4
 456  488      1.287     -0.339      0.000 4
 457  489      1.292     -0.471      0.000 4
 458   -2      1.303     -1.099      0.000 4
 459  491      1.305      1.029      0.000 4
 461  494      1.321     -0.635      0.000 4
  -1   -2      1.330     -0.137      0.000 4
  -1  495      1.341      0.249      0.000 4
 464   -2      1.352     -0.616      0.000 4
 465  497      1.359     -0.706      0.000 4
 468  498      1.365     -1.165      0.000 4
 466  499      1.372     -1.091      0.000 4
 469  500      1.374      0.271      0.000 4
 467  501      1.375      1.025      0.000 4
  -1   -2      1.376      0.964      0.000 4
 470  496      1.379      0.589      0.000 4
  -1  503      1.406      0.195      0.000 4
 471  504      1.410      0.409      0.000 4
  -1   -2      1.413      0.657      0.000 4
 486  490      1.415     -1.108      0.000 4
 473   -2      1.439      0.809      0.000 4
  -1  502      1.440     -0.213      0.000 4
 474  507      1.453     -0.621      0.000 4
 475  509      1.457     -0.480      0.000 4
 476  508      1.459      0.468      0.000 4
 477   -2      1.461     -0.548      0.000 4
 472  510      1.466     -0.366      0.000 4
 479  505      1.487      0.062      0.000 4
 480   -2      1.487      0.131      0.000 4
 481  511      1.488      0.157      0.000 4
 482  512      1.497     -0.935      0.000 4
 483   -2      1.501     -0.064      0.000 4
  -1   -2      1.505      0.323      0.000 4
 484  514      1.525      0.243      0.000 4
 485  517      1.538      1.138      0.000 4
 487  516      1.539      0.595      0.000 4
  -1   -2      1.556     -0.716      0.000 4
 488  520      1.558     -0.322      0.000 4
 489  521      1.562      0.947      0.000 4
 490  518      1.563     -0.804      0.000 4
 491  522      1.565      0.687      0.000 4
 492  523      1.570     -0.132      0.000 4
