501
  -1   -2     -1.557      0.974      0.000 4
   0    1     -1.551      0.050      0.000 4
  -1   -2     -1.547     -0.696      0.000 4
   2    3     -1.537     -1.049      0.000 4
   3    4     -1.531     -0.375      0.000 4
   4    5     -1.529     -0.566      0.000 4
  14    6     -1.524     -0.002      0.000 4
   6    7     -1.523     -0.059      0.000 4
   7    8     -1.521      0.216      0.000 4
  17   -2     -1.516     -0.857      0.000 4
  -1   12     -1.500     -0.764      0.000 4
   8   11     -1.498      0.965      0.000 4
   9   13     -1.494      0.878      0.000 4
  10   14     -1.491     -0.604      0.000 4
  11   -2     -1.491      0.835      0.000 4
  13   15     -1.478      0.539      0.000 4
  -1   16     -1.467      1.012      0.000 4
  -1   -2     -1.460     -1.123      0.000 4
  16   27     -1.459     -1.169      0.000 4
  -1   19     -1.450      0.747      0.000 4
  -1   18     -1.449     -1.002      0.000 4
  19   20     -1.434     -0.519      0.000 4
  -1   22     -1.431      0.918      0.000 4
  21   21     -1.429      0.681      0.000 4
  22   23     -1.427     -0.213      0.000 4
  -1   -2     -1.385     -1.125      0.000 4
  26   25     -1.376      0.517      0.000 4
  -1   -2     -1.368      0.976      0.000 4
  29   28     -1.348     -0.169      0.000 4
  34   31     -1.331      1.146      0.000 4
  27   -2     -1.327     -0.718      0.000 4
  32   32     -1.325      0.493      0.000 4
  35   33     -1.320      0.785      0.000 4
  36   -2     -1.312     -0.481      0.000 4
  37   44     -1.311     -1.098      0.000 4
  28   26     -1.309      0.216      0.000 4
  38   34     -1.298     -0.830      0.000 4
  39   35     -1.294      0.892      0.000 4
  -1   -2     -1.288     -1.143      0.000 4
  40   40     -1.288      0.470      0.000 4
  41   37     -1.287      0.581      0.000 4
  51   30     -1.284     -0.785      0.000 4
  42   41     -1.282     -0.383      0.000 4
  43   39     -1.273     -0.231      0.000 4
  44   43     -1.272      0.790      0.000 4
  46   42     -1.266     -0.494      0.000 4
  45   46     -1.266      0.402      0.000 4
  48   45     -1.264      1.014      0.000 4
  50   -2     -1.258     -1.042      0.000 4
  49   49     -1.249     -0.288      0.000 4
  -1   48     -1.248     -1.047      0.000 4
  52   50     -1.237     -0.722      0.000 4
  53   51     -1.229      0.683      0.000 4
  54   52     -1.217      0.350      0.000 4
  -1   53     -1.211     -0.611      0.000 4
  -1   55     -1.197     -0.116      0.000 4
  55   56     -1.192     -1.032      0.000 4
  56   57     -1.176     -0.523      0.000 4
  57   58     -1.160      0.923      0.000 4
  58   60     -1.145      0.635      0.000 4
  59   61     -1.141     -0.161      0.000 4
  62   63     -1.132     -1.008      0.000 4
  61   64     -1.129     -0.022      0.000 4
  66   65     -1.120     -1.047      0.000 4
  65   67     -1.116      0.345      0.000 4
  64   69     -1.115      0.276      0.000 4
  67   70     -1.113     -0.245      0.000 4
  -1   -2     -1.111      0.513      0.000 4
  69   78     -1.097      0.859      0.000 4
  70   72     -1.091      0.417      0.000 4
  71   74     -1.077     -0.064      0.000 4
  74   73     -1.074     -0.857      0.000 4
  73   75     -1.074      0.035      0.000 4
  75   -2     -1.057      0.393      0.000 4
  77   77     -1.049      1.002      0.000 4
  78   79     -1.047      0.142      0.000 4
  80   81     -1.038     -0.485      0.000 4
  -1   80     -1.038     -1.094      0.000 4
  79   83     -1.037     -1.171      0.000 4
  81   84     -1.015     -0.153      0.000 4
  83   85     -0.998     -0.990      0.000 4
  84   86     -0.998      1.113      0.000 4
  85   87     -0.991     -0.101      0.000 4
  -1   88     -0.991      0.060      0.000 4
  86   89     -0.980      0.951      0.000 4
  87   90     -0.977     -0.667      0.000 4
  82   -2     -0.976     -0.852      0.000 4
  -1   71     -0.975      0.511      0.000 4
  89   -2     -0.963     -0.357      0.000 4
  91   91     -0.960     -0.461      0.000 4
  -1   94     -0.938      0.830      0.000 4
  93   95     -0.936     -0.745      0.000 4
  94   96     -0.926     -0.804      0.000 4
  95   97     -0.912     -1.108      0.000 4
  97   99     -0.901     -1.036      0.000 4
  -1  107     -0.897      0.613      0.000 4
  96  102     -0.895      0.049      0.000 4
  98  101     -0.894      1.135      0.000 4
  99  103     -0.891     -0.288      0.000 4
 100  104     -0.886      0.886      0.000 4
  92  115     -0.885     -1.168      0.000 4
 103  106     -0.869      0.747      0.000 4
 102  108     -0.865      0.320      0.000 4
 104  110     -0.857     -0.546      0.000 4
 105  111     -0.855     -0.779      0.000 4
 107  113     -0.847      1.055      0.000 4
  -1  114     -0.847      0.990      0.000 4
 110  118     -0.825     -0.399      0.000 4
 106  117     -0.822      1.097      0.000 4
  -1  119     -0.819     -0.996      0.000 4
 113  122     -0.815     -0.203      0.000 4
 109  125     -0.813     -0.787      0.000 4
 115  123     -0.810      0.429      0.000 4
 116  124     -0.803      0.077      0.000 4
  -1   -2     -0.803      0.948      0.000 4
  -1   -2     -0.802      0.571      0.000 4
 117  126     -0.801      0.172      0.000 4
  -1   -2     -0.798     -0.675      0.000 4
  -1   -2     -0.793     -0.507      0.000 4
 118  127     -0.790     -0.469      0.000 4
 108  128     -0.788      0.485      0.000 4
 120  129     -0.771     -0.031      0.000 4
 112   -2     -0.767     -1.163      0.000 4
 122   -2     -0.756     -0.944      0.000 4
  -1  132     -0.744     -0.097      0.000 4
 124  131     -0.742      0.593      0.000 4
  -1   -2     -0.741      0.117      0.000 4
 127  130     -0.740     -0.955      0.000 4
 125  133     -0.740     -0.453      0.000 4
 126  134     -0.734      0.812      0.000 4
 128   -2     -0.728      0.001      0.000 4
 123  145     -0.723      1.004      0.000 4
  -1  143     -0.718     -1.165      0.000 4
  -1  137     -0.717     -0.722      0.000 4
  -1  140     -0.714     -1.131      0.000 4
  -1   -2     -0.706      1.062      0.000 4
 131  138     -0.704     -0.230      0.000 4
 132  139     -0.696      0.384      0.000 4
 133   -2     -0.694     -1.095      0.000 4
 134  136     -0.692      0.716      0.000 4
 130  142     -0.679     -0.712      0.000 4
 135  144     -0.675      0.273      0.000 4
 139   -2     -0.664     -1.172      0.000 4
 137   -2     -0.662      1.020      0.000 4
  -1   -2     -0.661     -0.057      0.000 4
 140  147     -0.651     -0.132      0.000 4
 141  146     -0.648      1.061      0.000 4
  -1   -2     -0.648      0.063      0.000 4
  -1   -2     -0.647      0.144      0.000 4
 142  148     -0.642      1.164      0.000 4
 143  149     -0.633      0.421      0.000 4
 144  150     -0.623     -0.955      0.000 4
 145  152     -0.618      0.932      0.000 4
 146  151     -0.617     -0.578      0.000 4
 147  154     -0.613     -0.194      0.000 4
 148  155     -0.602     -1.030      0.000 4
 149  156     -0.598      1.147      0.000 4
 150  157     -0.595     -0.412      0.000 4
 151  160     -0.586      0.616      0.000 4
 153  158     -0.577     -0.940      0.000 4
  -1   -2     -0.574     -0.893      0.000 4
  -1   -2     -0.566      1.135      0.000 4
 154  162     -0.560     -0.483      0.000 4
 155  163     -0.555      0.583      0.000 4
  -1  169     -0.553     -0.651      0.000 4
  -1   -2     -0.550      0.323      0.000 4
 156  165     -0.543      0.240      0.000 4
 158  164     -0.540      1.037      0.000 4
  -1  166     -0.521      0.892      0.000 4
  -1  168     -0.517      0.414      0.000 4
 159  167     -0.517     -0.528      0.000 4
 160   -2     -0.512     -0.702      0.000 4
 161  170     -0.502     -0.122      0.000 4
 163  173     -0.486     -0.430      0.000 4
 167  171     -0.484     -1.165      0.000 4
 164  172     -0.484     -0.805      0.000 4
 166  174     -0.478      0.687      0.000 4
 165  175     -0.478      0.318      0.000 4
 169   -2     -0.465     -0.335      0.000 4
 168   -2     -0.458      0.107      0.000 4
 171  177     -0.449      0.785      0.000 4
 170  176     -0.449      0.611      0.000 4
 172  178     -0.446      0.858      0.000 4
 173  179     -0.439     -0.276      0.000 4
 174  180     -0.436      1.013      0.000 4
 175  181     -0.425     -0.784      0.000 4
 178  182     -0.406     -0.566      0.000 4
 179  184     -0.392      0.557      0.000 4
 180  186     -0.373     -0.488      0.000 4
 181  187     -0.371      0.074      0.000 4
 199   -2     -0.369      1.021      0.000 4
 182  188     -0.366     -0.723      0.000 4
 183  189     -0.356      0.517      0.000 4
 185  191     -0.342     -0.168      0.000 4
 184  190     -0.339      1.008      0.000 4
  -1  193     -0.338      0.361      0.000 4
 186  192     -0.336     -0.763      0.000 4
 187   -2     -0.329     -0.335      0.000 4
 190  197     -0.288      0.277      0.000 4
 197  200     -0.287     -1.171      0.000 4
 193  196     -0.284     -0.831      0.000 4
 192  199     -0.283      0.787      0.000 4
 195   -2     -0.279      0.343      0.000 4
 196  198     -0.279     -0.033      0.000 4
 198  201     -0.260     -0.437      0.000 4
 200  202     -0.255      0.238      0.000 4
  -1  203     -0.252     -0.940      0.000 4
 194  204     -0.246     -0.539      0.000 4
 201  205     -0.242      0.434      0.000 4
 202  207     -0.234      0.171      0.000 4
 205   -2     -0.229     -1.089      0.000 4
 204  209     -0.228     -0.079      0.000 4
  -1   -2     -0.218     -0.053      0.000 4
 212   -2     -0.213      0.530      0.000 4
 206  210     -0.206     -1.123      0.000 4
 207  212     -0.196     -0.187      0.000 4
 208  213     -0.194      0.249      0.000 4
 209   -2     -0.194      0.915      0.000 4
 210  214     -0.189      0.960      0.000 4
 211  216     -0.185     -0.917      0.000 4
 213  218     -0.172      0.108      0.000 4
  -1  217     -0.172     -0.557      0.000 4
 215  220     -0.171      0.020      0.000 4
 214  219     -0.170     -0.402      0.000 4
 216  221     -0.167     -0.733      0.000 4
 217  222     -0.158      0.402      0.000 4
 218   -2     -0.146     -1.126      0.000 4
 219  223     -0.137     -0.245      0.000 4
 220  224     -0.127      0.958      0.000 4
  -1   -2     -0.125     -0.561      0.000 4
  -1  225     -0.111     -0.058      0.000 4
 222  226     -0.109      0.807      0.000 4
 223   -2     -0.107     -0.293      0.000 4
 224  228     -0.100     -0.777      0.000 4
 226  232     -0.082      0.382      0.000 4
 229  231     -0.081     -1.032      0.000 4
 228  233     -0.078      0.907      0.000 4
 227  234     -0.078      0.054      0.000 4
 230  230     -0.076     -1.166      0.000 4
 225  237     -0.059      0.234      0.000 4
 231  236     -0.058      0.497      0.000 4
 240  227     -0.058     -0.232      0.000 4
  -1   -2     -0.057     -1.004      0.000 4
  -1  238     -0.039      0.847      0.000 4
 235  239     -0.032      0.386      0.000 4
 236  240     -0.028      0.576      0.000 4
  -1  242     -0.022     -0.015      0.000 4
 239  243     -0.018     -1.081      0.000 4
 238  244     -0.018      0.661      0.000 4
 242  245      0.020      0.431      0.000 4
 243   -2      0.034      1.122      0.000 4
 244  247      0.039      0.603      0.000 4
 245  246      0.040      1.030      0.000 4
 246  248      0.040      0.106      0.000 4
 247  249      0.048     -0.601      0.000 4
 248  251      0.050     -0.742      0.000 4
 249  254      0.054     -0.442      0.000 4
  -1   -2      0.056     -0.307      0.000 4
 253  257      0.065      0.304      0.000 4
 254  258      0.072     -1.088      0.000 4
 256  259      0.082      0.275      0.000 4
 257  252      0.093      0.784      0.000 4
 258   -2      0.097     -0.156      0.000 4
 260  260      0.098     -1.165      0.000 4
  -1   -2      0.099      0.833      0.000 4
  -1  255      0.103     -0.971      0.000 4
 250  275      0.108      0.053      0.000 4
 261   -2      0.113     -0.352      0.000 4
 262  261      0.114     -0.279      0.000 4
 264  262      0.130      1.053      0.000 4
  -1   -2      0.135     -1.052      0.000 4
 263  264      0.136     -1.050      0.000 4
 267  266      0.141      0.562      0.000 4
  -1   -2      0.144      0.120      0.000 4
 270  268      0.172      0.249      0.000 4
 271  269      0.173      0.704      0.000 4
 273  271      0.186     -0.858      0.000 4
 274  272      0.190     -0.263      0.000 4
 275  273      0.199     -1.073      0.000 4
 276  274      0.210     -0.688      0.000 4
 279   -2      0.224      0.045      0.000 4
  -1   -2      0.225     -0.339      0.000 4
 288   -2      0.228     -1.096      0.000 4
 281  276      0.229     -0.580      0.000 4
 282  277      0.233      0.889      0.000 4
 283  278      0.241      0.653      0.000 4
 286  280      0.255     -0.069      0.000 4
 287  282      0.269     -1.050      0.000 4
 272  283      0.272     -0.403      0.000 4
  -1   -2      0.280     -1.127      0.000 4
 289  284      0.282     -0.214      0.000 4
 290  285      0.301      0.106      0.000 4
 291  287      0.309     -0.710      0.000 4
 292  288      0.310      0.653      0.000 4
 293  289      0.311      0.833      0.000 4
  -1   -2      0.313      0.975      0.000 4
 294   -2      0.317     -1.171      0.000 4
 295  290      0.322      0.769      0.000 4
 299  291      0.327      0.175      0.000 4
 298  292      0.342     -1.036      0.000 4
 300  293      0.351      1.136      0.000 4
 297   -2      0.351      0.580      0.000 4
 301  304      0.359     -0.734      0.000 4
 302  295      0.359     -0.890      0.000 4
  -1  296      0.366     -0.195      0.000 4
  -1   -2      0.368     -0.233      0.000 4
 303  301      0.374     -0.956      0.000 4
  -1  300      0.377      0.962      0.000 4
 304   -2      0.383      0.396      0.000 4
 305  302      0.388      0.050      0.000 4
  -1   -2      0.396      0.472      0.000 4
 307   -2      0.406     -0.712      0.000 4
 308  305      0.409     -0.561      0.000 4
 309   -2      0.416      0.237      0.000 4
 311  303      0.419      0.745      0.000 4
 312  306      0.421     -0.254      0.000 4
 310  315      0.421     -0.850      0.000 4
 330  286      0.437     -1.110      0.000 4
 313  307      0.447      0.800      0.000 4
 314  309      0.450     -0.645      0.000 4
  -1   -2      0.459     -1.171      0.000 4
 315  310      0.466     -0.265      0.000 4
 317  311      0.472     -0.307      0.000 4
 319   -2      0.476      0.049      0.000 4
 321  314      0.483     -0.468      0.000 4
 322  316      0.494      0.895      0.000 4
 324  318      0.504      0.204      0.000 4
 333  319      0.510      0.727      0.000 4
 326  320      0.515      0.119      0.000 4
 328  321      0.517      0.611      0.000 4
 325  322      0.517     -0.420      0.000 4
 327  323      0.521      1.134      0.000 4
 329   -2      0.532     -0.474      0.000 4
 332  326      0.542     -0.597      0.000 4
 334  328      0.555     -0.298      0.000 4
 335  327      0.555      0.006      0.000 4
 336  329      0.556      0.997      0.000 4
  -1  331      0.575     -0.082      0.000 4
 338  332      0.577     -0.733      0.000 4
 339  333      0.577     -0.463      0.000 4
 342  335      0.581      0.350      0.000 4
 343  336      0.591      1.133      0.000 4
 352  334      0.594     -1.161      0.000 4
 345  337      0.602      0.513      0.000 4
 355   -2      0.608      0.426      0.000 4
 346  339      0.609      0.382      0.000 4
 344  340      0.610     -0.249      0.000 4
 349  344      0.616      0.218      0.000 4
 351   -2      0.618      0.640      0.000 4
 350  341      0.618     -0.979      0.000 4
  -1   -2      0.626      0.140      0.000 4
 354  342      0.635     -0.020      0.000 4
  -1  346      0.642      1.005      0.000 4
 356  345      0.642     -0.438      0.000 4
 357  347      0.652      0.534      0.000 4
 358  349      0.671     -0.606      0.000 4
 359  350      0.679     -0.700      0.000 4
 360  351      0.683      0.769      0.000 4
 361  352      0.684     -0.335      0.000 4
 362  353      0.688     -0.906      0.000 4
 364  354      0.705      0.657      0.000 4
  -1  356      0.709     -0.562      0.000 4
  -1  357      0.717      0.917      0.000 4
 366  358      0.729     -0.982      0.000 4
 367  360      0.741     -0.040      0.000 4
 368  361      0.745     -0.758      0.000 4
 369  362      0.752     -1.033      0.000 4
 370   -2      0.760      0.019      0.000 4
  -1   -2      0.761     -0.862      0.000 4
 371  363      0.764      0.591      0.000 4
 372  365      0.776     -0.802      0.000 4
 373  364      0.777      0.936      0.000 4
 375  367      0.778      0.371      0.000 4
 391  368      0.780     -0.400      0.000 4
 378  372      0.799     -0.618      0.000 4
 377  369      0.800      0.708      0.000 4
 381   -2      0.808      0.453      0.000 4
 380  375      0.814      0.637      0.000 4
 382  376      0.816     -1.093      0.000 4
 383   -2      0.817     -0.142      0.000 4
 384  377      0.820      0.850      0.000 4
 387  382      0.829     -0.229      0.000 4
  -1   -2      0.830     -1.165      0.000 4
 388  381      0.831      0.229      0.000 4
 389  383      0.836     -1.035      0.000 4
 390  384      0.838     -0.764      0.000 4
 392  380      0.846     -0.167      0.000 4
 394  386      0.849     -0.590      0.000 4
 395  385      0.850      0.349      0.000 4
 397  387      0.860     -0.844      0.000 4
 396   -2      0.861     -1.123      0.000 4
 399  388      0.864     -0.337      0.000 4
 401  393      0.896     -0.776      0.000 4
 409   -2      0.897     -1.008      0.000 4
 402  392      0.898     -0.033      0.000 4
 405  394      0.911      1.141      0.000 4
 403   -2      0.917      1.039      0.000 4
  -1   -2      0.928      0.082      0.000 4
  -1   -2      0.944     -1.162      0.000 4
 413  396      0.945     -0.537      0.000 4
 410  397      0.948      0.739      0.000 4
 411  399      0.954      0.176      0.000 4
  -1  400      0.957     -0.611      0.000 4
 412  401      0.958     -0.821      0.000 4
 414  403      0.966      1.021      0.000 4
  -1  405      0.968     -0.216      0.000 4
 416  406      0.972      0.210      0.000 4
 417  407      0.978      0.928      0.000 4
 415   -2      0.980     -0.917      0.000 4
 420  408      0.994      0.740      0.000 4
 421  409      1.000      0.499      0.000 4
  -1   -2      1.011      0.135      0.000 4
 422  410      1.016      0.292      0.000 4
 423  411      1.018      0.248      0.000 4
 424   -2      1.024     -0.577      0.000 4
 425  412      1.025     -0.482      0.000 4
  -1  404      1.033     -0.894      0.000 4
 427  414      1.045     -0.080      0.000 4
 428  415      1.052     -0.296      0.000 4
  -1  413      1.071     -0.592      0.000 4
  -1   -2      1.071     -1.174      0.000 4
  -1   -2      1.080     -0.193      0.000 4
  -1  416      1.084      1.152      0.000 4
 429   -2      1.085      0.036      0.000 4
 431   -2      1.090      0.649      0.000 4
 432  420      1.098     -0.673      0.000 4
 433  421      1.098     -1.088      0.000 4
 434  422      1.104      1.033      0.000 4
 436  419      1.106      0.603      0.000 4
 437  424      1.117      0.553      0.000 4
  -1  425      1.121      0.703      0.000 4
  -1  426      1.123     -0.281      0.000 4
 440  429      1.129      0.102      0.000 4
 442  428      1.132     -0.316      0.000 4
 445  427      1.133      0.170      0.000 4
 441   -2      1.138     -1.175      0.000 4
 443  431      1.149      0.348      0.000 4
 444  433      1.154     -0.765      0.000 4
 446  435      1.158     -1.003      0.000 4
 447  434      1.162     -0.221      0.000 4
 448  436      1.166      0.991      0.000 4
 449  437      1.168     -0.918      0.000 4
 450   -2      1.181     -0.319      0.000 4
 451   -2      1.182      0.923      0.000 4
 452  439      1.186      0.171      0.000 4
 464  418      1.194     -1.169      0.000 4
  -1  441      1.197      0.321      0.000 4
 454  442      1.202      1.005      0.000 4
 455  443      1.210      0.465      0.000 4
 457  447      1.224     -1.082      0.000 4
 459  444      1.224      0.803      0.000 4
 458  445      1.224     -0.107      0.000 4
 456  448      1.227     -0.696      0.000 4
 460  446      1.228      0.399      0.000 4
 461  450      1.245     -0.456      0.000 4
 470   -2      1.246      0.631      0.000 4
  -1   -2      1.256     -0.494      0.000 4
 462  451      1.261      0.692      0.000 4
 463   -2      1.277     -0.080      0.000 4
  -1  452      1.278     -0.129      0.000 4
 466  454      1.289      0.986      0.000 4
 465   -2      1.290     -0.918      0.000 4
 467  455      1.293     -0.672      0.000 4
 471  457      1.313      0.214      0.000 4
 472  458      1.315      0.897      0.000 4
 475  459      1.320      0.033      0.000 4
 473  460      1.322     -0.529      0.000 4
  -1   -2      1.325     -0.393      0.000 4
  -1   -2      1.326      0.146      0.000 4
 474  461      1.326      1.050      0.000 4
 468  465      1.327     -0.322      0.000 4
 478  453      1.351     -1.168      0.000 4
 476  463      1.353     -0.056      0.000 4
  -1  464      1.356     -0.693      0.000 4
 481   -2      1.367     -0.330      0.000 4
 477  466      1.370     -0.780      0.000 4
  -1   -2      1.377     -0.486      0.000 4
  -1  467      1.379      1.010      0.000 4
 480   -2      1.383     -0.176      0.000 4
 482  470      1.408      0.712      0.000 4
 484  471      1.441      0.273      0.000 4
  -1  472      1.445     -0.135      0.000 4
  -1   -2      1.447     -0.221      0.000 4
  -1   -2      1.447     -0.098      0.000 4
 486  476      1.471     -0.704      0.000 4
 485  475      1.472      0.069      0.000 4
 488  477      1.477      0.430      0.000 4
 489  478      1.478     -0.557      0.000 4
 487  479      1.479     -0.630      0.000 4
  -1   -2      1.480      0.496      0.000 4
 490  481      1.492     -0.436      0.000 4
 494  480      1.494      0.860      0.000 4
  -1   -2      1.503     -0.406      0.000 4
 491  483      1.507     -1.013      0.000 4
 492   -2      1.519      0.498      0.000 4
 493   -2      1.530      0.038      0.000 4
  -1   -2      1.536     -0.570      0.000 4
 495  484      1.536      0.148      0.000 4
  -1   -2      1.537     -0.357      0.000 4
  -1  485      1.538      0.117      0.000 4
 497  487      1.557     -0.805      0.000 4
