499
   0   -2     -1.572     -0.024      0.000 4
   1    0     -1.568      0.860      0.000 4
  -1    1     -1.563      0.262      0.000 4
  -1   -2     -1.561     -0.061      0.000 4
   4    2     -1.551     -0.234      0.000 4
   3    3     -1.546      0.809      0.000 4
  -1   15     -1.527     -1.053      0.000 4
  -1   -2     -1.524      1.069      0.000 4
  -1   -2     -1.519      0.641      0.000 4
   6    5     -1.514      0.221      0.000 4
   7    6     -1.508      0.325      0.000 4
   8    7     -1.498      0.279      0.000 4
   9    8     -1.496      0.528      0.000 4
  10   10     -1.489      0.656      0.000 4
  11   13     -1.488      0.411      0.000 4
  -1   12     -1.487     -0.734      0.000 4
  12    9     -1.487     -0.290      0.000 4
  13   14     -1.485      0.864      0.000 4
   2   -2     -1.474     -0.383      0.000 4
  14   17     -1.467      0.157      0.000 4
  15   16     -1.466      1.011      0.000 4
  -1   -2     -1.450     -0.526      0.000 4
  -1   18     -1.449     -0.978      0.000 4
  17   19     -1.448     -0.604      0.000 4
  18   20     -1.441      0.487      0.000 4
  20   22     -1.434      0.345      0.000 4
  21   21     -1.432     -0.342      0.000 4
  23   -2     -1.418      0.710      0.000 4
  -1   23     -1.417     -0.710      0.000 4
  25   24     -1.412      0.137      0.000 4
  -1   25     -1.404      0.758      0.000 4
  26   26     -1.395     -0.382      0.000 4
  27   27     -1.393      0.285      0.000 4
  28   28     -1.382      0.639      0.000 4
  -1   29     -1.381      0.851      0.000 4
  -1   32     -1.378     -0.208      0.000 4
  -1   30     -1.376     -0.853      0.000 4
  30   33     -1.368      1.112      0.000 4
  31   34     -1.361      0.607      0.000 4
  29   31     -1.358      0.057      0.000 4
  33   35     -1.358     -0.892      0.000 4
  34   36     -1.348     -1.035      0.000 4
  35   37     -1.328     -0.005      0.000 4
  37   39     -1.324      0.924      0.000 4
  38   -2     -1.322      1.081      0.000 4
  39   40     -1.313      0.169      0.000 4
  40   -2     -1.302     -0.815      0.000 4
  -1   -2     -1.300     -0.221      0.000 4
  -1   41     -1.296     -0.963      0.000 4
  41   43     -1.294     -0.334      0.000 4
  43   45     -1.286      0.553      0.000 4
  42   42     -1.286     -0.839      0.000 4
  45   46     -1.270     -0.980      0.000 4
  46   49     -1.264      0.389      0.000 4
  48   50     -1.262     -0.627      0.000 4
  50   51     -1.246     -0.522      0.000 4
  47   -2     -1.242     -0.011      0.000 4
  51   52     -1.242      0.994      0.000 4
  52   54     -1.232     -0.835      0.000 4
  55   58     -1.204     -0.124      0.000 4
  56   56     -1.204      0.821      0.000 4
  58   60     -1.188     -1.105      0.000 4
  61   61     -1.175      0.725      0.000 4
  62   62     -1.168     -0.867      0.000 4
  63   63     -1.165     -0.830      0.000 4
  64   64     -1.165      1.038      0.000 4
  66   65     -1.158      0.998      0.000 4
  65   66     -1.157      0.631      0.000 4
  87   47     -1.151     -0.560      0.000 4
  68   68     -1.144     -1.005      0.000 4
  71   67     -1.141     -1.100      0.000 4
  70   69     -1.136     -0.348      0.000 4
  72   70     -1.129      0.401      0.000 4
  73   71     -1.117      1.039      0.000 4
  75   -2     -1.106     -1.020      0.000 4
  -1   73     -1.106      0.647      0.000 4
  76   72     -1.104     -1.060      0.000 4
  86   -2     -1.103     -1.108      0.000 4
  77   74     -1.091     -0.104      0.000 4
  78   75     -1.087     -0.372      0.000 4
  79   -2     -1.073     -0.059      0.000 4
  81   76     -1.068     -0.281      0.000 4
  82   77     -1.061      0.397      0.000 4
  83   78     -1.059      0.800      0.000 4
  84   -2     -1.055      0.259      0.000 4
  85   80     -1.041      0.478      0.000 4
  -1   -2     -1.038     -0.727      0.000 4
  88   -2     -1.032     -1.056      0.000 4
  -1   93     -1.025      0.951      0.000 4
  89   83     -1.024     -0.160      0.000 4
  90   85     -1.018      0.579      0.000 4
  91   84     -1.018     -0.861      0.000 4
  92   86     -1.013      0.388      0.000 4
  93   88     -1.008      0.194      0.000 4
  -1   89     -1.003     -0.773      0.000 4
  94   -2     -1.003      0.250      0.000 4
  95   91     -0.997     -0.214      0.000 4
  96   90     -0.997      1.025      0.000 4
  80   -2     -0.993     -0.431      0.000 4
  99   -2     -0.990      0.911      0.000 4
 113   81     -0.971     -1.112      0.000 4
 101   98     -0.971      0.338      0.000 4
 102   97     -0.969      1.057      0.000 4
  -1   -2     -0.964      0.620      0.000 4
 104  101     -0.952      0.778      0.000 4
 100  102     -0.942     -0.937      0.000 4
 106  103     -0.937      1.122      0.000 4
 107  105     -0.912      0.569      0.000 4
 109   -2     -0.908      1.084      0.000 4
 108  106     -0.907      0.305      0.000 4
 111   -2     -0.895     -0.089      0.000 4
 114   -2     -0.873     -1.084      0.000 4
 115  107     -0.868      0.690      0.000 4
  -1  113     -0.863     -1.168      0.000 4
 116  108     -0.863     -0.742      0.000 4
 117  109     -0.856     -0.613      0.000 4
 118  110     -0.846     -0.693      0.000 4
 119  112     -0.841     -0.136      0.000 4
 120  111     -0.840     -0.443      0.000 4
  -1  114     -0.831     -0.215      0.000 4
 123  115     -0.822      1.090      0.000 4
 124  116     -0.820     -0.943      0.000 4
  -1  117     -0.817     -0.050      0.000 4
 125  119     -0.812     -0.010      0.000 4
  -1  120     -0.807      0.445      0.000 4
 137  129     -0.805     -1.098      0.000 4
 133  121     -0.796      0.318      0.000 4
  -1  124     -0.794      0.262      0.000 4
 130  122     -0.790      0.812      0.000 4
 132  123     -0.788      0.992      0.000 4
 134  125     -0.785     -0.799      0.000 4
 127   -2     -0.784      0.395      0.000 4
 135  127     -0.778     -0.753      0.000 4
 136  128     -0.774      0.886      0.000 4
 128   -2     -0.768     -0.225      0.000 4
 141  130     -0.755     -0.930      0.000 4
 140  131     -0.753     -0.059      0.000 4
 142  132     -0.751     -0.444      0.000 4
  -1  133     -0.746      0.382      0.000 4
 143  135     -0.739      0.034      0.000 4
 144   -2     -0.738     -0.963      0.000 4
 145  134     -0.734     -1.009      0.000 4
 146  136     -0.723      0.981      0.000 4
  -1   -2     -0.716      0.517      0.000 4
 148  137     -0.706      0.140      0.000 4
 149  138     -0.706     -0.152      0.000 4
  -1  146     -0.698     -1.111      0.000 4
 151  139     -0.696      1.119      0.000 4
  -1   -2     -0.693     -0.490      0.000 4
  -1   -2     -0.687      0.873      0.000 4
 154  140     -0.682      1.062      0.000 4
 153  141     -0.681     -0.556      0.000 4
 155  142     -0.680     -0.687      0.000 4
  -1  143     -0.679      1.010      0.000 4
 156  144     -0.675      0.731      0.000 4
 157  145     -0.674     -0.105      0.000 4
 138   -2     -0.663     -0.278      0.000 4
  -1  150     -0.646     -0.568      0.000 4
 161  148     -0.646     -1.077      0.000 4
  -1   -2     -0.643      0.216      0.000 4
 160  149     -0.642      1.146      0.000 4
 159  151     -0.637     -1.118      0.000 4
 163  152     -0.625     -1.004      0.000 4
 162  155     -0.620     -0.308      0.000 4
 164  153     -0.618     -0.766      0.000 4
 165  154     -0.617      1.073      0.000 4
 166  158     -0.603     -0.548      0.000 4
 167  156     -0.601      0.889      0.000 4
 168  157     -0.595     -0.433      0.000 4
 169   -2     -0.587     -0.513      0.000 4
 170  159     -0.585     -0.282      0.000 4
  -1   -2     -0.576     -0.934      0.000 4
 172  161     -0.570      0.410      0.000 4
 173  162     -0.567     -1.104      0.000 4
 171  163     -0.565      0.042      0.000 4
 174  165     -0.549      0.348      0.000 4
 177  166     -0.535     -0.516      0.000 4
 178  169     -0.528     -0.238      0.000 4
 180   -2     -0.527      0.482      0.000 4
 179  168     -0.522      0.271      0.000 4
 182  172     -0.520      0.677      0.000 4
 176  174     -0.492     -1.165      0.000 4
 185  176     -0.484      0.080      0.000 4
 187  177     -0.480      0.186      0.000 4
 184  178     -0.472     -0.681      0.000 4
 189  179     -0.462     -0.050      0.000 4
 191  180     -0.447     -0.128      0.000 4
 194   -2     -0.442     -0.774      0.000 4
 193  181     -0.439     -0.953      0.000 4
 192  182     -0.437     -0.290      0.000 4
  -1   -2     -0.427     -0.019      0.000 4
 196  183     -0.422     -0.843      0.000 4
 195  185     -0.420      0.448      0.000 4
 199  186     -0.395     -0.518      0.000 4
 198  187     -0.392      0.638      0.000 4
  -1   -2     -0.391     -0.359      0.000 4
 197  188     -0.388      0.748      0.000 4
 201  189     -0.387     -0.610      0.000 4
  -1   -2     -0.386      0.518      0.000 4
 202  191     -0.381      0.323      0.000 4
 203  193     -0.379     -0.190      0.000 4
 204  192     -0.377     -0.964      0.000 4
 205  195     -0.371     -0.673      0.000 4
 206  194     -0.368      1.068      0.000 4
 207  196     -0.361     -0.294      0.000 4
 211  197     -0.352      0.994      0.000 4
 210  198     -0.350     -0.258      0.000 4
  -1   -2     -0.348      0.680      0.000 4
 212  199     -0.340      0.879      0.000 4
 214  201     -0.309     -0.580      0.000 4
 215  202     -0.302     -0.936      0.000 4
 218   -2     -0.297     -0.845      0.000 4
 216  203     -0.294      0.803      0.000 4
 219  204     -0.290     -0.989      0.000 4
  -1   -2     -0.287     -0.755      0.000 4
 221  206     -0.281      0.298      0.000 4
 222  207     -0.270     -0.481      0.000 4
 223  205     -0.268     -1.166      0.000 4
 225  208     -0.265     -1.077      0.000 4
 226  209     -0.260     -0.195      0.000 4
 227  211     -0.248      0.418      0.000 4
 228  212     -0.237     -0.407      0.000 4
 229  213     -0.237     -0.686      0.000 4
 231  215     -0.225     -1.093      0.000 4
 232  216     -0.218      0.122      0.000 4
 233  217     -0.203      0.335      0.000 4
 234  218     -0.199      0.715      0.000 4
 241   -2     -0.199      0.543      0.000 4
  -1  221     -0.184     -0.236      0.000 4
 236   -2     -0.156      0.070      0.000 4
 238  223     -0.151     -0.778      0.000 4
 240  224     -0.147     -0.269      0.000 4
  -1   -2     -0.146     -1.118      0.000 4
 242  227     -0.132     -0.664      0.000 4
 243  226     -0.131     -1.029      0.000 4
 244  228     -0.122     -0.194      0.000 4
 245  229     -0.117      0.486      0.000 4
 246  230     -0.114      0.381      0.000 4
  -1  231     -0.108     -0.901      0.000 4
 247  232     -0.105      0.625      0.000 4
  -1  233     -0.102      1.109      0.000 4
 249  234     -0.096     -0.087      0.000 4
 250  235     -0.090      0.328      0.000 4
 251  236     -0.086      1.147      0.000 4
 252  238     -0.079     -1.096      0.000 4
 256  240     -0.071     -0.642      0.000 4
 253  241     -0.068      0.225      0.000 4
 255  242     -0.068     -0.167      0.000 4
 248  244     -0.063     -1.167      0.000 4
 258  245     -0.052     -0.331      0.000 4
 257  246     -0.050      0.350      0.000 4
 259  247     -0.044      0.588      0.000 4
 260  248     -0.027     -0.012      0.000 4
 261  249     -0.016     -0.428      0.000 4
  -1   -2     -0.002     -0.481      0.000 4
 263  250      0.007      0.571      0.000 4
 264  252      0.012      0.311      0.000 4
 265  251      0.012      0.982      0.000 4
 268  254      0.028      0.369      0.000 4
 269  255      0.031      0.042      0.000 4
  -1   -2      0.031     -1.121      0.000 4
 267   -2      0.033     -0.236      0.000 4
 270  256      0.039      0.577      0.000 4
  -1  264      0.049     -0.702      0.000 4
 271  258      0.052      0.330      0.000 4
 272  259      0.061      0.906      0.000 4
 274  260      0.063      0.656      0.000 4
 273  261      0.064     -1.083      0.000 4
  -1   -2      0.065     -0.307      0.000 4
 275  262      0.074     -0.923      0.000 4
 277  263      0.083      1.148      0.000 4
 278   -2      0.097     -0.719      0.000 4
 279  265      0.097      0.146      0.000 4
 280  266      0.106      0.451      0.000 4
 282  267      0.108      0.100      0.000 4
 283   -2      0.112     -0.060      0.000 4
  -1   -2      0.113     -0.165      0.000 4
  -1  269      0.123      0.401      0.000 4
  -1  268      0.133     -1.163      0.000 4
 285  270      0.135      0.852      0.000 4
 291  274      0.151     -0.600      0.000 4
 289  272      0.151     -0.487      0.000 4
 290  273      0.151      1.047      0.000 4
 292  275      0.162     -0.675      0.000 4
  -1   -2      0.165     -0.266      0.000 4
 293  276      0.176      0.363      0.000 4
  -1   -2      0.188     -0.700      0.000 4
 295  280      0.199      0.964      0.000 4
 296  282      0.210      0.559      0.000 4
 297  284      0.213      0.021      0.000 4
 298  281      0.216     -1.015      0.000 4
  -1  286      0.227     -0.886      0.000 4
 299  287      0.237     -0.159      0.000 4
 300  288      0.253      0.961      0.000 4
 301  290      0.259     -0.377      0.000 4
 302  291      0.259     -0.903      0.000 4
 303  293      0.267      0.728      0.000 4
 304  294      0.272      1.114      0.000 4
 305  295      0.272      0.240      0.000 4
 306  296      0.274     -0.236      0.000 4
  -1   -2      0.284     -0.848      0.000 4
  -1  298      0.285      0.146      0.000 4
  -1   -2      0.296      0.582      0.000 4
  -1   -2      0.300     -0.628      0.000 4
 308  299      0.302     -1.014      0.000 4
 281  322      0.311     -1.169      0.000 4
 310  301      0.313      0.048      0.000 4
 311  302      0.317     -0.202      0.000 4
 312   -2      0.318     -0.404      0.000 4
 315  306      0.329     -0.599      0.000 4
 319  308      0.354     -0.412      0.000 4
 320  309      0.369      0.050      0.000 4
 321  310      0.373     -0.810      0.000 4
 323  312      0.380      0.291      0.000 4
 325  313      0.389     -0.414      0.000 4
 326  315      0.392      0.163      0.000 4
 327  316      0.398     -0.465      0.000 4
  -1   -2      0.410      0.887      0.000 4
  -1   -2      0.417      0.925      0.000 4
 329  318      0.419     -0.889      0.000 4
 332  319      0.422     -0.006      0.000 4
 336   -2      0.426      0.704      0.000 4
 334  321      0.441     -0.607      0.000 4
 335   -2      0.446     -0.563      0.000 4
 330   -2      0.452     -1.117      0.000 4
 337  324      0.457     -0.435      0.000 4
 338  325      0.459      0.739      0.000 4
  -1   -2      0.460      0.010      0.000 4
 339  323      0.463      0.317      0.000 4
 340  327      0.477     -0.034      0.000 4
 343  329      0.489     -0.796      0.000 4
 341  326      0.490      0.682      0.000 4
 346  331      0.492     -0.357      0.000 4
 344  330      0.493      0.903      0.000 4
 345  333      0.495      0.438      0.000 4
 347  332      0.498      0.764      0.000 4
 349  335      0.502     -0.966      0.000 4
 348  334      0.502     -0.627      0.000 4
 350  336      0.523      0.324      0.000 4
 351  338      0.539     -0.913      0.000 4
 352  339      0.543     -0.577      0.000 4
 354  340      0.554     -0.045      0.000 4
 356  341      0.559     -0.436      0.000 4
 355   -2      0.560     -0.958      0.000 4
 357  342      0.563      0.908      0.000 4
 358  345      0.574      1.039      0.000 4
 360  344      0.575      0.543      0.000 4
  -1   -2      0.585     -0.894      0.000 4
 362  346      0.593      0.327      0.000 4
 363  347      0.595      0.814      0.000 4
 364  348      0.599     -0.745      0.000 4
  -1  350      0.604     -1.154      0.000 4
 365  349      0.604     -0.991      0.000 4
  -1  352      0.615     -0.635      0.000 4
 367  353      0.620      0.557      0.000 4
 366   -2      0.623     -0.682      0.000 4
 368  354      0.623      0.490      0.000 4
 359  355      0.627     -0.161      0.000 4
 371   -2      0.628     -1.157      0.000 4
 369  356      0.628     -0.838      0.000 4
 372  357      0.642      0.937      0.000 4
 373  358      0.645      0.856      0.000 4
  -1   -2      0.649     -0.186      0.000 4
 374  359      0.650     -0.473      0.000 4
  -1  362      0.682     -1.030      0.000 4
  -1   -2      0.697     -0.648      0.000 4
 378  365      0.702     -0.859      0.000 4
 379  364      0.703     -0.450      0.000 4
 381  363      0.704      0.256      0.000 4
 380  366      0.705     -0.376      0.000 4
 375   -2      0.707     -0.058      0.000 4
 386  367      0.711      0.299      0.000 4
 382  368      0.712     -0.697      0.000 4
 383  369      0.719      1.079      0.000 4
  -1   -2      0.726     -0.991      0.000 4
 385  373      0.738     -1.076      0.000 4
 387  371      0.750      0.392      0.000 4
 389  372      0.752      0.340      0.000 4
 388  374      0.753     -0.641      0.000 4
  -1  376      0.754     -0.142      0.000 4
  -1  378      0.760     -0.077      0.000 4
 390  377      0.765      0.637      0.000 4
 393  379      0.786     -0.818      0.000 4
 394  380      0.808     -0.039      0.000 4
 395  381      0.810      0.906      0.000 4
  -1   -2      0.821     -1.142      0.000 4
 396   -2      0.822      0.094      0.000 4
 397  382      0.826     -0.875      0.000 4
 412   -2      0.839      1.063      0.000 4
 398  385      0.843     -0.794      0.000 4
  -1   -2      0.845      0.623      0.000 4
 400   -2      0.846     -0.202      0.000 4
 402  387      0.850     -1.067      0.000 4
 403  386      0.852      0.162      0.000 4
  -1   -2      0.859     -0.844      0.000 4
 407  384      0.864      0.116      0.000 4
 415  388      0.867     -0.275      0.000 4
 408  389      0.869      0.517      0.000 4
 409  390      0.871      0.425      0.000 4
 410  391      0.871      0.656      0.000 4
 411  392      0.876      0.705      0.000 4
 413  394      0.878      0.769      0.000 4
  -1   -2      0.880     -0.671      0.000 4
 414  396      0.884     -0.455      0.000 4
 416  397      0.889      1.084      0.000 4
 405  405      0.897     -1.134      0.000 4
 418  400      0.906      0.235      0.000 4
 419  401      0.910     -0.543      0.000 4
 420   -2      0.913     -0.801      0.000 4
  -1  403      0.920      0.804      0.000 4
 424   -2      0.921     -0.871      0.000 4
  -1  402      0.923     -0.325      0.000 4
 422  404      0.933      0.026      0.000 4
 427  406      0.938      0.527      0.000 4
  -1   -2      0.938      0.199      0.000 4
  -1   -2      0.941      0.743      0.000 4
 428  408      0.942     -0.153      0.000 4
  -1  410      0.943     -0.698      0.000 4
 429  411      0.952      0.454      0.000 4
 430  414      0.980     -1.118      0.000 4
 432  415      0.980     -0.036      0.000 4
 426  416      0.989     -0.241      0.000 4
 434  418      1.003     -0.823      0.000 4
 437  419      1.007      0.671      0.000 4
 435  420      1.008     -0.591      0.000 4
  -1   -2      1.015     -0.448      0.000 4
 438  421      1.017     -0.328      0.000 4
  -1  422      1.027      0.293      0.000 4
 441  423      1.030     -0.007      0.000 4
 446  424      1.042      0.255      0.000 4
 442  425      1.044     -0.883      0.000 4
 444  426      1.048      0.836      0.000 4
 447  429      1.062      0.971      0.000 4
 453  430      1.064      0.167      0.000 4
 445  427      1.065     -1.168      0.000 4
 448   -2      1.066      0.101      0.000 4
 457   -2      1.083     -0.645      0.000 4
  -1   -2      1.086      0.633      0.000 4
 451   -2      1.087     -0.330      0.000 4
 450   -2      1.099     -0.557      0.000 4
 449  438      1.107      1.032      0.000 4
 454  434      1.113     -0.968      0.000 4
  -1   -2      1.125      0.715      0.000 4
  -1  435      1.141     -0.771      0.000 4
 458  436      1.143     -0.545      0.000 4
 460  439      1.158     -1.074      0.000 4
 462   -2      1.163     -0.246      0.000 4
 461  440      1.163      0.879      0.000 4
  -1  441      1.178      0.963      0.000 4
  -1   -2      1.180     -0.057      0.000 4
 464  443      1.193      0.283      0.000 4
 463  445      1.195     -0.362      0.000 4
 465  446      1.205     -0.488      0.000 4
 466  447      1.220      0.558      0.000 4
 468  449      1.230     -0.555      0.000 4
 470  450      1.233      0.993      0.000 4
 473  451      1.256     -0.495      0.000 4
  -1  452      1.263      0.924      0.000 4
 475   -2      1.272     -0.762      0.000 4
 476  453      1.287     -0.468      0.000 4
 478  456      1.307     -0.549      0.000 4
 472  463      1.332     -1.165      0.000 4
  -1   -2      1.338      0.290      0.000 4
 482  458      1.341      0.176      0.000 4
 481  459      1.344     -1.055      0.000 4
  -1   -2      1.346      0.103      0.000 4
 485  460      1.367     -0.914      0.000 4
 486   -2      1.371      1.083      0.000 4
  -1  461      1.373      1.087      0.000 4
 487  462      1.376     -0.221      0.000 4
 488  465      1.380     -0.323      0.000 4
 489  468      1.384     -0.970      0.000 4
 490  467      1.386      0.239      0.000 4
 491  466      1.390      0.509      0.000 4
 492  469      1.398     -0.442      0.000 4
 493  470      1.399     -0.381      0.000 4
 494  471      1.411     -0.919      0.000 4
 497  472      1.424      0.577      0.000 4
 499  475      1.450     -1.074      0.000 4
 501  474      1.451      0.269      0.000 4
 502  476      1.454      0.809      0.000 4
 503  477      1.475     -0.721      0.000 4
 504  478      1.479     -0.039      0.000 4
 521  480      1.486      0.871      0.000 4
 505  479      1.487     -0.189      0.000 4
 507  481      1.493      0.421      0.000 4
 509  482      1.502      0.075      0.000 4
  -1   -2      1.505     -0.443      0.000 4
 510  483      1.528      0.689      0.000 4
 511  485      1.530      1.073      0.000 4
 512  484      1.530      0.570      0.000 4
 513  486      1.539     -0.586      0.000 4
 514  487      1.544      0.371      0.000 4
  -1   -2      1.547      0.106      0.000 4
 517  488      1.547     -0.892      0.000 4
 515  489      1.548     -1.008      0.000 4
 516   -2      1.548      0.024      0.000 4
 520  490      1.558     -0.787      0.000 4
 522  491      1.564      1.116      0.000 4
