517
   0    0     -1.565      0.384      0.000 4
   1    1     -1.556      0.810      0.000 4
   3    4     -1.549     -0.009      0.000 4
  -1   -2     -1.547     -0.139      0.000 4
   4   -2     -1.539     -0.048      0.000 4
   6    6     -1.537      0.901      0.000 4
   5    5     -1.536      0.247      0.000 4
  -1   -2     -1.528     -0.997      0.000 4
  -1   -2     -1.521      0.764      0.000 4
  -1   -2     -1.497     -0.105      0.000 4
  -1    8     -1.494      0.402      0.000 4
  11    9     -1.485      0.210      0.000 4
  12   12     -1.476      0.305      0.000 4
  13   11     -1.475      0.820      0.000 4
  14   13     -1.468      0.495      0.000 4
  17   14     -1.468     -1.123      0.000 4
  15   15     -1.466      0.620      0.000 4
  16   17     -1.464      0.263      0.000 4
  -1   -2     -1.463     -1.054      0.000 4
  18   16     -1.462      0.967      0.000 4
  19   22     -1.460     -0.261      0.000 4
  21   -2     -1.455      0.386      0.000 4
  23   19     -1.437     -0.566      0.000 4
  24   20     -1.433     -0.473      0.000 4
  25   21     -1.432      0.150      0.000 4
  26   -2     -1.420     -0.676      0.000 4
  -1   -2     -1.407      0.458      0.000 4
  27   -2     -1.403     -0.316      0.000 4
  -1   24     -1.397     -1.171      0.000 4
  -1   23     -1.395      0.671      0.000 4
  28   25     -1.392      0.323      0.000 4
  -1   26     -1.388      0.273      0.000 4
  29   27     -1.383     -0.814      0.000 4
  30   28     -1.383      0.721      0.000 4
  31   29     -1.377     -1.122      0.000 4
  32   30     -1.372      1.072      0.000 4
  -1   -2     -1.371      0.500      0.000 4
  -1   41     -1.368      0.814      0.000 4
  33   31     -1.368     -0.355      0.000 4
  34   32     -1.364     -0.855      0.000 4
  -1   33     -1.362     -0.998      0.000 4
  38   -2     -1.358     -0.496      0.000 4
  -1   34     -1.353     -0.695      0.000 4
  37   36     -1.353      0.607      0.000 4
  36   35     -1.352      0.270      0.000 4
  40   38     -1.342     -0.193      0.000 4
  41   37     -1.341     -1.098      0.000 4
  39   39     -1.340      0.067      0.000 4
  43   40     -1.333      0.987      0.000 4
  42   -2     -1.332      0.578      0.000 4
  -1   -2     -1.324      1.043      0.000 4
  44   47     -1.321      0.029      0.000 4
  45   -2     -1.312      0.887      0.000 4
  48   42     -1.298     -0.790      0.000 4
  47   46     -1.286     -0.000      0.000 4
  49   45     -1.283     -0.950      0.000 4
  -1   -2     -1.272     -0.377      0.000 4
  50   48     -1.267      0.163      0.000 4
  -1   43     -1.264      0.732      0.000 4
  51   50     -1.261     -0.316      0.000 4
  54   55     -1.250      0.529      0.000 4
  55   54     -1.248     -0.596      0.000 4
  56   56     -1.236      0.962      0.000 4
  57   57     -1.231     -0.800      0.000 4
  58   59     -1.226     -0.500      0.000 4
  61   60     -1.222     -1.093      0.000 4
  59   62     -1.217      0.376      0.000 4
  -1   64     -1.196      0.489      0.000 4
  62   65     -1.185      0.806      0.000 4
  63   66     -1.182     -0.615      0.000 4
  65   68     -1.168     -0.839      0.000 4
  66   69     -1.164     -0.804      0.000 4
  -1   -2     -1.161     -1.069      0.000 4
  67   71     -1.157     -0.111      0.000 4
  68   70     -1.155      0.993      0.000 4
  -1   -2     -1.149     -0.249      0.000 4
  70   73     -1.145      0.703      0.000 4
  -1   74     -1.125      0.612      0.000 4
  72   75     -1.121     -1.031      0.000 4
  73   76     -1.111      1.015      0.000 4
  74   77     -1.098     -0.335      0.000 4
  -1   -2     -1.087      0.037      0.000 4
  64   90     -1.080     -1.168      0.000 4
  75   78     -1.078      0.390      0.000 4
  71   79     -1.072      0.632      0.000 4
  -1   -2     -1.059      0.423      0.000 4
  79   81     -1.051     -0.361      0.000 4
  94   -2     -1.047     -0.669      0.000 4
  82   -2     -1.042     -1.036      0.000 4
  81   83     -1.039     -0.102      0.000 4
  83   84     -1.034      0.782      0.000 4
  76   -2     -1.033      0.667      0.000 4
  84   85     -1.028     -0.712      0.000 4
  85   86     -1.024     -0.276      0.000 4
  86   87     -1.016     -0.844      0.000 4
  87   88     -1.010      0.388      0.000 4
  -1   -2     -1.001     -0.768      0.000 4
  89   -2     -0.993     -1.090      0.000 4
  88   92     -0.991      0.470      0.000 4
  90   91     -0.989      1.011      0.000 4
  91   93     -0.976      0.898      0.000 4
  92   -2     -0.975     -0.157      0.000 4
  95   94     -0.973     -0.984      0.000 4
  93   95     -0.972      0.571      0.000 4
  96   97     -0.959      0.381      0.000 4
  98   96     -0.958     -0.426      0.000 4
  99   98     -0.951      0.185      0.000 4
 100  100     -0.948     -0.214      0.000 4
 101   -2     -0.944     -0.177      0.000 4
 102   99     -0.944     -0.924      0.000 4
  -1  101     -0.933     -0.570      0.000 4
 104  102     -0.917      0.335      0.000 4
 107  104     -0.910     -0.762      0.000 4
 105  105     -0.903      0.430      0.000 4
 109  106     -0.901     -1.081      0.000 4
 110  107     -0.877      0.898      0.000 4
 112  108     -0.867      0.567      0.000 4
 114  109     -0.851     -0.737      0.000 4
 113   -2     -0.850      0.303      0.000 4
 115  110     -0.843     -0.091      0.000 4
 111  111     -0.836     -1.164      0.000 4
 117  113     -0.831      0.693      0.000 4
 118  112     -0.831     -0.611      0.000 4
 119  114     -0.826     -0.690      0.000 4
 120  115     -0.822      1.089      0.000 4
 116   -2     -0.817     -0.933      0.000 4
 121  116     -0.816      1.044      0.000 4
 122  117     -0.802     -0.444      0.000 4
 124  118     -0.788     -0.139      0.000 4
  -1   -2     -0.788      0.739      0.000 4
  -1  119     -0.784     -0.493      0.000 4
 142   -2     -0.782      0.477      0.000 4
 126  121     -0.779     -0.218      0.000 4
 127  120     -0.778      0.995      0.000 4
 128  123     -0.775     -0.800      0.000 4
  -1  126     -0.772     -0.043      0.000 4
 130  124     -0.765     -0.753      0.000 4
 135  131     -0.764      0.331      0.000 4
 134   -2     -0.755     -0.931      0.000 4
 131  128     -0.755     -0.011      0.000 4
 132  127     -0.755      0.890      0.000 4
  -1  122     -0.754      0.446      0.000 4
 136  130     -0.742     -1.011      0.000 4
 138  129     -0.739     -0.964      0.000 4
 137   -2     -0.738      0.255      0.000 4
 139  132     -0.729      0.399      0.000 4
  -1   -2     -0.723      0.316      0.000 4
 144  134     -0.714      0.987      0.000 4
 141  135     -0.714     -0.454      0.000 4
 145  136     -0.701     -0.062      0.000 4
  -1   -2     -0.693      1.133      0.000 4
 146   -2     -0.692      0.386      0.000 4
 147  138     -0.683      0.032      0.000 4
 149  139     -0.677      1.074      0.000 4
 148  140     -0.677     -1.124      0.000 4
 154  142     -0.668     -1.169      0.000 4
 150  144     -0.667      0.889      0.000 4
  -1   -2     -0.659     -0.503      0.000 4
 155  145     -0.655     -1.083      0.000 4
 152  146     -0.654     -0.157      0.000 4
 153  147     -0.652     -0.566      0.000 4
 156  149     -0.650      0.141      0.000 4
 157  141     -0.643      0.744      0.000 4
 158  148     -0.639      1.131      0.000 4
  -1   -2     -0.636     -1.124      0.000 4
 160  150     -0.633     -1.014      0.000 4
 159  151     -0.626     -0.112      0.000 4
  -1   -2     -0.622      0.412      0.000 4
  -1  153     -0.606     -0.782      0.000 4
 163  154     -0.593     -1.117      0.000 4
 162  155     -0.583      0.909      0.000 4
 164  156     -0.578     -0.322      0.000 4
 165   -2     -0.569     -0.943      0.000 4
 166  157     -0.564     -0.793      0.000 4
 167  159     -0.559     -0.533      0.000 4
 168  160     -0.549      1.079      0.000 4
  -1  161     -0.541     -0.295      0.000 4
  -1  162     -0.539     -1.089      0.000 4
 170  163     -0.514      0.041      0.000 4
 173  164     -0.510      0.829      0.000 4
 172  165     -0.505     -0.535      0.000 4
 171  166     -0.505      0.359      0.000 4
 174  167     -0.494     -1.167      0.000 4
 175  168     -0.489      0.699      0.000 4
 176  170     -0.485      0.496      0.000 4
 177  171     -0.483     -0.253      0.000 4
  -1   -2     -0.479     -0.677      0.000 4
 178   -2     -0.474      0.277      0.000 4
 179  172     -0.471      1.001      0.000 4
 180  173     -0.452     -0.709      0.000 4
 182  175     -0.439     -1.084      0.000 4
 183  176     -0.437     -0.981      0.000 4
 181  177     -0.436      0.076      0.000 4
 184  179     -0.432      0.190      0.000 4
 161   -2     -0.430     -0.803      0.000 4
 186  180     -0.416     -0.059      0.000 4
 187  181     -0.413     -0.874      0.000 4
 188  182     -0.402     -0.146      0.000 4
 189  184     -0.398     -0.311      0.000 4
 191  185     -0.380      0.465      0.000 4
 192   -2     -0.377     -0.027      0.000 4
 195  186     -0.376     -0.998      0.000 4
 198  187     -0.375      0.786      0.000 4
 194  190     -0.375      1.108      0.000 4
 197  188     -0.367     -0.639      0.000 4
 196  189     -0.366     -0.548      0.000 4
 200  193     -0.353     -0.707      0.000 4
 202  195     -0.345      1.034      0.000 4
 203  196     -0.342      0.336      0.000 4
 199   -2     -0.341      0.765      0.000 4
 204  199     -0.341     -0.207      0.000 4
  -1  198     -0.340      0.953      0.000 4
 205  200     -0.327      0.918      0.000 4
 207  201     -0.318     -0.294      0.000 4
 208  204     -0.300     -0.461      0.000 4
 209  203     -0.300     -0.977      0.000 4
 211  205     -0.290     -1.030      0.000 4
 210  207     -0.289     -0.615      0.000 4
 212  208     -0.278     -0.800      0.000 4
 213  209     -0.276      0.844      0.000 4
 214  210     -0.272     -1.118      0.000 4
 216  206     -0.268     -1.171      0.000 4
 217  212     -0.256      0.322      0.000 4
 226   -2     -0.235      0.513      0.000 4
  -1   -2     -0.233      0.835      0.000 4
 219  213     -0.231     -0.919      0.000 4
 220   -2     -0.226     -0.217      0.000 4
  -1  214     -0.223     -1.093      0.000 4
 221  215     -0.222     -0.729      0.000 4
  -1  217     -0.218      0.438      0.000 4
 224  218     -0.212     -0.441      0.000 4
 225   -2     -0.185      0.119      0.000 4
 227  220     -0.182      0.756      0.000 4
 229  221     -0.153     -0.004      0.000 4
 223   -2     -0.151      0.405      0.000 4
  -1  223     -0.140     -1.123      0.000 4
 230  224     -0.140     -0.833      0.000 4
 231  225     -0.133     -0.149      0.000 4
 232  226     -0.132     -1.081      0.000 4
  -1   -2     -0.130     -0.295      0.000 4
  -1  228     -0.127     -0.071      0.000 4
 233  229     -0.117     -0.714      0.000 4
 234   -2     -0.105     -1.162      0.000 4
 236  231     -0.098     -0.216      0.000 4
 235  230     -0.097      0.515      0.000 4
 237  232     -0.096     -0.888      0.000 4
  -1   -2     -0.093      0.826      0.000 4
 238  233     -0.091      0.665      0.000 4
  -1  234     -0.084     -0.016      0.000 4
 239  235     -0.077     -0.106      0.000 4
  -1   -2     -0.073     -0.365      0.000 4
 240  236     -0.070      0.346      0.000 4
  -1  238     -0.059      0.748      0.000 4
  -1   -2     -0.051     -0.762      0.000 4
 241  240     -0.050      0.234      0.000 4
 242  241     -0.045     -0.189      0.000 4
 243  242     -0.035     -0.363      0.000 4
 245  243     -0.034      0.371      0.000 4
 246  244     -0.033      0.628      0.000 4
  -1   -2     -0.014      0.900      0.000 4
  -1  245     -0.007     -0.467      0.000 4
 247  246      0.001      0.119      0.000 4
 248  249      0.004      0.792      0.000 4
  -1  248      0.005     -0.565      0.000 4
  -1  250      0.009     -0.527      0.000 4
 250  251      0.011      1.042      0.000 4
  -1   -2      0.016      0.611      0.000 4
  -1   -2      0.020      0.915      0.000 4
 253   -2      0.026      0.329      0.000 4
 254  253      0.039      0.391      0.000 4
 249   -2      0.043     -1.156      0.000 4
 255  256      0.045      0.031      0.000 4
  -1  257      0.050     -0.266      0.000 4
 256  254      0.050      0.615      0.000 4
 258  259      0.060      0.352      0.000 4
  -1   -2      0.060     -0.053      0.000 4
 259  258      0.062      0.965      0.000 4
 260  261      0.070      0.701      0.000 4
  -1  252      0.078     -1.154      0.000 4
 262  262      0.078     -0.981      0.000 4
 263   -2      0.085     -1.035      0.000 4
 264  265      0.101     -0.775      0.000 4
 265  266      0.103      0.148      0.000 4
  -1  260      0.110     -1.084      0.000 4
 266  267      0.111      0.478      0.000 4
 267  268      0.114      0.100      0.000 4
 269  270      0.133      0.898      0.000 4
 270  272      0.146      1.109      0.000 4
 271  273      0.148      0.199      0.000 4
 274  275      0.152     -0.650      0.000 4
 273  281      0.153     -0.532      0.000 4
 276  279      0.171     -0.294      0.000 4
 275  276      0.173     -0.115      0.000 4
 278  277      0.174     -0.743      0.000 4
 277  278      0.176      0.385      0.000 4
 279  293      0.202     -1.168      0.000 4
 280  280      0.205      0.596      0.000 4
 282  283      0.210      0.013      0.000 4
 283  284      0.217     -1.077      0.000 4
  -1   -2      0.224     -0.618      0.000 4
 285  287      0.234     -0.180      0.000 4
 284  286      0.237     -0.946      0.000 4
 287  289      0.244      1.027      0.000 4
 286  288      0.248      0.129      0.000 4
 288  290      0.254     -0.706      0.000 4
 289  291      0.256     -0.414      0.000 4
 292  294      0.265      0.252      0.000 4
 294  296      0.278      0.485      0.000 4
 295   -2      0.279      0.130      0.000 4
  -1   -2      0.285     -0.173      0.000 4
 296   -2      0.288      0.627      0.000 4
  -1   -2      0.295     -0.619      0.000 4
  -1   -2      0.303     -1.069      0.000 4
  -1  302      0.304     -0.365      0.000 4
 297  299      0.305      0.045      0.000 4
 298  300      0.308     -0.226      0.000 4
 299   -2      0.312     -1.170      0.000 4
  -1  303      0.317      1.078      0.000 4
  -1   -2      0.320      0.190      0.000 4
 300   -2      0.326     -0.643      0.000 4
  -1  305      0.334      0.674      0.000 4
  -1   -2      0.349     -0.319      0.000 4
  -1   -2      0.355      0.701      0.000 4
 304  306      0.357      0.047      0.000 4
 305  307      0.363      0.243      0.000 4
 306  308      0.363      0.310      0.000 4
 309  309      0.371     -0.449      0.000 4
 307  310      0.371     -0.858      0.000 4
 308  311      0.376      0.171      0.000 4
  -1   -2      0.387      0.470      0.000 4
 310  312      0.388     -0.502      0.000 4
 311  313      0.390     -1.031      0.000 4
  -1  314      0.398     -1.117      0.000 4
 312  315      0.405     -0.012      0.000 4
  -1   -2      0.409      0.749      0.000 4
 313  316      0.416     -0.711      0.000 4
 314  317      0.418     -0.936      0.000 4
  -1   -2      0.432     -0.607      0.000 4
 315  319      0.433     -0.647      0.000 4
  -1   -2      0.433     -0.977      0.000 4
 316  320      0.434      1.157      0.000 4
  -1   -2      0.435      0.593      0.000 4
 318  321      0.437      0.333      0.000 4
  -1  322      0.440      0.781      0.000 4
 321  323      0.443     -0.466      0.000 4
 322   -2      0.446     -0.840      0.000 4
 323  326      0.451     -1.161      0.000 4
 324  325      0.456     -0.042      0.000 4
 325  328      0.477      0.952      0.000 4
 320  329      0.480      0.810      0.000 4
 326   -2      0.482      0.454      0.000 4
 327  331      0.484     -0.836      0.000 4
 328  330      0.484     -0.667      0.000 4
  -1  332      0.503     -0.991      0.000 4
 332  334      0.528      0.892      0.000 4
 330  335      0.530     -0.051      0.000 4
 331  336      0.536     -0.606      0.000 4
 333  337      0.540     -0.956      0.000 4
  -1  338      0.541      0.535      0.000 4
 336  339      0.545      0.577      0.000 4
 334   -2      0.545     -0.465      0.000 4
 335  340      0.546      0.954      0.000 4
 338  341      0.563      0.349      0.000 4
 340  343      0.564      1.086      0.000 4
  -1   -2      0.566      0.386      0.000 4
 341  344      0.573      0.856      0.000 4
 343  345      0.591      0.517      0.000 4
 342  346      0.592     -0.775      0.000 4
 344  348      0.610     -1.025      0.000 4
  -1  349      0.616      1.068      0.000 4
 345  347      0.616     -0.707      0.000 4
 346  351      0.622     -0.864      0.000 4
 347  350      0.622      0.898      0.000 4
 348  352      0.626      0.983      0.000 4
 349  353      0.631     -0.495      0.000 4
 350  355      0.647     -1.165      0.000 4
 352  356      0.669      0.273      0.000 4
 354  357      0.678     -0.068      0.000 4
 355  359      0.683     -0.388      0.000 4
  -1   -2      0.691     -0.024      0.000 4
 357  361      0.693     -0.881      0.000 4
 358  362      0.701     -0.716      0.000 4
  -1  365      0.710      1.119      0.000 4
 360  364      0.713      0.358      0.000 4
 359  363      0.716      0.412      0.000 4
 362  366      0.725     -0.908      0.000 4
 361  367      0.727      0.671      0.000 4
  -1   -2      0.731     -0.807      0.000 4
 364  368      0.734     -0.076      0.000 4
 365  370      0.737     -0.210      0.000 4
 366  371      0.741     -0.655      0.000 4
  -1  372      0.752      0.882      0.000 4
 367   -2      0.768      1.055      0.000 4
 368  375      0.769      0.948      0.000 4
 369  374      0.775     -0.037      0.000 4
 371  376      0.777      0.102      0.000 4
 370   -2      0.779     -0.826      0.000 4
 372  377      0.786     -1.038      0.000 4
 373  378      0.804      0.929      0.000 4
 374  380      0.816      0.173      0.000 4
 375   -2      0.817     -1.138      0.000 4
 376  383      0.822     -0.883      0.000 4
  -1  382      0.823      0.124      0.000 4
 377  384      0.826     -0.152      0.000 4
 381  389      0.826     -0.266      0.000 4
  -1   -2      0.827      0.314      0.000 4
 378  385      0.827      0.443      0.000 4
 379  387      0.834      0.676      0.000 4
  -1   -2      0.836      0.497      0.000 4
 380  391      0.838     -0.803      0.000 4
 382  390      0.842      0.732      0.000 4
 384  397      0.852     -1.072      0.000 4
 396  386      0.855     -1.134      0.000 4
  -1   -2      0.859     -0.288      0.000 4
 388   -2      0.860      1.098      0.000 4
 386  398      0.861     -0.458      0.000 4
 387  396      0.861      0.246      0.000 4
 390  400      0.890      0.828      0.000 4
 391  403      0.892     -0.543      0.000 4
 394  402      0.894      0.544      0.000 4
 392  399      0.896      1.124      0.000 4
 389  408      0.900     -0.237      0.000 4
 395  405      0.903     -1.006      0.000 4
 398  407      0.904     -0.801      0.000 4
 397  406      0.904     -0.942      0.000 4
 399  409      0.905     -0.150      0.000 4
 408   -2      0.916      0.471      0.000 4
 405  412      0.931     -0.863      0.000 4
 403  411      0.933     -1.002      0.000 4
 404  416      0.934     -0.699      0.000 4
  -1   -2      0.937      1.055      0.000 4
  -1   -2      0.946     -0.533      0.000 4
 407  413      0.949     -0.031      0.000 4
  -1  417      0.950      0.726      0.000 4
 410  415      0.954     -0.233      0.000 4
 411  418      0.965      0.780      0.000 4
 413  419      0.974      0.687      0.000 4
 415   -2      0.977     -0.075      0.000 4
 414  423      0.982     -1.114      0.000 4
 416  421      0.986      0.003      0.000 4
 417  422      0.987     -0.325      0.000 4
 418  424      0.989     -0.586      0.000 4
 421  426      0.995      0.264      0.000 4
  -1   -2      0.997     -0.032      0.000 4
  -1  425      1.005      0.728      0.000 4
 422   -2      1.012      0.603      0.000 4
  -1  427      1.016      0.194      0.000 4
 423  428      1.019      0.847      0.000 4
 424  429      1.021      0.110      0.000 4
 425  430      1.035     -0.678      0.000 4
 429  434      1.069     -0.630      0.000 4
 431  438      1.094     -0.556      0.000 4
 432  439      1.101      1.034      0.000 4
 433  440      1.111     -0.953      0.000 4
 434  441      1.125     -0.526      0.000 4
 436   -2      1.136      0.877      0.000 4
 435  443      1.137     -0.751      0.000 4
 437  446      1.143     -0.835      0.000 4
  -1  451      1.151     -1.161      0.000 4
 427  452      1.152      0.287      0.000 4
  -1   -2      1.154     -1.089      0.000 4
  -1  447      1.157      1.024      0.000 4
 438  448      1.161     -1.048      0.000 4
 439  450      1.163      0.554      0.000 4
 440  449      1.168     -0.341      0.000 4
 443  453      1.184      0.391      0.000 4
 442  454      1.186     -0.465      0.000 4
 448  457      1.215      0.986      0.000 4
 449  458      1.228     -0.072      0.000 4
 453  461      1.248      0.423      0.000 4
 455  462      1.268     -0.439      0.000 4
 456   -2      1.276      0.721      0.000 4
  -1   -2      1.279     -0.783      0.000 4
  -1   -2      1.288     -0.092      0.000 4
 457  464      1.293     -0.517      0.000 4
 459  465      1.304      0.175      0.000 4
 460   -2      1.312      0.109      0.000 4
 462  466      1.341     -1.018      0.000 4
 463  467      1.347      0.497      0.000 4
 466  463      1.348     -1.168      0.000 4
 465  469      1.349      0.238      0.000 4
 464  468      1.351     -0.196      0.000 4
 467  470      1.357      1.067      0.000 4
 468  471      1.358     -0.292      0.000 4
 469  472      1.364     -0.873      0.000 4
 471  473      1.381     -0.405      0.000 4
 472  475      1.381     -0.930      0.000 4
 473  476      1.387      0.555      0.000 4
 476  474      1.389     -0.338      0.000 4
  -1  478      1.406      0.619      0.000 4
 475  477      1.408     -0.876      0.000 4
 478  480      1.414     -1.168      0.000 4
 477  479      1.417      0.267      0.000 4
 479  481      1.425      0.782      0.000 4
 481  484      1.446     -0.390      0.000 4
 484  490      1.447     -1.107      0.000 4
 482  485      1.450     -1.003      0.000 4
 483  488      1.458     -0.028      0.000 4
 485  487      1.459      0.407      0.000 4
 486  489      1.466     -0.158      0.000 4
 487  491      1.467     -0.676      0.000 4
 488   -2      1.478     -0.198      0.000 4
 489  493      1.478      0.086      0.000 4
 490  494      1.494      0.650      0.000 4
 491  495      1.498      0.546      0.000 4
 492  498      1.511      1.037      0.000 4
 493  500      1.515      0.358      0.000 4
 495  501      1.521     -0.536      0.000 4
 496   -2      1.535      0.742      0.000 4
  -1   -2      1.537      0.779      0.000 4
 498  502      1.544     -0.840      0.000 4
 497  503      1.545     -0.957      0.000 4
  -1  492      1.547     -0.302      0.000 4
 499  504      1.548      0.424      0.000 4
 500  505      1.549      1.078      0.000 4
 501  506      1.555     -0.734      0.000 4
  -1   -2      1.574      1.001      0.000 4
