500
   0    1     -1.552      0.052      0.000 4
  -1    0     -1.550     -0.618      0.000 4
   1    2     -1.544      0.743      0.000 4
   2    3     -1.542     -1.036      0.000 4
   3    4     -1.526     -0.556      0.000 4
   4    5     -1.519     -0.367      0.000 4
   5    7     -1.516     -0.055      0.000 4
   6    8     -1.514      0.215      0.000 4
  -1    6     -1.511      0.006      0.000 4
  10   11     -1.496      0.954      0.000 4
  12   13     -1.491      0.867      0.000 4
  13   14     -1.488     -0.592      0.000 4
  14   16     -1.473      0.532      0.000 4
  15   17     -1.466      0.999      0.000 4
  16   19     -1.462     -0.856      0.000 4
  21   18     -1.459     -1.168      0.000 4
  -1   21     -1.455     -0.058      0.000 4
  25    9     -1.453     -0.993      0.000 4
  19   22     -1.446      0.738      0.000 4
  20   25     -1.427      0.908      0.000 4
  23   12     -1.417     -0.751      0.000 4
  24   27     -1.404      0.851      0.000 4
  27   28     -1.368      0.509      0.000 4
  28   29     -1.362      0.044      0.000 4
  -1   -2     -1.345     -0.821      0.000 4
  30   30     -1.339     -0.164      0.000 4
  29   -2     -1.336      0.320      0.000 4
  31   32     -1.333     -0.100      0.000 4
  32   31     -1.327      1.136      0.000 4
  33   33     -1.325     -0.708      0.000 4
  34   36     -1.316      0.489      0.000 4
  35   35     -1.312      0.776      0.000 4
  36   37     -1.306     -0.474      0.000 4
  38   38     -1.299     -0.819      0.000 4
  37   39     -1.296      0.225      0.000 4
  39   41     -1.291      0.885      0.000 4
  -1   50     -1.289     -1.135      0.000 4
  40   42     -1.281      0.577      0.000 4
  -1   44     -1.279     -0.220      0.000 4
  41   43     -1.277      0.466      0.000 4
  43   45     -1.276     -0.376      0.000 4
  45   47     -1.265      0.784      0.000 4
  48   48     -1.263      1.006      0.000 4
  47   49     -1.261     -0.486      0.000 4
  49   51     -1.256      0.397      0.000 4
  50   52     -1.251     -1.037      0.000 4
  44   53     -1.247     -0.234      0.000 4
  52   -2     -1.240     -0.816      0.000 4
  51   54     -1.240     -0.286      0.000 4
  -1   -2     -1.221      0.500      0.000 4
  54   57     -1.221      0.675      0.000 4
  -1   56     -1.220      0.788      0.000 4
  56   59     -1.207      0.348      0.000 4
  58   60     -1.195     -1.023      0.000 4
  -1   55     -1.177     -1.174      0.000 4
  60   62     -1.168     -0.518      0.000 4
  61   63     -1.156      0.919      0.000 4
  63   61     -1.147      1.146      0.000 4
  64   64     -1.135      0.629      0.000 4
  65   -2     -1.134     -1.001      0.000 4
  66   66     -1.130     -0.158      0.000 4
  67   65     -1.126     -1.040      0.000 4
  68   67     -1.122     -0.014      0.000 4
  -1   68     -1.107      0.342      0.000 4
  72   -2     -1.104      0.327      0.000 4
  70   71     -1.104      0.512      0.000 4
  71   70     -1.102     -0.242      0.000 4
  -1   73     -1.079      0.413      0.000 4
  74   74     -1.074     -0.850      0.000 4
  75   76     -1.064     -0.063      0.000 4
  76   77     -1.060      0.035      0.000 4
  77   78     -1.053      0.998      0.000 4
  80   80     -1.047      0.581      0.000 4
  79   79     -1.046      0.735      0.000 4
  78   -2     -1.045      0.392      0.000 4
  81   81     -1.044      0.795      0.000 4
  82   -2     -1.039     -1.091      0.000 4
  83   83     -1.033      0.142      0.000 4
  85   82     -1.018     -1.168      0.000 4
  87   88     -1.001     -0.152      0.000 4
  88   86     -1.000     -0.983      0.000 4
  89   87     -0.999      1.110      0.000 4
  -1   -2     -0.989      0.757      0.000 4
  90   90     -0.978     -0.100      0.000 4
  91   91     -0.977      0.064      0.000 4
  92   92     -0.973     -0.662      0.000 4
  94   94     -0.968     -0.847      0.000 4
  93   -2     -0.963      0.217      0.000 4
  95   95     -0.952     -0.459      0.000 4
  96   96     -0.948     -0.977      0.000 4
  97   -2     -0.940      0.847      0.000 4
  -1   -2     -0.935     -0.039      0.000 4
  98   97     -0.934     -0.744      0.000 4
  99   98     -0.927      0.824      0.000 4
 100   99     -0.925     -0.800      0.000 4
 101  100     -0.915     -1.106      0.000 4
 103  101     -0.904     -1.036      0.000 4
 104  115     -0.899      1.129      0.000 4
  -1   -2     -0.887      0.616      0.000 4
 107  103     -0.882      0.884      0.000 4
 106  104     -0.880     -0.288      0.000 4
 105  105     -0.879      0.048      0.000 4
 108   -2     -0.857      0.752      0.000 4
 109  110     -0.852      0.320      0.000 4
 111  109     -0.851     -0.254      0.000 4
 112  108     -0.850     -0.544      0.000 4
 113  106     -0.849     -1.166      0.000 4
 114  111     -0.846      1.055      0.000 4
 115  113     -0.845      0.989      0.000 4
  -1   -2     -0.838      0.246      0.000 4
  -1  116     -0.824     -0.934      0.000 4
 116   -2     -0.822      1.096      0.000 4
 126   -2     -0.815     -0.399      0.000 4
 118  119     -0.812      0.837      0.000 4
 110  117     -0.811     -0.785      0.000 4
 120  120     -0.804     -0.628      0.000 4
 119  124     -0.803     -0.202      0.000 4
 124  121     -0.801      0.948      0.000 4
 121  122     -0.799      0.431      0.000 4
 122  123     -0.795     -0.674      0.000 4
 123  125     -0.790      0.079      0.000 4
 125  126     -0.787      0.173      0.000 4
  -1   -2     -0.787     -0.507      0.000 4
 127  127     -0.781     -0.470      0.000 4
 129  130     -0.758     -0.029      0.000 4
  -1  129     -0.757     -0.247      0.000 4
 130  128     -0.757     -0.946      0.000 4
 132  132     -0.731      0.595      0.000 4
 133  133     -0.731     -0.454      0.000 4
 131  135     -0.729     -0.096      0.000 4
 135   -2     -0.729     -0.969      0.000 4
 134  134     -0.728      0.814      0.000 4
  -1   -2     -0.726      0.117      0.000 4
 136  136     -0.721      1.005      0.000 4
  -1  140     -0.714     -1.128      0.000 4
 138  137     -0.713     -0.723      0.000 4
  -1  131     -0.706     -1.013      0.000 4
 140  141     -0.691     -0.230      0.000 4
 139   -2     -0.690     -1.106      0.000 4
 142  142     -0.684      0.385      0.000 4
 143  143     -0.674     -0.714      0.000 4
 144  144     -0.672     -1.172      0.000 4
 145  147     -0.663     -0.823      0.000 4
 141  146     -0.661      0.988      0.000 4
 148  145     -0.657      0.272      0.000 4
 149   -2     -0.648      1.066      0.000 4
 151   -2     -0.644      1.166      0.000 4
 150  148     -0.642     -0.136      0.000 4
 152  149     -0.638      0.145      0.000 4
 154  151     -0.624      0.423      0.000 4
 155  150     -0.623     -0.957      0.000 4
 156  152     -0.613      0.941      0.000 4
 157  153     -0.609     -0.581      0.000 4
 158  155     -0.604     -0.220      0.000 4
 159  154     -0.603     -1.032      0.000 4
 160   -2     -0.597      1.147      0.000 4
  -1  156     -0.596     -0.186      0.000 4
 162  158     -0.585     -0.922      0.000 4
 161  159     -0.584     -0.417      0.000 4
 163   -2     -0.581      0.833      0.000 4
 164  160     -0.576      0.617      0.000 4
  -1  162     -0.568      0.416      0.000 4
 167  163     -0.551     -0.486      0.000 4
 168  165     -0.546      0.587      0.000 4
  -1   -2     -0.544     -1.160      0.000 4
 171  167     -0.538      1.044      0.000 4
  -1  168     -0.531     -0.327      0.000 4
 172  169     -0.529      0.242      0.000 4
 173  170     -0.514     -0.534      0.000 4
 174   -2     -0.507      0.420      0.000 4
 175  171     -0.506     -0.705      0.000 4
  -1   -2     -0.497      0.112      0.000 4
 177  173     -0.481     -0.810      0.000 4
  -1  174     -0.480     -0.593      0.000 4
 178  175     -0.476     -0.436      0.000 4
 179  177     -0.471      0.698      0.000 4
 176  176     -0.470     -1.169      0.000 4
 180  179     -0.466      0.321      0.000 4
  -1  180     -0.447      0.108      0.000 4
 181  181     -0.445      0.793      0.000 4
 183  182     -0.442      0.866      0.000 4
 182  183     -0.442      0.618      0.000 4
  -1   -2     -0.437     -0.905      0.000 4
 185  184     -0.433      1.020      0.000 4
 186  185     -0.429     -0.279      0.000 4
 188  186     -0.423     -0.792      0.000 4
 187  187     -0.421      0.250      0.000 4
  -1   -2     -0.412     -1.130      0.000 4
 189  188     -0.402     -0.571      0.000 4
  -1  190     -0.394      0.398      0.000 4
 193  192     -0.365     -0.493      0.000 4
 192  194     -0.364      0.076      0.000 4
 200  189     -0.361     -0.066      0.000 4
 194  193     -0.361     -0.731      0.000 4
 195  196     -0.346      0.524      0.000 4
 196  195     -0.344      1.021      0.000 4
 198  198     -0.335     -0.171      0.000 4
 197  197     -0.333     -0.771      0.000 4
 199  202     -0.312     -0.651      0.000 4
  -1   -2     -0.281      0.792      0.000 4
 201  200     -0.281     -0.841      0.000 4
 202  201     -0.278      0.280      0.000 4
 205  203     -0.269     -0.035      0.000 4
  -1   -2     -0.265     -1.171      0.000 4
 206  205     -0.251     -0.445      0.000 4
  -1  206     -0.250     -0.953      0.000 4
 208  207     -0.246      0.241      0.000 4
 207   -2     -0.243     -1.120      0.000 4
 210  208     -0.241     -0.544      0.000 4
  -1   -2     -0.239      1.105      0.000 4
 211  209     -0.235      0.440      0.000 4
 213  210     -0.230     -1.090      0.000 4
 214  211     -0.226      0.172      0.000 4
 215  215     -0.211     -0.458      0.000 4
  -1  214     -0.208     -1.052      0.000 4
 217  216     -0.189      0.972      0.000 4
  -1   -2     -0.188      0.786      0.000 4
 216  219     -0.188     -0.192      0.000 4
 218  217     -0.186      0.253      0.000 4
 219  218     -0.183     -0.930      0.000 4
 220  222     -0.167     -0.556      0.000 4
  -1  225     -0.165      0.109      0.000 4
 221  223     -0.165     -0.405      0.000 4
 222  226     -0.164      0.020      0.000 4
 223  224     -0.163     -0.743      0.000 4
 224  227     -0.152      0.407      0.000 4
  -1   -2     -0.140      1.065      0.000 4
 227  231     -0.124      0.973      0.000 4
 228  233     -0.107      0.820      0.000 4
 229  234     -0.103     -0.062      0.000 4
  -1   -2     -0.102     -1.137      0.000 4
 230   -2     -0.098     -0.795      0.000 4
  -1   -2     -0.096     -0.286      0.000 4
 231  236     -0.091      0.225      0.000 4
 232  239     -0.084     -1.167      0.000 4
 233  238     -0.078     -1.051      0.000 4
 234  237     -0.078      0.389      0.000 4
 235  240     -0.077      0.919      0.000 4
 237  241     -0.070      0.056      0.000 4
 238  245     -0.061      0.261      0.000 4
  -1   -2     -0.059      0.815      0.000 4
 239  242     -0.058     -0.216      0.000 4
 243  243     -0.042      0.874      0.000 4
 241  246     -0.027      0.392      0.000 4
 242   -2     -0.026      0.238      0.000 4
 244  247     -0.024      0.586      0.000 4
 240   -2     -0.023      0.847      0.000 4
 245  248     -0.021     -0.016      0.000 4
  -1   -2     -0.020     -1.100      0.000 4
 246  249     -0.016      0.671      0.000 4
  -1  256      0.007     -0.607      0.000 4
 247  250      0.023      0.440      0.000 4
 248  251      0.040      1.046      0.000 4
 250  252      0.042      0.612      0.000 4
 251  253      0.045      0.106      0.000 4
 253  254      0.052      0.535      0.000 4
 254  255      0.052     -0.753      0.000 4
 255   -2      0.053     -0.614      0.000 4
 257  257      0.057     -0.007      0.000 4
 256   -2      0.057     -0.448      0.000 4
 259  258      0.068      0.308      0.000 4
 260  259      0.073     -1.103      0.000 4
  -1   -2      0.090     -0.652      0.000 4
 261  260      0.092      0.279      0.000 4
 263  261      0.093      0.798      0.000 4
 264  262      0.098     -0.157      0.000 4
 249  263      0.103     -1.166      0.000 4
  -1  264      0.114     -0.361      0.000 4
 266  265      0.117     -0.283      0.000 4
 267  266      0.129      1.071      0.000 4
  -1   -2      0.131     -0.862      0.000 4
 268  267      0.135     -1.064      0.000 4
 269   -2      0.138     -0.419      0.000 4
 270  268      0.140      0.574      0.000 4
 271   -2      0.150     -0.911      0.000 4
 273  271      0.172      0.719      0.000 4
 274  272      0.173      0.254      0.000 4
 275  273      0.177     -0.437      0.000 4
 276  270      0.185     -0.871      0.000 4
 277  274      0.190     -0.268      0.000 4
 278  275      0.200     -1.087      0.000 4
 280  276      0.209     -0.700      0.000 4
  -1   -2      0.211     -0.903      0.000 4
  -1   -2      0.216     -0.996      0.000 4
 281  278      0.225      0.045      0.000 4
 282   -2      0.227     -0.347      0.000 4
 284  280      0.229     -1.106      0.000 4
 283  279      0.229     -0.589      0.000 4
 285  277      0.229      0.904      0.000 4
 286  281      0.238      0.662      0.000 4
 287  282      0.240      0.378      0.000 4
 288   -2      0.247     -0.866      0.000 4
 289  283      0.254     -0.071      0.000 4
 290  286      0.265     -0.614      0.000 4
 291  288      0.270     -1.064      0.000 4
 292  287      0.270     -0.412      0.000 4
 294   -2      0.277     -1.142      0.000 4
 293  289      0.281     -0.218      0.000 4
 301  291      0.299     -1.154      0.000 4
 295  299      0.299      0.107      0.000 4
 296  294      0.307     -0.719      0.000 4
 297  293      0.309      0.660      0.000 4
 298  295      0.310      0.848      0.000 4
 299  296      0.314      0.989      0.000 4
 300  297      0.320      0.782      0.000 4
  -1   -2      0.321      0.950      0.000 4
 303  298      0.325      0.178      0.000 4
 304  311      0.336      0.490      0.000 4
 306  300      0.343     -1.051      0.000 4
  -1   -2      0.347      0.587      0.000 4
 310   -2      0.357     -0.983      0.000 4
 308  301      0.358     -0.903      0.000 4
  -1  302      0.361     -0.196      0.000 4
  -1  303      0.366     -0.234      0.000 4
 312  306      0.374     -0.111      0.000 4
 311   -2      0.376      0.979      0.000 4
  -1  307      0.382     -0.962      0.000 4
  -1  309      0.386      0.050      0.000 4
 309  310      0.388      0.478      0.000 4
 315  312      0.390      0.713      0.000 4
 317  314      0.407     -0.570      0.000 4
  -1  315      0.417      0.757      0.000 4
 319  316      0.418     -0.258      0.000 4
 327  317      0.420     -0.861      0.000 4
 320  318      0.434     -1.120      0.000 4
 321  319      0.441      0.812      0.000 4
 322  320      0.448     -0.653      0.000 4
 323  321      0.457     -1.172      0.000 4
  -1   -2      0.462      0.442      0.000 4
 324  323      0.462     -0.269      0.000 4
 325  325      0.470     -0.310      0.000 4
 328  324      0.471      0.628      0.000 4
  -1  326      0.472      0.050      0.000 4
 307   -2      0.480      1.080      0.000 4
  -1  328      0.481     -0.473      0.000 4
 329  329      0.490      0.907      0.000 4
 330  330      0.495     -0.589      0.000 4
 331  331      0.497      0.208      0.000 4
 341   -2      0.502     -1.160      0.000 4
 332  334      0.507      0.732      0.000 4
 333  333      0.510      0.122      0.000 4
 335  337      0.514     -0.431      0.000 4
 336  339      0.521      1.155      0.000 4
 337  341      0.539     -0.602      0.000 4
 338  343      0.550      0.007      0.000 4
 339  342      0.550     -0.302      0.000 4
 340  344      0.554      1.010      0.000 4
  -1  347      0.564     -0.711      0.000 4
 343  346      0.574     -0.465      0.000 4
 342   -2      0.582     -0.758      0.000 4
 344  348      0.589      1.145      0.000 4
 347  349      0.594      0.524      0.000 4
 346  351      0.601      0.387      0.000 4
 348  350      0.602      0.432      0.000 4
 349  353      0.609     -0.255      0.000 4
  -1  352      0.611      0.221      0.000 4
 350  354      0.614      0.649      0.000 4
 351  355      0.616     -0.985      0.000 4
 354  356      0.623     -0.020      0.000 4
  -1   -2      0.629      1.076      0.000 4
 345  357      0.630     -1.165      0.000 4
 357  358      0.637     -0.445      0.000 4
  -1  359      0.640      1.016      0.000 4
 358  360      0.645      0.542      0.000 4
  -1   -2      0.658     -0.748      0.000 4
  -1   -2      0.661      0.493      0.000 4
 360  363      0.668     -0.611      0.000 4
 361  364      0.676     -0.706      0.000 4
 362  365      0.677      0.778      0.000 4
 363  367      0.687     -0.910      0.000 4
 366  369      0.698      0.666      0.000 4
 365  371      0.707     -0.566      0.000 4
 367   -2      0.714      0.926      0.000 4
 370  373      0.727     -0.037      0.000 4
 369  372      0.728     -0.987      0.000 4
 371  374      0.737     -0.204      0.000 4
 372  375      0.744     -0.764      0.000 4
 375  376      0.751      0.022      0.000 4
 368  391      0.752     -1.036      0.000 4
 373  378      0.754      0.598      0.000 4
 377  380      0.767      0.359      0.000 4
 403   -2      0.767     -0.806      0.000 4
 378  381      0.771      0.388      0.000 4
 380  383      0.774     -0.400      0.000 4
 383  386      0.780      0.713      0.000 4
  -1  384      0.787     -0.568      0.000 4
 376  385      0.789      0.950      0.000 4
 384  387      0.794     -0.619      0.000 4
 388  392      0.808     -0.141      0.000 4
 387  390      0.809      0.646      0.000 4
  -1   -2      0.811      1.114      0.000 4
 389  393      0.813      0.859      0.000 4
 392  395      0.821     -1.093      0.000 4
 395  398      0.836     -1.036      0.000 4
 397  396      0.836     -0.765      0.000 4
 393   -2      0.839     -0.165      0.000 4
 398  397      0.840      0.355      0.000 4
 399  399      0.844     -0.590      0.000 4
 401  400      0.856     -0.337      0.000 4
 400  401      0.859     -0.844      0.000 4
 402  402      0.871     -1.158      0.000 4
 408  404      0.887      1.044      0.000 4
 404  403      0.888     -0.027      0.000 4
 406  405      0.893     -0.774      0.000 4
 407  406      0.912      1.148      0.000 4
  -1   -2      0.914      0.083      0.000 4
  -1   -2      0.919     -0.087      0.000 4
 405  408      0.937     -1.087      0.000 4
 411   -2      0.942      0.743      0.000 4
 412  410      0.946      0.184      0.000 4
 410  409      0.949      0.672      0.000 4
 413  411      0.949     -0.608      0.000 4
 417   -2      0.954      0.216      0.000 4
  -1  413      0.956     -0.818      0.000 4
 415  414      0.962      1.027      0.000 4
 414  415      0.965     -0.048      0.000 4
 416   -2      0.966     -0.211      0.000 4
 419  416      0.974      0.933      0.000 4
  -1   -2      0.976     -0.913      0.000 4
 423  417      0.986      0.745      0.000 4
 424  418      0.986      0.506      0.000 4
 425  419      1.004      0.295      0.000 4
 426  420      1.005      0.252      0.000 4
 428  422      1.020     -0.574      0.000 4
 427  421      1.021     -0.480      0.000 4
  -1  424      1.034     -0.888      0.000 4
 429  423      1.037     -0.078      0.000 4
 430  425      1.045     -0.293      0.000 4
  -1  426      1.049      0.919      0.000 4
 432  427      1.067      0.040      0.000 4
 433  433      1.072     -0.194      0.000 4
 435  428      1.076     -1.171      0.000 4
 436  429      1.083      0.655      0.000 4
 441  435      1.090      1.050      0.000 4
 437  430      1.094     -0.668      0.000 4
 439  431      1.098      0.604      0.000 4
 438  432      1.099     -1.085      0.000 4
 443  434      1.106      0.556      0.000 4
 442   -2      1.110     -0.478      0.000 4
 445  437      1.110      0.103      0.000 4
 440  438      1.110     -0.371      0.000 4
 447   -2      1.126     -0.308      0.000 4
 449  443      1.137      0.350      0.000 4
 450  445      1.150     -0.759      0.000 4
 451  446      1.153     -0.215      0.000 4
 453  447      1.159      0.994      0.000 4
 452  448      1.159     -0.997      0.000 4
 454  450      1.170     -0.911      0.000 4
  -1  442      1.173     -0.316      0.000 4
 457  449      1.174      0.173      0.000 4
 455   -2      1.174     -0.416      0.000 4
  -1  455      1.184     -1.143      0.000 4
 458   -2      1.190      0.323      0.000 4
 461  453      1.199      0.466      0.000 4
 460  454      1.199      1.006      0.000 4
 463  457      1.216     -0.104      0.000 4
 465  456      1.217      0.400      0.000 4
 462  459      1.219     -0.689      0.000 4
 464  458      1.219      0.801      0.000 4
 466   -2      1.225     -1.077      0.000 4
  -1   -2      1.240     -0.451      0.000 4
 468  464      1.253      0.692      0.000 4
  -1  467      1.253     -1.170      0.000 4
 470  465      1.263     -0.080      0.000 4
 472  466      1.287      0.986      0.000 4
 473  468      1.291     -0.663      0.000 4
  -1  461      1.294      0.575      0.000 4
 474  469      1.299     -0.741      0.000 4
  -1   -2      1.300     -1.091      0.000 4
 475  472      1.305      0.212      0.000 4
 479  471      1.310      0.033      0.000 4
 480  475      1.314     -0.520      0.000 4
 477   -2      1.316     -0.326      0.000 4
  -1  462      1.322     -0.383      0.000 4
 481  476      1.324      1.043      0.000 4
 483  477      1.335     -0.692      0.000 4
 485  480      1.347     -1.157      0.000 4
 486  479      1.368     -0.679      0.000 4
 487  481      1.368     -0.770      0.000 4
  -1  482      1.377     -0.170      0.000 4
 489  483      1.377      1.011      0.000 4
 491   -2      1.400      0.709      0.000 4
  -1   -2      1.402     -0.279      0.000 4
  -1   -2      1.407     -0.664      0.000 4
  -1  484      1.416     -1.173      0.000 4
  -1  486      1.431      0.027      0.000 4
 493   -2      1.433      0.270      0.000 4
  -1   -2      1.442     -0.132      0.000 4
  -1   -2      1.449     -0.425      0.000 4
 495  488      1.466      0.420      0.000 4
 494  490      1.467     -0.690      0.000 4
 496  489      1.468      0.493      0.000 4
 497  491      1.475     -0.545      0.000 4
 498  492      1.477     -0.619      0.000 4
 499  493      1.488     -0.426      0.000 4
 502  495      1.508     -1.011      0.000 4
 508  485      1.509      0.492      0.000 4
  -1   -2      1.517      0.826      0.000 4
 505   -2      1.526      0.042      0.000 4
 506  498      1.531      0.149      0.000 4
