513
   0    1     -1.566      0.499      0.000 4
   1    3     -1.564      0.639      0.000 4
   2    2     -1.563     -0.903      0.000 4
   3    4     -1.553      0.176      0.000 4
  -1   -2     -1.543      1.096      0.000 4
   4    5     -1.543     -0.386      0.000 4
   5    6     -1.542      0.787      0.000 4
   6    7     -1.524      0.411      0.000 4
   7   11     -1.521     -0.495      0.000 4
   8    8     -1.521      0.587      0.000 4
  10   10     -1.496      0.339      0.000 4
  11   -2     -1.489     -0.441      0.000 4
  -1   -2     -1.481     -0.874      0.000 4
  -1   -2     -1.476     -0.624      0.000 4
  14   13     -1.475      0.060      0.000 4
  16   15     -1.461     -0.731      0.000 4
  -1   -2     -1.458     -1.165      0.000 4
  17   16     -1.455      1.148      0.000 4
  18   17     -1.451     -0.481      0.000 4
  19   18     -1.450      0.750      0.000 4
  15   19     -1.447      0.881      0.000 4
  22   20     -1.436      0.023      0.000 4
  21   21     -1.435     -0.025      0.000 4
  23   23     -1.428      0.190      0.000 4
  -1   -2     -1.419     -0.291      0.000 4
  24   25     -1.406     -1.109      0.000 4
  25   -2     -1.394     -0.635      0.000 4
  26   27     -1.387      0.799      0.000 4
  -1   28     -1.383      0.456      0.000 4
  27   29     -1.382      0.639      0.000 4
  28   30     -1.373     -0.412      0.000 4
  -1   31     -1.363     -0.031      0.000 4
  29   32     -1.361     -0.771      0.000 4
  30   34     -1.353      0.751      0.000 4
  32   -2     -1.341      0.254      0.000 4
  33   36     -1.333      1.032      0.000 4
  35   37     -1.331     -0.512      0.000 4
  37   38     -1.326     -1.011      0.000 4
  36   39     -1.325     -0.158      0.000 4
  41   41     -1.297     -0.611      0.000 4
  -1   -2     -1.294     -0.126      0.000 4
  42   42     -1.289     -0.720      0.000 4
  43   43     -1.286     -1.162      0.000 4
  44   44     -1.281     -0.933      0.000 4
  46   45     -1.270     -1.101      0.000 4
  47   48     -1.264      0.448      0.000 4
  48   47     -1.252      0.047      0.000 4
  49   49     -1.251      0.696      0.000 4
  52   51     -1.248      0.912      0.000 4
  50   53     -1.244      0.800      0.000 4
  38   71     -1.242      1.089      0.000 4
  53   55     -1.231     -0.400      0.000 4
  54   57     -1.229     -0.126      0.000 4
  55   56     -1.226     -0.722      0.000 4
  57   58     -1.222     -1.093      0.000 4
  58   59     -1.219     -0.930      0.000 4
  -1   -2     -1.209     -0.863      0.000 4
  59   62     -1.203      0.434      0.000 4
  60   63     -1.200      0.710      0.000 4
  -1   -2     -1.186      1.004      0.000 4
  62   64     -1.185     -0.419      0.000 4
  63   65     -1.183     -0.320      0.000 4
  65   66     -1.180     -0.992      0.000 4
  66   67     -1.176      0.602      0.000 4
  67   69     -1.172     -1.167      0.000 4
  64   68     -1.170      0.520      0.000 4
  -1   70     -1.167      0.203      0.000 4
  68   76     -1.164     -0.181      0.000 4
  70   -2     -1.160      1.077      0.000 4
  69   72     -1.158      0.420      0.000 4
  73   75     -1.149     -0.954      0.000 4
  74   78     -1.132     -0.243      0.000 4
  75   -2     -1.131     -0.200      0.000 4
  76   77     -1.131      0.619      0.000 4
  77   79     -1.126      0.362      0.000 4
  78   80     -1.119      0.858      0.000 4
  79   81     -1.111      1.110      0.000 4
  80   -2     -1.103     -1.175      0.000 4
  81   83     -1.085     -0.468      0.000 4
  85   84     -1.079     -1.094      0.000 4
  -1   -2     -1.069     -1.012      0.000 4
  82   85     -1.069      0.321      0.000 4
  84   86     -1.061     -0.791      0.000 4
  -1   88     -1.050     -0.095      0.000 4
  86   89     -1.036      0.590      0.000 4
  87   90     -1.028      0.952      0.000 4
  89   87     -1.028     -1.153      0.000 4
  -1   91     -1.016     -0.834      0.000 4
  90   92     -1.010     -0.920      0.000 4
  91   93     -1.001      1.070      0.000 4
  -1   94     -1.000     -0.457      0.000 4
  92   95     -0.994     -0.139      0.000 4
  -1   96     -0.979     -1.125      0.000 4
  93   97     -0.975     -0.020      0.000 4
  94   98     -0.974     -0.220      0.000 4
  96   99     -0.965      0.705      0.000 4
  -1  105     -0.964     -0.986      0.000 4
  97  100     -0.961      0.330      0.000 4
  -1  101     -0.958      0.452      0.000 4
  88   -2     -0.942     -0.545      0.000 4
  99  104     -0.941     -0.453      0.000 4
 100  103     -0.940      0.921      0.000 4
 101  113     -0.939      0.397      0.000 4
 106   -2     -0.924     -0.987      0.000 4
 104  107     -0.917     -0.627      0.000 4
 105  111     -0.916     -0.054      0.000 4
  -1   -2     -0.913     -0.230      0.000 4
 107  110     -0.912      0.737      0.000 4
 108  114     -0.906      0.040      0.000 4
  -1   -2     -0.901      0.380      0.000 4
 110  115     -0.898     -0.766      0.000 4
 111  116     -0.892     -0.713      0.000 4
  -1  108     -0.880     -0.232      0.000 4
 113  117     -0.878     -1.167      0.000 4
 112  118     -0.875      0.140      0.000 4
 115  119     -0.862      0.812      0.000 4
 114  120     -0.858     -0.143      0.000 4
 116  121     -0.855     -0.443      0.000 4
 118  122     -0.834      1.048      0.000 4
 117  123     -0.834     -0.095      0.000 4
 119  124     -0.830      0.879      0.000 4
 120  125     -0.822      1.094      0.000 4
  -1   -2     -0.821      0.066      0.000 4
 123  127     -0.817      0.986      0.000 4
 121  128     -0.816     -0.755      0.000 4
 124  129     -0.808     -0.929      0.000 4
 127  133     -0.767     -0.539      0.000 4
 129  134     -0.763      0.957      0.000 4
  -1  132     -0.757     -1.141      0.000 4
 131  135     -0.754     -0.933      0.000 4
 130  136     -0.751     -0.287      0.000 4
 126   -2     -0.749      0.850      0.000 4
 132  138     -0.736     -0.673      0.000 4
 134  140     -0.726      0.050      0.000 4
  -1   -2     -0.723     -0.212      0.000 4
 135  142     -0.718     -0.257      0.000 4
 136  141     -0.715     -1.012      0.000 4
 138  143     -0.705      0.335      0.000 4
 139  144     -0.697      1.031      0.000 4
 141  145     -0.691     -1.171      0.000 4
 142  147     -0.684     -0.479      0.000 4
  -1   -2     -0.683     -1.139      0.000 4
 145  149     -0.664     -0.211      0.000 4
 150  153     -0.663      1.153      0.000 4
 146  150     -0.663     -0.736      0.000 4
 147  151     -0.661      0.845      0.000 4
  -1  152     -0.656     -0.883      0.000 4
 148  154     -0.655      0.447      0.000 4
  -1   -2     -0.649      0.504      0.000 4
  -1   -2     -0.642      1.065      0.000 4
 152  155     -0.640      1.105      0.000 4
 151  157     -0.637      0.081      0.000 4
 154  156     -0.635      1.028      0.000 4
 153  158     -0.633      0.174      0.000 4
 155  159     -0.630     -0.472      0.000 4
 156  160     -0.623     -0.735      0.000 4
 159  162     -0.617     -1.053      0.000 4
 158  161     -0.617     -0.976      0.000 4
 157  163     -0.617      0.636      0.000 4
 160  164     -0.608     -0.034      0.000 4
 143  172     -0.591     -1.091      0.000 4
 164  167     -0.576      0.992      0.000 4
 166  169     -0.564     -0.939      0.000 4
  -1   -2     -0.562      0.003      0.000 4
 165  170     -0.560     -0.248      0.000 4
 167  171     -0.550      0.412      0.000 4
 169  173     -0.537     -0.617      0.000 4
  -1  176     -0.536     -1.164      0.000 4
 172  174     -0.526      1.111      0.000 4
 171  175     -0.526      0.895      0.000 4
 173  177     -0.517      0.295      0.000 4
 174  178     -0.502     -0.149      0.000 4
 175   -2     -0.490     -1.139      0.000 4
 177   -2     -0.484     -0.451      0.000 4
 178  184     -0.480      0.674      0.000 4
 179  182     -0.479     -0.242      0.000 4
 180  185     -0.469     -0.210      0.000 4
 181  186     -0.464     -0.533      0.000 4
 182  187     -0.458     -1.107      0.000 4
 183  188     -0.456     -0.762      0.000 4
 184  189     -0.450     -0.872      0.000 4
 185   -2     -0.448      0.648      0.000 4
  -1   -2     -0.441      0.453      0.000 4
 187  190     -0.434     -0.589      0.000 4
 189  192     -0.420      1.116      0.000 4
  -1   -2     -0.416     -1.121      0.000 4
 190  194     -0.414     -0.657      0.000 4
 191  195     -0.402      0.268      0.000 4
 194  200     -0.397      0.958      0.000 4
 193  196     -0.396      0.774      0.000 4
 192  199     -0.394      0.469      0.000 4
 196  198     -0.389     -0.868      0.000 4
 197  201     -0.386     -0.493      0.000 4
 195  197     -0.386      0.882      0.000 4
 210  193     -0.369     -1.170      0.000 4
 198  202     -0.367     -0.151      0.000 4
 199  203     -0.358      0.697      0.000 4
 188  216     -0.357     -0.397      0.000 4
 200  206     -0.354     -1.125      0.000 4
 201  205     -0.350     -1.081      0.000 4
 202  207     -0.346      0.361      0.000 4
 203  208     -0.338     -0.649      0.000 4
 205  209     -0.334      1.138      0.000 4
 215  210     -0.329     -0.736      0.000 4
 204   -2     -0.325      0.112      0.000 4
 206  211     -0.325     -0.327      0.000 4
 207  212     -0.321     -0.819      0.000 4
  -1  213     -0.310      0.680      0.000 4
 208  214     -0.302      0.645      0.000 4
 209  215     -0.299     -0.869      0.000 4
 212  217     -0.291     -0.571      0.000 4
 213  219     -0.286      0.027      0.000 4
  -1   -2     -0.264     -1.158      0.000 4
 216  223     -0.264      0.605      0.000 4
 217  222     -0.261     -0.949      0.000 4
 218   -2     -0.256      0.862      0.000 4
 219  224     -0.251      0.076      0.000 4
  -1   -2     -0.247      0.034      0.000 4
  -1  225     -0.247     -1.063      0.000 4
  -1  227     -0.243     -0.222      0.000 4
 221  226     -0.229      0.922      0.000 4
 223   -2     -0.225     -1.093      0.000 4
 220   -2     -0.223     -0.203      0.000 4
  -1  228     -0.222      0.378      0.000 4
 222   -2     -0.221     -0.674      0.000 4
  -1  229     -0.205     -0.139      0.000 4
 226   -2     -0.187      0.323      0.000 4
 230  230     -0.187     -0.645      0.000 4
 228  231     -0.186      0.407      0.000 4
 229  232     -0.182     -1.058      0.000 4
 227  235     -0.177     -0.536      0.000 4
 232  233     -0.176      1.125      0.000 4
 231  234     -0.172     -0.052      0.000 4
 225  241     -0.164     -0.245      0.000 4
 233  236     -0.161      0.520      0.000 4
 234  237     -0.159      0.280      0.000 4
  -1  243     -0.146      0.645      0.000 4
 235  240     -0.139      0.196      0.000 4
 237  239     -0.137     -0.872      0.000 4
 236  242     -0.132     -0.107      0.000 4
  -1   -2     -0.132     -0.331      0.000 4
  -1   -2     -0.128     -1.127      0.000 4
 238   -2     -0.123      0.729      0.000 4
  -1   -2     -0.122     -0.678      0.000 4
 239  244     -0.119      1.133      0.000 4
 248  238     -0.113     -1.160      0.000 4
 241  245     -0.112     -0.250      0.000 4
 242  248     -0.110      0.295      0.000 4
  -1   -2     -0.109      0.578      0.000 4
 244  247     -0.108     -0.508      0.000 4
  -1   -2     -0.095     -0.901      0.000 4
 245  250     -0.089      0.487      0.000 4
 247  251     -0.085      0.971      0.000 4
 249  249     -0.078     -0.934      0.000 4
 250  254     -0.068     -0.321      0.000 4
 251  253     -0.067      1.082      0.000 4
  -1   -2     -0.041     -0.365      0.000 4
  -1   -2     -0.038     -0.093      0.000 4
  -1   -2     -0.037     -1.113      0.000 4
 268   -2     -0.032      1.036      0.000 4
 253  258     -0.030      0.263      0.000 4
  -1   -2     -0.024     -1.075      0.000 4
  -1  259     -0.024      0.471      0.000 4
 254  260     -0.013      0.050      0.000 4
 255  261     -0.011      0.308      0.000 4
 256  263      0.004      0.116      0.000 4
 257  264      0.009      0.812      0.000 4
  -1  262      0.013     -1.170      0.000 4
 258  265      0.014      0.473      0.000 4
 259  266      0.020      0.280      0.000 4
 261  267      0.056      0.531      0.000 4
  -1  268      0.060      0.743      0.000 4
 263  271      0.064     -0.908      0.000 4
 264  272      0.066     -0.751      0.000 4
  -1   -2      0.070     -1.082      0.000 4
 265  273      0.074      0.135      0.000 4
 266  274      0.083     -0.564      0.000 4
 267  276      0.087      0.100      0.000 4
  -1   -2      0.089     -0.026      0.000 4
 270  277      0.117     -1.164      0.000 4
 272  281      0.137      0.800      0.000 4
 273  283      0.141     -0.367      0.000 4
 271  285      0.143     -0.464      0.000 4
 275  284      0.144      0.697      0.000 4
  -1  286      0.148     -1.078      0.000 4
 276  287      0.163      0.561      0.000 4
 278  288      0.166      0.869      0.000 4
 269  289      0.176      0.302      0.000 4
 280   -2      0.183     -0.548      0.000 4
 281  291      0.192     -1.027      0.000 4
  -1  292      0.199     -0.350      0.000 4
 283  293      0.215     -0.846      0.000 4
 284  295      0.219      1.073      0.000 4
 285  294      0.220     -1.057      0.000 4
  -1   -2      0.221      0.797      0.000 4
 286  296      0.221      0.037      0.000 4
 287  301      0.223     -0.223      0.000 4
  -1  290      0.225     -0.590      0.000 4
  -1   -2      0.227      0.886      0.000 4
 290  298      0.230      0.457      0.000 4
 292  299      0.239     -1.013      0.000 4
 291  300      0.248     -0.105      0.000 4
 293   -2      0.272     -0.286      0.000 4
 294   -2      0.278     -0.501      0.000 4
 295  302      0.281      0.798      0.000 4
 296  304      0.289      1.007      0.000 4
 297  305      0.296      0.936      0.000 4
 299  306      0.301      0.207      0.000 4
 300  307      0.304     -0.855      0.000 4
  -1   -2      0.327     -1.076      0.000 4
 302  308      0.334     -1.173      0.000 4
  -1  309      0.337     -0.252      0.000 4
 303   -2      0.339      0.484      0.000 4
 304   -2      0.349     -0.139      0.000 4
 305  310      0.350      0.056      0.000 4
 306   -2      0.352     -0.477      0.000 4
 298   -2      0.353      0.745      0.000 4
 309  312      0.358      0.854      0.000 4
 310  313      0.359      1.143      0.000 4
 311  314      0.361     -1.036      0.000 4
 312  315      0.366      0.286      0.000 4
 313  316      0.379     -1.101      0.000 4
  -1  317      0.386     -0.322      0.000 4
 316  318      0.392     -0.675      0.000 4
 317   -2      0.401     -1.124      0.000 4
  -1   -2      0.412      0.537      0.000 4
 319  320      0.419     -0.983      0.000 4
 320  321      0.421      0.055      0.000 4
 321  322      0.425     -0.327      0.000 4
 322  323      0.432     -0.759      0.000 4
 323  324      0.438      0.248      0.000 4
 325  325      0.451      0.145      0.000 4
 324  326      0.453     -0.560      0.000 4
 327   -2      0.459      0.744      0.000 4
 328  328      0.459      1.056      0.000 4
  -1   -2      0.467      0.777      0.000 4
 331   -2      0.477     -0.505      0.000 4
  -1  330      0.483     -0.465      0.000 4
  -1   -2      0.483     -1.123      0.000 4
 333  331      0.486      0.007      0.000 4
 336  334      0.502     -0.355      0.000 4
 334  333      0.502      0.578      0.000 4
  -1   -2      0.506     -0.213      0.000 4
 337  336      0.513     -0.688      0.000 4
 338  337      0.525      0.620      0.000 4
 339  338      0.526      0.517      0.000 4
 340  332      0.528      0.467      0.000 4
 326   -2      0.534      1.155      0.000 4
 343  342      0.538     -0.531      0.000 4
 342  339      0.540      0.266      0.000 4
 345  343      0.548     -0.020      0.000 4
  -1   -2      0.550      0.763      0.000 4
 346  344      0.557     -0.822      0.000 4
 347  345      0.569      0.573      0.000 4
 349  346      0.570      0.642      0.000 4
 341  348      0.576      0.174      0.000 4
 344  351      0.581      1.148      0.000 4
 350  349      0.588     -0.497      0.000 4
 352  352      0.610     -0.906      0.000 4
  -1   -2      0.614      0.717      0.000 4
 353   -2      0.618      1.149      0.000 4
 354  353      0.620      0.900      0.000 4
 355  354      0.626      0.776      0.000 4
 356  356      0.632     -0.667      0.000 4
 351  371      0.644     -1.055      0.000 4
 358  358      0.652     -0.761      0.000 4
 359  360      0.664     -0.613      0.000 4
  -1  361      0.667      0.425      0.000 4
 360   -2      0.671      0.458      0.000 4
 361  362      0.673      0.696      0.000 4
 362   -2      0.677      1.045      0.000 4
 363   -2      0.680      0.074      0.000 4
 364  364      0.708      0.816      0.000 4
 365  365      0.710     -0.424      0.000 4
 366  366      0.713      0.278      0.000 4
  -1   -2      0.718     -0.142      0.000 4
 368  367      0.720      0.739      0.000 4
 367  368      0.721     -0.802      0.000 4
 369  369      0.726      1.057      0.000 4
 371  370      0.732      0.415      0.000 4
 370   -2      0.734     -1.027      0.000 4
 372  373      0.740     -0.235      0.000 4
 375  375      0.755     -0.646      0.000 4
 377  376      0.761     -1.075      0.000 4
 378  377      0.762      0.960      0.000 4
 380  378      0.767     -0.414      0.000 4
 379  379      0.769      1.058      0.000 4
  -1   -2      0.777     -1.160      0.000 4
  -1   -2      0.779      1.137      0.000 4
 382  382      0.782     -0.346      0.000 4
 384  381      0.782     -0.011      0.000 4
 391  372      0.787     -1.038      0.000 4
 386  385      0.792      0.911      0.000 4
 387  386      0.801     -0.608      0.000 4
 385  384      0.804     -0.992      0.000 4
  -1  387      0.808     -0.788      0.000 4
 389  388      0.825      0.216      0.000 4
 388  390      0.831     -1.112      0.000 4
 390  391      0.840      0.667      0.000 4
  -1  389      0.842      0.255      0.000 4
 392  393      0.845     -0.855      0.000 4
  -1   -2      0.864      0.752      0.000 4
 395  396      0.870     -0.780      0.000 4
  -1  397      0.871     -0.202      0.000 4
 396  398      0.876      0.560      0.000 4
 394  401      0.877      1.132      0.000 4
 398  399      0.880      0.338      0.000 4
 399  400      0.881      0.292      0.000 4
 400  403      0.889     -1.157      0.000 4
 401   -2      0.898     -1.006      0.000 4
 402  394      0.904      0.813      0.000 4
 403  402      0.907     -0.599      0.000 4
  -1  404      0.912     -0.945      0.000 4
  -1   -2      0.915     -0.875      0.000 4
 404  405      0.927     -0.050      0.000 4
 405  406      0.929      0.996      0.000 4
 406   -2      0.934     -1.086      0.000 4
 408  408      0.937      1.097      0.000 4
 407  409      0.937     -0.807      0.000 4
  -1  410      0.948      0.070      0.000 4
 409  411      0.956     -0.268      0.000 4
 410  412      0.960     -0.461      0.000 4
 411  413      0.970     -0.550      0.000 4
 412  414      0.973     -0.167      0.000 4
 413  415      0.981      0.699      0.000 4
 414   -2      0.985     -0.299      0.000 4
 415  417      0.989      0.643      0.000 4
 416  418      0.991      0.596      0.000 4
 418   -2      0.995      0.134      0.000 4
 419  416      0.998      0.088      0.000 4
  -1   -2      0.999      0.203      0.000 4
 420  420      1.008      0.379      0.000 4
 421  422      1.017      0.745      0.000 4
 422  431      1.023     -0.854      0.000 4
 424  423      1.035     -0.259      0.000 4
 425  424      1.050      0.200      0.000 4
 426  425      1.054     -0.179      0.000 4
 427  426      1.056     -0.622      0.000 4
  -1  427      1.066      0.999      0.000 4
 428  428      1.074      0.487      0.000 4
 430   -2      1.087     -0.865      0.000 4
 432  433      1.092     -0.270      0.000 4
 433  432      1.093      0.421      0.000 4
 435  435      1.102     -0.367      0.000 4
 436  436      1.105     -1.036      0.000 4
 437   -2      1.110     -0.063      0.000 4
 439  437      1.118      0.937      0.000 4
 438  438      1.118      1.015      0.000 4
 440  439      1.124     -0.698      0.000 4
 442  443      1.138      0.808      0.000 4
 443  445      1.142     -1.145      0.000 4
 449  442      1.155     -0.036      0.000 4
 441   -2      1.155      0.694      0.000 4
 446   -2      1.158     -0.928      0.000 4
 447  446      1.160      1.017      0.000 4
 448  447      1.166     -0.842      0.000 4
 450  448      1.176      0.568      0.000 4
  -1   -2      1.190     -0.025      0.000 4
 444  449      1.193     -0.616      0.000 4
 457  451      1.203      0.144      0.000 4
 453  452      1.205      0.067      0.000 4
 456  453      1.244      0.877      0.000 4
 455  462      1.244     -0.998      0.000 4
 458   -2      1.251     -0.254      0.000 4
  -1  454      1.255     -0.306      0.000 4
 459  455      1.260     -0.570      0.000 4
  -1   -2      1.260     -1.170      0.000 4
  -1   -2      1.263     -0.371      0.000 4
  -1   -2      1.265     -0.942      0.000 4
 462  456      1.267     -0.434      0.000 4
 461  457      1.271     -0.647      0.000 4
 463  460      1.286      1.013      0.000 4
 465  459      1.288      0.251      0.000 4
 464  461      1.289     -0.113      0.000 4
 460   -2      1.292     -0.916      0.000 4
 466  463      1.305     -0.589      0.000 4
  -1   -2      1.308     -1.058      0.000 4
 467  465      1.327      0.277      0.000 4
 469  464      1.337     -1.169      0.000 4
  -1  466      1.338     -0.568      0.000 4
 470  468      1.346     -0.659      0.000 4
 471  469      1.365      0.403      0.000 4
 472  470      1.373     -1.039      0.000 4
 480   -2      1.375      0.099      0.000 4
  -1   -2      1.387     -1.167      0.000 4
 473  475      1.397     -1.080      0.000 4
 475   -2      1.407     -0.176      0.000 4
 474  473      1.409      1.147      0.000 4
 477  474      1.412      0.452      0.000 4
  -1   -2      1.422      0.026      0.000 4
 482  476      1.436     -0.563      0.000 4
 483  477      1.440     -0.428      0.000 4
 484  478      1.443     -0.320      0.000 4
 485  479      1.447     -0.494      0.000 4
 486  480      1.448      0.156      0.000 4
 481  481      1.449     -1.165      0.000 4
  -1   -2      1.473     -1.136      0.000 4
 487  483      1.483      0.674      0.000 4
 490  484      1.491      0.238      0.000 4
 489  486      1.491     -0.869      0.000 4
  -1   -2      1.492     -0.250      0.000 4
 492  487      1.497      0.568      0.000 4
  -1  490      1.503      1.128      0.000 4
 493  492      1.528      0.651      0.000 4
 496  494      1.534     -0.570      0.000 4
 494  493      1.534      0.904      0.000 4
 495   -2      1.538     -0.345      0.000 4
  -1  495      1.541     -0.279      0.000 4
 497  496      1.545      0.286      0.000 4
 499  498      1.546     -0.100      0.000 4
 498  501      1.561     -0.310      0.000 4
 501  500      1.561     -0.738      0.000 4
 500  499      1.564     -1.047      0.000 4
