503
   1    0     -1.568     -0.861      0.000 4
   2    1     -1.557      0.319      0.000 4
   6    3     -1.548      1.058      0.000 4
   4    2     -1.548      0.605      0.000 4
   5    4     -1.545      0.474      0.000 4
   8    5     -1.535      0.745      0.000 4
   7    6     -1.529      0.171      0.000 4
   9    7     -1.528     -0.355      0.000 4
  -1   -2     -1.516     -0.201      0.000 4
  -1   12     -1.510     -0.460      0.000 4
  -1   -2     -1.501      0.557      0.000 4
  11    8     -1.500      0.967      0.000 4
  12    9     -1.499      0.391      0.000 4
  -1   18     -1.491     -0.284      0.000 4
  -1   -2     -1.483      0.150      0.000 4
  -1   10     -1.482     -0.981      0.000 4
  -1   -2     -1.474     -0.589      0.000 4
  14   -2     -1.473     -0.411      0.000 4
  15   13     -1.469      0.322      0.000 4
  16   14     -1.462      1.111      0.000 4
  17   15     -1.461     -0.694      0.000 4
  19   17     -1.456      0.067      0.000 4
  -1   -2     -1.440     -0.259      0.000 4
  20   21     -1.438     -0.450      0.000 4
  21   16     -1.435      0.846      0.000 4
  -1   -2     -1.434      0.917      0.000 4
  22   22     -1.432      0.719      0.000 4
  13   33     -1.423     -1.070      0.000 4
  -1   24     -1.421      0.681      0.000 4
  25   20     -1.419      0.028      0.000 4
  26   26     -1.408     -0.018      0.000 4
  27   27     -1.397      0.185      0.000 4
  -1   -2     -1.392      0.358      0.000 4
  -1   -2     -1.386     -0.604      0.000 4
  -1   -2     -1.375      0.769      0.000 4
  31   28     -1.358     -0.939      0.000 4
  37   -2     -1.355     -0.034      0.000 4
  30   29     -1.355      0.612      0.000 4
  32   30     -1.354     -0.387      0.000 4
  33   31     -1.350      0.436      0.000 4
  34   34     -1.339     -0.977      0.000 4
  -1   -2     -1.335     -0.332      0.000 4
  35   36     -1.331      1.005      0.000 4
  38   37     -1.318      0.561      0.000 4
  39   38     -1.306     -1.118      0.000 4
  -1   -2     -1.287      0.832      0.000 4
  46   40     -1.283     -0.906      0.000 4
  40   43     -1.283     -0.135      0.000 4
  43   41     -1.282     -0.583      0.000 4
  44   42     -1.282     -0.690      0.000 4
  47   45     -1.261     -0.648      0.000 4
  -1   -2     -1.248      0.036      0.000 4
  48   46     -1.244      1.065      0.000 4
  49   48     -1.239      0.888      0.000 4
  50   47     -1.237     -1.055      0.000 4
  51   50     -1.226      0.433      0.000 4
  53   51     -1.224      0.779      0.000 4
  54   49     -1.223     -0.902      0.000 4
  52   53     -1.223      0.675      0.000 4
  55   52     -1.220     -0.702      0.000 4
  57   55     -1.204     -0.384      0.000 4
  58   56     -1.193     -0.118      0.000 4
  -1   -2     -1.181     -0.459      0.000 4
  61   60     -1.166      0.423      0.000 4
  62   59     -1.161      1.056      0.000 4
  64   -2     -1.161      1.094      0.000 4
  63   63     -1.158     -0.404      0.000 4
  65   61     -1.158     -0.890      0.000 4
  67   62     -1.156     -0.928      0.000 4
  66   64     -1.152     -0.307      0.000 4
  69   57     -1.141     -0.515      0.000 4
  68   65     -1.137      0.505      0.000 4
  70   66     -1.126     -0.173      0.000 4
  71   67     -1.125      0.198      0.000 4
  72   69     -1.119      0.408      0.000 4
  73   70     -1.112      1.091      0.000 4
  74   71     -1.112     -1.068      0.000 4
  75   72     -1.102      0.840      0.000 4
  76   73     -1.098      0.608      0.000 4
  77   74     -1.095     -0.233      0.000 4
  78   -2     -1.093     -0.192      0.000 4
  79   75     -1.083      0.354      0.000 4
  -1   76     -1.073     -1.165      0.000 4
  82   78     -1.060     -0.454      0.000 4
  83   77     -1.060     -1.114      0.000 4
  80   79     -1.060      0.445      0.000 4
  -1   80     -1.055     -0.767      0.000 4
  84   82     -1.022      0.317      0.000 4
  85   81     -1.020      0.940      0.000 4
  -1   -2     -1.016     -0.825      0.000 4
  89   90     -1.012      0.798      0.000 4
  87   83     -1.012     -0.903      0.000 4
  91   86     -1.001      0.589      0.000 4
  92   85     -1.001      1.058      0.000 4
  94   87     -0.992     -1.107      0.000 4
  -1   88     -0.991     -0.443      0.000 4
  95   92     -0.952     -0.136      0.000 4
  96   91     -0.948     -0.911      0.000 4
  -1   -2     -0.944     -0.059      0.000 4
  -1   -2     -0.939      0.699      0.000 4
 100   93     -0.937     -0.974      0.000 4
  98   95     -0.932     -0.215      0.000 4
 102   -2     -0.927      0.916      0.000 4
  97   96     -0.927     -0.012      0.000 4
 103   97     -0.925      1.144      0.000 4
 104   -2     -0.913      0.327      0.000 4
 106   99     -0.911     -0.447      0.000 4
 105   98     -0.911      0.434      0.000 4
 107   -2     -0.906      1.103      0.000 4
  -1  100     -0.906      0.262      0.000 4
  90  121     -0.902     -0.622      0.000 4
  -1   -2     -0.890      0.615      0.000 4
 111  104     -0.889     -0.759      0.000 4
 139   -2     -0.889     -1.164      0.000 4
 112  105     -0.885      0.737      0.000 4
 113  106     -0.878     -0.706      0.000 4
 114  107     -0.870     -0.053      0.000 4
 115  108     -0.859      0.039      0.000 4
  -1  110     -0.854      0.836      0.000 4
  -1  109     -0.854      0.379      0.000 4
 117   -2     -0.841      0.813      0.000 4
 119  111     -0.829      1.048      0.000 4
 118  112     -0.828      0.140      0.000 4
 120  113     -0.825     -0.441      0.000 4
 121  114     -0.821      1.094      0.000 4
 122  117     -0.814     -0.144      0.000 4
 123  115     -0.813      0.880      0.000 4
 127  116     -0.811     -0.928      0.000 4
 124  119     -0.809      0.987      0.000 4
 125  118     -0.805     -0.754      0.000 4
 128  123     -0.787     -0.097      0.000 4
 116  139     -0.787      0.389      0.000 4
 129  124     -0.773      0.064      0.000 4
 130  125     -0.750      0.967      0.000 4
 132  122     -0.744      0.646      0.000 4
 133  127     -0.742     -0.541      0.000 4
 131  128     -0.732     -0.962      0.000 4
  -1   -2     -0.720     -0.676      0.000 4
  -1   -2     -0.717     -1.009      0.000 4
  -1  130     -0.714     -0.633      0.000 4
 135  131     -0.713     -0.291      0.000 4
  -1  133     -0.706     -0.548      0.000 4
 136  132     -0.705     -1.166      0.000 4
  -1  134     -0.698      0.987      0.000 4
 137  135     -0.692      1.041      0.000 4
 140  136     -0.676      0.049      0.000 4
 145  137     -0.676     -0.264      0.000 4
 141  140     -0.672     -0.411      0.000 4
 144   -2     -0.656     -0.485      0.000 4
 142  138     -0.654     -0.889      0.000 4
 146  141     -0.649     -0.743      0.000 4
 147  142     -0.643      0.856      0.000 4
 148   -2     -0.640      1.116      0.000 4
 149  143     -0.640      1.075      0.000 4
 138  164     -0.631     -1.105      0.000 4
  -1  150     -0.622     -0.215      0.000 4
 152  147     -0.622     -1.059      0.000 4
 151  149     -0.621     -0.020      0.000 4
 150  151     -0.621      0.454      0.000 4
  -1  152     -0.618     -0.983      0.000 4
 154  153     -0.609     -0.745      0.000 4
 160   -2     -0.603      0.803      0.000 4
 155  155     -0.602     -0.481      0.000 4
 156  156     -0.592      0.639      0.000 4
 157  157     -0.591      0.080      0.000 4
  -1  158     -0.588     -0.807      0.000 4
 159  160     -0.585      0.180      0.000 4
 161  161     -0.568      1.010      0.000 4
 158  162     -0.565     -0.952      0.000 4
 162  163     -0.564     -0.037      0.000 4
 163  165     -0.543     -0.111      0.000 4
 164   -2     -0.542     -1.092      0.000 4
 165  166     -0.527      1.132      0.000 4
 166  167     -0.523     -0.257      0.000 4
 167  168     -0.514     -0.633      0.000 4
 168  171     -0.509      0.422      0.000 4
 170  172     -0.486     -1.161      0.000 4
 171  175     -0.477      0.301      0.000 4
 172  176     -0.469     -0.162      0.000 4
 174  178     -0.458     -0.469      0.000 4
  -1   -2     -0.456     -0.305      0.000 4
 177  181     -0.444     -0.894      0.000 4
 176  182     -0.444     -0.783      0.000 4
 175  187     -0.443      0.685      0.000 4
  -1  184     -0.439     -0.255      0.000 4
 178  183     -0.439     -0.552      0.000 4
 179  185     -0.433     -0.220      0.000 4
 182  186     -0.422      1.145      0.000 4
 183  188     -0.414     -0.610      0.000 4
 185  189     -0.387      0.989      0.000 4
 186  190     -0.383     -0.893      0.000 4
 187  191     -0.378      0.808      0.000 4
 188  192     -0.373      0.913      0.000 4
 189  194     -0.370      0.282      0.000 4
 190  195     -0.366     -0.514      0.000 4
  -1   -2     -0.363      0.486      0.000 4
 197  193     -0.356     -1.162      0.000 4
  -1  198     -0.349      0.258      0.000 4
 191  199     -0.338      0.726      0.000 4
 192  200     -0.335     -0.163      0.000 4
 194  210     -0.317     -0.763      0.000 4
 195  202     -0.316      0.378      0.000 4
 196  201     -0.314     -0.852      0.000 4
 198  203     -0.297     -0.347      0.000 4
 200  204     -0.295     -0.900      0.000 4
 201  205     -0.293      0.115      0.000 4
 202  207     -0.285      0.686      0.000 4
  -1   -2     -0.276      0.293      0.000 4
 203  208     -0.271     -0.601      0.000 4
 204  217     -0.271     -0.487      0.000 4
 205  209     -0.258     -0.983      0.000 4
 207  211     -0.247      0.018      0.000 4
 209  212     -0.244     -1.097      0.000 4
 208  213     -0.242      0.635      0.000 4
  -1  214     -0.241      0.892      0.000 4
 211  215     -0.224      0.039      0.000 4
  -1   -2     -0.224     -0.100      0.000 4
 212   -2     -0.220     -0.148      0.000 4
  -1   -2     -0.220      0.965      0.000 4
 213  216     -0.213     -0.213      0.000 4
  -1   -2     -0.213     -0.479      0.000 4
  -1   -2     -0.212     -0.711      0.000 4
  -1   -2     -0.209     -0.247      0.000 4
 215  220     -0.179     -0.150      0.000 4
 217  219     -0.175     -1.096      0.000 4
 218   -2     -0.171     -0.677      0.000 4
 219  223     -0.160      0.428      0.000 4
 220  224     -0.159     -0.569      0.000 4
 221  225     -0.151     -0.059      0.000 4
 223  227     -0.144      0.547      0.000 4
  -1   -2     -0.143     -0.605      0.000 4
 224  228     -0.138     -0.269      0.000 4
  -1  229     -0.136      0.293      0.000 4
 226  230     -0.130     -0.915      0.000 4
 216   -2     -0.123      1.092      0.000 4
 227  231     -0.116      0.205      0.000 4
  -1  221     -0.113     -0.725      0.000 4
 229  232     -0.110     -0.127      0.000 4
 230  233     -0.098     -0.541      0.000 4
 231  234     -0.095      0.610      0.000 4
 234  235     -0.095     -1.028      0.000 4
 232  236     -0.090      0.310      0.000 4
 233  237     -0.090     -0.271      0.000 4
 235  238     -0.083      1.020      0.000 4
 237  240     -0.076     -0.978      0.000 4
 236  250     -0.075     -1.165      0.000 4
 238  239     -0.075      0.513      0.000 4
 239  242     -0.069      0.006      0.000 4
 240  241     -0.068      1.133      0.000 4
  -1  243     -0.048     -0.350      0.000 4
  -1  245     -0.032     -0.762      0.000 4
 243  244     -0.032      1.089      0.000 4
 214  278     -0.030     -0.396      0.000 4
 244  255     -0.025     -0.110      0.000 4
 245  249     -0.018      0.279      0.000 4
 246  248     -0.017      0.484      0.000 4
 247  251      0.003      0.048      0.000 4
 248  253      0.012      0.858      0.000 4
  -1   -2      0.015     -0.327      0.000 4
 250  256      0.017     -1.110      0.000 4
 252  258      0.025      0.500      0.000 4
 251  257      0.030      0.295      0.000 4
 253  260      0.037     -0.031      0.000 4
 255  261      0.052      0.566      0.000 4
 256  262      0.061      0.790      0.000 4
 258  263      0.066     -0.955      0.000 4
  -1  265      0.069      0.688      0.000 4
 259  267      0.072     -0.797      0.000 4
  -1  264      0.073      0.518      0.000 4
 260  268      0.082      0.138      0.000 4
 261  269      0.087     -0.606      0.000 4
 264  259      0.091     -1.162      0.000 4
  -1   -2      0.093     -0.037      0.000 4
 265  272      0.094      0.101      0.000 4
 266  274      0.099      0.392      0.000 4
 267  273      0.101      1.074      0.000 4
 268  276      0.141      0.739      0.000 4
 270  275      0.147     -0.498      0.000 4
 271  279      0.151      0.591      0.000 4
 273  281      0.155     -0.568      0.000 4
  -1   -2      0.157     -1.113      0.000 4
 274  282      0.163      0.917      0.000 4
 275  283      0.175      0.317      0.000 4
 276  284      0.188     -0.587      0.000 4
 278  286      0.199     -0.379      0.000 4
 277  285      0.200     -1.085      0.000 4
 279  287      0.214      1.128      0.000 4
 281  288      0.216      0.845      0.000 4
 280  289      0.216     -0.891      0.000 4
 283  290      0.218      0.034      0.000 4
 284  291      0.225      0.484      0.000 4
 285  293      0.230     -0.765      0.000 4
  -1  292      0.230      0.920      0.000 4
  -1   -2      0.232     -0.358      0.000 4
 287  294      0.245     -0.117      0.000 4
  -1   -2      0.251     -1.171      0.000 4
 288   -2      0.263     -0.783      0.000 4
 290  296      0.268     -0.304      0.000 4
 291  297      0.270      0.846      0.000 4
 292  298      0.283      1.059      0.000 4
  -1   -2      0.287     -0.738      0.000 4
 294  299      0.289      0.986      0.000 4
 295  300      0.292      0.217      0.000 4
  -1   -2      0.304     -0.898      0.000 4
 296  301      0.320     -1.119      0.000 4
 297   -2      0.323      0.507      0.000 4
 298  302      0.327     -0.270      0.000 4
 299  303      0.335     -0.318      0.000 4
 300  304      0.338     -0.159      0.000 4
 301  305      0.340      0.055      0.000 4
 303   -2      0.347     -0.131      0.000 4
 302   -2      0.348      0.900      0.000 4
 305   -2      0.355      0.304      0.000 4
 306  306      0.363     -1.077      0.000 4
 307  311      0.372      0.948      0.000 4
 308  308      0.377     -0.344      0.000 4
 309  309      0.387     -0.708      0.000 4
 304  319      0.391     -1.153      0.000 4
  -1   -2      0.396      1.005      0.000 4
 311   -2      0.402      0.578      0.000 4
 312   -2      0.403      0.053      0.000 4
 313  312      0.415     -0.349      0.000 4
 314  314      0.421     -1.021      0.000 4
  -1  313      0.423      0.260      0.000 4
 315  315      0.427     -0.794      0.000 4
 316  316      0.436      0.153      0.000 4
 317   -2      0.443      0.822      0.000 4
 319  317      0.447      0.781      0.000 4
 321  320      0.453      1.107      0.000 4
 322  321      0.467     -0.531      0.000 4
 324   -2      0.469      0.004      0.000 4
 323  323      0.470      0.618      0.000 4
 328  326      0.490     -0.373      0.000 4
 329   -2      0.503      0.278      0.000 4
 330  329      0.505     -0.717      0.000 4
 331  328      0.508      0.650      0.000 4
 334  324      0.513      0.023      0.000 4
 335  332      0.526     -0.562      0.000 4
 337  333      0.529     -0.022      0.000 4
 336   -2      0.529      0.595      0.000 4
 338  335      0.533      0.803      0.000 4
 340  331      0.546      0.279      0.000 4
 339  336      0.547     -0.836      0.000 4
 341  343      0.550     -0.144      0.000 4
 342  337      0.551      0.675      0.000 4
 344   -2      0.567      0.604      0.000 4
 343  339      0.567     -0.888      0.000 4
 345  340      0.576     -0.518      0.000 4
 347  344      0.606      0.936      0.000 4
 349  345      0.608      0.813      0.000 4
 350  346      0.610     -0.931      0.000 4
 352   -2      0.616     -0.034      0.000 4
 354  347      0.623     -0.687      0.000 4
 355  348      0.629     -1.076      0.000 4
  -1  349      0.638      0.447      0.000 4
 356  350      0.642      0.482      0.000 4
 359  352      0.645     -0.581      0.000 4
 357  351      0.645     -0.783      0.000 4
 358  354      0.645      0.726      0.000 4
  -1   -2      0.669      0.289      0.000 4
 360  355      0.669      1.083      0.000 4
 361  357      0.672     -0.365      0.000 4
  -1   -2      0.682     -0.982      0.000 4
  -1   -2      0.688      0.500      0.000 4
 363  356      0.689      0.849      0.000 4
 364   -2      0.696     -0.439      0.000 4
 365  358      0.698      0.769      0.000 4
 366  359      0.700      0.435      0.000 4
 367  361      0.709     -0.243      0.000 4
  -1  369      0.711     -1.092      0.000 4
  -1  360      0.713     -0.783      0.000 4
 369   -2      0.715     -0.819      0.000 4
 370  362      0.726      1.090      0.000 4
 371   -2      0.733     -1.039      0.000 4
 373   -2      0.735     -0.468      0.000 4
 374  363      0.740     -0.659      0.000 4
 375   -2      0.745     -0.855      0.000 4
  -1   -2      0.747     -0.070      0.000 4
 377  366      0.748      0.995      0.000 4
  -1  365      0.748     -0.418      0.000 4
 378  367      0.751     -0.008      0.000 4
 380  368      0.760     -0.350      0.000 4
 379   -2      0.764     -1.084      0.000 4
 372  384      0.772     -1.162      0.000 4
 382   -2      0.773      1.093      0.000 4
 384   -2      0.783     -1.042      0.000 4
 385  373      0.786      0.225      0.000 4
 386  372      0.789     -0.616      0.000 4
  -1   -2      0.801      0.263      0.000 4
 387  375      0.804     -0.796      0.000 4
  -1  387      0.812     -0.530      0.000 4
  -1   -2      0.830     -0.137      0.000 4
 389  377      0.838     -1.115      0.000 4
 391   -2      0.839      0.847      0.000 4
 404   -2      0.840     -0.859      0.000 4
 392  378      0.841      0.585      0.000 4
 393  379      0.844      0.351      0.000 4
 394  381      0.844      0.306      0.000 4
 396  382      0.847     -0.080      0.000 4
 395  383      0.848     -1.058      0.000 4
  -1  409      0.858      0.478      0.000 4
 397  386      0.863     -0.782      0.000 4
  -1  385      0.863      1.014      0.000 4
 398  389      0.864      1.162      0.000 4
 401   -2      0.877     -1.154      0.000 4
 400  390      0.881      0.834      0.000 4
 403  391      0.893     -0.047      0.000 4
 406  394      0.910      1.010      0.000 4
  -1   -2      0.912      0.078      0.000 4
 405  395      0.917     -0.873      0.000 4
  -1  397      0.925      1.053      0.000 4
 409  398      0.929     -0.265      0.000 4
 407  399      0.930      1.119      0.000 4
 410  401      0.931     -1.081      0.000 4
 408  400      0.932     -0.804      0.000 4
 411  402      0.939     -0.456      0.000 4
  -1  403      0.940     -0.157      0.000 4
  -1  404      0.949      0.715      0.000 4
  -1  405      0.950      0.145      0.000 4
 413  406      0.950      0.664      0.000 4
 412  407      0.954     -0.546      0.000 4
 414  408      0.957      0.611      0.000 4
 416  411      0.970      0.392      0.000 4
 418  414      0.988      0.761      0.000 4
 420  416      1.008      0.211      0.000 4
 429   -2      1.011     -0.266      0.000 4
 423   -2      1.021      0.357      0.000 4
 424  418      1.025     -0.168      0.000 4
 425  419      1.036      0.496      0.000 4
 426  420      1.045     -0.612      0.000 4
 428  421      1.054      0.428      0.000 4
 427  424      1.056     -1.170      0.000 4
 435  426      1.074     -0.053      0.000 4
  -1   -2      1.085      0.444      0.000 4
 432   -2      1.091      0.642      0.000 4
 433  429      1.103      0.944      0.000 4
 436  432      1.109     -1.012      0.000 4
 438  431      1.113      0.816      0.000 4
 437  430      1.114     -0.683      0.000 4
  -1  433      1.120     -0.028      0.000 4
  -1  428      1.123      0.696      0.000 4
 442   -2      1.129      0.236      0.000 4
  -1  436      1.131     -1.168      0.000 4
 440   -2      1.149     -1.122      0.000 4
 441  435      1.149      1.020      0.000 4
 444  437      1.154      0.567      0.000 4
 443  438      1.154     -0.821      0.000 4
  -1   -2      1.155     -0.366      0.000 4
  -1  434      1.163      0.247      0.000 4
 446  440      1.170      0.074      0.000 4
  -1   -2      1.173     -0.400      0.000 4
 447  441      1.189     -0.587      0.000 4
 472   -2      1.198      0.100      0.000 4
 448   -2      1.215      0.961      0.000 4
 449   -2      1.222      0.874      0.000 4
 450  445      1.230     -0.287      0.000 4
 452  446      1.245     -0.545      0.000 4
 453  447      1.248     -0.412      0.000 4
  -1  456      1.260     -0.097      0.000 4
 451  443      1.274      1.009      0.000 4
 457  450      1.275      0.663      0.000 4
 454  452      1.291      0.275      0.000 4
 459  453      1.294     -0.559      0.000 4
 460  455      1.297     -1.158      0.000 4
  -1  454      1.300     -0.507      0.000 4
 461  457      1.311     -1.027      0.000 4
  -1  449      1.313      0.955      0.000 4
 465  458      1.324      0.394      0.000 4
 464  459      1.325     -0.538      0.000 4
 466  460      1.338     -0.625      0.000 4
 467  461      1.373     -1.004      0.000 4
  -1  462      1.377      0.443      0.000 4
 468  464      1.388     -1.062      0.000 4
 469  465      1.402      1.130      0.000 4
 470   -2      1.416     -1.017      0.000 4
 471  466      1.424      0.167      0.000 4
 473  467      1.426     -0.395      0.000 4
 474  468      1.428     -0.283      0.000 4
 476  471      1.432     -1.171      0.000 4
 477  469      1.432     -0.524      0.000 4
 478  470      1.436     -0.461      0.000 4
  -1   -2      1.443     -0.233      0.000 4
 480  472      1.455     -1.129      0.000 4
  -1   -2      1.463     -0.428      0.000 4
 481  473      1.463      0.240      0.000 4
 483  474      1.470      0.546      0.000 4
 482  475      1.473      0.669      0.000 4
 486   -2      1.494      1.110      0.000 4
 485  476      1.495     -0.827      0.000 4
 487  477      1.501      0.627      0.000 4
 488   -2      1.512     -1.147      0.000 4
 489  478      1.513      0.875      0.000 4
 490  479      1.521      0.281      0.000 4
 492  482      1.531     -0.081      0.000 4
  -1   -2      1.531     -0.945      0.000 4
  -1   -2      1.531     -0.529      0.000 4
  -1   -2      1.534     -0.564      0.000 4
 494  481      1.538     -0.294      0.000 4
 495   -2      1.554     -1.114      0.000 4
  -1   -2      1.555      1.144      0.000 4
  -1   -2      1.556     -0.693      0.000 4
  -1  483      1.556      0.055      0.000 4
 496  484      1.556     -1.006      0.000 4
