523
  -1    0     -1.573     -0.026      0.000 4
  -1    1     -1.567      0.866      0.000 4
  -1   18     -1.555     -0.436      0.000 4
  -1    5     -1.548      0.807      0.000 4
  -1    4     -1.545     -0.243      0.000 4
  -1   -2     -1.531     -0.124      0.000 4
   2    9     -1.516      0.221      0.000 4
   3   10     -1.511      0.327      0.000 4
   4   11     -1.500      0.280      0.000 4
   5   12     -1.496      0.531      0.000 4
   6   13     -1.492      0.660      0.000 4
   7   14     -1.490      0.412      0.000 4
   8   16     -1.489     -0.292      0.000 4
  10   17     -1.483      0.867      0.000 4
  12   19     -1.469      0.157      0.000 4
  13   20     -1.465      1.015      0.000 4
   1   -2     -1.456     -0.981      0.000 4
  14   23     -1.448     -0.608      0.000 4
  -1   24     -1.443      0.490      0.000 4
  16   -2     -1.436     -1.096      0.000 4
  17   25     -1.436      0.346      0.000 4
  19   26     -1.432     -0.345      0.000 4
  18   -2     -1.431     -0.297      0.000 4
  20   27     -1.419      0.713      0.000 4
  29   -2     -1.418     -0.713      0.000 4
  -1   29     -1.414      0.137      0.000 4
  22   31     -1.396     -0.384      0.000 4
  23   32     -1.395      0.287      0.000 4
  24   33     -1.385      0.641      0.000 4
  25   39     -1.383      0.066      0.000 4
  28   37     -1.367      1.113      0.000 4
  -1   38     -1.364      0.609      0.000 4
  27   -2     -1.360     -0.485      0.000 4
  30   40     -1.359     -0.898      0.000 4
  31   41     -1.345     -1.040      0.000 4
  -1   42     -1.330     -0.005      0.000 4
  34   -2     -1.329      0.695      0.000 4
  35   43     -1.323      0.927      0.000 4
  36   44     -1.321      1.083      0.000 4
  37   45     -1.316      0.170      0.000 4
  -1   46     -1.302     -0.814      0.000 4
  40   49     -1.296     -0.335      0.000 4
  42   51     -1.291     -0.846      0.000 4
  43   50     -1.288      0.554      0.000 4
  -1   -2     -1.285      0.656      0.000 4
  47   52     -1.268     -0.984      0.000 4
  45   53     -1.266      0.393      0.000 4
  46   56     -1.262     -0.019      0.000 4
  48   54     -1.262     -0.630      0.000 4
  -1   -2     -1.260      0.697      0.000 4
  50   55     -1.247     -0.525      0.000 4
  51   57     -1.242      0.996      0.000 4
  54   58     -1.232     -0.837      0.000 4
  -1   -2     -1.231     -0.590      0.000 4
  -1   -2     -1.211     -0.775      0.000 4
  55   59     -1.208     -0.124      0.000 4
  56   60     -1.202      0.833      0.000 4
  -1   -2     -1.201     -0.639      0.000 4
  -1   61     -1.195     -1.122      0.000 4
  -1   -2     -1.182      0.599      0.000 4
  57   -2     -1.180     -1.087      0.000 4
  58   62     -1.176      0.727      0.000 4
  59   63     -1.167     -0.869      0.000 4
  -1   64     -1.164     -0.833      0.000 4
  60   65     -1.164      1.040      0.000 4
  -1   67     -1.163      0.632      0.000 4
  -1   66     -1.157      0.999      0.000 4
  61   -2     -1.154      0.626      0.000 4
  -1   69     -1.141     -1.007      0.000 4
  -1   -2     -1.138      0.864      0.000 4
  62   71     -1.138     -0.349      0.000 4
  63   70     -1.137     -1.101      0.000 4
  64   72     -1.132      0.402      0.000 4
  66   73     -1.115      1.042      0.000 4
  71   -2     -1.108      0.650      0.000 4
  65   74     -1.105     -1.022      0.000 4
  67   76     -1.104     -1.062      0.000 4
  68   78     -1.094     -0.104      0.000 4
  69   79     -1.089     -0.373      0.000 4
  -1   80     -1.078     -0.056      0.000 4
  70   98     -1.076     -0.488      0.000 4
  72   81     -1.070     -0.287      0.000 4
  73   82     -1.066      0.397      0.000 4
  74   83     -1.061      0.800      0.000 4
  75   84     -1.059      0.258      0.000 4
  76   85     -1.046      0.477      0.000 4
  78   77     -1.045     -1.170      0.000 4
  77   68     -1.037     -0.660      0.000 4
  80   87     -1.030     -1.060      0.000 4
  79   89     -1.028     -0.160      0.000 4
  81   90     -1.021      0.580      0.000 4
  83   91     -1.018     -0.862      0.000 4
  82   92     -1.017      0.388      0.000 4
  84   93     -1.015      0.184      0.000 4
  -1   95     -1.004      0.250      0.000 4
  86   96     -1.002     -0.221      0.000 4
  88   97     -0.996      1.026      0.000 4
  87   -2     -0.996     -0.432      0.000 4
  -1   -2     -0.996     -0.180      0.000 4
  89   99     -0.991      0.912      0.000 4
  90  105     -0.983     -0.938      0.000 4
  91  101     -0.976      0.338      0.000 4
  93  102     -0.968      1.058      0.000 4
  -1   -2     -0.968     -1.102      0.000 4
  -1  104     -0.953      0.779      0.000 4
  94   -2     -0.940     -0.937      0.000 4
  95  106     -0.937      1.123      0.000 4
  96  107     -0.914      0.569      0.000 4
  97  109     -0.910      0.306      0.000 4
  99  108     -0.910      1.085      0.000 4
 101   -2     -0.900      0.747      0.000 4
 100  110     -0.899     -0.090      0.000 4
 102   -2     -0.895      0.902      0.000 4
 112  100     -0.880     -1.170      0.000 4
 103  111     -0.877     -1.088      0.000 4
 104  112     -0.871      0.689      0.000 4
 105  114     -0.863     -0.742      0.000 4
  98  115     -0.856     -0.613      0.000 4
 108  116     -0.846     -0.693      0.000 4
 107  117     -0.845     -0.136      0.000 4
 109  118     -0.844     -0.444      0.000 4
 120   -2     -0.824      0.330      0.000 4
 113   -2     -0.822      0.735      0.000 4
 115  120     -0.822      1.090      0.000 4
 117  121     -0.820     -0.943      0.000 4
 114  123     -0.818     -0.010      0.000 4
  -1   -2     -0.814     -0.911      0.000 4
 110  131     -0.808      0.445      0.000 4
  -1  134     -0.795     -0.278      0.000 4
 121   -2     -0.794      0.406      0.000 4
 118  128     -0.791      0.815      0.000 4
  -1   -2     -0.787      0.027      0.000 4
 122  129     -0.787      0.992      0.000 4
  -1  126     -0.787      0.293      0.000 4
  -1  130     -0.785     -0.799      0.000 4
 124  132     -0.779     -0.753      0.000 4
 125  133     -0.775      0.886      0.000 4
  -1  125     -0.772     -1.163      0.000 4
 111  156     -0.769     -0.225      0.000 4
 119   -2     -0.767     -1.077      0.000 4
 126  136     -0.759     -0.058      0.000 4
 128  135     -0.754     -0.930      0.000 4
 127  137     -0.753     -0.445      0.000 4
 129  139     -0.742      0.035      0.000 4
 130  140     -0.738     -0.964      0.000 4
 131  141     -0.734     -1.011      0.000 4
 132  142     -0.723      0.980      0.000 4
  -1   -2     -0.716     -0.929      0.000 4
 133  144     -0.711      0.139      0.000 4
 134  145     -0.709     -0.151      0.000 4
  -1   -2     -0.695     -0.490      0.000 4
 136  147     -0.694      1.119      0.000 4
  -1   -2     -0.689      0.873      0.000 4
 137  151     -0.683     -0.556      0.000 4
 139  150     -0.682      1.062      0.000 4
  -1  152     -0.681     -0.687      0.000 4
 135  154     -0.679      0.737      0.000 4
 138  155     -0.676     -0.103      0.000 4
  -1   -2     -0.654     -1.172      0.000 4
 148  161     -0.646     -1.121      0.000 4
 146  160     -0.642      1.145      0.000 4
 147  158     -0.642     -1.076      0.000 4
 149  163     -0.624     -0.308      0.000 4
 150  162     -0.621     -1.002      0.000 4
 151  164     -0.618     -0.764      0.000 4
 152  165     -0.617      1.072      0.000 4
  -1  166     -0.608     -0.546      0.000 4
 153  167     -0.602      0.887      0.000 4
 154  168     -0.596     -0.432      0.000 4
 155  169     -0.590     -0.512      0.000 4
 156  170     -0.587     -0.281      0.000 4
 159  174     -0.570      0.042      0.000 4
  -1  172     -0.570      0.410      0.000 4
 163  173     -0.562     -1.098      0.000 4
 161  175     -0.558      0.350      0.000 4
 162   -2     -0.554      1.050      0.000 4
  -1  181     -0.544     -1.169      0.000 4
 164  176     -0.538     -0.514      0.000 4
  -1  177     -0.532     -0.237      0.000 4
  -1  179     -0.528      0.265      0.000 4
 166  178     -0.528      0.542      0.000 4
 165   -2     -0.527      0.482      0.000 4
 167  180     -0.522      0.675      0.000 4
 168   -2     -0.498     -0.704      0.000 4
  -1  184     -0.494     -0.651      0.000 4
 171  182     -0.486      0.079      0.000 4
 172   -2     -0.483      0.972      0.000 4
 169  183     -0.481      0.187      0.000 4
 173   -2     -0.472     -0.680      0.000 4
 174  185     -0.464     -0.049      0.000 4
 170   -2     -0.459     -1.161      0.000 4
 175  186     -0.448     -0.131      0.000 4
 177  189     -0.439     -0.290      0.000 4
 178  188     -0.439     -0.951      0.000 4
  -1  187     -0.433     -0.767      0.000 4
 180  192     -0.424      0.447      0.000 4
 181  191     -0.422     -0.841      0.000 4
 182  196     -0.400      0.752      0.000 4
 184  194     -0.396      0.636      0.000 4
 183  193     -0.396     -0.516      0.000 4
 185   -2     -0.395      1.069      0.000 4
 186  197     -0.389     -0.608      0.000 4
 188  199     -0.384      0.322      0.000 4
 189  200     -0.377     -0.185      0.000 4
 190  201     -0.377     -0.962      0.000 4
 191  202     -0.372     -0.672      0.000 4
 193  203     -0.367      1.065      0.000 4
 192  204     -0.366     -0.292      0.000 4
 194   -2     -0.365      0.728      0.000 4
  -1   -2     -0.355     -1.076      0.000 4
 195  206     -0.353     -0.257      0.000 4
 197  205     -0.352      0.991      0.000 4
 199  208     -0.340      0.875      0.000 4
  -1   -2     -0.338      0.519      0.000 4
 201  209     -0.312     -0.577      0.000 4
 202  210     -0.303     -0.933      0.000 4
 203  212     -0.295      0.799      0.000 4
  -1   -2     -0.295      0.535      0.000 4
 213  211     -0.293     -0.847      0.000 4
 205  213     -0.290     -0.987      0.000 4
  -1   -2     -0.286     -0.751      0.000 4
 204  215     -0.283      0.300      0.000 4
 200  216     -0.272     -0.482      0.000 4
 206  217     -0.270     -1.167      0.000 4
  -1   -2     -0.266      0.494      0.000 4
 209  218     -0.265     -1.073      0.000 4
 208  219     -0.262     -0.192      0.000 4
 210  220     -0.249      0.417      0.000 4
 211  221     -0.239     -0.405      0.000 4
 212  222     -0.238     -0.682      0.000 4
  -1   -2     -0.234      0.753      0.000 4
  -1  223     -0.226     -1.092      0.000 4
 214  224     -0.222      0.119      0.000 4
  -1  225     -0.209      0.334      0.000 4
 217  226     -0.199      0.712      0.000 4
  -1   -2     -0.171      0.387      0.000 4
 220  229     -0.158      0.069      0.000 4
  -1   -2     -0.156     -0.056      0.000 4
 221  230     -0.152     -0.774      0.000 4
 215   -2     -0.149      0.966      0.000 4
  -1  231     -0.148     -0.277      0.000 4
 229  227     -0.135      0.738      0.000 4
 222  233     -0.131     -0.663      0.000 4
 224  234     -0.130     -1.024      0.000 4
 223  235     -0.124     -0.192      0.000 4
 225  236     -0.116      0.486      0.000 4
 226  237     -0.115      0.384      0.000 4
 227  239     -0.105      0.621      0.000 4
  -1  248     -0.100     -1.162      0.000 4
 228  241     -0.098     -0.086      0.000 4
  -1  242     -0.091      0.326      0.000 4
 230  243     -0.088      1.137      0.000 4
 231  244     -0.075     -1.094      0.000 4
 233  246     -0.072      0.222      0.000 4
  -1   -2     -0.069      0.696      0.000 4
 234  247     -0.066     -0.172      0.000 4
 232  245     -0.064     -0.630      0.000 4
 238  250     -0.051      0.348      0.000 4
  -1  249     -0.051     -0.330      0.000 4
 239  251     -0.045      0.585      0.000 4
 240  252     -0.023     -0.015      0.000 4
 241  253     -0.016     -0.426      0.000 4
 242   -2     -0.002     -0.478      0.000 4
  -1  255      0.006      0.564      0.000 4
 243  256      0.009      0.319      0.000 4
 244  257      0.013      0.978      0.000 4
 245   -2      0.018      0.856      0.000 4
 247  261      0.027     -0.232      0.000 4
  -1  258      0.028      0.368      0.000 4
 246  259      0.029      0.042      0.000 4
 249  262      0.040      0.575      0.000 4
 250  264      0.051      0.329      0.000 4
 252  265      0.063      0.904      0.000 4
 253  267      0.065     -1.081      0.000 4
 256  266      0.067      0.648      0.000 4
 257  269      0.078     -0.920      0.000 4
 255   -2      0.079      0.792      0.000 4
 258  270      0.083      1.143      0.000 4
 259  271      0.096     -0.716      0.000 4
 260  272      0.097      0.145      0.000 4
 261  273      0.107      0.448      0.000 4
 236  305      0.107     -1.157      0.000 4
  -1  274      0.109      0.100      0.000 4
 264  275      0.113     -0.061      0.000 4
  -1   -2      0.127      0.964      0.000 4
 266  279      0.136      0.846      0.000 4
  -1   -2      0.138     -0.949      0.000 4
  -1   -2      0.145      0.675      0.000 4
 263   -2      0.145      0.194      0.000 4
 267  281      0.149     -0.483      0.000 4
 268  282      0.152      1.042      0.000 4
 269  280      0.152     -0.597      0.000 4
 271  283      0.173     -0.684      0.000 4
 272  285      0.176      0.360      0.000 4
  -1   -2      0.199     -0.458      0.000 4
 274  287      0.200      0.961      0.000 4
 276  288      0.211      0.554      0.000 4
 277  289      0.214      0.021      0.000 4
 278  290      0.214     -1.008      0.000 4
 280  292      0.237     -0.157      0.000 4
 281  293      0.255      0.957      0.000 4
 284  294      0.259     -0.374      0.000 4
 283  295      0.260     -0.898      0.000 4
  -1  296      0.269      0.721      0.000 4
 286  297      0.272      1.109      0.000 4
 287  298      0.273      0.239      0.000 4
  -1  299      0.275     -0.240      0.000 4
  -1   -2      0.299     -1.137      0.000 4
 290  304      0.302     -1.010      0.000 4
 291   -2      0.303     -0.080      0.000 4
 295  306      0.316      0.049      0.000 4
 294  307      0.316     -0.201      0.000 4
  -1  308      0.321     -0.399      0.000 4
  -1   -2      0.323     -0.037      0.000 4
 296   -2      0.326      1.016      0.000 4
 297  309      0.329     -0.595      0.000 4
 298   -2      0.349     -1.174      0.000 4
  -1   -2      0.352      1.063      0.000 4
  -1   -2      0.353     -1.021      0.000 4
  -1  310      0.355     -0.408      0.000 4
 299  311      0.372      0.051      0.000 4
 300  312      0.374     -0.807      0.000 4
  -1   -2      0.376      1.122      0.000 4
 301  313      0.383      0.289      0.000 4
 302   -2      0.389     -0.974      0.000 4
 303  314      0.390     -0.413      0.000 4
 304  315      0.394      0.162      0.000 4
 305  316      0.400     -0.463      0.000 4
  -1   -2      0.406      0.438      0.000 4
 308  319      0.420     -0.886      0.000 4
 293  324      0.424     -1.114      0.000 4
  -1   -2      0.424     -1.026      0.000 4
 313  320      0.425     -0.005      0.000 4
  -1   -2      0.435     -0.926      0.000 4
 314  322      0.442     -0.606      0.000 4
  -1  323      0.449     -0.562      0.000 4
 318  321      0.457      0.616      0.000 4
 316  325      0.459     -0.433      0.000 4
 315  326      0.461      0.739      0.000 4
 319  328      0.469      0.315      0.000 4
 321  329      0.479     -0.033      0.000 4
 322  331      0.482      0.677      0.000 4
  -1   -2      0.483     -1.114      0.000 4
 323  330      0.489     -0.794      0.000 4
 325  333      0.494      0.900      0.000 4
 324  334      0.495      0.433      0.000 4
 326  332      0.497     -0.360      0.000 4
  -1  335      0.502      0.760      0.000 4
 327  337      0.503     -0.621      0.000 4
  -1  336      0.504     -0.965      0.000 4
 328  338      0.530      0.324      0.000 4
 329  339      0.538     -0.910      0.000 4
 330  340      0.544     -0.576      0.000 4
 340   -2      0.555     -1.168      0.000 4
 331  341      0.559     -0.043      0.000 4
  -1  343      0.560     -0.956      0.000 4
 332  342      0.561     -0.436      0.000 4
 333  344      0.565      0.904      0.000 4
 334  345      0.574      1.035      0.000 4
 339  357      0.575     -0.205      0.000 4
 336  346      0.578      0.541      0.000 4
  -1   -2      0.589      0.143      0.000 4
 338  348      0.594      0.324      0.000 4
  -1  349      0.595      0.809      0.000 4
 341  350      0.600     -0.743      0.000 4
 342  352      0.604     -0.988      0.000 4
 343  355      0.621     -0.677      0.000 4
 347  354      0.622      0.556      0.000 4
 346  356      0.626      0.488      0.000 4
 344  359      0.627     -0.837      0.000 4
  -1   -2      0.630     -0.404      0.000 4
 348  358      0.638     -1.133      0.000 4
 349  360      0.643      0.934      0.000 4
 350  361      0.648      0.852      0.000 4
 351  363      0.651     -0.474      0.000 4
  -1  370      0.679     -0.005      0.000 4
  -1   -2      0.691     -1.170      0.000 4
 352   -2      0.695     -0.499      0.000 4
 353  366      0.703     -0.859      0.000 4
 354  367      0.704     -0.450      0.000 4
 355  369      0.709     -0.375      0.000 4
 357  368      0.714      0.272      0.000 4
 356  372      0.716     -0.697      0.000 4
 358  373      0.721      1.077      0.000 4
 359   -2      0.735     -0.883      0.000 4
 360  375      0.738     -1.075      0.000 4
  -1  371      0.746      0.289      0.000 4
 362  376      0.754      0.390      0.000 4
 363  378      0.756     -0.639      0.000 4
 364  377      0.756      0.339      0.000 4
 365  381      0.765      0.638      0.000 4
  -1   -2      0.773     -1.111      0.000 4
 377   -2      0.781      1.049      0.000 4
 368  382      0.786     -0.817      0.000 4
 370  383      0.811     -0.038      0.000 4
 374  384      0.813      0.903      0.000 4
 372  386      0.826      0.094      0.000 4
 371  387      0.827     -0.874      0.000 4
 376  389      0.844     -0.793      0.000 4
  -1   -2      0.847     -1.128      0.000 4
  -1  391      0.847     -0.202      0.000 4
  -1   -2      0.849      1.117      0.000 4
  -1  392      0.850     -1.067      0.000 4
 379  393      0.856      0.164      0.000 4
 380   -2      0.862     -0.269      0.000 4
 373  405      0.863     -1.162      0.000 4
  -1   -2      0.863     -0.152      0.000 4
 381  395      0.870      0.115      0.000 4
 383  397      0.871      0.516      0.000 4
 385  398      0.875      0.424      0.000 4
 384  399      0.875      0.652      0.000 4
 386  400      0.880      0.704      0.000 4
 388  388      0.881      1.064      0.000 4
  -1  401      0.882      0.765      0.000 4
 387  403      0.887     -0.455      0.000 4
 389  396      0.891     -0.293      0.000 4
  -1  404      0.900      1.105      0.000 4
  -1   -2      0.902     -1.006      0.000 4
 393  406      0.910      0.234      0.000 4
 391  407      0.913     -0.544      0.000 4
 392  408      0.914     -0.801      0.000 4
 397   -2      0.920     -0.872      0.000 4
 394  412      0.923      0.020      0.000 4
 378   -2      0.931     -1.001      0.000 4
  -1  410      0.935     -0.964      0.000 4
 396   -2      0.937     -1.079      0.000 4
 399  421      0.943     -0.249      0.000 4
 398  413      0.943      0.525      0.000 4
 400  416      0.945     -0.157      0.000 4
 401  418      0.955      0.454      0.000 4
 402  419      0.981     -1.120      0.000 4
  -1   -2      0.981     -0.289      0.000 4
 403  420      0.984     -0.037      0.000 4
 411   -2      0.989      0.704      0.000 4
 405  422      1.005     -0.824      0.000 4
 406  424      1.010     -0.591      0.000 4
  -1   -2      1.012     -0.409      0.000 4
 407  423      1.015      0.669      0.000 4
 408  426      1.020     -0.329      0.000 4
  -1   -2      1.026      0.249      0.000 4
  -1   -2      1.027      1.031      0.000 4
 409  428      1.040     -0.004      0.000 4
 413  430      1.046     -0.882      0.000 4
  -1   -2      1.048      0.716      0.000 4
 410  431      1.048      0.835      0.000 4
 416  434      1.059     -1.168      0.000 4
  -1  429      1.060      0.259      0.000 4
 415  432      1.063      0.969      0.000 4
 417  435      1.072      0.099      0.000 4
 418  440      1.080      1.038      0.000 4
 412  439      1.087     -0.647      0.000 4
 420  438      1.088     -0.330      0.000 4
  -1   -2      1.100     -0.558      0.000 4
 423  433      1.109      0.202      0.000 4
 424  441      1.112     -0.971      0.000 4
 425   -2      1.115      1.030      0.000 4
  -1   -2      1.129      0.023      0.000 4
 429  436      1.141     -0.774      0.000 4
 428  444      1.144     -0.547      0.000 4
 430   -2      1.153     -1.075      0.000 4
  -1  445      1.155     -1.081      0.000 4
 432  447      1.165      0.879      0.000 4
 433  446      1.173     -0.245      0.000 4
  -1  451      1.196     -0.362      0.000 4
 437  450      1.196      0.282      0.000 4
 438  452      1.207     -0.490      0.000 4
 440  453      1.221      0.562      0.000 4
  -1   -2      1.231      0.212      0.000 4
 441  454      1.232     -0.558      0.000 4
 443   -2      1.235      0.391      0.000 4
 442  455      1.236      0.993      0.000 4
  -1   -2      1.244     -0.150      0.000 4
 435  461      1.251     -1.167      0.000 4
 445  456      1.258     -0.498      0.000 4
  -1   -2      1.270     -0.083      0.000 4
 446  458      1.274     -0.762      0.000 4
 447  459      1.290     -0.470      0.000 4
 448   -2      1.290      0.425      0.000 4
 450  460      1.309     -0.552      0.000 4
 449   -2      1.310     -0.957      0.000 4
  -1   -2      1.316      0.732      0.000 4
 451  464      1.342     -1.061      0.000 4
 452  463      1.345      0.176      0.000 4
  -1   -2      1.349      0.153      0.000 4
 453   -2      1.353     -0.698      0.000 4
 455  466      1.368     -0.917      0.000 4
 456  467      1.372      1.085      0.000 4
 457  469      1.378     -0.222      0.000 4
 459  470      1.382     -0.326      0.000 4
 458  471      1.385     -0.977      0.000 4
 460  472      1.388      0.239      0.000 4
 461  473      1.391      0.512      0.000 4
 462  474      1.398     -0.447      0.000 4
 463  475      1.400     -0.384      0.000 4
 464  476      1.409     -0.925      0.000 4
  -1   -2      1.414      0.436      0.000 4
 480   -2      1.425     -1.164      0.000 4
 465  477      1.426      0.576      0.000 4
  -1   -2      1.440     -0.760      0.000 4
  -1  478      1.451     -1.077      0.000 4
  -1   -2      1.451     -1.037      0.000 4
 466  479      1.454      0.270      0.000 4
 468  480      1.458      0.811      0.000 4
 470  481      1.476     -0.726      0.000 4
 479  482      1.484     -0.044      0.000 4
 472  484      1.488     -0.190      0.000 4
 475   -2      1.492     -0.243      0.000 4
 474  485      1.496      0.421      0.000 4
 477   -2      1.505      0.360      0.000 4
 478  486      1.506      0.075      0.000 4
 482  488      1.529      0.691      0.000 4
 481  489      1.531      1.076      0.000 4
 483  490      1.533      0.574      0.000 4
 485  491      1.541     -0.591      0.000 4
 487  492      1.547      0.374      0.000 4
 486  495      1.548     -1.013      0.000 4
  -1  496      1.549      0.024      0.000 4
 488  494      1.550     -0.893      0.000 4
  -1   -2      1.553      0.778      0.000 4
  -1   -2      1.559      1.004      0.000 4
 490  497      1.560     -0.792      0.000 4
  -1  483      1.564      0.815      0.000 4
 491  498      1.566      1.118      0.000 4
