505
  20   -2     -1.572      0.509      0.000 4
  -1    1     -1.568      0.650      0.000 4
   1    2     -1.560     -0.914      0.000 4
   2    4     -1.556      0.179      0.000 4
   3    5     -1.550     -0.395      0.000 4
   4    6     -1.546      0.798      0.000 4
   5    9     -1.529      0.417      0.000 4
   6   10     -1.526      0.597      0.000 4
  -1   -2     -1.512     -0.720      0.000 4
  -1   -2     -1.506      1.018      0.000 4
   7   12     -1.503      0.343      0.000 4
   8   14     -1.493     -0.451      0.000 4
   9   15     -1.479      0.058      0.000 4
  10   16     -1.474      0.842      0.000 4
  12   17     -1.463     -0.741      0.000 4
  13   19     -1.456     -0.491      0.000 4
  15   18     -1.454      1.158      0.000 4
  14   20     -1.454      0.760      0.000 4
  16   21     -1.449      0.890      0.000 4
  17   -2     -1.443      0.721      0.000 4
  18   -2     -1.442      0.022      0.000 4
  -1   23     -1.437      0.655      0.000 4
  19   24     -1.437      0.193      0.000 4
  24   -2     -1.411     -1.119      0.000 4
  -1   26     -1.404     -1.140      0.000 4
  25   27     -1.394      0.462      0.000 4
  -1   -2     -1.394      0.809      0.000 4
  -1   -2     -1.391     -0.041      0.000 4
  26   29     -1.388      0.647      0.000 4
  27   30     -1.378     -0.416      0.000 4
  29   32     -1.363     -0.774      0.000 4
  28   -2     -1.363     -0.028      0.000 4
  30   34     -1.353      0.590      0.000 4
  31   33     -1.352     -0.982      0.000 4
  33   35     -1.334      1.044      0.000 4
  32   36     -1.334     -0.159      0.000 4
  34   38     -1.322     -1.022      0.000 4
  -1   39     -1.299     -0.619      0.000 4
  36   40     -1.291     -0.728      0.000 4
  -1   -2     -1.283     -1.156      0.000 4
  37   41     -1.277     -0.944      0.000 4
  38   43     -1.273      0.453      0.000 4
  41   -2     -1.257      0.048      0.000 4
  42   45     -1.253      0.703      0.000 4
  44   46     -1.252      0.918      0.000 4
  45   47     -1.248      0.807      0.000 4
  47   48     -1.242      1.097      0.000 4
  46   50     -1.241     -0.127      0.000 4
  49   -2     -1.236     -0.077      0.000 4
  50   51     -1.228     -0.732      0.000 4
  -1   52     -1.224     -1.125      0.000 4
  51   55     -1.218     -1.094      0.000 4
  52   54     -1.218     -0.937      0.000 4
  53   56     -1.214      0.439      0.000 4
  56   57     -1.206      0.716      0.000 4
  35   85     -1.206     -0.635      0.000 4
  59   58     -1.192     -0.424      0.000 4
  58   59     -1.191     -0.323      0.000 4
  60   60     -1.183      0.521      0.000 4
  62   -2     -1.181      0.604      0.000 4
  -1   61     -1.176     -0.995      0.000 4
  63   -2     -1.174     -0.184      0.000 4
  64   62     -1.170      0.422      0.000 4
  65   -2     -1.160     -1.160      0.000 4
  68   66     -1.154      1.123      0.000 4
  69   67     -1.153     -0.923      0.000 4
  70   68     -1.147     -0.962      0.000 4
  71   69     -1.141     -0.243      0.000 4
  72   71     -1.138      0.364      0.000 4
  73   70     -1.138      0.622      0.000 4
  75   72     -1.124      0.862      0.000 4
  77   74     -1.109      1.114      0.000 4
  78   76     -1.093     -0.471      0.000 4
  79   75     -1.091     -1.094      0.000 4
  80   77     -1.081      0.323      0.000 4
  82   79     -1.059     -0.791      0.000 4
  85   80     -1.048     -1.155      0.000 4
  84   82     -1.043      0.593      0.000 4
  -1   83     -1.031      0.958      0.000 4
  87   84     -1.011     -0.926      0.000 4
  86   86     -1.007     -0.140      0.000 4
  89   87     -1.001      1.074      0.000 4
  90   88     -0.988     -0.021      0.000 4
  91   90     -0.985     -0.222      0.000 4
  88   93     -0.975      0.330      0.000 4
  -1   91     -0.974     -1.129      0.000 4
  97   92     -0.974      0.707      0.000 4
  -1   -2     -0.970     -0.643      0.000 4
  92   94     -0.970      0.443      0.000 4
  -1   -2     -0.960      0.273      0.000 4
  95   95     -0.951      0.398      0.000 4
  96   96     -0.949     -0.454      0.000 4
  -1   97     -0.947      0.924      0.000 4
  98   -2     -0.945     -0.545      0.000 4
  99   99     -0.929     -0.054      0.000 4
 102  101     -0.923     -0.631      0.000 4
 100   98     -0.922     -0.991      0.000 4
 104  100     -0.921      1.157      0.000 4
 101  103     -0.921      0.039      0.000 4
 103  102     -0.918      0.745      0.000 4
  93  122     -0.914     -1.065      0.000 4
 106  105     -0.903      1.114      0.000 4
 107  106     -0.901     -0.769      0.000 4
 108  107     -0.897     -0.716      0.000 4
 109  108     -0.891      0.140      0.000 4
 111  109     -0.880     -1.163      0.000 4
 110  110     -0.872     -0.144      0.000 4
 112  111     -0.867      0.811      0.000 4
 113  112     -0.864     -0.444      0.000 4
 116  113     -0.847     -0.096      0.000 4
 123  116     -0.839      0.059      0.000 4
 117  115     -0.836      0.879      0.000 4
 118  114     -0.836      1.050      0.000 4
 119  119     -0.828      0.219      0.000 4
 121  117     -0.823      1.094      0.000 4
 120  118     -0.822     -0.762      0.000 4
  -1  120     -0.814     -0.806      0.000 4
 122  121     -0.812      0.989      0.000 4
 127  124     -0.786      0.724      0.000 4
 126  125     -0.775     -0.538      0.000 4
 129  126     -0.766      0.957      0.000 4
 128  127     -0.763     -0.286      0.000 4
  -1   -2     -0.752      0.849      0.000 4
  -1  128     -0.752     -1.160      0.000 4
 131  129     -0.744     -0.946      0.000 4
 133  132     -0.739      0.050      0.000 4
  -1   -2     -0.738     -0.544      0.000 4
 132  130     -0.738     -0.665      0.000 4
 134  134     -0.729     -0.255      0.000 4
 135  136     -0.718      0.332      0.000 4
 136  135     -0.714     -1.012      0.000 4
 138  137     -0.699      1.029      0.000 4
 145  141     -0.697      0.253      0.000 4
  -1   -2     -0.694      1.089      0.000 4
 139  139     -0.693     -0.477      0.000 4
 141  138     -0.691     -1.171      0.000 4
 143  142     -0.677     -0.209      0.000 4
 144  145     -0.674      0.441      0.000 4
 146  143     -0.668      0.840      0.000 4
 147  144     -0.667     -0.734      0.000 4
 148  146     -0.662      1.151      0.000 4
 150  147     -0.656     -0.268      0.000 4
 149  148     -0.648      0.080      0.000 4
 151  149     -0.646      0.173      0.000 4
 153  151     -0.640     -0.470      0.000 4
 154  150     -0.640      1.100      0.000 4
 155  152     -0.636      1.025      0.000 4
 156  153     -0.626     -0.732      0.000 4
 157  154     -0.625      0.631      0.000 4
 159   -2     -0.621      0.750      0.000 4
 158  156     -0.621     -0.032      0.000 4
 160  155     -0.617     -0.973      0.000 4
 161  157     -0.615     -1.051      0.000 4
 163   -2     -0.593      0.118      0.000 4
 164  160     -0.580      0.987      0.000 4
 165  159     -0.580     -1.155      0.000 4
 166  161     -0.572     -0.245      0.000 4
 167  163     -0.560      0.410      0.000 4
 168  162     -0.558     -0.934      0.000 4
  -1  167     -0.555     -1.170      0.000 4
  -1  164     -0.552      1.155      0.000 4
 170  166     -0.541     -0.613      0.000 4
 173  168     -0.529      0.891      0.000 4
 172  170     -0.526      0.290      0.000 4
 174  169     -0.526      1.106      0.000 4
 162   -2     -0.525     -0.086      0.000 4
 175  171     -0.518     -0.150      0.000 4
 176  172     -0.510      0.458      0.000 4
 177  173     -0.491     -0.692      0.000 4
 179  177     -0.488     -0.242      0.000 4
 178  175     -0.488      0.668      0.000 4
 182  176     -0.486     -1.137      0.000 4
 181  178     -0.479     -0.208      0.000 4
 183  179     -0.470     -0.528      0.000 4
 184  180     -0.460     -0.755      0.000 4
 186   -2     -0.458     -1.103      0.000 4
  -1  181     -0.456      0.641      0.000 4
 187  182     -0.453     -0.865      0.000 4
 188  183     -0.441     -0.583      0.000 4
 189  184     -0.435     -0.360      0.000 4
 190  185     -0.421      1.107      0.000 4
 191   -2     -0.418     -0.651      0.000 4
  -1   -2     -0.417     -0.566      0.000 4
 192  186     -0.415     -1.121      0.000 4
 193  187     -0.411      0.263      0.000 4
 194  189     -0.402      0.464      0.000 4
 195  188     -0.401      0.764      0.000 4
 196  190     -0.400      0.950      0.000 4
 197  192     -0.394     -0.485      0.000 4
 199  193     -0.392      0.876      0.000 4
 200  191     -0.392     -0.860      0.000 4
 201  195     -0.378     -0.144      0.000 4
 202  196     -0.365      0.689      0.000 4
 203  197     -0.363     -0.391      0.000 4
 204  198     -0.353      0.358      0.000 4
 207  200     -0.341     -0.641      0.000 4
 208  202     -0.338      0.111      0.000 4
 209  203     -0.334     -0.321      0.000 4
 210  201     -0.334      1.128      0.000 4
 212  204     -0.325     -0.812      0.000 4
 213  205     -0.312      0.651      0.000 4
 206  219     -0.305     -1.103      0.000 4
 214  206     -0.303     -0.860      0.000 4
 215  207     -0.297     -0.563      0.000 4
 216  209     -0.296      0.029      0.000 4
  -1  208     -0.296     -0.457      0.000 4
  -1   -2     -0.291      0.454      0.000 4
 211  210     -0.271     -0.739      0.000 4
 222  214     -0.270     -1.165      0.000 4
 217  211     -0.269      0.597      0.000 4
 221  212     -0.263     -0.939      0.000 4
 219  213     -0.262      0.846      0.000 4
  -1   -2     -0.259      0.076      0.000 4
 223  216     -0.248     -1.055      0.000 4
  -1  218     -0.242     -0.197      0.000 4
 224   -2     -0.229      0.911      0.000 4
 225   -2     -0.225     -1.093      0.000 4
  -1   -2     -0.224     -0.665      0.000 4
 226   -2     -0.211     -0.138      0.000 4
 230  223     -0.194     -0.633      0.000 4
 227   -2     -0.192      0.322      0.000 4
 233  220     -0.190     -0.522      0.000 4
 232  221     -0.184     -1.046      0.000 4
 231  224     -0.184     -0.048      0.000 4
 234  226     -0.176      1.112      0.000 4
 237  228     -0.166      0.276      0.000 4
 236  229     -0.166      0.513      0.000 4
 238  231     -0.146      0.194      0.000 4
 240  232     -0.142     -1.127      0.000 4
 241  233     -0.138     -0.859      0.000 4
 242  234     -0.128      0.725      0.000 4
 246  230     -0.128     -0.514      0.000 4
 244  235     -0.119      1.117      0.000 4
 243  236     -0.116     -0.244      0.000 4
 245  238     -0.116      0.291      0.000 4
  -1  237     -0.098     -0.554      0.000 4
  -1   -2     -0.096     -0.972      0.000 4
  -1  239     -0.094      0.478      0.000 4
 247  240     -0.091      0.011      0.000 4
 249  241     -0.086      0.957      0.000 4
 250  242     -0.079     -0.919      0.000 4
 248  243     -0.068     -1.165      0.000 4
  -1   -2     -0.067     -1.093      0.000 4
 252  245     -0.066      1.068      0.000 4
  -1  244     -0.049     -0.359      0.000 4
 253   -2     -0.047     -0.085      0.000 4
 251   -2     -0.045      0.779      0.000 4
  -1   -2     -0.040     -0.707      0.000 4
 254  248     -0.035      0.262      0.000 4
 257   -2     -0.028      0.461      0.000 4
  -1   -2     -0.019      0.596      0.000 4
 258  250     -0.019      0.051      0.000 4
 256  247     -0.014      1.001      0.000 4
  -1  246     -0.004     -0.159      0.000 4
 260  251      0.004      0.117      0.000 4
 261  253      0.006      0.799      0.000 4
 263  254      0.007      0.285      0.000 4
  -1  255      0.011      0.466      0.000 4
 264  257      0.050      0.527      0.000 4
 265  258      0.057      0.733      0.000 4
 266  259      0.064     -0.893      0.000 4
 267  260      0.066     -0.739      0.000 4
 268  261      0.072      0.134      0.000 4
 269  262      0.081     -0.555      0.000 4
 271  256      0.084     -0.025      0.000 4
 270  263      0.085      0.099      0.000 4
  -1   -2      0.086     -0.653      0.000 4
 275  265      0.102     -1.157      0.000 4
 276  266      0.111      1.001      0.000 4
 277  267      0.111      0.328      0.000 4
  -1   -2      0.137      0.785      0.000 4
  -1  271      0.138     -0.453      0.000 4
 278  268      0.139     -0.359      0.000 4
 279  269      0.139     -0.956      0.000 4
 280  270      0.143      0.684      0.000 4
 282  272      0.152      0.546      0.000 4
 283   -2      0.154     -1.050      0.000 4
 285  275      0.166      0.856      0.000 4
  -1   -2      0.168     -0.322      0.000 4
 287   -2      0.175      0.297      0.000 4
 288  278      0.191     -1.012      0.000 4
 289  279      0.199     -0.344      0.000 4
 290   -2      0.210      0.588      0.000 4
 291  280      0.213     -0.829      0.000 4
 292  281      0.220      1.059      0.000 4
 293  282      0.221      0.038      0.000 4
 286   -2      0.225     -0.583      0.000 4
  -1   -2      0.226      0.788      0.000 4
 297  285      0.229     -0.709      0.000 4
  -1  276      0.230      0.320      0.000 4
 298  288      0.240     -1.009      0.000 4
 299  289      0.248     -0.101      0.000 4
  -1  290      0.272     -0.505      0.000 4
 300  291      0.273     -0.271      0.000 4
 301  292      0.280      0.789      0.000 4
 302  293      0.290      0.992      0.000 4
  -1  299      0.292     -1.134      0.000 4
 305  295      0.297      0.922      0.000 4
 306  296      0.303      0.205      0.000 4
  -1  297      0.304     -0.843      0.000 4
 308   -2      0.328     -1.172      0.000 4
 309  301      0.344     -0.295      0.000 4
 311  302      0.351     -0.137      0.000 4
 312  303      0.353      0.056      0.000 4
 303   -2      0.357     -0.686      0.000 4
 315  306      0.360      0.840      0.000 4
 314  307      0.361     -1.024      0.000 4
  -1  308      0.370      0.286      0.000 4
 316  309      0.381     -1.091      0.000 4
  -1  310      0.384      0.889      0.000 4
 319  311      0.390     -0.313      0.000 4
 320  314      0.392     -0.667      0.000 4
 318  312      0.393     -0.913      0.000 4
 321  298      0.394      0.583      0.000 4
  -1   -2      0.408      0.945      0.000 4
 322  316      0.418     -0.970      0.000 4
 323   -2      0.423      0.055      0.000 4
 324  317      0.429     -0.322      0.000 4
 325  318      0.434     -0.749      0.000 4
  -1   -2      0.436     -0.153      0.000 4
 326  319      0.436     -0.366      0.000 4
 327  320      0.445      0.245      0.000 4
  -1  322      0.452      1.131      0.000 4
 329  323      0.456      0.141      0.000 4
  -1  324      0.460      0.851      0.000 4
 330  325      0.461      1.044      0.000 4
  -1   -2      0.465      0.887      0.000 4
 334  326      0.466      0.731      0.000 4
 331  327      0.472     -0.673      0.000 4
 332  329      0.480     -0.498      0.000 4
 335  331      0.499      0.011      0.000 4
 336  333      0.506     -0.350      0.000 4
  -1  332      0.507      0.424      0.000 4
 337   -2      0.514     -0.832      0.000 4
 339  334      0.515     -0.680      0.000 4
 340  335      0.520      0.600      0.000 4
 342   -2      0.537      0.459      0.000 4
 375   -2      0.538      0.260      0.000 4
 343  337      0.545     -0.526      0.000 4
  -1   -2      0.546      0.174      0.000 4
 341  347      0.549      1.141      0.000 4
 353  340      0.553     -0.801      0.000 4
 345  341      0.555     -0.020      0.000 4
  -1   -2      0.555     -0.289      0.000 4
 346  342      0.557      0.753      0.000 4
  -1  345      0.571     -0.855      0.000 4
 361  339      0.579      0.175      0.000 4
  -1  346      0.580      0.634      0.000 4
 351  348      0.593     -0.491      0.000 4
 352  349      0.600     -0.998      0.000 4
 354  350      0.610     -0.902      0.000 4
 356   -2      0.619     -1.044      0.000 4
 357  354      0.620      1.138      0.000 4
 359  355      0.626      0.888      0.000 4
 360  356      0.633      0.767      0.000 4
 362  357      0.635     -0.661      0.000 4
  -1  358      0.643     -1.049      0.000 4
 364  359      0.653     -0.033      0.000 4
 363  360      0.654     -0.757      0.000 4
 349   -2      0.665     -0.219      0.000 4
 365  363      0.669     -0.607      0.000 4
 366  364      0.676      0.419      0.000 4
 369  365      0.678      0.686      0.000 4
 367  366      0.679      0.452      0.000 4
 370  368      0.689      0.070      0.000 4
 371  372      0.711      0.270      0.000 4
 373  369      0.714      0.805      0.000 4
  -1  371      0.720     -0.777      0.000 4
 372  373      0.722     -0.424      0.000 4
 374  374      0.722     -0.801      0.000 4
  -1  376      0.723     -0.099      0.000 4
  -1   -2      0.726     -0.141      0.000 4
 377  377      0.729      0.729      0.000 4
 376   -2      0.730     -1.026      0.000 4
 378  379      0.741      0.409      0.000 4
  -1  380      0.744     -0.236      0.000 4
 379  381      0.746     -0.595      0.000 4
  -1   -2      0.747     -1.160      0.000 4
 381  382      0.751     -0.646      0.000 4
 380  386      0.752      1.048      0.000 4
 382  383      0.758     -1.072      0.000 4
 383  384      0.766      0.951      0.000 4
  -1  385      0.769     -0.411      0.000 4
  -1   -2      0.775     -0.740      0.000 4
 386  388      0.790     -0.346      0.000 4
 387  390      0.796      0.905      0.000 4
 388  391      0.804     -0.607      0.000 4
 385  389      0.805     -0.989      0.000 4
 389  392      0.811     -0.784      0.000 4
 390  370      0.818      0.100      0.000 4
 391  394      0.830     -1.111      0.000 4
 392  393      0.838      0.216      0.000 4
  -1  397      0.843      0.254      0.000 4
 393  396      0.843     -1.050      0.000 4
 394  398      0.847     -0.853      0.000 4
 406   -2      0.863      0.474      0.000 4
 396  400      0.866     -0.282      0.000 4
  -1   -2      0.868     -0.444      0.000 4
  -1   -2      0.869      0.742      0.000 4
 397  399      0.870     -0.140      0.000 4
 398   -2      0.870      0.814      0.000 4
 400  404      0.879      1.124      0.000 4
 402  405      0.884      0.557      0.000 4
  -1   -2      0.885     -0.020      0.000 4
  -1   -2      0.885     -1.158      0.000 4
 403  406      0.891      0.333      0.000 4
 404  407      0.892      0.289      0.000 4
 408   -2      0.910      0.805      0.000 4
 407  409      0.913     -0.945      0.000 4
  -1  410      0.915     -0.875      0.000 4
 409  411      0.932      0.998      0.000 4
  -1  413      0.937     -1.082      0.000 4
 410  414      0.938      1.092      0.000 4
 411  416      0.939     -0.807      0.000 4
 412  415      0.941     -0.052      0.000 4
 413  417      0.962     -0.461      0.000 4
 414   -2      0.965     -0.271      0.000 4
 415  419      0.976     -0.552      0.000 4
 418  421      0.981     -0.167      0.000 4
 417  423      0.984     -0.717      0.000 4
 419  424      0.988      0.694      0.000 4
 429  418      0.996     -0.300      0.000 4
 420  425      0.996      0.637      0.000 4
 422  427      1.001      0.590      0.000 4
 421  426      1.006      0.133      0.000 4
  -1   -2      1.017      0.461      0.000 4
 427  428      1.020      0.094      0.000 4
 425  429      1.021      0.377      0.000 4
 428  431      1.025     -0.856      0.000 4
 426   -2      1.029      0.256      0.000 4
 431  432      1.043     -0.263      0.000 4
 432  434      1.056     -0.924      0.000 4
 434  435      1.060      0.197      0.000 4
 433  436      1.062     -0.626      0.000 4
 436  430      1.062      0.323      0.000 4
  -1   -2      1.064     -0.180      0.000 4
 437  437      1.085      0.486      0.000 4
 440  438      1.098     -0.273      0.000 4
 441  439      1.102      0.416      0.000 4
 443   -2      1.111     -0.369      0.000 4
 442  440      1.111     -1.033      0.000 4
 446  441      1.119     -0.066      0.000 4
 445  442      1.120      1.015      0.000 4
 448  443      1.123      0.936      0.000 4
 447  444      1.127     -0.703      0.000 4
  -1   -2      1.131     -1.154      0.000 4
  -1  445      1.135      0.645      0.000 4
 449  446      1.145      0.808      0.000 4
  -1  447      1.147      0.319      0.000 4
  -1  449      1.160     -0.935      0.000 4
 452  448      1.162      0.693      0.000 4
 451  450      1.163      1.016      0.000 4
 453  451      1.167     -0.847      0.000 4
 454  452      1.169     -0.038      0.000 4
  -1   -2      1.183     -0.389      0.000 4
  -1   -2      1.195      0.564      0.000 4
 455  453      1.197     -0.619      0.000 4
 456  454      1.201      0.233      0.000 4
 457   -2      1.206      0.173      0.000 4
 458  455      1.214      0.065      0.000 4
  -1  460      1.246     -1.175      0.000 4
 459  458      1.251      0.877      0.000 4
 461  459      1.263     -0.577      0.000 4
 468   -2      1.265     -0.951      0.000 4
  -1   -2      1.270     -1.139      0.000 4
 462  461      1.273     -0.442      0.000 4
 464  456      1.290      1.020      0.000 4
  -1  465      1.297      0.249      0.000 4
 466   -2      1.297     -0.118      0.000 4
 467   -2      1.298     -0.261      0.000 4
  -1   -2      1.305     -1.071      0.000 4
 469  469      1.330     -0.585      0.000 4
  -1  467      1.333      0.969      0.000 4
 465  477      1.333     -1.175      0.000 4
 470  468      1.337      0.275      0.000 4
  -1  473      1.342     -0.212      0.000 4
 471  471      1.351     -0.669      0.000 4
  -1  474      1.373     -1.049      0.000 4
  -1   -2      1.375     -0.149      0.000 4
 472  475      1.376      0.403      0.000 4
 474  476      1.388     -1.108      0.000 4
 475  480      1.416     -1.064      0.000 4
 476  482      1.417      0.792      0.000 4
 477  481      1.419      0.455      0.000 4
 473  486      1.423     -1.170      0.000 4
 479  483      1.440     -0.574      0.000 4
 480  484      1.442     -0.437      0.000 4
 483  485      1.447     -0.328      0.000 4
 482  487      1.450     -0.506      0.000 4
 486   -2      1.458      0.163      0.000 4
  -1   -2      1.459      0.592      0.000 4
 478   -2      1.476     -0.833      0.000 4
 488  489      1.488      0.680      0.000 4
 489  490      1.492     -0.882      0.000 4
 492  492      1.497      0.242      0.000 4
 493  493      1.506      0.573      0.000 4
 495  495      1.535      0.660      0.000 4
 496  496      1.540      0.912      0.000 4
 498   -2      1.541     -0.596      0.000 4
 497  497      1.541     -0.354      0.000 4
 501  499      1.543     -0.286      0.000 4
 487  498      1.546      0.026      0.000 4
 502  501      1.552     -0.106      0.000 4
 503  500      1.552      0.288      0.000 4
 505  502      1.564     -1.060      0.000 4
