517
   2    1     -1.567     -0.894      0.000 4
   1    2     -1.563      0.495      0.000 4
   3    4     -1.562      0.634      0.000 4
   4    5     -1.548      0.177      0.000 4
   6    7     -1.541      0.778      0.000 4
   5    8     -1.540     -0.378      0.000 4
  -1   -2     -1.522     -0.127      0.000 4
   7    9     -1.521      0.408      0.000 4
  -1   -2     -1.506      0.992      0.000 4
  10   12     -1.491      0.336      0.000 4
  11   13     -1.486     -0.434      0.000 4
  13   16     -1.473      0.062      0.000 4
  14   17     -1.467      0.825      0.000 4
  15   18     -1.464     -0.722      0.000 4
  16   19     -1.457      1.141      0.000 4
  17   20     -1.450     -0.474      0.000 4
  18   21     -1.449      0.744      0.000 4
  19   22     -1.445      0.874      0.000 4
  -1   -2     -1.436      0.706      0.000 4
  20   -2     -1.433      0.024      0.000 4
  21   24     -1.431     -0.023      0.000 4
  23   26     -1.424      0.189      0.000 4
  -1   -2     -1.409      0.968      0.000 4
  25   27     -1.408     -1.102      0.000 4
  24   28     -1.406     -0.820      0.000 4
  -1   29     -1.394     -0.630      0.000 4
  27   -2     -1.386      0.792      0.000 4
  26   39     -1.379     -1.164      0.000 4
  28   30     -1.376      0.449      0.000 4
  29   -2     -1.375      0.633      0.000 4
  30   31     -1.371     -0.407      0.000 4
  32   33     -1.361     -0.769      0.000 4
  31   -2     -1.359     -0.031      0.000 4
  34   -2     -1.350      0.746      0.000 4
  35   34     -1.341      0.578      0.000 4
  36   35     -1.335      1.029      0.000 4
  38   36     -1.330     -1.004      0.000 4
  37   37     -1.327     -0.509      0.000 4
  39   38     -1.321     -0.156      0.000 4
  41   40     -1.295     -0.606      0.000 4
  42   42     -1.289     -0.712      0.000 4
  -1   43     -1.286     -0.125      0.000 4
  44   41     -1.284     -0.929      0.000 4
  43   -2     -1.284     -1.162      0.000 4
  48   46     -1.256      0.445      0.000 4
  49   48     -1.250      0.696      0.000 4
  51   49     -1.247      0.908      0.000 4
  52   50     -1.243      1.084      0.000 4
  53   51     -1.242      0.795      0.000 4
  55   55     -1.229     -0.397      0.000 4
  56   54     -1.228     -0.715      0.000 4
  58   53     -1.225     -1.082      0.000 4
  57   57     -1.223     -0.125      0.000 4
  59   56     -1.221     -0.924      0.000 4
  -1   59     -1.212     -0.069      0.000 4
  -1   58     -1.211     -0.859      0.000 4
  60   61     -1.203     -0.475      0.000 4
  63   62     -1.197      0.707      0.000 4
  62   63     -1.196      0.433      0.000 4
  -1   -2     -1.186      0.999      0.000 4
  64   64     -1.180     -0.415      0.000 4
  66   72     -1.178     -0.991      0.000 4
  65   65     -1.178     -0.317      0.000 4
  69   -2     -1.167     -1.159      0.000 4
  68   66     -1.167      0.518      0.000 4
  -1   67     -1.161      1.073      0.000 4
  81   68     -1.157      1.112      0.000 4
  70   70     -1.157      0.202      0.000 4
  73   69     -1.156     -0.911      0.000 4
  72   73     -1.152      0.418      0.000 4
  75   -2     -1.151     -0.949      0.000 4
  74   74     -1.150     -0.529      0.000 4
  76   71     -1.142     -0.187      0.000 4
  78   76     -1.125     -0.241      0.000 4
  77   75     -1.123      0.616      0.000 4
  79   77     -1.119      0.361      0.000 4
  80   78     -1.116      0.853      0.000 4
  87   82     -1.106     -1.173      0.000 4
  -1   79     -1.099     -1.084      0.000 4
  83   81     -1.080     -0.463      0.000 4
  85   85     -1.059      0.321      0.000 4
  84   84     -1.057     -1.097      0.000 4
  86   83     -1.054     -0.780      0.000 4
  88   87     -1.043     -0.094      0.000 4
  -1   86     -1.033     -1.150      0.000 4
  89   89     -1.029      0.590      0.000 4
  94   -2     -1.028     -0.444      0.000 4
  90   88     -1.028      0.950      0.000 4
  92   91     -1.011     -0.916      0.000 4
  93   92     -1.001      1.067      0.000 4
  95   95     -0.986     -0.138      0.000 4
  96   94     -0.982     -1.121      0.000 4
 100   97     -0.972      0.339      0.000 4
  -1   -2     -0.972     -0.768      0.000 4
  97   96     -0.968     -0.008      0.000 4
  98   98     -0.968     -0.218      0.000 4
  99   99     -0.961      0.704      0.000 4
 101   -2     -0.941      0.429      0.000 4
 103   -2     -0.938      0.920      0.000 4
 102  103     -0.936      0.298      0.000 4
 105  104     -0.935     -0.984      0.000 4
  -1  105     -0.931      0.397      0.000 4
 106  106     -0.920      1.149      0.000 4
 107  107     -0.915     -0.624      0.000 4
 110  108     -0.911      0.743      0.000 4
 109   -2     -0.908     -0.488      0.000 4
 111  110     -0.907     -0.054      0.000 4
 112  109     -0.906      1.107      0.000 4
 117  112     -0.905     -1.165      0.000 4
 114  113     -0.897      0.040      0.000 4
 115  111     -0.896     -0.764      0.000 4
 116  114     -0.892     -0.711      0.000 4
 113   -2     -0.891      0.380      0.000 4
  -1   -2     -0.886     -1.165      0.000 4
 118  115     -0.867      0.140      0.000 4
 119  116     -0.857      0.810      0.000 4
  -1   -2     -0.851     -0.098      0.000 4
 120  117     -0.850     -0.142      0.000 4
 121  118     -0.850     -0.442      0.000 4
 122  119     -0.834      1.049      0.000 4
  -1   -2     -0.833      0.630      0.000 4
 124  121     -0.828      0.880      0.000 4
 125  122     -0.822      1.094      0.000 4
 123  123     -0.821     -0.095      0.000 4
 127  126     -0.816      0.987      0.000 4
 128  125     -0.815     -0.755      0.000 4
  -1  129     -0.779      0.778      0.000 4
 131  132     -0.777      0.654      0.000 4
 133  130     -0.763     -0.540      0.000 4
 134  131     -0.761      0.958      0.000 4
 132  133     -0.757     -1.140      0.000 4
 129  134     -0.753     -0.932      0.000 4
 137  135     -0.745      0.851      0.000 4
 136  136     -0.744     -0.287      0.000 4
  -1   -2     -0.732     -0.963      0.000 4
 138  137     -0.729     -0.678      0.000 4
 139   -2     -0.725     -0.545      0.000 4
  -1  138     -0.725     -0.625      0.000 4
  -1  139     -0.725     -0.633      0.000 4
 140  141     -0.718      0.049      0.000 4
 141  140     -0.715     -1.011      0.000 4
 142  142     -0.711     -0.257      0.000 4
 143  145     -0.697      0.336      0.000 4
 144  143     -0.696      1.033      0.000 4
 145  144     -0.693     -1.171      0.000 4
  -1  146     -0.683     -1.138      0.000 4
 147  147     -0.679     -0.480      0.000 4
 148  148     -0.674      0.254      0.000 4
 150  149     -0.660     -0.738      0.000 4
 151  150     -0.659      0.846      0.000 4
 149  152     -0.657     -0.211      0.000 4
 153  155     -0.656      1.153      0.000 4
 152  151     -0.656     -0.884      0.000 4
 154  154     -0.648      0.449      0.000 4
 155   -2     -0.641      1.106      0.000 4
 156  156     -0.635      1.029      0.000 4
 159  158     -0.626     -0.473      0.000 4
 158  161     -0.625      0.175      0.000 4
 157  157     -0.624      0.080      0.000 4
 160  159     -0.621     -0.737      0.000 4
 161  162     -0.619     -0.978      0.000 4
 162  160     -0.618     -1.054      0.000 4
 163  163     -0.614      0.631      0.000 4
 164  165     -0.601     -0.034      0.000 4
  -1   -2     -0.596     -0.800      0.000 4
  -1   -2     -0.594     -1.091      0.000 4
 167  166     -0.576      0.996      0.000 4
 166  167     -0.576     -0.107      0.000 4
 169  168     -0.558     -0.935      0.000 4
 170  169     -0.553     -0.250      0.000 4
 171  171     -0.541      0.415      0.000 4
  -1  170     -0.539     -1.086      0.000 4
 173  172     -0.532     -0.618      0.000 4
 174  173     -0.526      1.117      0.000 4
 175  174     -0.523      0.899      0.000 4
 165  183     -0.519     -1.159      0.000 4
 177  176     -0.509      0.296      0.000 4
 178  177     -0.499     -0.155      0.000 4
 179  178     -0.495      0.464      0.000 4
 181   -2     -0.487     -0.707      0.000 4
  -1  188     -0.484      0.574      0.000 4
  -1  179     -0.477     -0.460      0.000 4
 183  181     -0.474      0.984      0.000 4
 182  182     -0.473     -0.245      0.000 4
 184  180     -0.464      0.669      0.000 4
 185  184     -0.463     -0.211      0.000 4
 186  185     -0.460     -0.537      0.000 4
 193   -2     -0.459     -1.111      0.000 4
 188  186     -0.455     -0.766      0.000 4
 189  187     -0.450     -0.875      0.000 4
 190  189     -0.431     -0.593      0.000 4
 191   -2     -0.423     -0.370      0.000 4
 192  190     -0.421      1.123      0.000 4
 194   -2     -0.411     -0.660      0.000 4
  -1  192     -0.399      0.815      0.000 4
 196  193     -0.391      0.779      0.000 4
 195  195     -0.391      0.268      0.000 4
 198  194     -0.389     -0.873      0.000 4
 197  198     -0.387      0.889      0.000 4
 200  196     -0.387      0.960      0.000 4
 199  197     -0.387      0.471      0.000 4
 201  199     -0.382     -0.497      0.000 4
 202   -2     -0.361     -0.151      0.000 4
  -1   -2     -0.356     -1.172      0.000 4
 203  200     -0.355      0.702      0.000 4
 204   -2     -0.350     -0.401      0.000 4
 206  201     -0.343     -1.128      0.000 4
 207  202     -0.340      0.363      0.000 4
 209  203     -0.330      1.146      0.000 4
 210  204     -0.325     -0.741      0.000 4
  -1  207     -0.320      0.112      0.000 4
 211  206     -0.320     -0.330      0.000 4
 212  205     -0.319     -0.826      0.000 4
  -1  214     -0.315      0.458      0.000 4
 213  208     -0.307      0.685      0.000 4
 215  209     -0.301     -0.875      0.000 4
 214  210     -0.300      0.648      0.000 4
 217  213     -0.288     -0.577      0.000 4
  -1  212     -0.287     -0.466      0.000 4
 221  216     -0.266     -0.753      0.000 4
  -1   -2     -0.262     -1.161      0.000 4
 222  215     -0.261     -0.956      0.000 4
 223  217     -0.258      0.609      0.000 4
  -1  218     -0.256      0.868      0.000 4
 224  220     -0.247      0.075      0.000 4
 225  221     -0.240     -1.079      0.000 4
 219   -2     -0.239      0.039      0.000 4
 227  224     -0.224     -0.200      0.000 4
 228   -2     -0.219      0.377      0.000 4
 229  225     -0.207     -0.141      0.000 4
 216  246     -0.204     -0.491      0.000 4
 226   -2     -0.194      0.955      0.000 4
 231  227     -0.184      0.409      0.000 4
  -1  226     -0.183      0.328      0.000 4
 230  228     -0.183     -0.648      0.000 4
 232  229     -0.179     -1.065      0.000 4
 233  231     -0.177      1.134      0.000 4
 235  232     -0.172     -0.544      0.000 4
 234  233     -0.170     -0.055      0.000 4
 236  234     -0.159      0.525      0.000 4
 237  236     -0.154      0.282      0.000 4
 239  238     -0.137     -0.880      0.000 4
 240  239     -0.133      0.199      0.000 4
 242  240     -0.128     -0.117      0.000 4
  -1  254     -0.122      0.734      0.000 4
 246  243     -0.122     -1.161      0.000 4
 244  241     -0.120      1.142      0.000 4
 245  242     -0.109     -0.248      0.000 4
 247   -2     -0.106     -0.514      0.000 4
 248  245     -0.106      0.298      0.000 4
 249   -2     -0.091     -0.993      0.000 4
 250  248     -0.087      0.493      0.000 4
  -1   -2     -0.086      0.121      0.000 4
 251  249     -0.085      0.981      0.000 4
 252  250     -0.083      0.009      0.000 4
  -1  251     -0.079     -0.942      0.000 4
 253  252     -0.067      1.093      0.000 4
 254  253     -0.066     -0.324      0.000 4
 243   -2     -0.048      0.798      0.000 4
  -1  256     -0.033      1.048      0.000 4
 258  258     -0.030      0.267      0.000 4
 259  259     -0.024      0.474      0.000 4
  -1   -2     -0.018      0.901      0.000 4
 260  260     -0.011      0.051      0.000 4
  -1   -2     -0.007     -0.075      0.000 4
 261   -2     -0.006      0.314      0.000 4
 262   -2      0.001     -1.174      0.000 4
  -1   -2      0.007      0.720      0.000 4
 264  261      0.008      0.821      0.000 4
 265  263      0.015      0.479      0.000 4
 266  262      0.021      0.285      0.000 4
 267  264      0.058      0.535      0.000 4
 268  265      0.058      0.752      0.000 4
 270   -2      0.061      1.003      0.000 4
  -1   -2      0.062     -1.090      0.000 4
 271  266      0.064     -0.917      0.000 4
 272  267      0.067     -0.760      0.000 4
 273  268      0.075      0.136      0.000 4
  -1   -2      0.083     -0.195      0.000 4
 276  269      0.088      0.100      0.000 4
 277  270      0.102     -1.164      0.000 4
 280  271      0.103      1.031      0.000 4
 290   -2      0.135     -0.467      0.000 4
 281  272      0.136      0.806      0.000 4
 283  273      0.140     -0.372      0.000 4
 284  274      0.142      0.705      0.000 4
 287  276      0.150      0.558      0.000 4
 286  277      0.154     -1.072      0.000 4
 288  278      0.164      0.878      0.000 4
 274   -2      0.170     -0.549      0.000 4
 289  280      0.180      0.308      0.000 4
 291  281      0.189     -1.036      0.000 4
 292  282      0.198     -0.356      0.000 4
 293  284      0.215     -0.855      0.000 4
 295  286      0.216      1.086      0.000 4
 296  287      0.220      0.037      0.000 4
  -1  288      0.222      0.807      0.000 4
 297  290      0.229     -0.730      0.000 4
 298  291      0.230      0.462      0.000 4
 300  292      0.246     -0.108      0.000 4
  -1  294      0.270     -0.530      0.000 4
  -1  295      0.271     -0.288      0.000 4
 303  296      0.275      0.123      0.000 4
 302  297      0.275      0.810      0.000 4
 304  298      0.287      1.017      0.000 4
 305  299      0.293      0.946      0.000 4
  -1   -2      0.298      0.598      0.000 4
 306  300      0.298      0.209      0.000 4
 308  301      0.314     -1.171      0.000 4
  -1   -2      0.334      0.580      0.000 4
 309  304      0.336     -0.254      0.000 4
 301   -2      0.342     -0.307      0.000 4
  -1   -2      0.342     -0.146      0.000 4
 310  305      0.347      0.056      0.000 4
  -1   -2      0.348      0.757      0.000 4
  -1  306      0.351     -0.485      0.000 4
 312  307      0.355      0.864      0.000 4
 313  308      0.357      1.152      0.000 4
  -1   -2      0.358      0.229      0.000 4
 314  309      0.359     -1.046      0.000 4
 315   -2      0.362      0.291      0.000 4
 316  312      0.381     -1.112      0.000 4
  -1  310      0.381      0.908      0.000 4
 317  311      0.383     -0.325      0.000 4
  -1  314      0.388     -0.929      0.000 4
 318  313      0.391     -0.682      0.000 4
  -1   -2      0.391     -0.852      0.000 4
  -1   -2      0.402      0.968      0.000 4
 321  315      0.411      0.051      0.000 4
 320  316      0.417     -0.989      0.000 4
 322  317      0.423     -0.332      0.000 4
 323  318      0.431     -0.767      0.000 4
 324  320      0.435      0.250      0.000 4
 325  321      0.447      0.145      0.000 4
 326  322      0.450     -0.563      0.000 4
  -1   -2      0.457      0.750      0.000 4
 328  324      0.458      1.069      0.000 4
  -1   -2      0.459      0.882      0.000 4
 329  332      0.470     -0.687      0.000 4
  -1  326      0.475     -0.511      0.000 4
  -1   -2      0.476      0.954      0.000 4
 331  327      0.484      0.007      0.000 4
 341  325      0.488     -1.152      0.000 4
 333  331      0.497      0.588      0.000 4
 332  328      0.498      0.426      0.000 4
 334  329      0.498     -0.359      0.000 4
 335  330      0.509     -0.845      0.000 4
 336   -2      0.512     -0.694      0.000 4
 337  333      0.520      0.622      0.000 4
 339  336      0.523      0.268      0.000 4
 340   -2      0.533      1.163      0.000 4
 342  335      0.540     -0.537      0.000 4
 343  337      0.544     -0.021      0.000 4
  -1  338      0.545      0.771      0.000 4
  -1   -2      0.546     -0.301      0.000 4
 344  339      0.551     -0.815      0.000 4
 345  340      0.556      0.579      0.000 4
 346  341      0.564      0.653      0.000 4
 347  342      0.568     -0.866      0.000 4
  -1   -2      0.581      1.153      0.000 4
 349  343      0.586     -0.500      0.000 4
  -1   -2      0.598     -0.997      0.000 4
  -1   -2      0.607     -0.180      0.000 4
  -1   -2      0.607      0.724      0.000 4
 352  345      0.610     -0.908      0.000 4
 359   -2      0.612     -1.168      0.000 4
 353  346      0.616      0.907      0.000 4
 351  347      0.617      1.158      0.000 4
 354  348      0.622      0.784      0.000 4
 355  349      0.628     -1.062      0.000 4
 356  350      0.629     -0.670      0.000 4
 363   -2      0.631      0.131      0.000 4
 357   -2      0.639     -0.033      0.000 4
 358  351      0.650     -0.765      0.000 4
  -1  353      0.655     -0.218      0.000 4
 360  354      0.661     -0.616      0.000 4
 361  355      0.663      0.446      0.000 4
 362  344      0.666      0.701      0.000 4
  -1  356      0.675      1.052      0.000 4
  -1   -2      0.675      0.074      0.000 4
 372   -2      0.683     -0.969      0.000 4
  -1   -2      0.684     -0.370      0.000 4
 364  360      0.702      0.824      0.000 4
 365  358      0.703     -0.394      0.000 4
  -1  361      0.709     -0.448      0.000 4
 367  362      0.715      0.746      0.000 4
 368  363      0.719     -0.808      0.000 4
 370  364      0.723      0.419      0.000 4
 369  365      0.725      1.059      0.000 4
 373   -2      0.732     -0.233      0.000 4
  -1  375      0.733     -1.028      0.000 4
 374  366      0.743     -0.846      0.000 4
 375  367      0.746     -0.652      0.000 4
 377  368      0.758      0.969      0.000 4
 376  369      0.758     -1.077      0.000 4
 378  370      0.762     -0.414      0.000 4
 379  371      0.768      1.063      0.000 4
 381   -2      0.775     -0.011      0.000 4
 382  372      0.776     -0.346      0.000 4
 384  374      0.779     -0.989      0.000 4
 383   -2      0.783     -1.035      0.000 4
 385  376      0.790      0.914      0.000 4
 386  378      0.798     -0.609      0.000 4
  -1   -2      0.804     -0.992      0.000 4
 387  380      0.807     -0.789      0.000 4
 388  381      0.818      0.218      0.000 4
 389  382      0.830      0.255      0.000 4
 371   -2      0.832     -1.112      0.000 4
 392  379      0.841      0.610      0.000 4
 393  385      0.844     -0.855      0.000 4
 397  387      0.854     -0.138      0.000 4
  -1   -2      0.857      0.830      0.000 4
  -1   -2      0.861     -0.446      0.000 4
 395  388      0.866      1.140      0.000 4
 396  389      0.867     -0.779      0.000 4
  -1   -2      0.867     -0.084      0.000 4
 398  386      0.868      0.566      0.000 4
 399  390      0.869      0.340      0.000 4
 400  391      0.873      0.295      0.000 4
 403  383      0.903     -1.157      0.000 4
 405  394      0.917     -0.050      0.000 4
 406  395      0.924      1.002      0.000 4
 407  396      0.932      1.035      0.000 4
 408  397      0.934      1.103      0.000 4
 404   -2      0.935     -0.806      0.000 4
  -1  393      0.940     -1.077      0.000 4
 410  399      0.943      0.072      0.000 4
 412  400      0.953     -0.457      0.000 4
 411  401      0.957     -0.274      0.000 4
 413  403      0.966     -0.548      0.000 4
 415  405      0.976      0.702      0.000 4
  -1  404      0.978      0.137      0.000 4
 417  406      0.982      0.645      0.000 4
 418   -2      0.984      0.597      0.000 4
 416  409      0.990      0.205      0.000 4
  -1   -2      0.998      0.974      0.000 4
 420  410      0.999      0.382      0.000 4
  -1  407      1.032      0.610      0.000 4
 423  412      1.035     -0.269      0.000 4
 424  413      1.039      0.204      0.000 4
 425  414      1.048     -0.175      0.000 4
 426  415      1.053     -0.620      0.000 4
 428  416      1.065      0.488      0.000 4
  -1  428      1.065     -1.173      0.000 4
  -1   -2      1.082     -0.733      0.000 4
 432  417      1.084      0.423      0.000 4
 433  418      1.086     -0.268      0.000 4
 442   -2      1.104     -0.058      0.000 4
 436  421      1.110     -1.025      0.000 4
 437  422      1.114      0.938      0.000 4
 438  423      1.116      1.018      0.000 4
 439  424      1.121     -0.695      0.000 4
 440  425      1.124      0.642      0.000 4
 443  427      1.132      0.811      0.000 4
 444   -2      1.139      0.271      0.000 4
 445   -2      1.143     -1.142      0.000 4
  -1  426      1.148     -0.034      0.000 4
  -1  431      1.156     -0.924      0.000 4
 446  430      1.157      1.017      0.000 4
 447  432      1.165     -0.837      0.000 4
 448  433      1.168      0.567      0.000 4
 434  434      1.173     -0.380      0.000 4
 450  435      1.183      0.236      0.000 4
  -1   -2      1.185     -0.023      0.000 4
 449  438      1.191     -0.613      0.000 4
 452  437      1.196      0.069      0.000 4
  -1   -2      1.231     -1.173      0.000 4
  -1  439      1.238      0.970      0.000 4
  -1   -2      1.240     -0.995      0.000 4
 453  440      1.240      0.874      0.000 4
  -1   -2      1.247     -0.251      0.000 4
 454   -2      1.248     -0.299      0.000 4
 455  443      1.255     -0.564      0.000 4
 456  444      1.265     -0.429      0.000 4
 459  445      1.280      0.250      0.000 4
 460  446      1.283      1.012      0.000 4
 461  447      1.284     -0.111      0.000 4
 463   -2      1.304     -0.585      0.000 4
 465  451      1.318      0.276      0.000 4
 462  460      1.325     -0.976      0.000 4
 466  454      1.335     -0.561      0.000 4
 467  455      1.337      0.578      0.000 4
 468  456      1.344     -0.651      0.000 4
  -1  450      1.348     -1.166      0.000 4
 469  457      1.352      0.400      0.000 4
  -1  458      1.354     -0.073      0.000 4
 471  461      1.384     -1.089      0.000 4
 470  465      1.388     -1.036      0.000 4
 472  462      1.400      0.784      0.000 4
 473  464      1.404      1.145      0.000 4
 476  467      1.437     -0.553      0.000 4
 477  466      1.438     -0.421      0.000 4
 478  468      1.441     -0.305      0.000 4
 480  469      1.442      0.159      0.000 4
 479  471      1.444     -0.487      0.000 4
  -1  470      1.444      0.074      0.000 4
  -1  472      1.445      0.583      0.000 4
  -1   -2      1.451     -0.391      0.000 4
 481  473      1.453     -1.165      0.000 4
  -1  475      1.463      0.258      0.000 4
 482   -2      1.472     -0.455      0.000 4
 483  474      1.475      0.673      0.000 4
 484   -2      1.486      0.238      0.000 4
 487  477      1.489      0.561      0.000 4
 486  478      1.490     -0.860      0.000 4
 490   -2      1.499      1.125      0.000 4
 489  479      1.500     -0.824      0.000 4
 492  480      1.522      0.646      0.000 4
 493  481      1.529      0.898      0.000 4
 494  483      1.534     -0.570      0.000 4
  -1  484      1.534     -0.336      0.000 4
 496  486      1.540      0.285      0.000 4
  -1  482      1.542      0.028      0.000 4
 498  488      1.542     -0.096      0.000 4
 501  485      1.544     -0.284      0.000 4
 500   -2      1.558     -0.729      0.000 4
 499  489      1.558     -1.040      0.000 4
