489
   1    0     -1.566     -0.885      0.000 4
   3    9     -1.558      0.942      0.000 4
   2    1     -1.558      0.489      0.000 4
   4    5     -1.557      0.625      0.000 4
   5    2     -1.543      0.175      0.000 4
  -1   -2     -1.543      1.079      0.000 4
   8    3     -1.539     -0.373      0.000 4
   7    4     -1.538      0.772      0.000 4
  -1    8     -1.510     -0.702      0.000 4
   9    7     -1.508      0.398      0.000 4
  -1   -2     -1.492     -1.170      0.000 4
  12   10     -1.487      0.332      0.000 4
  13   11     -1.484     -0.429      0.000 4
  16   14     -1.469      0.064      0.000 4
  17   15     -1.466      0.816      0.000 4
  18   16     -1.462     -0.715      0.000 4
  19   17     -1.459      1.133      0.000 4
  -1   -2     -1.453      0.019      0.000 4
  20   18     -1.446     -0.468      0.000 4
  21   20     -1.445      0.737      0.000 4
  22   19     -1.443      0.868      0.000 4
  -1   -2     -1.432      0.700      0.000 4
  24   21     -1.426     -0.021      0.000 4
  28   22     -1.422     -0.825      0.000 4
  26   23     -1.417      0.188      0.000 4
  27   24     -1.413     -1.091      0.000 4
  29   25     -1.393     -0.624      0.000 4
  -1   28     -1.372      0.628      0.000 4
  31   29     -1.364     -0.400      0.000 4
  32   31     -1.361     -0.963      0.000 4
  33   30     -1.361     -0.766      0.000 4
  -1   32     -1.355     -0.031      0.000 4
  34   -2     -1.334      0.573      0.000 4
  35   35     -1.333      1.022      0.000 4
  36   34     -1.331     -0.997      0.000 4
  38   36     -1.315     -0.155      0.000 4
  39   41     -1.302     -1.160      0.000 4
  40   38     -1.291     -0.600      0.000 4
  42   39     -1.286     -0.707      0.000 4
  44   37     -1.281     -0.923      0.000 4
  43   40     -1.280     -0.124      0.000 4
  -1   42     -1.273     -1.090      0.000 4
  45   44     -1.264     -0.651      0.000 4
  46   45     -1.249      0.442      0.000 4
  49   46     -1.244      0.906      0.000 4
  50   47     -1.244      1.079      0.000 4
  48   48     -1.239      0.688      0.000 4
  51   49     -1.237      0.790      0.000 4
  53   51     -1.230     -1.082      0.000 4
  52   -2     -1.226      0.474      0.000 4
  54   52     -1.224     -0.713      0.000 4
  55   54     -1.221     -0.393      0.000 4
  56   53     -1.221     -0.918      0.000 4
  57   55     -1.215     -0.123      0.000 4
  58   -2     -1.212     -0.854      0.000 4
  59   -2     -1.202     -0.069      0.000 4
  62   57     -1.192      0.704      0.000 4
  63   58     -1.187      0.431      0.000 4
  64   -2     -1.175     -0.412      0.000 4
  65   62     -1.168     -0.313      0.000 4
  67   63     -1.160      1.068      0.000 4
  66   66     -1.158      0.511      0.000 4
  68   64     -1.157      1.109      0.000 4
  69   65     -1.155     -0.906      0.000 4
  -1   67     -1.152     -0.944      0.000 4
  70   68     -1.149      0.200      0.000 4
  73   70     -1.143      0.415      0.000 4
  -1   61     -1.139     -0.435      0.000 4
  71   69     -1.132     -0.187      0.000 4
  75   71     -1.117      0.614      0.000 4
  76   72     -1.117     -0.240      0.000 4
  77   75     -1.111      0.359      0.000 4
  78   74     -1.111      0.851      0.000 4
  -1   73     -1.111      1.103      0.000 4
  84   76     -1.104     -1.082      0.000 4
  81   78     -1.075     -0.461      0.000 4
  80   77     -1.074      0.456      0.000 4
  82   83     -1.061     -1.149      0.000 4
  83   82     -1.059     -0.776      0.000 4
  85   84     -1.051      0.319      0.000 4
  -1   86     -1.030     -0.225      0.000 4
  88   87     -1.027      0.947      0.000 4
  89   89     -1.022      0.588      0.000 4
  90   -2     -1.022      0.801      0.000 4
  -1   -2     -1.017     -0.830      0.000 4
 100   91     -1.011     -0.915      0.000 4
  92   92     -1.001      1.064      0.000 4
  95   94     -0.976     -0.137      0.000 4
  99   88     -0.966      0.759      0.000 4
  96   95     -0.959     -0.021      0.000 4
  98   96     -0.958     -0.217      0.000 4
  97   -2     -0.958      0.393      0.000 4
  -1   -2     -0.941      0.258      0.000 4
 103   98     -0.941      0.326      0.000 4
 104   99     -0.932     -0.981      0.000 4
  93  103     -0.928     -0.451      0.000 4
 105  104     -0.920      0.396      0.000 4
 107  105     -0.912     -0.626      0.000 4
 106  106     -0.909      1.140      0.000 4
 109   -2     -0.906      1.106      0.000 4
 110  108     -0.898     -0.054      0.000 4
 111  107     -0.894     -0.762      0.000 4
 112  110     -0.887     -1.165      0.000 4
 114  109     -0.887     -0.708      0.000 4
 113  111     -0.886      0.039      0.000 4
  -1  112     -0.881      0.379      0.000 4
 115  113     -0.858      0.140      0.000 4
  -1  114     -0.858      0.810      0.000 4
 116   -2     -0.855      0.810      0.000 4
  -1  124     -0.846     -0.098      0.000 4
 118  115     -0.843     -0.441      0.000 4
 117  116     -0.841     -0.142      0.000 4
 119  117     -0.832      1.048      0.000 4
 121  119     -0.824      0.880      0.000 4
 122  120     -0.822      1.094      0.000 4
 126  122     -0.814      0.986      0.000 4
 124  121     -0.814     -0.919      0.000 4
 123   -2     -0.810     -0.095      0.000 4
  -1  125     -0.785      0.213      0.000 4
 129  126     -0.773      0.780      0.000 4
  -1   -2     -0.769     -0.220      0.000 4
 128  127     -0.768     -0.043      0.000 4
 131  129     -0.758      0.960      0.000 4
 130  130     -0.757     -0.538      0.000 4
  -1  131     -0.750     -0.925      0.000 4
  -1   -2     -0.747      0.704      0.000 4
 136  132     -0.734     -0.288      0.000 4
 134  133     -0.731     -0.963      0.000 4
 137  134     -0.729     -0.677      0.000 4
 138  135     -0.725     -0.625      0.000 4
 140  137     -0.716     -1.012      0.000 4
 141  141     -0.707      0.050      0.000 4
  -1   -2     -0.707      0.981      0.000 4
 142  139     -0.705     -0.259      0.000 4
 144  140     -0.703     -1.169      0.000 4
  -1  142     -0.697      1.094      0.000 4
 143  144     -0.695      1.034      0.000 4
  -1  145     -0.692     -0.405      0.000 4
 145  147     -0.687      0.334      0.000 4
 146  146     -0.684     -1.139      0.000 4
 147  148     -0.673     -0.481      0.000 4
 149  149     -0.657     -0.739      0.000 4
 151  151     -0.655     -0.885      0.000 4
 150  152     -0.654      0.847      0.000 4
 152  153     -0.648     -0.212      0.000 4
 154  154     -0.645      0.450      0.000 4
 155   -2     -0.640      1.070      0.000 4
  -1  155     -0.640      1.107      0.000 4
  -1   -2     -0.635      0.508      0.000 4
 156  157     -0.632      1.033      0.000 4
 158  160     -0.619     -0.476      0.000 4
 160  158     -0.618     -1.054      0.000 4
 162   -2     -0.618     -0.979      0.000 4
 157  162     -0.617      0.081      0.000 4
 159  161     -0.617     -0.739      0.000 4
 161  163     -0.614      0.179      0.000 4
 163  164     -0.605      0.642      0.000 4
 170   -2     -0.595     -1.092      0.000 4
 165  166     -0.589     -0.037      0.000 4
 166  167     -0.573      0.998      0.000 4
 167  168     -0.567     -0.110      0.000 4
 168  159     -0.557     -0.938      0.000 4
  -1   -2     -0.552      0.129      0.000 4
 169  170     -0.545     -0.252      0.000 4
 171  171     -0.531      0.407      0.000 4
 172  173     -0.529     -0.621      0.000 4
 173  172     -0.527      1.120      0.000 4
 174  174     -0.518      0.904      0.000 4
 176  175     -0.501      0.296      0.000 4
 177  176     -0.491     -0.157      0.000 4
  -1  180     -0.487     -1.160      0.000 4
 178  177     -0.486      0.466      0.000 4
 179  178     -0.473     -0.461      0.000 4
 182  181     -0.460     -0.250      0.000 4
 183  179     -0.460     -1.112      0.000 4
 180  182     -0.459      0.673      0.000 4
 184  184     -0.455     -0.214      0.000 4
 185  183     -0.454     -0.541      0.000 4
 186  185     -0.452     -0.771      0.000 4
 187  186     -0.447     -0.879      0.000 4
 189  189     -0.421     -0.595      0.000 4
 190  188     -0.420      1.128      0.000 4
  -1   -2     -0.406     -0.664      0.000 4
 196  191     -0.393      0.970      0.000 4
 193  193     -0.387      0.784      0.000 4
 194  192     -0.387     -0.877      0.000 4
 195  195     -0.382      0.270      0.000 4
 198  194     -0.381      0.894      0.000 4
 191  197     -0.378     -1.170      0.000 4
 199  198     -0.377     -0.501      0.000 4
 201  199     -0.357     -1.132      0.000 4
 200  201     -0.349      0.708      0.000 4
  -1  200     -0.346     -0.159      0.000 4
 202  203     -0.335      0.367      0.000 4
  -1  204     -0.328     -0.658      0.000 4
 204  205     -0.323     -0.746      0.000 4
 205  206     -0.318     -0.833      0.000 4
 206  207     -0.313     -0.335      0.000 4
 208  209     -0.302      0.689      0.000 4
 209  210     -0.297     -0.881      0.000 4
 210  212     -0.291      0.656      0.000 4
  -1   -2     -0.288     -1.119      0.000 4
 213  215     -0.283     -0.583      0.000 4
  -1   -2     -0.271      0.022      0.000 4
 211  219     -0.263     -1.168      0.000 4
 215  216     -0.259     -0.962      0.000 4
 216  217     -0.259     -0.757      0.000 4
 217  218     -0.254      0.617      0.000 4
 218   -2     -0.247      0.884      0.000 4
 221  221     -0.242     -1.083      0.000 4
  -1   -2     -0.240     -0.091      0.000 4
 220  220     -0.239      0.061      0.000 4
 214   -2     -0.236      0.510      0.000 4
 223  223     -0.224      0.937      0.000 4
 224  224     -0.220     -0.213      0.000 4
  -1   -2     -0.219     -0.418      0.000 4
 212  234     -0.216     -0.479      0.000 4
 225  226     -0.195     -0.144      0.000 4
 230   -2     -0.183      1.103      0.000 4
 229  227     -0.182     -1.070      0.000 4
 226  229     -0.178      0.327      0.000 4
 231  228     -0.176      1.145      0.000 4
 227  230     -0.175      0.415      0.000 4
 233  231     -0.166     -0.055      0.000 4
 234  232     -0.152      0.531      0.000 4
 232   -2     -0.148     -0.543      0.000 4
 235  235     -0.147     -0.265      0.000 4
 238  236     -0.135     -0.888      0.000 4
 239  237     -0.128      0.201      0.000 4
 240  240     -0.124     -0.119      0.000 4
  -1   -2     -0.123     -0.083      0.000 4
 241  241     -0.120      1.153      0.000 4
 242  244     -0.104     -0.259      0.000 4
 245  245     -0.102      0.301      0.000 4
 244  243     -0.101      0.591      0.000 4
  -1   -2     -0.093     -1.002      0.000 4
 249  248     -0.083      0.991      0.000 4
 250  257     -0.079      0.009      0.000 4
 251   -2     -0.078     -0.951      0.000 4
 252  251     -0.068      1.102      0.000 4
 253  252     -0.063     -0.329      0.000 4
  -1   -2     -0.051      0.809      0.000 4
 246  258     -0.041     -0.407      0.000 4
  -1   -2     -0.037     -0.744      0.000 4
 256  253     -0.032      1.058      0.000 4
 257   -2     -0.028      0.624      0.000 4
 258  254     -0.024      0.269      0.000 4
 259  255     -0.021      0.477      0.000 4
 260   -2     -0.006      0.050      0.000 4
 243  280     -0.004     -1.165      0.000 4
 261  260      0.009      0.831      0.000 4
  -1  261      0.009      0.725      0.000 4
 262  262      0.016      0.295      0.000 4
 263  263      0.018      0.485      0.000 4
  -1  264      0.029     -0.038      0.000 4
 264  267      0.055      0.546      0.000 4
 265  269      0.062      0.763      0.000 4
 266  271      0.065     -0.925      0.000 4
  -1  275      0.066      0.047      0.000 4
  -1  270      0.066      0.664      0.000 4
 267  272      0.074     -0.771      0.000 4
 268  273      0.077      0.137      0.000 4
  -1  274      0.083     -0.665      0.000 4
 269   -2      0.091      0.100      0.000 4
  -1  276      0.091     -0.026      0.000 4
 271  279      0.104      1.043      0.000 4
 272  281      0.138      0.815      0.000 4
 273  284      0.142     -0.379      0.000 4
 274  283      0.142      0.713      0.000 4
 275  285      0.147     -0.477      0.000 4
 276  286      0.152      0.566      0.000 4
 277  287      0.155     -1.083      0.000 4
 278  288      0.164      0.887      0.000 4
 280  291      0.179      0.310      0.000 4
 279  290      0.187     -0.568      0.000 4
 281  292      0.191     -1.047      0.000 4
 282  293      0.199     -0.360      0.000 4
  -1   -2      0.207      0.611      0.000 4
 285  295      0.212     -1.082      0.000 4
 284  294      0.212     -0.862      0.000 4
 283   -2      0.214     -1.155      0.000 4
 288   -2      0.216      0.815      0.000 4
 286  296      0.217      1.094      0.000 4
 287  297      0.220      0.036      0.000 4
 289   -2      0.222     -1.002      0.000 4
  -1   -2      0.226      0.902      0.000 4
 290  299      0.228     -0.739      0.000 4
 291  300      0.230      0.468      0.000 4
 292  301      0.247     -0.109      0.000 4
  -1  298      0.249     -1.035      0.000 4
 293   -2      0.261     -0.765      0.000 4
 295  302      0.271     -0.294      0.000 4
 297  303      0.279      0.815      0.000 4
 298  304      0.287      1.028      0.000 4
 299  305      0.294      0.955      0.000 4
 300  307      0.297      0.211      0.000 4
  -1  306      0.300      0.608      0.000 4
 301  318      0.317     -1.172      0.000 4
  -1  310      0.331      0.491      0.000 4
 304  309      0.333     -0.258      0.000 4
  -1  311      0.342     -0.308      0.000 4
  -1  312      0.345     -0.145      0.000 4
 305  313      0.347      0.055      0.000 4
 307  315      0.352      0.873      0.000 4
 308   -2      0.356      1.162      0.000 4
 309  316      0.361     -1.053      0.000 4
 310   -2      0.378      0.919      0.000 4
 312  319      0.380     -1.117      0.000 4
 311   -2      0.382     -0.330      0.000 4
 313  320      0.391     -0.687      0.000 4
 325  308      0.398     -1.122      0.000 4
  -1  321      0.399     -0.283      0.000 4
  -1  322      0.402      0.977      0.000 4
 315   -2      0.411      0.052      0.000 4
  -1  324      0.418      1.158      0.000 4
 316  323      0.418     -0.997      0.000 4
 317  325      0.422     -0.336      0.000 4
  -1  326      0.429     -0.382      0.000 4
 318  327      0.431     -0.773      0.000 4
 319  340      0.432     -0.097      0.000 4
 320  328      0.433      0.252      0.000 4
 321  329      0.445      0.147      0.000 4
 322  330      0.450     -0.568      0.000 4
 324  332      0.458      1.079      0.000 4
  -1  333      0.468     -0.690      0.000 4
 326  334      0.475     -0.508      0.000 4
  -1   -2      0.482      0.599      0.000 4
 327  337      0.483      0.007      0.000 4
 329  339      0.496     -0.362      0.000 4
 331  351      0.510      0.579      0.000 4
 332  342      0.511     -0.700      0.000 4
  -1   -2      0.518      0.527      0.000 4
 333  341      0.518      0.628      0.000 4
 328  345      0.520      0.475      0.000 4
 334   -2      0.522      0.185      0.000 4
 336  344      0.529      0.270      0.000 4
 335  347      0.533     -0.540      0.000 4
 337  348      0.541     -0.021      0.000 4
 338  349      0.543      0.780      0.000 4
 339  350      0.552     -0.821      0.000 4
 341  352      0.562      0.659      0.000 4
 340   -2      0.567      0.613      0.000 4
 342  353      0.569     -0.874      0.000 4
 343   -2      0.586     -0.506      0.000 4
  -1  358      0.595     -1.142      0.000 4
  -1   -2      0.595     -0.307      0.000 4
  -1   -2      0.600     -1.167      0.000 4
 345  355      0.609     -0.913      0.000 4
 347   -2      0.612      1.161      0.000 4
 346  356      0.615      0.914      0.000 4
 348  357      0.619      0.791      0.000 4
 349  360      0.628     -1.067      0.000 4
 350  359      0.629     -0.676      0.000 4
  -1  354      0.630     -0.458      0.000 4
  -1  361      0.633     -0.034      0.000 4
 351  362      0.650     -0.768      0.000 4
 352  363      0.651     -0.574      0.000 4
 353  365      0.653     -0.226      0.000 4
 355  364      0.656      0.434      0.000 4
 354   -2      0.658     -0.619      0.000 4
  -1  366      0.660      0.467      0.000 4
  -1  367      0.663      0.708      0.000 4
  -1   -2      0.669      0.279      0.000 4
 358   -2      0.691     -0.373      0.000 4
 370   -2      0.698     -0.394      0.000 4
 361  370      0.707     -0.449      0.000 4
  -1   -2      0.710     -0.143      0.000 4
 360  369      0.710      0.831      0.000 4
 362  371      0.711      0.751      0.000 4
 364  374      0.719      0.422      0.000 4
 363  375      0.720     -0.804      0.000 4
 356  378      0.724      1.073      0.000 4
  -1   -2      0.726     -0.238      0.000 4
  -1  377      0.735     -0.170      0.000 4
 367  381      0.746     -0.654      0.000 4
 366  380      0.749     -0.850      0.000 4
 368  382      0.755      0.977      0.000 4
 369  383      0.760     -1.080      0.000 4
 371   -2      0.769      1.071      0.000 4
 372  384      0.773     -0.347      0.000 4
 375  385      0.783     -1.036      0.000 4
 376  386      0.785      0.915      0.000 4
 374   -2      0.791     -0.990      0.000 4
 378  387      0.797     -0.610      0.000 4
 379   -2      0.803      0.608      0.000 4
 380  388      0.807     -0.789      0.000 4
 381  389      0.814      0.221      0.000 4
 382  390      0.821      0.261      0.000 4
  -1   -2      0.825      0.966      0.000 4
 377  392      0.834     -1.114      0.000 4
 385  393      0.843     -0.857      0.000 4
  -1  394      0.854      0.833      0.000 4
 386  395      0.863      0.568      0.000 4
 390  396      0.864      0.343      0.000 4
 388  398      0.865      1.143      0.000 4
 391  397      0.866      0.297      0.000 4
 389  399      0.866     -0.779      0.000 4
 392  400      0.895      0.822      0.000 4
  -1   -2      0.899     -1.006      0.000 4
  -1  403      0.902     -1.158      0.000 4
  -1  404      0.906     -0.663      0.000 4
 394  405      0.911     -0.050      0.000 4
 395  406      0.922      1.011      0.000 4
 397  408      0.934      1.107      0.000 4
 398  410      0.934     -0.806      0.000 4
 399  409      0.935      0.075      0.000 4
 401  412      0.946     -0.268      0.000 4
 400  411      0.950     -0.458      0.000 4
 402  413      0.961     -0.160      0.000 4
 403  414      0.963     -0.547      0.000 4
 405  415      0.970      0.703      0.000 4
 404  422      0.972      0.140      0.000 4
 406  416      0.975      0.649      0.000 4
 407  417      0.978      0.601      0.000 4
  -1   -2      0.987      0.086      0.000 4
 410  419      0.993      0.384      0.000 4
  -1   -2      1.011      0.265      0.000 4
 412   -2      1.028     -0.260      0.000 4
 413  424      1.032      0.205      0.000 4
 415  426      1.053     -0.618      0.000 4
  -1   -2      1.054     -0.998      0.000 4
 416  427      1.058      0.490      0.000 4
 417  433      1.077      0.424      0.000 4
 418  425      1.078     -0.266      0.000 4
 420  434      1.094     -0.357      0.000 4
 426   -2      1.095     -0.059      0.000 4
 421  435      1.112     -1.023      0.000 4
 422  437      1.114      0.940      0.000 4
 423  436      1.116      1.017      0.000 4
 425  438      1.117      0.641      0.000 4
 424  439      1.119     -0.691      0.000 4
  -1   -2      1.126     -0.128      0.000 4
 427  441      1.129      0.812      0.000 4
  -1  440      1.140     -0.032      0.000 4
 428  443      1.144     -1.140      0.000 4
 434  431      1.152     -0.444      0.000 4
 430  445      1.155      1.017      0.000 4
 431  446      1.158     -0.919      0.000 4
 432  447      1.163     -0.834      0.000 4
 435  450      1.181      0.239      0.000 4
 438  452      1.188     -0.603      0.000 4
 436   -2      1.189      1.071      0.000 4
  -1   -2      1.190      0.175      0.000 4
 441  451      1.190      0.071      0.000 4
  -1   -2      1.194     -0.746      0.000 4
 440   -2      1.234      0.875      0.000 4
 439  453      1.236      0.969      0.000 4
  -1  463      1.253     -0.237      0.000 4
 443  455      1.255     -0.559      0.000 4
 444  456      1.262     -0.425      0.000 4
 447   -2      1.280     -0.109      0.000 4
 446  459      1.281      1.012      0.000 4
 448  460      1.292      0.666      0.000 4
  -1  461      1.303     -0.578      0.000 4
 450  465      1.313     -1.167      0.000 4
 451  462      1.314      0.273      0.000 4
 452  464      1.321      0.957      0.000 4
 455   -2      1.331      0.577      0.000 4
 454  466      1.333     -0.557      0.000 4
  -1   -2      1.333     -0.032      0.000 4
 456  467      1.343     -0.644      0.000 4
 457  468      1.346      0.400      0.000 4
 458   -2      1.353     -0.069      0.000 4
 459   -2      1.369     -0.535      0.000 4
 461  471      1.385     -1.084      0.000 4
  -1  470      1.389     -1.029      0.000 4
 462  473      1.394      0.781      0.000 4
 463  474      1.401      0.449      0.000 4
 470   -2      1.415      0.028      0.000 4
 468  477      1.434     -0.309      0.000 4
 467  479      1.435     -0.551      0.000 4
 466  478      1.435     -0.411      0.000 4
 469  480      1.438      0.161      0.000 4
  -1  483      1.444     -0.281      0.000 4
 473  484      1.456     -1.150      0.000 4
 474  485      1.476      0.666      0.000 4
 475  486      1.481      0.238      0.000 4
 472  487      1.487      0.555      0.000 4
 478  488      1.493     -0.846      0.000 4
 480   -2      1.516      0.639      0.000 4
 464   -2      1.520      1.090      0.000 4
 481  491      1.526      0.891      0.000 4
 483   -2      1.534     -0.561      0.000 4
 484  493      1.535     -0.333      0.000 4
 486  492      1.535      0.283      0.000 4
 485  495      1.536     -0.266      0.000 4
 488  494      1.540     -0.092      0.000 4
  -1  498      1.559     -0.721      0.000 4
 489  497      1.561     -1.027      0.000 4
