516
  -1    0     -1.572     -0.026      0.000 4
   0    1     -1.565      0.853      0.000 4
   1    2     -1.560      0.261      0.000 4
  -1   -2     -1.550     -0.427      0.000 4
   3    3     -1.541      0.801      0.000 4
  -1    5     -1.527     -0.121      0.000 4
   5    6     -1.508      0.220      0.000 4
   6    9     -1.495      0.288      0.000 4
   8    8     -1.490      0.521      0.000 4
  12   10     -1.487     -0.728      0.000 4
  -1   -2     -1.487      1.044      0.000 4
  10   12     -1.485      0.651      0.000 4
  14   11     -1.484      0.856      0.000 4
   9   13     -1.482     -0.284      0.000 4
  13   15     -1.481      0.406      0.000 4
  -1   -2     -1.471     -0.380      0.000 4
  16   16     -1.466      1.004      0.000 4
  17   17     -1.461      0.156      0.000 4
  18    4     -1.454     -0.966      0.000 4
  19   19     -1.445     -0.598      0.000 4
  20   20     -1.434      0.481      0.000 4
  47   -2     -1.428     -0.291      0.000 4
  22   22     -1.425      0.338      0.000 4
  21   21     -1.425     -0.339      0.000 4
  23   -2     -1.420     -0.705      0.000 4
  -1   23     -1.414      0.704      0.000 4
  25   -2     -1.398      0.749      0.000 4
  26   24     -1.389     -0.377      0.000 4
  27   25     -1.386      0.282      0.000 4
  30   26     -1.384     -0.848      0.000 4
  28   28     -1.379      0.632      0.000 4
  31   29     -1.370      0.066      0.000 4
  33   30     -1.368      1.101      0.000 4
  35   31     -1.360     -0.887      0.000 4
  34   32     -1.358      0.602      0.000 4
  -1   -2     -1.358     -0.481      0.000 4
  36   33     -1.349     -1.031      0.000 4
  -1   -2     -1.344      0.547      0.000 4
  -1   35     -1.330      1.018      0.000 4
  -1   36     -1.323     -1.128      0.000 4
  -1   37     -1.322      1.074      0.000 4
  39   39     -1.322      0.917      0.000 4
  38   38     -1.322      0.688      0.000 4
  37   41     -1.320     -0.003      0.000 4
  40   43     -1.305      0.168      0.000 4
  42   42     -1.297     -0.819      0.000 4
  32   44     -1.295     -0.223      0.000 4
  43   46     -1.290     -0.330      0.000 4
  45   47     -1.279      0.548      0.000 4
  -1   48     -1.275      0.651      0.000 4
  46   49     -1.274     -0.981      0.000 4
  -1   51     -1.261     -0.425      0.000 4
  50   52     -1.260     -0.618      0.000 4
  -1   -2     -1.259      1.074      0.000 4
  49   53     -1.255      0.387      0.000 4
  -1   -2     -1.252      0.044      0.000 4
  51   54     -1.244     -0.520      0.000 4
  52   55     -1.241      0.989      0.000 4
  54   57     -1.233     -0.826      0.000 4
  53   58     -1.232      0.504      0.000 4
  -1   -2     -1.220     -0.700      0.000 4
  56   61     -1.202      0.818      0.000 4
  57   60     -1.201     -1.117      0.000 4
  58   63     -1.196     -0.122      0.000 4
  59   62     -1.196     -0.637      0.000 4
  60   64     -1.186     -1.080      0.000 4
  61   66     -1.169      0.719      0.000 4
  62   67     -1.166     -0.845      0.000 4
  64   68     -1.156      0.993      0.000 4
  -1   -2     -1.153      0.627      0.000 4
  66   69     -1.145      0.623      0.000 4
  67   70     -1.143     -1.100      0.000 4
  69   71     -1.125     -0.342      0.000 4
  70   72     -1.119      0.397      0.000 4
  71   73     -1.115      1.032      0.000 4
  81   74     -1.109     -1.018      0.000 4
  72   75     -1.108     -1.055      0.000 4
  73   76     -1.100      0.642      0.000 4
  74   78     -1.082     -0.106      0.000 4
  75   79     -1.080     -0.372      0.000 4
  -1   80     -1.070     -0.477      0.000 4
  -1   -2     -1.062      0.678      0.000 4
  76   81     -1.059     -0.281      0.000 4
  77   83     -1.054      0.395      0.000 4
  78   82     -1.053      0.798      0.000 4
  -1   84     -1.048      0.259      0.000 4
  -1   -2     -1.036     -0.724      0.000 4
  -1   86     -1.033     -1.053      0.000 4
  80   88     -1.033      0.475      0.000 4
  84   89     -1.018     -0.858      0.000 4
  83   90     -1.015     -0.159      0.000 4
  85   91     -1.008      0.575      0.000 4
  89   85     -1.005     -0.775      0.000 4
  87   -2     -1.004     -0.395      0.000 4
  86   92     -1.004      0.387      0.000 4
  88   93     -1.000      0.188      0.000 4
  90   94     -0.995      1.022      0.000 4
  91   98     -0.990     -0.220      0.000 4
  93   96     -0.989      0.908      0.000 4
  92   97     -0.987     -0.431      0.000 4
  94   -2     -0.983     -0.179      0.000 4
  97   99     -0.969      1.056      0.000 4
  -1   -2     -0.964     -1.160      0.000 4
  98  100     -0.963      0.337      0.000 4
 101  102     -0.953      0.776      0.000 4
  95  103     -0.940     -0.935      0.000 4
 103  104     -0.908      1.083      0.000 4
 104   -2     -0.908     -0.766      0.000 4
 105  105     -0.904      0.570      0.000 4
 106  106     -0.897      0.305      0.000 4
  -1  108     -0.890     -1.092      0.000 4
  -1  109     -0.885     -0.088      0.000 4
 107  111     -0.862      0.690      0.000 4
 108  110     -0.861     -0.741      0.000 4
 109  112     -0.850     -0.613      0.000 4
 110  114     -0.844     -0.692      0.000 4
 111  115     -0.832     -0.444      0.000 4
 112  117     -0.832     -0.136      0.000 4
 114  119     -0.822     -0.215      0.000 4
 115  118     -0.822      1.089      0.000 4
 116   -2     -0.821     -0.943      0.000 4
 118  120     -0.813      0.734      0.000 4
 119  122     -0.803     -0.011      0.000 4
 122  124     -0.792      0.818      0.000 4
 124  128     -0.791      0.261      0.000 4
 123  126     -0.786      0.992      0.000 4
 121  132     -0.785      0.318      0.000 4
 125  127     -0.783     -0.799      0.000 4
 127  129     -0.776     -0.753      0.000 4
 113  150     -0.775     -1.163      0.000 4
 126  130     -0.772      0.396      0.000 4
 128  131     -0.771      0.886      0.000 4
  -1   -2     -0.754     -0.019      0.000 4
 130  136     -0.747     -0.944      0.000 4
 131  135     -0.744     -0.059      0.000 4
 132  134     -0.744     -0.448      0.000 4
 129   -2     -0.736     -1.011      0.000 4
  -1  138     -0.735     -0.785      0.000 4
 135  139     -0.729      0.039      0.000 4
  -1   -2     -0.718     -1.165      0.000 4
  -1   -2     -0.706     -0.355      0.000 4
 137  143     -0.698      0.138      0.000 4
 138  144     -0.696     -0.154      0.000 4
 139  142     -0.696      1.119      0.000 4
 140  146     -0.681      1.064      0.000 4
 141  147     -0.679     -0.563      0.000 4
 143  148     -0.677      1.009      0.000 4
 145  151     -0.666     -0.106      0.000 4
 147  152     -0.662     -0.654      0.000 4
 144  153     -0.657      0.729      0.000 4
 146   -2     -0.653     -1.171      0.000 4
 148  154     -0.647     -1.079      0.000 4
 149  155     -0.644      1.147      0.000 4
  -1  157     -0.643      0.065      0.000 4
 150   -2     -0.642     -0.569      0.000 4
  -1  156     -0.641      0.161      0.000 4
 151  158     -0.629     -1.118      0.000 4
 152  159     -0.621     -1.005      0.000 4
 153  160     -0.616     -0.769      0.000 4
 154   -2     -0.616      1.076      0.000 4
 155  161     -0.613     -0.311      0.000 4
 156  162     -0.598      0.892      0.000 4
 157  163     -0.589     -0.435      0.000 4
  -1  164     -0.584     -0.924      0.000 4
 158  165     -0.582     -0.516      0.000 4
 159  167     -0.576     -0.283      0.000 4
 160  166     -0.575     -0.776      0.000 4
 162  169     -0.567     -1.105      0.000 4
 161  168     -0.563      0.412      0.000 4
  -1  170     -0.557      0.634      0.000 4
  -1   -2     -0.556     -0.984      0.000 4
 163  172     -0.555      0.042      0.000 4
 164  171     -0.554      1.059      0.000 4
  -1   -2     -0.553     -1.169      0.000 4
 165  173     -0.542      0.349      0.000 4
 166  174     -0.530     -0.519      0.000 4
 169  175     -0.519     -0.240      0.000 4
 167   -2     -0.519      0.821      0.000 4
 171  176     -0.518      0.546      0.000 4
 170  177     -0.517      0.484      0.000 4
 172  178     -0.515      0.680      0.000 4
 168  179     -0.514      0.271      0.000 4
 175  181     -0.479      0.981      0.000 4
 176  182     -0.477      0.079      0.000 4
 178  183     -0.470     -0.688      0.000 4
 177  184     -0.470      0.189      0.000 4
 174  185     -0.459     -1.162      0.000 4
 179  187     -0.453     -0.053      0.000 4
 181  188     -0.437     -0.957      0.000 4
 180  190     -0.436     -0.137      0.000 4
  -1   -2     -0.433     -1.061      0.000 4
 182  191     -0.430     -0.295      0.000 4
 183  192     -0.419     -0.848      0.000 4
 185  193     -0.414      0.457      0.000 4
  -1   -2     -0.396      1.079      0.000 4
 188  194     -0.395      0.759      0.000 4
 187   -2     -0.390      0.644      0.000 4
 186  195     -0.389     -0.520      0.000 4
 189  196     -0.382     -0.615      0.000 4
 192  197     -0.376     -0.971      0.000 4
 191  199     -0.374      0.324      0.000 4
 193  200     -0.370     -0.192      0.000 4
 194  201     -0.367      1.075      0.000 4
  -1   -2     -0.360     -0.401      0.000 4
 195  203     -0.359     -0.680      0.000 4
  -1  202     -0.356      0.738      0.000 4
 196  206     -0.353     -0.299      0.000 4
 197  207     -0.350      1.000      0.000 4
  -1   -2     -0.349     -1.165      0.000 4
 198  209     -0.345     -0.262      0.000 4
 199  210     -0.336      0.885      0.000 4
  -1   -2     -0.330     -0.431      0.000 4
  -1  211     -0.316      0.464      0.000 4
 201  213     -0.307     -0.587      0.000 4
 202  214     -0.301     -0.943      0.000 4
  -1   -2     -0.291     -0.857      0.000 4
 204  215     -0.291     -0.997      0.000 4
 203  216     -0.290      0.809      0.000 4
  -1  217     -0.288     -0.766      0.000 4
 206  220     -0.278      0.302      0.000 4
 205  219     -0.267     -1.167      0.000 4
 208  221     -0.267     -1.084      0.000 4
 211  224     -0.240      0.420      0.000 4
 212  228     -0.232     -0.413      0.000 4
 213  227     -0.232     -0.689      0.000 4
 215  229     -0.225     -1.091      0.000 4
 216  230     -0.211      0.123      0.000 4
  -1   -2     -0.209     -1.008      0.000 4
 217  231     -0.201      0.338      0.000 4
 214  232     -0.200      0.730      0.000 4
 219  233     -0.185     -0.819      0.000 4
  -1   -2     -0.183      1.106      0.000 4
  -1  234     -0.168      0.013      0.000 4
  -1   -2     -0.163     -0.589      0.000 4
  -1  235     -0.151      0.069      0.000 4
 231  236     -0.151     -0.899      0.000 4
  -1  239     -0.148     -1.122      0.000 4
 224  238     -0.145     -0.272      0.000 4
 225  243     -0.144     -0.616      0.000 4
  -1   -2     -0.136      0.740      0.000 4
 226  240     -0.131     -1.038      0.000 4
 227   -2     -0.129     -0.672      0.000 4
 228  241     -0.118     -0.195      0.000 4
 229  242     -0.115      0.489      0.000 4
 230  244     -0.109      0.386      0.000 4
 238   -2     -0.103     -1.147      0.000 4
 232  246     -0.101      0.631      0.000 4
 233  245     -0.101      1.115      0.000 4
 234  248     -0.093     -0.091      0.000 4
 235  249     -0.085      0.331      0.000 4
 237  254     -0.084     -0.332      0.000 4
 241  252     -0.064      0.225      0.000 4
 242  251     -0.064     -0.169      0.000 4
 240   -2     -0.063     -0.643      0.000 4
 244  250     -0.059     -1.150      0.000 4
 245   -2     -0.048     -0.342      0.000 4
 246  255     -0.047      0.352      0.000 4
 247  256     -0.041      0.595      0.000 4
  -1  257     -0.026      0.764      0.000 4
 248  258     -0.020     -0.015      0.000 4
  -1  259     -0.011      0.122      0.000 4
 243  260     -0.001     -0.489      0.000 4
 250  261      0.009      0.573      0.000 4
 251  262      0.013      0.992      0.000 4
 252  263      0.015      0.314      0.000 4
 254  264      0.031      0.373      0.000 4
 255  265      0.034      0.044      0.000 4
 256  267      0.041      0.584      0.000 4
 258  268      0.054      0.334      0.000 4
 259  269      0.061      0.915      0.000 4
 261  272      0.065     -1.092      0.000 4
 260  271      0.067      0.659      0.000 4
  -1   -2      0.068      0.591      0.000 4
  -1  273      0.078      0.804      0.000 4
 262  274      0.079     -0.934      0.000 4
 263  275      0.082      1.156      0.000 4
 265  276      0.098      0.146      0.000 4
 266  278      0.108      0.457      0.000 4
 268   -2      0.109     -1.166      0.000 4
 267  279      0.111      0.100      0.000 4
  -1  281      0.121     -0.068      0.000 4
  -1   -2      0.128      0.982      0.000 4
  -1   -2      0.133      0.885      0.000 4
  -1   -2      0.136      0.806      0.000 4
 270  282      0.136      0.851      0.000 4
 272  284      0.150     -0.496      0.000 4
 273  283      0.150      1.056      0.000 4
 274  285      0.150     -0.610      0.000 4
  -1  280      0.164     -1.130      0.000 4
  -1  287      0.168     -0.269      0.000 4
  -1  288      0.170     -0.101      0.000 4
 264   -2      0.174     -0.696      0.000 4
 276  289      0.178      0.367      0.000 4
 279   -2      0.198     -0.468      0.000 4
 280  292      0.201      0.977      0.000 4
 278  291      0.210      1.068      0.000 4
 282  293      0.210      0.563      0.000 4
 283   -2      0.212     -1.163      0.000 4
 284  294      0.213      0.020      0.000 4
 281  295      0.214     -1.023      0.000 4
 285  298      0.226     -0.579      0.000 4
 286  297      0.226     -0.894      0.000 4
 287  299      0.237     -0.162      0.000 4
 299   -2      0.246     -1.018      0.000 4
 289  302      0.253     -0.664      0.000 4
 288  300      0.256      0.971      0.000 4
 290   -2      0.258     -0.383      0.000 4
 291  304      0.259     -0.911      0.000 4
 293   -2      0.268      0.734      0.000 4
  -1  305      0.268      0.802      0.000 4
 295  307      0.271      0.242      0.000 4
 294  306      0.271      1.124      0.000 4
 297  309      0.279     -0.160      0.000 4
 298  310      0.281      0.159      0.000 4
  -1  308      0.281     -0.855      0.000 4
  -1   -2      0.308      0.712      0.000 4
 300   -2      0.309     -0.337      0.000 4
 303  311      0.311     -1.171      0.000 4
 301  313      0.312      0.048      0.000 4
 302  314      0.313     -0.207      0.000 4
 308  303      0.319     -0.406      0.000 4
 306   -2      0.322     -0.600      0.000 4
 305  316      0.323      1.030      0.000 4
 309  319      0.367      0.050      0.000 4
 310  321      0.373     -0.818      0.000 4
  -1   -2      0.375      1.137      0.000 4
 312  322      0.377      0.294      0.000 4
 313  323      0.387     -0.421      0.000 4
 315  325      0.389      0.163      0.000 4
 314  324      0.389     -0.984      0.000 4
 316   -2      0.395     -0.473      0.000 4
  -1   -2      0.417      1.034      0.000 4
 318  327      0.420     -0.898      0.000 4
 319  328      0.421     -0.006      0.000 4
 320  329      0.421     -0.679      0.000 4
  -1  332      0.422     -1.125      0.000 4
  -1   -2      0.424     -1.033      0.000 4
  -1  333      0.427      0.712      0.000 4
 321  330      0.440     -0.613      0.000 4
  -1   -2      0.444     -0.152      0.000 4
 337  317      0.445      1.119      0.000 4
  -1   -2      0.450      0.567      0.000 4
 323  335      0.450      0.319      0.000 4
 324  334      0.456     -0.440      0.000 4
 325   -2      0.456      0.752      0.000 4
 326  338      0.473      0.688      0.000 4
 327  337      0.474     -0.035      0.000 4
  -1   -2      0.474     -1.164      0.000 4
  -1   -2      0.484     -1.119      0.000 4
 328   -2      0.485      0.319      0.000 4
 329  340      0.488     -0.803      0.000 4
 331  341      0.492     -0.360      0.000 4
 355   -2      0.497     -0.169      0.000 4
 332  343      0.499      0.772      0.000 4
 334  344      0.499     -0.630      0.000 4
 335  345      0.504     -0.965      0.000 4
 336  346      0.521      0.329      0.000 4
  -1   -2      0.534     -0.801      0.000 4
 338  347      0.538     -0.918      0.000 4
 339  348      0.540     -0.583      0.000 4
 340  350      0.552     -0.044      0.000 4
 322  362      0.555     -1.169      0.000 4
 341  351      0.558     -0.439      0.000 4
 349   -2      0.559     -0.964      0.000 4
 342  352      0.560      0.916      0.000 4
 344  354      0.570      0.548      0.000 4
 345  355      0.572      1.045      0.000 4
 346  357      0.588      0.328      0.000 4
 347  358      0.591      0.822      0.000 4
  -1   -2      0.596     -0.902      0.000 4
 348  359      0.599     -0.749      0.000 4
 351   -2      0.618     -0.416      0.000 4
 354  361      0.619      0.494      0.000 4
  -1  363      0.622     -0.685      0.000 4
 356  364      0.626     -0.843      0.000 4
 358  366      0.641      0.862      0.000 4
 359  367      0.643     -0.460      0.000 4
 361  368      0.648     -0.498      0.000 4
 357  365      0.650      0.946      0.000 4
 350   -2      0.650     -1.156      0.000 4
  -1   -2      0.662      0.295      0.000 4
 362  370      0.685     -1.035      0.000 4
 364   -2      0.699     -0.451      0.000 4
 366  372      0.702     -0.378      0.000 4
 378  374      0.704     -0.063      0.000 4
 368   -2      0.708     -0.699      0.000 4
 370  373      0.712     -0.874      0.000 4
 367  375      0.715      0.296      0.000 4
 369  376      0.718      1.087      0.000 4
  -1  377      0.726     -0.995      0.000 4
 371  379      0.745      0.395      0.000 4
 372  378      0.746      0.342      0.000 4
 375  371      0.749     -0.466      0.000 4
 374  380      0.751     -0.643      0.000 4
 377  381      0.757      0.643      0.000 4
 376  382      0.763     -0.202      0.000 4
 379   -2      0.784     -0.818      0.000 4
 380  386      0.804     -0.037      0.000 4
 381  387      0.804      0.912      0.000 4
 384  388      0.816      0.096      0.000 4
 373  400      0.822     -1.135      0.000 4
 382  390      0.825     -0.876      0.000 4
 385  392      0.841     -0.795      0.000 4
  -1  393      0.842     -0.202      0.000 4
 386  391      0.845      0.166      0.000 4
 387  394      0.850     -1.068      0.000 4
  -1   -2      0.856     -0.154      0.000 4
  -1   -2      0.859     -0.845      0.000 4
 388  396      0.859     -0.272      0.000 4
 390  397      0.863      0.427      0.000 4
 391  398      0.865      0.658      0.000 4
  -1   -2      0.869      0.297      0.000 4
 392  399      0.870      0.710      0.000 4
 393   -2      0.872      0.480      0.000 4
 396  403      0.881     -0.456      0.000 4
 397  402      0.888      1.089      0.000 4
 400  404      0.898      0.235      0.000 4
 399   -2      0.899     -0.876      0.000 4
  -1  405      0.902     -1.006      0.000 4
 401  406      0.907     -0.544      0.000 4
  -1  407      0.912     -0.801      0.000 4
 402   -2      0.914     -0.325      0.000 4
 403   -2      0.916      0.807      0.000 4
 405  408      0.931     -1.002      0.000 4
 404  409      0.932      0.026      0.000 4
 406  410      0.932      0.528      0.000 4
 407  411      0.934     -0.250      0.000 4
 408  413      0.935     -0.153      0.000 4
  -1   -2      0.937     -0.865      0.000 4
  -1  414      0.938     -1.082      0.000 4
 410  415      0.941     -0.699      0.000 4
 411  416      0.952      0.459      0.000 4
  -1   -2      0.974     -0.287      0.000 4
 415  418      0.977     -0.036      0.000 4
 416  419      0.982     -0.240      0.000 4
 414  420      0.983     -1.112      0.000 4
  -1   -2      0.990      0.707      0.000 4
  -1   -2      0.993      0.764      0.000 4
 419   -2      1.002      0.669      0.000 4
 418  417      1.004     -0.823      0.000 4
 420  421      1.005     -0.589      0.000 4
 421  422      1.011     -0.324      0.000 4
 430   -2      1.024     -0.006      0.000 4
 424  426      1.032      0.266      0.000 4
  -1  424      1.035      0.717      0.000 4
 426  428      1.043      0.839      0.000 4
 425  429      1.043     -0.883      0.000 4
 429  431      1.059      0.971      0.000 4
  -1  430      1.065      0.097      0.000 4
 427  432      1.067     -1.168      0.000 4
 431  434      1.081     -0.642      0.000 4
 447   -2      1.084      0.637      0.000 4
 432  440      1.099     -0.557      0.000 4
 433  436      1.111      1.031      0.000 4
 434  437      1.112     -0.967      0.000 4
  -1  438      1.121      0.710      0.000 4
 435  441      1.140     -0.767      0.000 4
 436   -2      1.140     -0.541      0.000 4
 437  442      1.141      0.269      0.000 4
  -1  443      1.157      1.029      0.000 4
 440  444      1.157      0.879      0.000 4
 439  445      1.158     -1.070      0.000 4
 444  439      1.174     -1.167      0.000 4
 441  447      1.176      0.962      0.000 4
 443  448      1.186      0.283      0.000 4
 445  449      1.190     -0.358      0.000 4
 446  450      1.203     -0.485      0.000 4
 448  452      1.225      0.391      0.000 4
  -1   -2      1.228     -0.139      0.000 4
 449  453      1.229     -0.549      0.000 4
 450  454      1.230      0.991      0.000 4
 453  458      1.272     -0.476      0.000 4
  -1   -2      1.272     -0.990      0.000 4
  -1  459      1.279     -1.168      0.000 4
 454  461      1.300      0.728      0.000 4
 455   -2      1.304     -0.943      0.000 4
 456  462      1.305     -0.544      0.000 4
 457  460      1.321     -0.437      0.000 4
 458  463      1.335      0.176      0.000 4
 459  464      1.343     -1.051      0.000 4
 460  466      1.366     -0.907      0.000 4
 461  465      1.368      1.080      0.000 4
 462  467      1.370     -0.215      0.000 4
 465  468      1.378     -0.318      0.000 4
 467  469      1.380      0.239      0.000 4
 466  470      1.380      0.509      0.000 4
 468  471      1.384     -0.964      0.000 4
 469  473      1.395     -0.437      0.000 4
 473  472      1.399     -0.374      0.000 4
 471  474      1.410     -0.914      0.000 4
 472  475      1.418      0.574      0.000 4
 463   -2      1.427     -1.162      0.000 4
 474  478      1.446      0.268      0.000 4
 476  480      1.450      0.804      0.000 4
 475   -2      1.450     -1.067      0.000 4
  -1   -2      1.455      1.039      0.000 4
  -1   -2      1.471      0.994      0.000 4
 477  482      1.474     -0.714      0.000 4
 478  481      1.475     -0.037      0.000 4
 479   -2      1.484     -0.179      0.000 4
  -1  483      1.486     -0.235      0.000 4
 481  485      1.488      0.418      0.000 4
 482  486      1.501      0.076      0.000 4
  -1  487      1.507     -0.704      0.000 4
  -1  484      1.508     -1.137      0.000 4
 483  488      1.523      0.684      0.000 4
 484  489      1.524      0.567      0.000 4
 485  490      1.528      1.066      0.000 4
 487  492      1.540      0.369      0.000 4
 486  491      1.541     -0.578      0.000 4
  -1  495      1.545      0.106      0.000 4
  -1  493      1.545      0.763      0.000 4
 489  496      1.546     -1.001      0.000 4
 488  494      1.548     -0.885      0.000 4
 490  497      1.557     -0.778      0.000 4
 491  498      1.563      1.109      0.000 4
