488
   0    1     -1.557      0.809      0.000 4
   1    3     -1.549     -0.028      0.000 4
   2    5     -1.542      0.250      0.000 4
   3    6     -1.536      0.907      0.000 4
  -1   -2     -1.524     -1.133      0.000 4
   6   11     -1.488      0.213      0.000 4
  10   13     -1.476      0.826      0.000 4
   8   16     -1.474      0.277      0.000 4
   9   14     -1.472      0.499      0.000 4
   7   15     -1.471      0.625      0.000 4
  -1   17     -1.466     -1.127      0.000 4
  11   19     -1.465     -0.267      0.000 4
  14   18     -1.464      0.974      0.000 4
  15   21     -1.460      0.390      0.000 4
  16   25     -1.439      0.151      0.000 4
  17   23     -1.439     -0.573      0.000 4
  18   26     -1.415     -0.673      0.000 4
  20   27     -1.411     -0.320      0.000 4
  22   28     -1.401      0.327      0.000 4
  23   -2     -1.400      0.676      0.000 4
  -1   -2     -1.389      0.272      0.000 4
  24   30     -1.385      0.728      0.000 4
  27   33     -1.373     -0.359      0.000 4
  29   32     -1.372      1.078      0.000 4
  21   -2     -1.369     -1.130      0.000 4
  31   34     -1.363     -0.861      0.000 4
  32   -2     -1.361     -1.005      0.000 4
  28   36     -1.360      0.273      0.000 4
  -1   -2     -1.356     -0.699      0.000 4
  33   37     -1.353      0.603      0.000 4
  34   39     -1.348      0.067      0.000 4
  36   41     -1.337     -1.104      0.000 4
  37   -2     -1.334     -0.968      0.000 4
  38   -2     -1.333      0.994      0.000 4
  39   45     -1.315      0.894      0.000 4
  41   46     -1.303     -0.786      0.000 4
  42   47     -1.293     -0.003      0.000 4
  -1   44     -1.291      0.039      0.000 4
  30   64     -1.285     -1.172      0.000 4
  47   49     -1.282     -0.951      0.000 4
  46   50     -1.276      0.165      0.000 4
  48   51     -1.272     -0.322      0.000 4
  50   53     -1.259      0.636      0.000 4
  -1   54     -1.256      0.532      0.000 4
  51   55     -1.252     -0.600      0.000 4
  53   56     -1.238      0.967      0.000 4
  54   57     -1.234     -0.805      0.000 4
  55   58     -1.229     -0.503      0.000 4
  57   61     -1.214     -1.096      0.000 4
  -1   -2     -1.203     -0.436      0.000 4
  -1   -2     -1.200     -0.746      0.000 4
  58   62     -1.191      0.804      0.000 4
  59   63     -1.185     -0.620      0.000 4
  60   -2     -1.181     -1.170      0.000 4
  -1   71     -1.180      0.602      0.000 4
  61   65     -1.168     -0.844      0.000 4
  63   67     -1.165     -0.113      0.000 4
  62   66     -1.165     -0.808      0.000 4
  64   68     -1.159      1.007      0.000 4
  66   70     -1.151      0.705      0.000 4
  68   72     -1.117     -1.036      0.000 4
  69   73     -1.115      1.020      0.000 4
  67   76     -1.108      0.623      0.000 4
  70   74     -1.106     -0.337      0.000 4
  71   75     -1.087      0.391      0.000 4
  -1   -2     -1.069      0.063      0.000 4
  73   79     -1.058     -0.363      0.000 4
  -1   78     -1.048     -0.670      0.000 4
  75   80     -1.048     -1.170      0.000 4
  74   81     -1.048     -0.103      0.000 4
  76   82     -1.041     -1.038      0.000 4
  77   83     -1.037      0.790      0.000 4
  78   85     -1.032     -0.277      0.000 4
  79   84     -1.030     -0.715      0.000 4
  81   86     -1.017     -0.846      0.000 4
  80   87     -1.017      0.390      0.000 4
  83   88     -1.003      0.470      0.000 4
  85   90     -0.991      1.013      0.000 4
  86   89     -0.988     -1.102      0.000 4
  87   92     -0.983     -0.158      0.000 4
  98   -2     -0.981      0.571      0.000 4
  88   91     -0.981      0.900      0.000 4
  89   96     -0.969      0.381      0.000 4
  92   97     -0.965      1.048      0.000 4
  91   98     -0.964     -0.428      0.000 4
  90   99     -0.964      0.187      0.000 4
  93  100     -0.959     -0.216      0.000 4
  94   95     -0.954     -0.984      0.000 4
  95  101     -0.952     -0.177      0.000 4
  97  103     -0.944      0.775      0.000 4
  96  102     -0.943     -0.928      0.000 4
 100  104     -0.927      0.335      0.000 4
  -1  106     -0.915      1.087      0.000 4
  -1  107     -0.908     -0.764      0.000 4
 108  109     -0.899     -1.082      0.000 4
  -1  111     -0.883     -1.167      0.000 4
 104  110     -0.879      0.893      0.000 4
 105  112     -0.879      0.571      0.000 4
 107  113     -0.861      0.304      0.000 4
 110  114     -0.851     -0.740      0.000 4
 111  117     -0.838      0.692      0.000 4
 112  118     -0.836     -0.611      0.000 4
 113  119     -0.833     -0.691      0.000 4
 114  120     -0.822      1.089      0.000 4
  -1   -2     -0.822     -1.088      0.000 4
 116  125     -0.818     -1.163      0.000 4
 115  121     -0.818      1.044      0.000 4
 117  122     -0.810     -0.444      0.000 4
 118  124     -0.797     -0.139      0.000 4
  -1   -2     -0.794      0.736      0.000 4
 121   -2     -0.789     -0.492      0.000 4
 120  126     -0.786     -0.218      0.000 4
  -1   -2     -0.781     -0.041      0.000 4
 122  127     -0.780      0.996      0.000 4
 102  161     -0.778     -0.800      0.000 4
  -1  129     -0.770      0.816      0.000 4
 124  130     -0.768     -0.754      0.000 4
 125  131     -0.765     -0.012      0.000 4
 126  132     -0.759      0.889      0.000 4
 127  137     -0.750      0.304      0.000 4
 128  138     -0.749     -0.944      0.000 4
  -1  139     -0.747      0.407      0.000 4
  -1   -2     -0.746     -0.386      0.000 4
  -1   -2     -0.742     -0.606      0.000 4
 130  136     -0.741     -1.011      0.000 4
  -1  133     -0.731     -0.227      0.000 4
 132  142     -0.724      0.575      0.000 4
 133  141     -0.722     -0.454      0.000 4
 134  144     -0.716      0.987      0.000 4
 135  145     -0.711     -0.062      0.000 4
 136  146     -0.700      0.384      0.000 4
 137  147     -0.693      0.033      0.000 4
 140   -2     -0.680     -0.362      0.000 4
 141  149     -0.679      1.071      0.000 4
 143  154     -0.677     -1.170      0.000 4
 139  148     -0.675     -1.123      0.000 4
 142  151     -0.670      1.017      0.000 4
 144  152     -0.664     -0.156      0.000 4
 147  156     -0.662      0.139      0.000 4
 148  153     -0.659     -0.566      0.000 4
 150  155     -0.654     -1.082      0.000 4
 149  157     -0.648      0.741      0.000 4
  -1   -2     -0.635     -1.120      0.000 4
 152  159     -0.635     -0.110      0.000 4
 154  160     -0.620     -1.008      0.000 4
 145   -2     -0.607     -0.777      0.000 4
  -1   -2     -0.598      0.221      0.000 4
 156  162     -0.588      0.904      0.000 4
 158   -2     -0.586     -1.104      0.000 4
  -1  163     -0.577     -1.167      0.000 4
 157  164     -0.573     -0.308      0.000 4
 162  165     -0.568     -0.944      0.000 4
 160  166     -0.568     -0.790      0.000 4
 159   -2     -0.568     -0.448      0.000 4
 161  167     -0.566     -0.531      0.000 4
 163   -2     -0.558     -0.995      0.000 4
  -1  168     -0.551      1.076      0.000 4
 166   -2     -0.539     -1.085      0.000 4
  -1   -2     -0.528      0.560      0.000 4
 167  170     -0.523      0.040      0.000 4
 169  171     -0.512      0.359      0.000 4
 168  172     -0.511     -0.531      0.000 4
 173  175     -0.496      0.695      0.000 4
 174  176     -0.494      0.493      0.000 4
 172   -2     -0.493      0.558      0.000 4
 175  177     -0.491     -0.250      0.000 4
 178  179     -0.471      0.998      0.000 4
 176   -2     -0.469     -1.166      0.000 4
 180  180     -0.455     -0.705      0.000 4
 181  181     -0.445      0.077      0.000 4
 182  184     -0.440      0.189      0.000 4
 183  183     -0.438     -0.976      0.000 4
  -1  185     -0.433     -0.799      0.000 4
 184  186     -0.425     -0.058      0.000 4
 185  187     -0.415     -0.869      0.000 4
 186  188     -0.409     -0.140      0.000 4
 187  189     -0.405     -0.308      0.000 4
 188  191     -0.387      0.462      0.000 4
 189  195     -0.377     -0.993      0.000 4
 191  196     -0.371     -0.543      0.000 4
 192  197     -0.370     -0.632      0.000 4
 193  198     -0.369      0.774      0.000 4
 194  194     -0.367      1.101      0.000 4
  -1  199     -0.366      0.662      0.000 4
 195  201     -0.357      0.537      0.000 4
 199  202     -0.350      1.030      0.000 4
 196  203     -0.349      0.333      0.000 4
 198  200     -0.348     -0.702      0.000 4
 197  204     -0.344     -0.201      0.000 4
 200  205     -0.329      0.911      0.000 4
 201  207     -0.326     -0.285      0.000 4
 202  209     -0.301     -0.970      0.000 4
 203  210     -0.294     -0.612      0.000 4
 204  211     -0.291     -1.024      0.000 4
 206  213     -0.280      0.836      0.000 4
 205  212     -0.280     -0.793      0.000 4
 208  214     -0.271     -1.112      0.000 4
 209  216     -0.269     -1.173      0.000 4
 210  217     -0.261      0.319      0.000 4
  -1   -2     -0.257      0.091      0.000 4
 207  223     -0.239      0.514      0.000 4
 214  219     -0.231     -0.912      0.000 4
 213  222     -0.229      0.814      0.000 4
  -1   -2     -0.226      1.048      0.000 4
  -1  220     -0.225     -0.145      0.000 4
 215  221     -0.224     -0.721      0.000 4
 216   -2     -0.223     -1.094      0.000 4
 212   -2     -0.222      0.438      0.000 4
 218  224     -0.216     -0.434      0.000 4
  -1   -2     -0.212      1.117      0.000 4
  -1  225     -0.191      0.121      0.000 4
 219  227     -0.184      0.749      0.000 4
  -1  226     -0.181      0.569      0.000 4
  -1  229     -0.158     -0.003      0.000 4
  -1   -2     -0.143     -1.117      0.000 4
 223  230     -0.141     -0.826      0.000 4
  -1   -2     -0.140     -0.935      0.000 4
 224  231     -0.138     -0.147      0.000 4
 225  232     -0.131     -1.073      0.000 4
 226   -2     -0.129     -0.288      0.000 4
 230  233     -0.120     -0.709      0.000 4
 228  235     -0.107      0.511      0.000 4
 229  236     -0.100     -0.213      0.000 4
  -1  234     -0.098     -1.159      0.000 4
 231  238     -0.092      0.658      0.000 4
  -1   -2     -0.086      0.915      0.000 4
 233  239     -0.079     -0.102      0.000 4
 235  240     -0.073      0.343      0.000 4
 234   -2     -0.060      0.737      0.000 4
 236   -2     -0.055     -0.678      0.000 4
 238  241     -0.053      0.232      0.000 4
  -1   -2     -0.049     -0.756      0.000 4
 240  242     -0.048     -0.187      0.000 4
 241  244     -0.039     -0.357      0.000 4
 242  245     -0.036      0.366      0.000 4
 243  246     -0.035      0.622      0.000 4
 245   -2     -0.017      0.902      0.000 4
  -1   -2     -0.011     -0.022      0.000 4
  -1  247     -0.005      0.121      0.000 4
 246  249     -0.002     -1.168      0.000 4
 247  248      0.000      0.787      0.000 4
  -1   -2      0.006     -0.521      0.000 4
 248  250      0.011      1.032      0.000 4
 249   -2      0.019      0.904      0.000 4
 250  253      0.022      0.325      0.000 4
 253  256      0.043      0.610      0.000 4
 254  255      0.046      0.035      0.000 4
 255  258      0.059      0.350      0.000 4
 256  259      0.061      0.955      0.000 4
 257  260      0.067      0.693      0.000 4
 258  261      0.071      0.838      0.000 4
  -1   -2      0.076     -1.148      0.000 4
 259  262      0.079     -0.973      0.000 4
  -1   -2      0.086     -0.933      0.000 4
 261  264      0.097     -0.766      0.000 4
 262  265      0.102      0.147      0.000 4
 263  266      0.109      0.476      0.000 4
 264  267      0.113      0.100      0.000 4
  -1   -2      0.120      0.421      0.000 4
 265  269      0.132      0.899      0.000 4
  -1   -2      0.140     -0.955      0.000 4
 266  271      0.147      0.200      0.000 4
 267  270      0.147      1.099      0.000 4
 269  273      0.152     -0.524      0.000 4
 268  274      0.154     -0.644      0.000 4
  -1   -2      0.157     -0.721      0.000 4
  -1  275      0.172     -0.113      0.000 4
 270  276      0.172     -0.291      0.000 4
 271  277      0.175      0.380      0.000 4
 272  278      0.186     -0.745      0.000 4
 274   -2      0.195      1.016      0.000 4
 275   -2      0.204     -0.495      0.000 4
 276  280      0.206      0.588      0.000 4
 278  282      0.210      0.015      0.000 4
 279  283      0.215     -1.063      0.000 4
 280   -2      0.219     -0.334      0.000 4
 282  284      0.227     -0.931      0.000 4
 281   -2      0.227     -0.599      0.000 4
 283  285      0.234     -0.177      0.000 4
 284  286      0.248      0.129      0.000 4
 285  287      0.251      1.010      0.000 4
  -1  288      0.252     -0.698      0.000 4
 286  289      0.256     -0.408      0.000 4
 289  292      0.266      0.250      0.000 4
 290  281      0.267      1.164      0.000 4
 291  295      0.277      0.149      0.000 4
 305   -2      0.287      0.614      0.000 4
  -1   -2      0.304     -1.060      0.000 4
 294  297      0.306      0.045      0.000 4
  -1   -2      0.307     -0.362      0.000 4
 293  299      0.311     -1.175      0.000 4
 297  301      0.317      1.068      0.000 4
 298  300      0.330     -0.635      0.000 4
  -1  304      0.358      0.048      0.000 4
 301  306      0.364      0.307      0.000 4
 300  305      0.365      0.242      0.000 4
 302  307      0.372     -0.851      0.000 4
 303  309      0.372     -0.443      0.000 4
 304  308      0.377      0.170      0.000 4
 306  310      0.390     -0.495      0.000 4
  -1   -2      0.399      0.928      0.000 4
  -1   -2      0.399     -1.111      0.000 4
 308  312      0.409     -0.010      0.000 4
 299  320      0.413      0.738      0.000 4
 311  313      0.417     -0.706      0.000 4
 310  314      0.417     -0.928      0.000 4
 320   -2      0.425     -1.158      0.000 4
 312  315      0.434     -0.637      0.000 4
 316   -2      0.442      0.775      0.000 4
 319  318      0.445      0.331      0.000 4
 318  321      0.446     -0.461      0.000 4
 317  322      0.446     -0.835      0.000 4
 321  324      0.459     -0.041      0.000 4
 313   -2      0.465      0.718      0.000 4
  -1  326      0.475      0.446      0.000 4
 322  325      0.479      0.945      0.000 4
 325   -2      0.482     -0.664      0.000 4
 324  327      0.484     -0.829      0.000 4
  -1  323      0.486     -1.143      0.000 4
  -1  329      0.499      0.332      0.000 4
 326   -2      0.503     -0.986      0.000 4
 327   -2      0.506      0.747      0.000 4
  -1  328      0.511     -0.645      0.000 4
 330  330      0.534     -0.049      0.000 4
 328  331      0.534     -0.597      0.000 4
  -1  332      0.534      0.883      0.000 4
 329  333      0.535     -0.941      0.000 4
 334  335      0.549      0.947      0.000 4
 333  339      0.549     -0.200      0.000 4
  -1  337      0.550      0.167      0.000 4
 335  336      0.551      0.569      0.000 4
 336   -2      0.559     -0.987      0.000 4
 337  340      0.564      1.078      0.000 4
 338  338      0.565      0.345      0.000 4
 339  341      0.576      0.849      0.000 4
 340  342      0.592     -0.768      0.000 4
 341  343      0.597      0.513      0.000 4
  -1   -2      0.604     -0.170      0.000 4
 342  345      0.605     -0.658      0.000 4
 344  344      0.607     -1.023      0.000 4
 345  346      0.622     -0.860      0.000 4
 347  348      0.628      0.974      0.000 4
 346  347      0.629      0.890      0.000 4
 348  349      0.633     -0.493      0.000 4
 349  350      0.635     -1.162      0.000 4
 350  352      0.675      0.270      0.000 4
 353  356      0.679      0.312      0.000 4
 352  355      0.686     -0.386      0.000 4
  -1   -2      0.687      0.163      0.000 4
 354  357      0.695     -0.878      0.000 4
 357  360      0.717      0.355      0.000 4
 356  359      0.718      0.407      0.000 4
 358  362      0.726     -0.902      0.000 4
 359  361      0.733      0.663      0.000 4
 360  364      0.738     -0.076      0.000 4
  -1  365      0.738     -0.197      0.000 4
 361  366      0.742     -0.653      0.000 4
 362  368      0.771      0.944      0.000 4
 363  369      0.778     -0.039      0.000 4
  -1  370      0.779     -0.826      0.000 4
  -1  371      0.784      0.100      0.000 4
 364  372      0.784     -1.034      0.000 4
 366  373      0.807      0.923      0.000 4
 367  375      0.817     -1.139      0.000 4
 368   -2      0.822      0.171      0.000 4
  -1  376      0.823     -0.883      0.000 4
 370   -2      0.831     -0.265      0.000 4
 369  374      0.831      0.125      0.000 4
 371  377      0.832     -0.155      0.000 4
 373  378      0.834      0.439      0.000 4
 374  380      0.839     -0.803      0.000 4
 375  379      0.839      0.673      0.000 4
 376  382      0.847      0.726      0.000 4
 381   -2      0.848      0.308      0.000 4
 377  384      0.853     -1.072      0.000 4
  -1  385      0.856     -0.848      0.000 4
 395   -2      0.863      0.026      0.000 4
 380  381      0.864     -0.288      0.000 4
 382  386      0.866     -0.456      0.000 4
 383  387      0.869      0.244      0.000 4
 384  388      0.870      1.097      0.000 4
  -1  402      0.878      0.593      0.000 4
 385  392      0.894      1.129      0.000 4
 386  391      0.895     -0.544      0.000 4
  -1  389      0.895     -0.224      0.000 4
 397   -2      0.902     -1.134      0.000 4
 388  395      0.902     -1.006      0.000 4
 390  394      0.902      0.540      0.000 4
  -1  397      0.904     -0.942      0.000 4
 379  409      0.904     -0.801      0.000 4
 392  399      0.911     -0.150      0.000 4
 391  400      0.911     -0.248      0.000 4
 393  401      0.914      0.465      0.000 4
 394  405      0.918     -0.868      0.000 4
 396  403      0.931     -1.002      0.000 4
 398  404      0.933     -0.696      0.000 4
  -1   -2      0.947     -0.533      0.000 4
  -1  408      0.954      0.363      0.000 4
 400  407      0.954     -0.033      0.000 4
 401  410      0.960     -0.234      0.000 4
  -1  413      0.975      0.683      0.000 4
  -1  415      0.984     -0.083      0.000 4
 402  414      0.986     -1.112      0.000 4
 403  417      0.990     -0.327      0.000 4
 404  416      0.991      0.001      0.000 4
 405  418      0.993     -0.586      0.000 4
 407  421      1.007      0.266      0.000 4
 408  422      1.017      0.601      0.000 4
 409  423      1.022      0.845      0.000 4
 410  424      1.028      0.107      0.000 4
 411  425      1.036     -0.681      0.000 4
 412  426      1.045      0.979      0.000 4
 414  429      1.071     -0.630      0.000 4
 419  428      1.077     -1.168      0.000 4
 406   -2      1.093      0.715      0.000 4
 415  431      1.097     -0.557      0.000 4
 416  432      1.101      1.032      0.000 4
 417  433      1.107     -0.955      0.000 4
  -1   -2      1.119      0.265      0.000 4
  -1   -2      1.125     -0.187      0.000 4
 418  434      1.127     -0.529      0.000 4
 420  435      1.136     -0.753      0.000 4
 421  436      1.143      0.878      0.000 4
 422  437      1.145     -0.837      0.000 4
 423   -2      1.149      1.029      0.000 4
 425  438      1.159     -1.057      0.000 4
 426  439      1.170      0.557      0.000 4
 427  440      1.174     -0.344      0.000 4
 428  441      1.185     -0.274      0.000 4
 429  442      1.187     -0.468      0.000 4
 431  443      1.192      0.390      0.000 4
 430  445      1.193     -1.145      0.000 4
 432  446      1.202      0.020      0.000 4
 434  447      1.214     -0.535      0.000 4
 435  448      1.218      0.987      0.000 4
 436   -2      1.232     -1.078      0.000 4
 437  451      1.244     -0.471      0.000 4
 440  453      1.253      0.423      0.000 4
 441  455      1.266     -0.440      0.000 4
 442  456      1.283      0.721      0.000 4
 444  457      1.294     -0.521      0.000 4
  -1   -2      1.307     -0.061      0.000 4
 446  459      1.310      0.173      0.000 4
  -1  460      1.315      0.108      0.000 4
 443  466      1.335     -1.170      0.000 4
 448  462      1.342     -1.024      0.000 4
  -1   -2      1.351     -1.169      0.000 4
 450  463      1.353      0.499      0.000 4
 449  464      1.354     -0.199      0.000 4
 451  465      1.354      0.238      0.000 4
 452  467      1.358      1.070      0.000 4
 453  468      1.362     -0.298      0.000 4
 454  469      1.365     -0.880      0.000 4
 455  471      1.380     -0.415      0.000 4
 458  470      1.381     -0.353      0.000 4
 457  472      1.384     -0.935      0.000 4
 460  473      1.392      0.556      0.000 4
 459  478      1.402     -1.129      0.000 4
 461  474      1.402     -0.146      0.000 4
 463  475      1.407     -0.883      0.000 4
  -1   -2      1.416     -1.121      0.000 4
  -1   -2      1.419     -0.668      0.000 4
 465  477      1.421      0.267      0.000 4
 466  479      1.429      0.786      0.000 4
 468  480      1.444      1.018      0.000 4
  -1  482      1.449     -0.998      0.000 4
 469   -2      1.458      0.979      0.000 4
 470  484      1.460     -1.111      0.000 4
 471  483      1.461     -0.030      0.000 4
 472  485      1.465      0.409      0.000 4
 473  487      1.468     -0.682      0.000 4
 474   -2      1.468     -0.645      0.000 4
 475  486      1.469     -0.161      0.000 4
 476  488      1.470     -0.210      0.000 4
 477  489      1.481      0.084      0.000 4
  -1   -2      1.482     -0.855      0.000 4
  -1   -2      1.488      0.629      0.000 4
 478  490      1.500      0.667      0.000 4
 480  491      1.503      0.549      0.000 4
 482  492      1.516      1.044      0.000 4
 483  493      1.519      0.360      0.000 4
 484  495      1.522     -0.543      0.000 4
 485  496      1.536      0.745      0.000 4
 486  498      1.545     -0.849      0.000 4
 487  497      1.545     -0.966      0.000 4
 488  500      1.550      1.084      0.000 4
 490  499      1.552      0.427      0.000 4
 489  501      1.553     -0.742      0.000 4
