501
   0    0     -1.560      0.506      0.000 4
   1    1     -1.557     -0.981      0.000 4
   2    3     -1.545      0.769      0.000 4
  -1   -2     -1.542     -0.465      0.000 4
  -1    4     -1.541      0.364      0.000 4
   4    5     -1.529     -0.007      0.000 4
  -1   -2     -1.521     -0.366      0.000 4
   6    7     -1.514      0.236      0.000 4
  -1   -2     -1.510      0.728      0.000 4
  -1   -2     -1.478     -0.006      0.000 4
   8   10     -1.476     -0.899      0.000 4
   9   11     -1.460      0.785      0.000 4
  10   12     -1.459      0.927      0.000 4
  11   13     -1.456      0.201      0.000 4
  -1   14     -1.449      0.292      0.000 4
  12   16     -1.444      0.587      0.000 4
  14   -2     -1.441      0.470      0.000 4
  15   17     -1.438     -0.242      0.000 4
  16   18     -1.436      0.250      0.000 4
  17   19     -1.426     -0.537      0.000 4
  18   20     -1.425      0.367      0.000 4
  -1   -2     -1.404      0.512      0.000 4
  19   21     -1.402      0.145      0.000 4
  21   23     -1.384     -0.298      0.000 4
  -1   32     -1.378      0.438      0.000 4
  -1   25     -1.374      0.644      0.000 4
  24   26     -1.373      1.036      0.000 4
  -1   -2     -1.372      0.755      0.000 4
  25   24     -1.372     -0.966      0.000 4
  26   27     -1.369     -0.823      0.000 4
  -1   28     -1.363      0.691      0.000 4
  27   29     -1.362      0.311      0.000 4
  28   30     -1.355     -1.066      0.000 4
  29   31     -1.345     -0.336      0.000 4
  30   -2     -1.345     -0.932      0.000 4
  31   33     -1.341      0.129      0.000 4
  -1   38     -1.326      0.581      0.000 4
  32   36     -1.324      0.947      0.000 4
  35   37     -1.322      1.012      0.000 4
  34   39     -1.317      0.259      0.000 4
  36   40     -1.312     -0.181      0.000 4
  37   41     -1.306      0.070      0.000 4
  33   -2     -1.304      0.553      0.000 4
  40   42     -1.303     -0.755      0.000 4
  41   43     -1.298      0.854      0.000 4
  42   44     -1.297      1.150      0.000 4
  -1   -2     -1.295     -0.921      0.000 4
  45   45     -1.292     -0.918      0.000 4
  43   -2     -1.292     -0.781      0.000 4
  -1   -2     -1.278     -0.116      0.000 4
  66   35     -1.277     -1.166      0.000 4
  48   48     -1.272      0.638      0.000 4
  -1   47     -1.257     -1.166      0.000 4
  50   51     -1.248      0.002      0.000 4
  49   -2     -1.247      0.039      0.000 4
  51   -2     -1.244      0.708      0.000 4
  53   54     -1.234     -0.575      0.000 4
  52   55     -1.232     -0.300      0.000 4
  55   53     -1.231     -0.776      0.000 4
  56   56     -1.230      0.937      0.000 4
  54   57     -1.228      0.157      0.000 4
  57   59     -1.216      0.511      0.000 4
  58   -2     -1.209     -0.393      0.000 4
  59   61     -1.187      0.583      0.000 4
  60   -2     -1.178      0.364      0.000 4
  62   63     -1.172     -0.600      0.000 4
  63   64     -1.169     -0.817      0.000 4
  64   65     -1.164      0.785      0.000 4
  -1   -2     -1.164     -1.162      0.000 4
  65   67     -1.162      0.474      0.000 4
  67   66     -1.161     -0.784      0.000 4
  69   68     -1.156      0.987      0.000 4
  70   69     -1.143      0.952      0.000 4
  -1   -2     -1.140      0.879      0.000 4
  78   50     -1.138     -0.004      0.000 4
  71   70     -1.131     -1.010      0.000 4
  68   -2     -1.125     -0.971      0.000 4
  73   71     -1.120      0.685      0.000 4
  74   72     -1.118     -0.113      0.000 4
  75   73     -1.109     -0.525      0.000 4
  76   74     -1.108      0.996      0.000 4
  77   75     -1.094      0.597      0.000 4
  -1   76     -1.092     -1.167      0.000 4
  79   77     -1.067     -0.329      0.000 4
  81   78     -1.056     -1.015      0.000 4
  82   80     -1.043      0.032      0.000 4
  83   79     -1.034      0.380      0.000 4
  84   82     -1.019     -0.356      0.000 4
  85   81     -1.017     -0.700      0.000 4
  86   83     -1.016     -0.832      0.000 4
  87   85     -1.013      0.771      0.000 4
  80   -2     -1.009     -1.167      0.000 4
  90   86     -1.005     -1.076      0.000 4
  -1   91     -0.999     -0.958      0.000 4
  91   88     -0.998     -0.101      0.000 4
  92   90     -0.989     -0.271      0.000 4
  93   89     -0.985      0.999      0.000 4
  97   -2     -0.971     -0.981      0.000 4
  95   92     -0.966      0.381      0.000 4
  98   93     -0.961      0.890      0.000 4
  99   94     -0.954      0.463      0.000 4
 100   95     -0.948     -0.915      0.000 4
 101   -2     -0.936      0.562      0.000 4
 103   96     -0.929     -0.422      0.000 4
  -1   -2     -0.922      1.097      0.000 4
 104   99     -0.917      0.379      0.000 4
 105   -2     -0.912      0.759      0.000 4
 106  101     -0.910     -0.216      0.000 4
 107  100     -0.908      1.066      0.000 4
 108  103     -0.906      0.186      0.000 4
 102  104     -0.903     -0.177      0.000 4
  94  109     -0.902     -0.762      0.000 4
 110  105     -0.871      0.331      0.000 4
  -1   -2     -0.871     -0.981      0.000 4
 112  106     -0.865      0.894      0.000 4
  -1  108     -0.848     -1.160      0.000 4
 113   -2     -0.843     -0.734      0.000 4
 114  110     -0.837     -1.091      0.000 4
 115  111     -0.833      0.571      0.000 4
 117  112     -0.821      1.087      0.000 4
 116  116     -0.820     -0.933      0.000 4
 118  114     -0.815     -0.691      0.000 4
 119  115     -0.814     -0.612      0.000 4
 120  113     -0.813      1.044      0.000 4
 121  117     -0.806      0.693      0.000 4
 125  119     -0.773     -0.448      0.000 4
  -1   -2     -0.770      0.774      0.000 4
 126  120     -0.770      0.998      0.000 4
 127  121     -0.768     -0.801      0.000 4
 128   -2     -0.766      0.742      0.000 4
 129  122     -0.756     -0.932      0.000 4
 130  123     -0.754     -0.756      0.000 4
  -1   -2     -0.753     -1.161      0.000 4
 133  126     -0.746      0.822      0.000 4
 134  124     -0.745     -1.011      0.000 4
 131  127     -0.745     -0.144      0.000 4
 132  130     -0.742     -0.224      0.000 4
 137  125     -0.742     -0.966      0.000 4
 135  128     -0.741      0.471      0.000 4
 136  129     -0.740      0.896      0.000 4
 139  134     -0.710     -0.016      0.000 4
 140  133     -0.707      0.995      0.000 4
 138  135     -0.698      0.326      0.000 4
 143   -2     -0.696     -1.129      0.000 4
 144   -2     -0.689      0.397      0.000 4
 141   -2     -0.688      0.265      0.000 4
 145  136     -0.686     -0.463      0.000 4
 147  138     -0.675      1.083      0.000 4
 148  137     -0.670     -1.089      0.000 4
 149  139     -0.663      1.030      0.000 4
 150  141     -0.656     -0.067      0.000 4
 151  142     -0.646     -0.706      0.000 4
 152  144     -0.639      0.030      0.000 4
 153  143     -0.639     -1.023      0.000 4
 155  145     -0.631     -0.577      0.000 4
 156  148     -0.618      0.757      0.000 4
 157  150     -0.614     -0.165      0.000 4
 158  152     -0.608      0.139      0.000 4
 159  151     -0.598      0.645      0.000 4
  -1  153     -0.597     -0.596      0.000 4
 160  154     -0.595     -0.794      0.000 4
  -1   -2     -0.592     -1.116      0.000 4
 161  155     -0.582     -0.119      0.000 4
 162  156     -0.574     -0.952      0.000 4
 163  157     -0.571      0.923      0.000 4
 167  147     -0.570     -1.165      0.000 4
  -1   -2     -0.564     -0.734      0.000 4
 165   -2     -0.558     -1.011      0.000 4
 166  159     -0.555     -0.807      0.000 4
  -1   -2     -0.548      0.224      0.000 4
  -1  161     -0.547      1.097      0.000 4
 168  162     -0.545     -0.335      0.000 4
  -1  163     -0.539     -1.092      0.000 4
  -1  164     -0.536     -0.469      0.000 4
 169  165     -0.533     -0.546      0.000 4
 170  166     -0.508     -0.309      0.000 4
 172  167     -0.483     -0.554      0.000 4
 173  168     -0.473      0.037      0.000 4
 171  176     -0.469      0.370      0.000 4
 176  170     -0.465      1.029      0.000 4
 175  171     -0.465      0.718      0.000 4
 178   -2     -0.456      0.577      0.000 4
  -1  174     -0.453     -0.266      0.000 4
 179  173     -0.450      0.510      0.000 4
 183  175     -0.438     -1.005      0.000 4
 181   -2     -0.438      0.285      0.000 4
 182  177     -0.436     -0.732      0.000 4
 177  182     -0.416     -1.124      0.000 4
 185  178     -0.409     -0.901      0.000 4
 186  180     -0.399      0.072      0.000 4
 190  179     -0.396      1.140      0.000 4
 187  181     -0.396      0.192      0.000 4
  -1  184     -0.384     -1.171      0.000 4
 188  183     -0.381     -0.067      0.000 4
 189   -2     -0.379     -1.027      0.000 4
 191  185     -0.369     -0.329      0.000 4
  -1  186     -0.367      1.139      0.000 4
 194  191     -0.359      0.816      0.000 4
 196  189     -0.352      0.482      0.000 4
 195  188     -0.350     -0.670      0.000 4
 197  190     -0.347     -0.574      0.000 4
 198  193     -0.341      1.069      0.000 4
  -1   -2     -0.338     -0.815      0.000 4
 199  195     -0.338     -0.739      0.000 4
  -1  196     -0.335     -0.407      0.000 4
  -1   -2     -0.326      0.795      0.000 4
  -1  197     -0.325      0.564      0.000 4
 202  198     -0.317      0.953      0.000 4
 203  199     -0.314      0.350      0.000 4
 204  200     -0.311     -0.222      0.000 4
 207  201     -0.302     -1.012      0.000 4
 208  202     -0.298     -0.340      0.000 4
 209  203     -0.295     -1.066      0.000 4
  -1  204     -0.291     -0.299      0.000 4
 211  205     -0.283     -0.923      0.000 4
 216   -2     -0.280      0.566      0.000 4
  -1  214     -0.279     -0.484      0.000 4
 210  207     -0.278     -1.159      0.000 4
 213  208     -0.276     -0.649      0.000 4
 214  209     -0.270     -0.835      0.000 4
 215  210     -0.267      0.878      0.000 4
 219  213     -0.229     -0.962      0.000 4
 217  215     -0.222      0.325      0.000 4
 220  216     -0.220     -1.091      0.000 4
 221  217     -0.213     -0.768      0.000 4
 222  218     -0.201     -0.236      0.000 4
 223  219     -0.195     -0.470      0.000 4
 224  220     -0.195      0.458      0.000 4
 225  222     -0.171      0.794      0.000 4
  -1   -2     -0.170      1.099      0.000 4
  -1   -2     -0.167     -0.897      0.000 4
  -1   -2     -0.167      0.594      0.000 4
 226  229     -0.164      0.119      0.000 4
 231   -2     -0.137     -1.124      0.000 4
 229  221     -0.136     -0.877      0.000 4
 233  225     -0.134     -0.011      0.000 4
  -1   -2     -0.115     -0.168      0.000 4
 234  228     -0.111     -0.760      0.000 4
 235  230     -0.108     -0.320      0.000 4
  -1   -2     -0.108      0.063      0.000 4
 237  231     -0.086      0.540      0.000 4
 239  232     -0.081      0.699      0.000 4
 238  233     -0.080     -0.238      0.000 4
  -1   -2     -0.076      0.436      0.000 4
  -1   -2     -0.064     -0.393      0.000 4
  -1   -2     -0.058     -0.119      0.000 4
 241  235     -0.055      0.363      0.000 4
 242  236     -0.052      0.785      0.000 4
 243   -2     -0.052     -0.736      0.000 4
  -1  238     -0.047     -0.808      0.000 4
 245  240     -0.037      0.241      0.000 4
  -1   -2     -0.033     -0.007      0.000 4
 246  242     -0.026      0.661      0.000 4
 247  243     -0.024     -0.403      0.000 4
 248  244     -0.022      0.387      0.000 4
 251  245     -0.022     -0.994      0.000 4
 253  246      0.002     -0.033      0.000 4
 254  248      0.004      0.122      0.000 4
 255  249      0.010      1.093      0.000 4
 265  226      0.011     -1.167      0.000 4
  -1  251      0.015     -0.567      0.000 4
 257  255      0.031      0.352      0.000 4
 269  234      0.035     -0.182      0.000 4
  -1   -2      0.046      0.412      0.000 4
 260   -2      0.048      0.315      0.000 4
 261  254      0.053      0.648      0.000 4
 262  256      0.057      0.028      0.000 4
 263  257      0.059      1.016      0.000 4
 264   -2      0.067      0.369      0.000 4
 266  260      0.067      0.738      0.000 4
 267  247      0.067      0.892      0.000 4
 268  261      0.075     -1.043      0.000 4
 272  264      0.107      0.149      0.000 4
 273  265      0.114      0.505      0.000 4
 274  266      0.118      0.099      0.000 4
  -1   -2      0.121     -0.097      0.000 4
 278  268      0.128      0.956      0.000 4
 279  270      0.139      0.765      0.000 4
 283  271      0.153     -0.573      0.000 4
  -1  269      0.155     -0.918      0.000 4
 284  273      0.171      0.402      0.000 4
 276   -2      0.171     -0.134      0.000 4
 282  274      0.175     -0.787      0.000 4
 286  275      0.189      1.073      0.000 4
 288   -2      0.199      0.628      0.000 4
 287  277      0.200     -0.546      0.000 4
 289  279      0.209      0.005      0.000 4
  -1  281      0.217     -0.366      0.000 4
 290  280      0.217     -1.122      0.000 4
 300  276      0.225      0.667      0.000 4
 293  282      0.232     -0.201      0.000 4
 294  284      0.236      1.077      0.000 4
 297  283      0.238     -0.995      0.000 4
 291   -2      0.251     -0.751      0.000 4
 295  287      0.252      0.819      0.000 4
 296  286      0.253     -0.449      0.000 4
 298  288      0.258      0.261      0.000 4
 299  289      0.269      0.170      0.000 4
  -1  296      0.269     -1.110      0.000 4
  -1  291      0.274     -0.191      0.000 4
 302  292      0.297      0.040      0.000 4
 303  293      0.300     -0.249      0.000 4
  -1  294      0.302     -0.398      0.000 4
 304   -2      0.308     -1.112      0.000 4
 305  297      0.309      1.127      0.000 4
 309  299      0.331      0.727      0.000 4
 308  303      0.339     -0.478      0.000 4
 310  300      0.345      0.043      0.000 4
 306  312      0.351     -1.163      0.000 4
 311  302      0.351      0.321      0.000 4
 314  305      0.363      0.176      0.000 4
  -1   -2      0.366      0.608      0.000 4
 315   -2      0.370     -0.481      0.000 4
 316  306      0.370     -0.899      0.000 4
 318  307      0.381     -0.534      0.000 4
  -1  308      0.386      0.982      0.000 4
 320  309      0.391     -0.019      0.000 4
 319  310      0.391     -1.067      0.000 4
  -1  311      0.399      0.782      0.000 4
  -1  313      0.410     -0.748      0.000 4
 322  315      0.414     -0.974      0.000 4
  -1  314      0.414      0.694      0.000 4
  -1   -2      0.418      0.628      0.000 4
 323  316      0.423      0.349      0.000 4
 325  318      0.426     -0.682      0.000 4
 324  317      0.428      0.822      0.000 4
 326  320      0.432     -0.495      0.000 4
 327  321      0.438     -0.051      0.000 4
  -1  325      0.440     -0.878      0.000 4
 328  324      0.452      0.758      0.000 4
 329   -2      0.454     -1.086      0.000 4
 331  323      0.467      0.993      0.000 4
 335  326      0.480     -0.690      0.000 4
 334   -2      0.481     -0.869      0.000 4
 332  327      0.489     -1.152      0.000 4
  -1  328      0.505     -1.022      0.000 4
 336  329      0.510     -0.056      0.000 4
 337  330      0.512      0.929      0.000 4
 338  331      0.512     -0.404      0.000 4
 339  332      0.520      0.582      0.000 4
 340  333      0.521     -0.632      0.000 4
  -1   -2      0.527      0.098      0.000 4
 342  335      0.533      0.995      0.000 4
 341  336      0.534     -0.977      0.000 4
 343  337      0.540      0.359      0.000 4
 345  338      0.555      1.125      0.000 4
 344  339      0.555      0.892      0.000 4
 346  340      0.560     -1.020      0.000 4
 347  344      0.563      0.616      0.000 4
 348  341      0.568      0.540      0.000 4
  -1  346      0.576     -0.439      0.000 4
 350  345      0.587     -0.799      0.000 4
 352  348      0.608      0.931      0.000 4
 353  353      0.611     -1.047      0.000 4
 354  349      0.613      1.013      0.000 4
 355  350      0.616     -0.515      0.000 4
 357  351      0.616     -0.008      0.000 4
 356  352      0.617     -0.889      0.000 4
 358  354      0.638      0.282      0.000 4
  -1  355      0.641      0.328      0.000 4
  -1   -2      0.651     -0.073      0.000 4
 359  359      0.651     -1.169      0.000 4
 360  358      0.663     -0.403      0.000 4
 361  364      0.674     -0.685      0.000 4
 362  360      0.680      0.372      0.000 4
 363  361      0.681      0.427      0.000 4
 364  362      0.686     -1.071      0.000 4
 365  363      0.690     -0.898      0.000 4
 367  365      0.700      0.696      0.000 4
 368  366      0.700     -0.077      0.000 4
 366  367      0.702      1.150      0.000 4
 370  370      0.726     -0.920      0.000 4
 371  371      0.730     -0.668      0.000 4
 372  373      0.742     -0.041      0.000 4
 373  374      0.746      0.105      0.000 4
  -1   -2      0.746     -1.100      0.000 4
 375   -2      0.773     -0.847      0.000 4
 376  378      0.775      0.181      0.000 4
 379   -2      0.779      0.117      0.000 4
  -1  393      0.782      0.258      0.000 4
 377  380      0.786      0.953      0.000 4
 378  383      0.787     -1.045      0.000 4
  -1  384      0.790      0.558      0.000 4
 381  382      0.791      0.457      0.000 4
  -1  386      0.797     -0.155      0.000 4
 382  388      0.803      0.696      0.000 4
 383  389      0.809     -0.275      0.000 4
 385  390      0.814      0.753      0.000 4
 386  385      0.817     -1.149      0.000 4
 388  392      0.821      0.814      0.000 4
 390   -2      0.824      0.255      0.000 4
  -1   -2      0.832     -1.147      0.000 4
 391  395      0.833     -0.809      0.000 4
 380   -2      0.840     -0.678      0.000 4
 392  396      0.844     -0.462      0.000 4
 393  398      0.854     -1.080      0.000 4
 394  399      0.861      0.558      0.000 4
 395   -2      0.864      0.848      0.000 4
 396  402      0.867     -0.285      0.000 4
 398  400      0.869      0.480      0.000 4
 397  401      0.869      1.124      0.000 4
 399  403      0.874     -0.546      0.000 4
 400  404      0.876     -0.149      0.000 4
  -1   -2      0.880      0.787      0.000 4
 401  407      0.897     -0.804      0.000 4
  -1   -2      0.901     -0.943      0.000 4
  -1  409      0.903     -1.006      0.000 4
 403   -2      0.904      0.501      0.000 4
 404  410      0.906     -0.025      0.000 4
 405  412      0.916     -0.868      0.000 4
 406  411      0.921     -0.696      0.000 4
 407  413      0.931     -1.000      0.000 4
 408  417      0.938      0.692      0.000 4
 402   -2      0.941     -1.076      0.000 4
 410   -2      0.942      0.310      0.000 4
 411  416      0.948      0.010      0.000 4
 416  419      0.959      0.274      0.000 4
 412  421      0.966     -0.874      0.000 4
 436   -2      0.971      0.739      0.000 4
 414   -2      0.972     -0.437      0.000 4
 417  423      0.976     -0.580      0.000 4
  -1   -2      0.984      0.020      0.000 4
 420  424      0.985      0.114      0.000 4
 418   -2      0.986     -1.108      0.000 4
 419  426      0.988     -1.174      0.000 4
 421  428      0.994      0.860      0.000 4
 422  431      1.023      0.989      0.000 4
 423  430      1.023     -0.679      0.000 4
 425  422      1.034     -0.368      0.000 4
  -1  427      1.042     -1.112      0.000 4
 427  434      1.058     -0.619      0.000 4
 428  436      1.071     -1.174      0.000 4
 431  438      1.090      1.040      0.000 4
 434  440      1.109     -0.511      0.000 4
 435  441      1.112      0.291      0.000 4
 437  443      1.126     -0.734      0.000 4
  -1  445      1.141      0.550      0.000 4
 441  447      1.142     -1.164      0.000 4
 440  449      1.146     -0.327      0.000 4
 442  448      1.147      0.394      0.000 4
 443  450      1.162     -1.031      0.000 4
 444   -2      1.163      1.105      0.000 4
 445  451      1.168     -0.452      0.000 4
  -1   -2      1.169     -0.114      0.000 4
 446  452      1.195     -0.509      0.000 4
 447  453      1.198      0.984      0.000 4
 448   -2      1.202     -1.121      0.000 4
 451   -2      1.221     -0.448      0.000 4
 450  455      1.222      0.912      0.000 4
 452   -2      1.236     -0.547      0.000 4
  -1   -2      1.245      0.704      0.000 4
 453   -2      1.249     -1.093      0.000 4
 454  457      1.249     -0.419      0.000 4
  -1   -2      1.255     -1.129      0.000 4
 455  458      1.270      0.178      0.000 4
  -1  459      1.276      0.115      0.000 4
 456  460      1.277     -0.490      0.000 4
 459  462      1.313      0.488      0.000 4
 460  463      1.314      0.239      0.000 4
 461  464      1.325     -0.179      0.000 4
 463  465      1.338     -0.270      0.000 4
 462  468      1.339     -1.161      0.000 4
 464  466      1.343     -0.985      0.000 4
 465  467      1.346      1.051      0.000 4
 466  469      1.356      0.545      0.000 4
 467  470      1.360     -0.840      0.000 4
 468  471      1.360     -0.322      0.000 4
 470  473      1.364     -0.377      0.000 4
 471  475      1.379     -0.896      0.000 4
  -1   -2      1.386      0.973      0.000 4
 472  476      1.387      0.263      0.000 4
  -1   -2      1.392     -0.291      0.000 4
 473  477      1.399      0.759      0.000 4
 474  478      1.401     -0.841      0.000 4
 479   -2      1.408     -1.093      0.000 4
  -1  481      1.425      0.991      0.000 4
 476  480      1.428      0.396      0.000 4
  -1   -2      1.432      0.813      0.000 4
  -1   -2      1.434      0.947      0.000 4
 477  482      1.436     -0.015      0.000 4
 480  484      1.443     -0.135      0.000 4
 478   -2      1.443     -0.948      0.000 4
  -1  485      1.447     -0.184      0.000 4
 481  483      1.448     -0.993      0.000 4
 485  479      1.449     -1.075      0.000 4
 482  486      1.453      0.092      0.000 4
 484  487      1.461     -0.637      0.000 4
 487  488      1.471      0.639      0.000 4
 486  489      1.471      0.527      0.000 4
 488  491      1.479     -0.374      0.000 4
 489  492      1.489      0.348      0.000 4
 490  493      1.498      1.009      0.000 4
 491  494      1.503      1.129      0.000 4
  -1  495      1.513     -0.495      0.000 4
 495  496      1.520     -1.087      0.000 4
 494  497      1.522      0.409      0.000 4
 492  498      1.526      0.772      0.000 4
 496  500      1.534      1.046      0.000 4
 497  501      1.540     -0.799      0.000 4
 498  502      1.540     -0.915      0.000 4
 499  503      1.549     -0.693      0.000 4
