500
   3    4     -1.547     -1.019      0.000 4
   2    5     -1.539      0.050      0.000 4
   4    6     -1.537      0.730      0.000 4
   5    7     -1.523     -0.540      0.000 4
   6    8     -1.515     -0.359      0.000 4
   8   11     -1.505      0.211      0.000 4
   7   12     -1.505      0.007      0.000 4
  10   10     -1.502      1.113      0.000 4
   9   13     -1.502     -0.046      0.000 4
  -1   15     -1.495      0.938      0.000 4
  13   17     -1.487      0.853      0.000 4
  14   18     -1.486     -0.579      0.000 4
  16   20     -1.465      0.986      0.000 4
  18   21     -1.464     -0.840      0.000 4
  -1   23     -1.464     -0.981      0.000 4
  17   22     -1.460      0.519      0.000 4
  -1   -2     -1.453     -1.125      0.000 4
  19   24     -1.451     -0.057      0.000 4
  20   26     -1.437      0.726      0.000 4
  22   28     -1.425     -0.495      0.000 4
  21   31     -1.422      0.894      0.000 4
  23   -2     -1.420      0.190      0.000 4
  12   -2     -1.419     -0.736      0.000 4
  24   30     -1.415      0.658      0.000 4
  -1   -2     -1.414     -1.170      0.000 4
  -1   -2     -1.410     -0.308      0.000 4
  25   -2     -1.409     -0.200      0.000 4
  26   -2     -1.401      0.842      0.000 4
  -1   32     -1.392      0.275      0.000 4
  28   35     -1.357      0.501      0.000 4
  -1   34     -1.354      0.043      0.000 4
  31   38     -1.331      1.124      0.000 4
  30   40     -1.328     -0.159      0.000 4
  32   41     -1.324     -0.696      0.000 4
  34   43     -1.308      0.764      0.000 4
  35   44     -1.304      0.480      0.000 4
  37   45     -1.299     -0.807      0.000 4
  36   46     -1.299     -0.464      0.000 4
  38   47     -1.291     -1.107      0.000 4
  39   48     -1.287      0.874      0.000 4
  42   49     -1.282      0.222      0.000 4
  43   51     -1.269      0.567      0.000 4
  45   50     -1.267     -0.369      0.000 4
  47   52     -1.265     -1.017      0.000 4
  46   54     -1.265      0.459      0.000 4
  49   55     -1.261      0.775      0.000 4
  48   53     -1.260      0.995      0.000 4
  50   56     -1.253     -0.476      0.000 4
  44   -2     -1.250     -0.224      0.000 4
  51   58     -1.242      0.393      0.000 4
  54   57     -1.239     -0.804      0.000 4
  -1   59     -1.234     -1.127      0.000 4
  55   60     -1.232     -0.703      0.000 4
  57   62     -1.229     -0.279      0.000 4
  -1   61     -1.228      1.164      0.000 4
  59   63     -1.216     -0.493      0.000 4
  58   66     -1.211      0.667      0.000 4
  -1   68     -1.199     -0.940      0.000 4
  60   69     -1.198     -1.011      0.000 4
  61   70     -1.194      0.345      0.000 4
  -1   67     -1.188     -1.171      0.000 4
  -1   -2     -1.170     -0.111      0.000 4
  64   71     -1.154      0.911      0.000 4
  63   73     -1.152     -0.513      0.000 4
  -1   -2     -1.151      1.135      0.000 4
  65   74     -1.132     -1.011      0.000 4
  66   75     -1.123      0.623      0.000 4
  67   76     -1.115     -0.155      0.000 4
  70   -2     -1.110      0.357      0.000 4
  68   81     -1.102     -0.026      0.000 4
  69   80     -1.095      1.163      0.000 4
  72   83     -1.089     -0.237      0.000 4
  -1   -2     -1.081      0.281      0.000 4
  74   84     -1.073     -0.843      0.000 4
  73   82     -1.064      0.408      0.000 4
  78   87     -1.047      0.991      0.000 4
  77   88     -1.047     -0.060      0.000 4
  80   90     -1.043      0.794      0.000 4
  -1   89     -1.042     -1.086      0.000 4
  79   92     -1.042      0.035      0.000 4
  81   91     -1.039      0.732      0.000 4
  -1   93     -1.026      0.389      0.000 4
  62   -2     -1.020     -1.164      0.000 4
  82   96     -1.019     -0.478      0.000 4
  83   97     -1.016      0.141      0.000 4
  86   98     -1.002     -0.976      0.000 4
  87   99     -0.999      1.104      0.000 4
  88   -2     -0.991     -0.520      0.000 4
  89  100     -0.985     -0.151      0.000 4
  90  101     -0.980      0.755      0.000 4
  -1  102     -0.977      0.939      0.000 4
  92  103     -0.967     -0.657      0.000 4
  95  104     -0.965      1.123      0.000 4
  94  105     -0.963     -0.100      0.000 4
  93  106     -0.959      0.070      0.000 4
  96  107     -0.950     -0.975      0.000 4
  -1   -2     -0.947      0.216      0.000 4
  97  109     -0.942     -0.455      0.000 4
  98  110     -0.928     -0.738      0.000 4
  99  111     -0.924     -0.795      0.000 4
 100  112     -0.920      0.822      0.000 4
 101  116     -0.918     -1.103      0.000 4
  -1   -2     -0.913     -0.036      0.000 4
 102  114     -0.905     -1.028      0.000 4
 103  115     -0.900      1.127      0.000 4
 105  117     -0.877      0.882      0.000 4
 106  118     -0.864     -1.169      0.000 4
 107  119     -0.864     -0.287      0.000 4
 108  120     -0.863      0.048      0.000 4
 109  123     -0.848      0.699      0.000 4
 110  124     -0.846     -0.773      0.000 4
 111  122     -0.845      1.054      0.000 4
  -1  125     -0.844      0.376      0.000 4
 112  126     -0.841     -0.543      0.000 4
 113  132     -0.838      0.832      0.000 4
 115  128     -0.837     -0.252      0.000 4
 114  127     -0.836      0.991      0.000 4
 116   -2     -0.834      0.320      0.000 4
 117  129     -0.822      1.096      0.000 4
  -1  130     -0.809      0.247      0.000 4
 119   -2     -0.802      0.840      0.000 4
 118  133     -0.799     -0.400      0.000 4
 120  134     -0.799     -0.628      0.000 4
 121  135     -0.789      0.950      0.000 4
  -1  136     -0.787     -0.676      0.000 4
 123  137     -0.782     -0.205      0.000 4
 128  138     -0.776      0.431      0.000 4
 124  142     -0.774      0.079      0.000 4
 126  141     -0.770     -0.469      0.000 4
 127  143     -0.767      0.173      0.000 4
  -1   -2     -0.765      0.486      0.000 4
  -1  145     -0.757     -0.941      0.000 4
 130  148     -0.740     -0.029      0.000 4
  -1  147     -0.740      0.955      0.000 4
 139   -2     -0.728     -0.969      0.000 4
 132  151     -0.720      0.816      0.000 4
 133  153     -0.719     -0.455      0.000 4
 135  152     -0.719      1.009      0.000 4
 134  154     -0.717      0.598      0.000 4
 136  155     -0.712     -0.099      0.000 4
 137   -2     -0.707      1.063      0.000 4
 138  156     -0.707     -0.723      0.000 4
 140  157     -0.695      0.002      0.000 4
 141  160     -0.690     -1.113      0.000 4
 142   -2     -0.685      0.717      0.000 4
 143  159     -0.675     -0.230      0.000 4
  -1   -2     -0.669     -1.172      0.000 4
 145  161     -0.667     -0.715      0.000 4
 144  162     -0.666      0.379      0.000 4
 146  163     -0.647      1.066      0.000 4
 147  164     -0.644      0.276      0.000 4
 149  167     -0.625     -0.138      0.000 4
 150  166     -0.622     -0.958      0.000 4
 151  168     -0.613      0.426      0.000 4
 152  169     -0.608      0.948      0.000 4
 153  170     -0.605     -1.033      0.000 4
 154  172     -0.602     -0.584      0.000 4
 157  174     -0.582     -0.188      0.000 4
 158  177     -0.572     -0.905      0.000 4
 160  175     -0.571     -0.422      0.000 4
 159  176     -0.571      0.839      0.000 4
 161   -2     -0.568     -0.745      0.000 4
 162  178     -0.564      0.623      0.000 4
 164  179     -0.557      0.421      0.000 4
  -1  180     -0.545      0.765      0.000 4
 165   -2     -0.541     -0.490      0.000 4
 166  181     -0.537      1.052      0.000 4
  -1  171     -0.537     -1.087      0.000 4
 167  182     -0.533      0.594      0.000 4
  -1  194     -0.526     -0.325      0.000 4
 168  184     -0.516      0.244      0.000 4
 169  186     -0.504     -0.539      0.000 4
 170  185     -0.502     -0.710      0.000 4
 171  187     -0.492     -1.171      0.000 4
 173  189     -0.476     -0.817      0.000 4
 172  191     -0.474     -0.125      0.000 4
 175  192     -0.466     -0.440      0.000 4
 176  193     -0.462      0.703      0.000 4
  -1  197     -0.454      0.888      0.000 4
 178  195     -0.451      0.323      0.000 4
 179   -2     -0.444     -0.918      0.000 4
  -1  196     -0.441     -0.343      0.000 4
 181  198     -0.436      0.801      0.000 4
 182  200     -0.432      0.107      0.000 4
 184  199     -0.431      1.032      0.000 4
 183  201     -0.431      0.627      0.000 4
 180   -2     -0.426      0.869      0.000 4
 185  202     -0.418     -0.800      0.000 4
 186  203     -0.414     -0.282      0.000 4
  -1   -2     -0.411      0.057      0.000 4
  -1   -2     -0.410     -1.153      0.000 4
 187  204     -0.407      0.256      0.000 4
  -1  213     -0.397     -0.982      0.000 4
 188  205     -0.391     -0.580      0.000 4
 190  206     -0.376      0.590      0.000 4
 191  208     -0.357     -0.739      0.000 4
 192  209     -0.355     -0.502      0.000 4
 193  211     -0.348      0.073      0.000 4
 194  212     -0.341      1.034      0.000 4
 196  214     -0.335      0.532      0.000 4
 197  215     -0.327     -0.783      0.000 4
 199  220     -0.286     -0.107      0.000 4
  -1  221     -0.279     -1.120      0.000 4
 200  222     -0.277     -0.853      0.000 4
 202  223     -0.268      0.282      0.000 4
 205  224     -0.261     -1.166      0.000 4
 203   -2     -0.260      0.355      0.000 4
  -1  226     -0.256     -0.035      0.000 4
  -1  227     -0.248     -0.965      0.000 4
  -1   -2     -0.239      1.119      0.000 4
 209  230     -0.235     -1.088      0.000 4
 206  229     -0.235      0.246      0.000 4
 207  228     -0.231     -0.457      0.000 4
 210  232     -0.227      0.447      0.000 4
 208  231     -0.224     -0.558      0.000 4
 211  234     -0.213      0.176      0.000 4
 212  235     -0.208     -0.085      0.000 4
 213   -2     -0.202     -1.070      0.000 4
 214  237     -0.186      0.989      0.000 4
 215  239     -0.179     -0.941      0.000 4
  -1   -2     -0.178     -0.440      0.000 4
 217  241     -0.176      0.256      0.000 4
 218  240     -0.175     -0.202      0.000 4
  -1   -2     -0.163     -0.582      0.000 4
  -1  243     -0.160      0.622      0.000 4
 221  244     -0.159     -0.758      0.000 4
 216  242     -0.156     -0.417      0.000 4
 222  245     -0.152      0.019      0.000 4
 224   -2     -0.147      0.902      0.000 4
 223  246     -0.146      0.418      0.000 4
 228  247     -0.145     -1.121      0.000 4
 226  248     -0.124      0.992      0.000 4
  -1   -2     -0.121     -1.164      0.000 4
 227   -2     -0.119     -0.262      0.000 4
 229  249     -0.103      0.838      0.000 4
 231  250     -0.093     -0.807      0.000 4
 232  251     -0.091     -0.308      0.000 4
 233  252     -0.082      0.229      0.000 4
 234  253     -0.078     -1.067      0.000 4
 235  254     -0.074      0.939      0.000 4
 236   -2     -0.071      0.397      0.000 4
  -1   -2     -0.068     -0.472      0.000 4
 237  256     -0.061      0.054      0.000 4
  -1   -2     -0.058      0.832      0.000 4
 238  257     -0.051     -0.232      0.000 4
 240  262     -0.030      0.249      0.000 4
 241   -2     -0.025      0.906      0.000 4
 242  260     -0.022      0.873      0.000 4
 243  261     -0.021      0.400      0.000 4
  -1   -2     -0.018      0.601      0.000 4
 245  265     -0.013      0.690      0.000 4
  -1   -2      0.021      0.048      0.000 4
  -1   -2      0.027     -1.116      0.000 4
 247  266      0.027      0.449      0.000 4
 248  267      0.039      1.067      0.000 4
 249  268      0.044      0.627      0.000 4
 250  269      0.049      0.108      0.000 4
 252  270      0.053     -0.773      0.000 4
 260   -2      0.056     -0.959      0.000 4
 251  273      0.056     -0.631      0.000 4
  -1  274      0.060     -0.010      0.000 4
  -1  275      0.061     -0.463      0.000 4
 254   -2      0.071      0.315      0.000 4
 246  276      0.073     -1.123      0.000 4
 257  277      0.093      0.818      0.000 4
 258  278      0.098     -0.160      0.000 4
 259   -2      0.100     -1.168      0.000 4
  -1  279      0.113      0.053      0.000 4
 261  281      0.117     -0.292      0.000 4
 263  283      0.129      1.084      0.000 4
 264  282      0.133     -1.082      0.000 4
  -1   -2      0.138      0.672      0.000 4
 266  285      0.141      0.587      0.000 4
 265  286      0.144     -0.933      0.000 4
 267  288      0.149      0.469      0.000 4
 268  289      0.170      0.258      0.000 4
 269  290      0.173      0.737      0.000 4
 270  291      0.179     -0.450      0.000 4
  -1  292      0.185     -0.893      0.000 4
 271  293      0.194     -0.280      0.000 4
 272  294      0.200     -1.104      0.000 4
 273  295      0.212     -0.719      0.000 4
  -1  298      0.221     -0.358      0.000 4
 274  297      0.223      0.043      0.000 4
 275  299      0.229     -0.602      0.000 4
 276  300      0.230      0.924      0.000 4
 280  303      0.232      0.764      0.000 4
 278  301      0.237      0.673      0.000 4
 279  302      0.239      0.387      0.000 4
 281  304      0.253     -0.075      0.000 4
 282  305      0.264     -0.626      0.000 4
 283  306      0.270     -1.083      0.000 4
 284  308      0.279     -0.224      0.000 4
 285  309      0.282     -1.164      0.000 4
 286  311      0.301     -0.585      0.000 4
 288  314      0.304      1.003      0.000 4
 290  312      0.306      0.866      0.000 4
 287  310      0.307      0.676      0.000 4
 289  313      0.307     -0.737      0.000 4
  -1   -2      0.312     -1.120      0.000 4
 291  315      0.317      0.800      0.000 4
 292  316      0.322      0.181      0.000 4
 293  317      0.326      0.496      0.000 4
 294  319      0.337      0.121      0.000 4
  -1   -2      0.337     -1.165      0.000 4
 295  320      0.344     -1.065      0.000 4
 296  322      0.358     -0.919      0.000 4
  -1  321      0.359     -0.202      0.000 4
 297   -2      0.361     -0.239      0.000 4
  -1   -2      0.361      0.322      0.000 4
 301  324      0.366      0.408      0.000 4
  -1  323      0.369     -0.597      0.000 4
 303  325      0.375     -0.984      0.000 4
 305  326      0.382      0.051      0.000 4
  -1  318      0.385      0.640      0.000 4
 306  329      0.387      0.731      0.000 4
  -1   -2      0.402     -0.735      0.000 4
 307  327      0.403     -0.581      0.000 4
 304  328      0.406      0.247      0.000 4
 309  330      0.414     -0.266      0.000 4
 310  331      0.420     -0.875      0.000 4
 312  333      0.436      0.827      0.000 4
 311  332      0.436     -1.134      0.000 4
  -1   -2      0.442     -0.967      0.000 4
 313  334      0.447     -0.666      0.000 4
 315  335      0.458     -0.276      0.000 4
 320  337      0.476     -0.486      0.000 4
 321  340      0.485      0.928      0.000 4
 318  351      0.486      0.675      0.000 4
 325  341      0.488      0.212      0.000 4
 322  343      0.489     -0.896      0.000 4
 335  346      0.492     -0.077      0.000 4
  -1   -2      0.501      0.750      0.000 4
 327  345      0.501     -1.165      0.000 4
 326  344      0.502      0.125      0.000 4
 328  347      0.508     -0.433      0.000 4
 330  348      0.519      0.822      0.000 4
 331  350      0.536     -0.614      0.000 4
  -1   -2      0.537     -1.087      0.000 4
 332  352      0.541      0.007      0.000 4
 333  353      0.543     -0.307      0.000 4
  -1  355      0.554      1.028      0.000 4
 334  356      0.561      0.362      0.000 4
 336  357      0.569     -0.738      0.000 4
 337  358      0.572     -0.476      0.000 4
 347   -2      0.585     -0.788      0.000 4
 351  360      0.585      0.534      0.000 4
 339  361      0.592      0.441      0.000 4
 340  362      0.595      0.395      0.000 4
 341  364      0.603     -0.258      0.000 4
 344  367      0.614     -0.019      0.000 4
 346  363      0.614      0.226      0.000 4
 345  368      0.617     -0.992      0.000 4
 350  370      0.629     -0.451      0.000 4
 338   -2      0.632      1.089      0.000 4
 352  371      0.636      1.033      0.000 4
 353  373      0.640     -1.167      0.000 4
  -1   -2      0.655     -0.747      0.000 4
 356  374      0.663     -0.617      0.000 4
 348   -2      0.663      0.504      0.000 4
 357  375      0.670      0.792      0.000 4
 358  376      0.674     -0.712      0.000 4
  -1  377      0.679      0.625      0.000 4
 359  378      0.684     -0.920      0.000 4
 360  379      0.689      0.679      0.000 4
 362   -2      0.697     -0.528      0.000 4
 363  381      0.711      0.937      0.000 4
  -1   -2      0.712     -0.456      0.000 4
 364  382      0.721     -0.036      0.000 4
 365  384      0.727     -0.989      0.000 4
 366  385      0.740     -0.768      0.000 4
 367  386      0.744      0.610      0.000 4
 370  388      0.755      0.367      0.000 4
 369  390      0.755     -1.041      0.000 4
 371  389      0.756      0.397      0.000 4
 395   -2      0.763     -1.108      0.000 4
 374   -2      0.766     -0.403      0.000 4
 373  392      0.769      0.957      0.000 4
 375  393      0.771      0.726      0.000 4
 376   -2      0.772      0.059      0.000 4
 377  394      0.789     -0.623      0.000 4
 378  395      0.794      0.655      0.000 4
 379  396      0.795      0.532      0.000 4
  -1   -2      0.795     -0.722      0.000 4
 381  397      0.796     -0.141      0.000 4
  -1  400      0.803     -0.231      0.000 4
 380  399      0.804     -0.979      0.000 4
 383  391      0.805     -0.440      0.000 4
 385  380      0.806      0.239      0.000 4
 384  401      0.806      0.875      0.000 4
  -1   -2      0.810      0.414      0.000 4
 387  404      0.817     -1.096      0.000 4
  -1   -2      0.823     -0.397      0.000 4
 388  405      0.826      0.362      0.000 4
 389  398      0.832     -0.766      0.000 4
 390  406      0.837     -1.038      0.000 4
 391  407      0.838     -0.592      0.000 4
 392  409      0.847     -0.337      0.000 4
  -1  408      0.851      0.670      0.000 4
 393  410      0.858     -0.845      0.000 4
  -1  414      0.870     -1.158      0.000 4
 396  412      0.875     -0.024      0.000 4
  -1  413      0.876     -0.432      0.000 4
 397  415      0.884      1.056      0.000 4
 398  416      0.886     -0.775      0.000 4
 399  417      0.906      1.157      0.000 4
 401  422      0.934      0.198      0.000 4
 413   -2      0.936      0.679      0.000 4
 403  424      0.938      0.754      0.000 4
 404  425      0.940     -0.610      0.000 4
 406  426      0.954     -0.817      0.000 4
 407  427      0.960      1.037      0.000 4
 400   -2      0.966     -0.898      0.000 4
 408  428      0.966      0.923      0.000 4
 410  430      0.970      0.970      0.000 4
 409  432      0.970     -0.043      0.000 4
  -1  431      0.973      0.512      0.000 4
 412  433      0.974      0.754      0.000 4
 414  434      0.987      0.300      0.000 4
 415  436      0.989      0.258      0.000 4
 417  438      1.009     -0.477      0.000 4
 418  439      1.014     -0.569      0.000 4
 419  440      1.022     -0.073      0.000 4
 420  442      1.032     -0.885      0.000 4
 421  441      1.033     -0.291      0.000 4
  -1   -2      1.045      0.925      0.000 4
 424  444      1.070      0.651      0.000 4
 422  451      1.077      0.051      0.000 4
 425  445      1.082      1.162      0.000 4
 427  446      1.083      0.607      0.000 4
 428  449      1.089     -0.661      0.000 4
 429  448      1.092      0.558      0.000 4
 430  450      1.095      0.108      0.000 4
 426  447      1.098     -1.174      0.000 4
 431  453      1.100     -1.077      0.000 4
 433  455      1.115     -0.307      0.000 4
 435  456      1.120      0.352      0.000 4
 434  457      1.129      0.234      0.000 4
  -1   -2      1.129     -0.031      0.000 4
  -1  459      1.134      0.658      0.000 4
  -1  460      1.142     -0.210      0.000 4
 437  461      1.147     -0.751      0.000 4
 439  462      1.158      0.177      0.000 4
 438  463      1.159     -0.989      0.000 4
 441  464      1.165     -0.408      0.000 4
 440  466      1.170     -0.904      0.000 4
 442  467      1.170      0.926      0.000 4
 443  469      1.182      0.468      0.000 4
  -1   -2      1.186      0.709      0.000 4
 432  483      1.194      1.006      0.000 4
 447  473      1.202      0.404      0.000 4
 446  474      1.203     -0.098      0.000 4
 448  475      1.210      0.801      0.000 4
 449  476      1.221     -0.681      0.000 4
 451  477      1.223      0.632      0.000 4
  -1   -2      1.238      0.427      0.000 4
 453  479      1.242      0.690      0.000 4
 454   -2      1.248     -0.073      0.000 4
  -1   -2      1.275     -0.678      0.000 4
 456   -2      1.278      0.978      0.000 4
 450   -2      1.281     -0.954      0.000 4
  -1   -2      1.282     -1.158      0.000 4
  -1  481      1.285     -0.061      0.000 4
 458  484      1.291     -0.649      0.000 4
  -1  489      1.300     -1.087      0.000 4
 461  488      1.300      0.040      0.000 4
 466  487      1.302      0.215      0.000 4
 462  490      1.312     -0.511      0.000 4
  -1   -2      1.317     -0.314      0.000 4
 471  485      1.318     -1.177      0.000 4
 463  492      1.320      1.040      0.000 4
 464  491      1.321      0.728      0.000 4
 465  493      1.333     -0.677      0.000 4
  -1   -2      1.336     -0.048      0.000 4
 467  494      1.364     -0.663      0.000 4
 468  495      1.366     -0.756      0.000 4
  -1  496      1.366     -0.163      0.000 4
 469  497      1.368     -1.137      0.000 4
 472  498      1.380      0.252      0.000 4
 473  499      1.397     -0.268      0.000 4
  -1  501      1.405     -1.167      0.000 4
 474   -2      1.405     -0.650      0.000 4
 475  500      1.417      0.274      0.000 4
  -1  502      1.433      0.617      0.000 4
 477  503      1.455      0.423      0.000 4
 478   -2      1.456      0.488      0.000 4
  -1   -2      1.462     -0.248      0.000 4
 479  504      1.464     -0.673      0.000 4
 480  505      1.471     -0.530      0.000 4
 481  507      1.472     -0.603      0.000 4
 482  509      1.483     -0.411      0.000 4
 483   -2      1.492     -0.381      0.000 4
 485  510      1.499      0.486      0.000 4
 484  511      1.500     -0.995      0.000 4
  -1   -2      1.504     -0.325      0.000 4
 486   -2      1.511     -0.688      0.000 4
 487  513      1.521      0.152      0.000 4
 488  514      1.531     -0.338      0.000 4
  -1   -2      1.557      0.248      0.000 4
 490  517      1.571     -0.370      0.000 4
