503
   0    1     -1.568     -0.869      0.000 4
   1    2     -1.561      0.322      0.000 4
   2    5     -1.551      0.479      0.000 4
   3    4     -1.550      0.612      0.000 4
   4    6     -1.545      1.063      0.000 4
   6    8     -1.536      0.754      0.000 4
   7    7     -1.535      0.173      0.000 4
   8    9     -1.526     -0.350      0.000 4
  -1   13     -1.518     -0.942      0.000 4
  -1   -2     -1.516     -0.524      0.000 4
  -1   -2     -1.513     -0.468      0.000 4
   9   10     -1.511     -0.119      0.000 4
  11   11     -1.503      0.971      0.000 4
  12   -2     -1.500      0.565      0.000 4
  10   12     -1.499      0.391      0.000 4
  -1   -2     -1.498      1.073      0.000 4
  -1   -2     -1.481     -0.597      0.000 4
  13   14     -1.480     -0.418      0.000 4
   5   23     -1.478     -1.155      0.000 4
  15   15     -1.473      0.326      0.000 4
  18   17     -1.462     -0.700      0.000 4
  19   16     -1.462      1.119      0.000 4
  17   18     -1.461      0.804      0.000 4
  -1   -2     -1.447     -0.259      0.000 4
  20   20     -1.441     -0.455      0.000 4
  21   21     -1.439      0.853      0.000 4
  22   22     -1.435      0.724      0.000 4
  -1   -2     -1.425      0.688      0.000 4
  -1   24     -1.418     -0.805      0.000 4
  23   26     -1.416     -0.019      0.000 4
  -1   -2     -1.415     -1.080      0.000 4
  25   27     -1.405      0.187      0.000 4
  28   28     -1.397     -0.609      0.000 4
  31   -2     -1.378      0.774      0.000 4
  -1   30     -1.362      0.617      0.000 4
  33   32     -1.358     -0.388      0.000 4
  36   34     -1.334     -0.984      0.000 4
  37   35     -1.334      1.011      0.000 4
  -1   38     -1.323      0.563      0.000 4
  47   36     -1.323     -1.170      0.000 4
  40   39     -1.304     -1.124      0.000 4
  41   40     -1.299     -0.147      0.000 4
  44   41     -1.293     -0.898      0.000 4
  -1   -2     -1.289      0.846      0.000 4
  42   43     -1.286     -0.589      0.000 4
  45   42     -1.284     -1.089      0.000 4
  43   44     -1.283     -0.695      0.000 4
  -1   46     -1.274     -0.925      0.000 4
  -1   45     -1.269     -0.119      0.000 4
  48   47     -1.262     -0.648      0.000 4
  51   49     -1.241      0.895      0.000 4
  50   51     -1.236      0.437      0.000 4
  52   52     -1.236      0.684      0.000 4
  53   50     -1.233     -1.067      0.000 4
  54   53     -1.231      0.782      0.000 4
  56   54     -1.224     -0.905      0.000 4
  46   55     -1.222     -0.705      0.000 4
  -1   56     -1.215      0.470      0.000 4
  -1   57     -1.211     -0.387      0.000 4
  59   58     -1.201     -0.119      0.000 4
  61   60     -1.179      0.695      0.000 4
  -1   -2     -1.176      0.278      0.000 4
  76   59     -1.173     -1.173      0.000 4
  62   61     -1.171      0.425      0.000 4
  63   63     -1.165     -0.406      0.000 4
  65   62     -1.163      1.060      0.000 4
  -1   64     -1.161      1.098      0.000 4
  64   66     -1.158     -0.308      0.000 4
  66   65     -1.157     -0.896      0.000 4
  67   67     -1.156     -0.934      0.000 4
  68   68     -1.146      0.507      0.000 4
  74   -2     -1.135     -0.517      0.000 4
  69   71     -1.134      0.199      0.000 4
  70   70     -1.133     -0.174      0.000 4
  71   72     -1.128      0.410      0.000 4
  73   73     -1.113      1.094      0.000 4
  75   74     -1.110     -1.071      0.000 4
  77   75     -1.105      0.843      0.000 4
  72   76     -1.105      0.611      0.000 4
  78   77     -1.103     -0.235      0.000 4
  79   79     -1.094      0.355      0.000 4
  -1   -2     -1.071     -1.167      0.000 4
  83   80     -1.069      0.452      0.000 4
  80   82     -1.066     -0.457      0.000 4
  81   81     -1.063     -1.088      0.000 4
  82   83     -1.061     -1.123      0.000 4
  84   86     -1.050     -0.772      0.000 4
  86   84     -1.034      0.316      0.000 4
  87   85     -1.025      0.942      0.000 4
  91   90     -1.012     -0.605      0.000 4
  92   87     -1.012     -0.906      0.000 4
  93   -2     -1.008      0.589      0.000 4
  -1   91     -1.005      0.515      0.000 4
  94   92     -1.001      1.060      0.000 4
  95   94     -0.990     -1.110      0.000 4
  96   95     -0.960     -0.136      0.000 4
 102   96     -0.951     -0.911      0.000 4
  99   97     -0.947     -0.010      0.000 4
 101   98     -0.943     -0.215      0.000 4
 103  102     -0.931      0.918      0.000 4
 104  100     -0.929     -0.976      0.000 4
  98  101     -0.926     -0.035      0.000 4
 105  103     -0.925      1.145      0.000 4
  -1  104     -0.921      0.314      0.000 4
 106   -2     -0.920      0.320      0.000 4
 107  106     -0.917     -0.448      0.000 4
 109  105     -0.916      0.433      0.000 4
 111  107     -0.907      1.104      0.000 4
 110  108     -0.905     -0.622      0.000 4
 100  116     -0.904      0.395      0.000 4
 113  112     -0.892      0.737      0.000 4
 114  111     -0.891     -0.759      0.000 4
  -1   -2     -0.888     -1.166      0.000 4
 116  113     -0.881     -0.706      0.000 4
 115  114     -0.880     -0.052      0.000 4
 117  115     -0.869      0.040      0.000 4
 118  117     -0.847      0.811      0.000 4
  -1   -2     -0.844     -1.081      0.000 4
 119  118     -0.839      0.142      0.000 4
 120   -2     -0.832     -1.120      0.000 4
 122  119     -0.832      1.048      0.000 4
 121  120     -0.831     -0.441      0.000 4
 123  122     -0.824     -0.145      0.000 4
 124  121     -0.823      1.094      0.000 4
 126  127     -0.818     -0.915      0.000 4
 125  123     -0.818      0.880      0.000 4
 127  125     -0.808     -0.755      0.000 4
 128  124     -0.806      0.989      0.000 4
 129  126     -0.806     -0.804      0.000 4
  -1   -2     -0.795     -0.597      0.000 4
 130  128     -0.794     -0.095      0.000 4
 131  129     -0.786      0.073      0.000 4
 132   -2     -0.762      0.773      0.000 4
 133  130     -0.752      0.966      0.000 4
 136  131     -0.750     -0.925      0.000 4
  -1   -2     -0.749     -0.741      0.000 4
 135  133     -0.748     -0.540      0.000 4
 139  134     -0.732     -0.963      0.000 4
 141  135     -0.721     -0.289      0.000 4
 140   -2     -0.720     -0.625      0.000 4
 145  136     -0.706     -1.169      0.000 4
 146   -2     -0.699      1.095      0.000 4
 148  137     -0.694      1.039      0.000 4
 149  140     -0.688      0.049      0.000 4
 147  145     -0.685     -0.263      0.000 4
 151  141     -0.678     -0.409      0.000 4
 152  143     -0.668      0.335      0.000 4
 153  144     -0.662     -0.484      0.000 4
 155  146     -0.653     -0.741      0.000 4
 157  147     -0.647      0.855      0.000 4
  -1   -2     -0.647      0.256      0.000 4
 158   -2     -0.641      1.073      0.000 4
 159  148     -0.640      1.114      0.000 4
 160   -2     -0.635     -0.213      0.000 4
 162  149     -0.631      1.040      0.000 4
 161  150     -0.630      0.454      0.000 4
 163  151     -0.627     -0.021      0.000 4
 165  152     -0.621     -1.056      0.000 4
 166  158     -0.619     -0.982      0.000 4
 167  154     -0.612     -0.742      0.000 4
 168  155     -0.609     -0.479      0.000 4
 169  157     -0.602      0.081      0.000 4
 170  156     -0.596      0.635      0.000 4
 171  159     -0.596      0.179      0.000 4
  -1   -2     -0.590     -0.805      0.000 4
 173  162     -0.573     -0.037      0.000 4
 174  161     -0.572      1.002      0.000 4
  -1   -2     -0.566     -0.952      0.000 4
 175  163     -0.554     -0.111      0.000 4
 182  139     -0.552     -1.166      0.000 4
 176  166     -0.531     -0.254      0.000 4
 178  165     -0.530      1.129      0.000 4
 177   -2     -0.524      0.003      0.000 4
 180  167     -0.519     -0.630      0.000 4
 179  168     -0.519      0.423      0.000 4
 184  171     -0.488      0.302      0.000 4
  -1  170     -0.488     -1.166      0.000 4
  -1   -2     -0.474      0.473      0.000 4
 185  172     -0.472     -0.157      0.000 4
 187  175     -0.448      0.680      0.000 4
 188  179     -0.448     -0.252      0.000 4
 191  176     -0.447     -0.780      0.000 4
 190  178     -0.447     -0.547      0.000 4
 192  177     -0.446     -0.888      0.000 4
 193   -2     -0.440     -0.218      0.000 4
 195  182     -0.422      1.139      0.000 4
 194  183     -0.415     -0.604      0.000 4
  -1   -2     -0.398     -0.674      0.000 4
 198  185     -0.391      0.982      0.000 4
 199  186     -0.385     -0.888      0.000 4
 200  187     -0.382      0.803      0.000 4
 201  188     -0.379      0.906      0.000 4
 202  189     -0.372      0.273      0.000 4
 203  190     -0.370     -0.508      0.000 4
 204   -2     -0.359     -1.137      0.000 4
 205  191     -0.342      0.720      0.000 4
 206  192     -0.340     -0.161      0.000 4
  -1   -2     -0.338      0.439      0.000 4
 196  214     -0.334     -0.408      0.000 4
  -1   -2     -0.326     -1.142      0.000 4
  -1   -2     -0.323     -0.671      0.000 4
 207  195     -0.322      0.371      0.000 4
  -1  196     -0.316     -0.844      0.000 4
 209  198     -0.302     -0.341      0.000 4
 213  199     -0.297     -1.130      0.000 4
 210  201     -0.296      0.117      0.000 4
 212  200     -0.296     -0.895      0.000 4
 211   -2     -0.295      0.701      0.000 4
 214  202     -0.285      0.666      0.000 4
 216  203     -0.275     -0.594      0.000 4
  -1  204     -0.273     -0.486      0.000 4
 217  207     -0.260      0.020      0.000 4
 219  205     -0.259     -0.976      0.000 4
 233  197     -0.251     -1.170      0.000 4
 220  208     -0.245      0.626      0.000 4
 221  209     -0.243     -1.092      0.000 4
 222   -2     -0.231     -0.033      0.000 4
 223  211     -0.229      0.040      0.000 4
  -1  212     -0.217     -0.146      0.000 4
 225  213     -0.216     -0.209      0.000 4
 226  222     -0.191      0.968      0.000 4
 230  216     -0.182      1.116      0.000 4
 228  215     -0.182     -0.147      0.000 4
 229  217     -0.180     -1.087      0.000 4
 232  225     -0.168      0.339      0.000 4
 235  220     -0.164     -0.564      0.000 4
 234  219     -0.162      0.423      0.000 4
 236  221     -0.157     -0.056      0.000 4
 238  223     -0.146      0.541      0.000 4
 240  226     -0.133     -0.907      0.000 4
 241  227     -0.121      0.204      0.000 4
 231  242     -0.118     -0.712      0.000 4
  -1  229     -0.117     -0.124      0.000 4
  -1  236     -0.105     -1.158      0.000 4
 242  230     -0.098     -0.532      0.000 4
 244  232     -0.095      0.307      0.000 4
 243  233     -0.094     -0.267      0.000 4
  -1   -2     -0.086     -1.166      0.000 4
 246  235     -0.084      1.010      0.000 4
 247  238     -0.079      0.508      0.000 4
 249  237     -0.077     -0.969      0.000 4
 250  239     -0.071      0.007      0.000 4
 251  240     -0.069      1.123      0.000 4
 252   -2     -0.057     -0.336      0.000 4
  -1   -2     -0.045     -0.586      0.000 4
  -1   -2     -0.034     -0.390      0.000 4
 255  243     -0.031      1.079      0.000 4
 254  244     -0.025     -0.099      0.000 4
 257  246     -0.018      0.487      0.000 4
 260  247     -0.001      0.050      0.000 4
  -1   -2      0.004      0.116      0.000 4
 261  248      0.010      0.850      0.000 4
 263  249      0.012      0.742      0.000 4
 259  250      0.018     -1.105      0.000 4
 264  251      0.019      0.300      0.000 4
 265  252      0.022      0.495      0.000 4
 266  253      0.035     -0.037      0.000 4
  -1   -2      0.042     -0.656      0.000 4
 267  255      0.054      0.559      0.000 4
 268  256      0.061      0.781      0.000 4
 270  258      0.063     -0.948      0.000 4
 272  259      0.069     -0.787      0.000 4
  -1   -2      0.074     -1.120      0.000 4
 273  260      0.080      0.137      0.000 4
 274  261      0.085     -0.599      0.000 4
 277  265      0.093      0.101      0.000 4
  -1  272      0.093     -1.076      0.000 4
 280  264      0.095     -1.167      0.000 4
 278  266      0.098      0.389      0.000 4
 279  267      0.100      1.065      0.000 4
  -1   -2      0.137      0.752      0.000 4
 283  270      0.138     -0.488      0.000 4
  -1   -2      0.138     -0.948      0.000 4
 282  268      0.142      0.722      0.000 4
 281  269      0.142     -0.392      0.000 4
 284  271      0.149      0.581      0.000 4
 285   -2      0.153     -1.082      0.000 4
 286  273      0.159     -0.558      0.000 4
 287  274      0.163      0.907      0.000 4
 288  275      0.176      0.315      0.000 4
 289  276      0.188     -0.580      0.000 4
 291  277      0.201     -1.077      0.000 4
 290  278      0.207     -0.369      0.000 4
 292  280      0.212     -0.880      0.000 4
 293  279      0.214      1.117      0.000 4
  -1  281      0.217      0.836      0.000 4
 294  283      0.219      0.035      0.000 4
 296  284      0.227      0.478      0.000 4
 295  285      0.229     -0.756      0.000 4
  -1  286      0.233     -1.003      0.000 4
 298  287      0.245     -0.114      0.000 4
 299  289      0.266     -0.545      0.000 4
 300  290      0.268     -0.303      0.000 4
  -1  291      0.277      0.832      0.000 4
 302  292      0.283      1.048      0.000 4
 303  294      0.290      0.977      0.000 4
 304  295      0.293      0.215      0.000 4
 305  293      0.295      0.617      0.000 4
 306  310      0.306     -0.892      0.000 4
 307  296      0.320     -1.104      0.000 4
 308  297      0.324      0.502      0.000 4
  -1  304      0.326     -1.153      0.000 4
 310  298      0.327     -0.265      0.000 4
 311  299      0.338     -0.316      0.000 4
 312  301      0.341      0.056      0.000 4
 313  302      0.347      0.891      0.000 4
  -1  303      0.349     -0.131      0.000 4
 323  305      0.358      0.302      0.000 4
 315  306      0.361     -1.068      0.000 4
  -1  307      0.373      0.938      0.000 4
 317  308      0.378     -0.338      0.000 4
 316  309      0.383     -0.704      0.000 4
 318  311      0.387      0.548      0.000 4
  -1   -2      0.397      0.996      0.000 4
 319  312      0.406      0.052      0.000 4
 320  313      0.416     -0.344      0.000 4
 321  314      0.418     -1.012      0.000 4
 324  315      0.429     -0.787      0.000 4
 325  316      0.437      0.151      0.000 4
 328  317      0.443      0.814      0.000 4
  -1   -2      0.444     -1.169      0.000 4
 326  318      0.445     -0.577      0.000 4
 330  321      0.454      1.099      0.000 4
 331  322      0.469     -0.524      0.000 4
 334  324      0.474      0.004      0.000 4
 333  323      0.474      0.619      0.000 4
  -1   -2      0.490     -1.152      0.000 4
 335   -2      0.492     -0.369      0.000 4
 336  330      0.507     -0.710      0.000 4
  -1   -2      0.509     -0.863      0.000 4
 339  331      0.511      0.644      0.000 4
 340  333      0.512      0.484      0.000 4
 338  329      0.519      0.277      0.000 4
 342  335      0.527     -0.551      0.000 4
 343  337      0.531     -0.021      0.000 4
  -1  328      0.536     -0.311      0.000 4
 344  338      0.536      0.795      0.000 4
 345  339      0.548     -0.831      0.000 4
 346  342      0.554      0.667      0.000 4
 347  343      0.568     -0.883      0.000 4
 348  344      0.569      0.613      0.000 4
 349  345      0.579     -0.513      0.000 4
  -1  346      0.594      0.339      0.000 4
  -1   -2      0.596      0.745      0.000 4
  -1  354      0.602     -0.657      0.000 4
 351  350      0.607     -0.920      0.000 4
 353  347      0.609      0.930      0.000 4
 354  349      0.612      0.805      0.000 4
 355   -2      0.623     -0.682      0.000 4
 356  352      0.625     -0.032      0.000 4
 350  362      0.629     -1.073      0.000 4
  -1   -2      0.642      0.126      0.000 4
 358  356      0.643      0.444      0.000 4
  -1   -2      0.645      0.080      0.000 4
 359  357      0.647     -0.778      0.000 4
 360   -2      0.647      0.478      0.000 4
  -1  358      0.652      0.720      0.000 4
 361  359      0.657     -0.626      0.000 4
  -1  360      0.670      1.076      0.000 4
  -1  361      0.674     -0.362      0.000 4
 363   -2      0.677      0.287      0.000 4
  -1   -2      0.682      0.635      0.000 4
 364  363      0.692      0.844      0.000 4
 365  364      0.698     -0.436      0.000 4
 366  365      0.701      0.764      0.000 4
 367  366      0.706      0.431      0.000 4
  -1  367      0.716     -0.241      0.000 4
 368  369      0.717     -0.817      0.000 4
 370  370      0.730      1.085      0.000 4
 371  371      0.732     -1.039      0.000 4
  -1  373      0.739     -0.464      0.000 4
 372  374      0.741     -0.656      0.000 4
 373  375      0.748     -0.850      0.000 4
 374  377      0.750      0.989      0.000 4
  -1  378      0.757     -0.010      0.000 4
  -1  368      0.760     -0.755      0.000 4
 375  379      0.763     -1.081      0.000 4
 377  380      0.764     -0.350      0.000 4
  -1   -2      0.774      1.158      0.000 4
 378  381      0.776      1.086      0.000 4
  -1  383      0.779      0.110      0.000 4
 380  386      0.791     -0.613      0.000 4
  -1   -2      0.796     -1.159      0.000 4
 379   -2      0.804     -0.992      0.000 4
 384  387      0.804     -0.791      0.000 4
 385  385      0.805      0.265      0.000 4
  -1   -2      0.811     -0.031      0.000 4
  -1   -2      0.822      0.974      0.000 4
  -1   -2      0.836     -0.138      0.000 4
 386  389      0.836     -1.115      0.000 4
  -1   -2      0.838      0.261      0.000 4
 387  390      0.840     -0.858      0.000 4
 388  391      0.844      0.842      0.000 4
 390  392      0.848      0.577      0.000 4
 389  395      0.848     -1.058      0.000 4
 393  394      0.851      0.302      0.000 4
 391  393      0.852      0.349      0.000 4
 394  398      0.863      1.154      0.000 4
 395  397      0.864     -0.781      0.000 4
  -1   -2      0.868     -0.284      0.000 4
  -1   -2      0.869      1.006      0.000 4
 397  400      0.886      0.830      0.000 4
 398   -2      0.896     -0.599      0.000 4
 400  403      0.898     -0.048      0.000 4
 401   -2      0.902     -0.662      0.000 4
 404  406      0.913      1.004      0.000 4
 403  405      0.915     -0.874      0.000 4
 405   -2      0.921      0.078      0.000 4
 406   -2      0.925      1.048      0.000 4
 407  407      0.930      1.115      0.000 4
  -1  408      0.932     -0.805      0.000 4
 410  409      0.934     -0.265      0.000 4
 416  404      0.939     -1.077      0.000 4
 411  411      0.942     -0.457      0.000 4
  -1   -2      0.955      0.715      0.000 4
 412  412      0.956     -0.546      0.000 4
 413   -2      0.957      0.143      0.000 4
 414  413      0.960      0.656      0.000 4
 415  414      0.962      0.607      0.000 4
  -1   -2      0.969      0.478      0.000 4
 417  415      0.972      0.212      0.000 4
 418  416      0.977      0.390      0.000 4
 420  418      0.995      0.757      0.000 4
 419  421      0.999     -0.323      0.000 4
 422  420      1.016      0.208      0.000 4
 423   -2      1.021     -0.268      0.000 4
 424  423      1.027      0.357      0.000 4
 425  424      1.032     -0.171      0.000 4
  -1   -2      1.037     -1.077      0.000 4
 426  425      1.043      0.495      0.000 4
 427  426      1.047     -0.615      0.000 4
  -1   -2      1.056      0.542      0.000 4
  -1  434      1.063      0.998      0.000 4
 430  429      1.065     -0.260      0.000 4
 429  428      1.068      0.432      0.000 4
 435   -2      1.083     -0.357      0.000 4
  -1   -2      1.084     -0.056      0.000 4
 436  432      1.098      0.640      0.000 4
 438  433      1.106      0.944      0.000 4
 437  436      1.108     -1.015      0.000 4
 440  437      1.116     -0.686      0.000 4
 441  438      1.120      0.815      0.000 4
 439  435      1.125     -0.029      0.000 4
 444  427      1.125     -1.145      0.000 4
 446   -2      1.138      0.235      0.000 4
 452   -2      1.143      1.163      0.000 4
  -1   -2      1.147     -0.431      0.000 4
 445  441      1.151      1.019      0.000 4
  -1  445      1.157     -0.911      0.000 4
 448  443      1.159     -0.826      0.000 4
 447  444      1.159      0.566      0.000 4
  -1   -2      1.161     -0.007      0.000 4
  -1  442      1.170      0.245      0.000 4
 449  446      1.172      0.076      0.000 4
  -1   -2      1.177     -0.400      0.000 4
 450  447      1.183     -0.594      0.000 4
 453  448      1.218      0.961      0.000 4
  -1   -2      1.229     -0.002      0.000 4
 455  450      1.234     -0.291      0.000 4
 456  452      1.247     -0.549      0.000 4
 457  453      1.255     -0.417      0.000 4
 458  455      1.263     -0.624      0.000 4
  -1  463      1.264     -0.920      0.000 4
 459   -2      1.265     -0.099      0.000 4
 460  456      1.275      1.010      0.000 4
  -1  459      1.296     -0.566      0.000 4
  -1  460      1.303     -1.160      0.000 4
 462   -2      1.310     -0.188      0.000 4
  -1   -2      1.326     -0.966      0.000 4
 465  464      1.327     -0.546      0.000 4
 466  465      1.331      0.397      0.000 4
 467  466      1.340     -0.632      0.000 4
 470  467      1.373     -1.010      0.000 4
 471   -2      1.384      0.445      0.000 4
 468  468      1.385     -1.072      0.000 4
 472   -2      1.389     -0.163      0.000 4
 464  476      1.391     -1.166      0.000 4
 473  469      1.401      1.135      0.000 4
  -1  470      1.415     -1.024      0.000 4
 475  471      1.426      0.167      0.000 4
 474  473      1.430     -0.398      0.000 4
 477  474      1.431     -0.290      0.000 4
 478  477      1.431     -0.536      0.000 4
 479  478      1.440     -0.468      0.000 4
  -1   -2      1.442     -0.236      0.000 4
 480  480      1.452     -1.137      0.000 4
  -1   -2      1.452     -1.174      0.000 4
 482  481      1.470      0.238      0.000 4
 483  483      1.474      0.551      0.000 4
 486  484      1.486     -0.799      0.000 4
 496   -2      1.488     -1.080      0.000 4
 487  485      1.489     -0.836      0.000 4
 488  487      1.505      0.629      0.000 4
 489  489      1.517      0.881      0.000 4
  -1   -2      1.522     -0.836      0.000 4
 490  490      1.525      0.282      0.000 4
 492  491      1.530     -0.324      0.000 4
 491  493      1.530     -0.255      0.000 4
 493  492      1.533     -0.084      0.000 4
 495  494      1.549     -0.287      0.000 4
 497   -2      1.556     -0.702      0.000 4
 498  496      1.557     -1.012      0.000 4
 499  472      1.559      0.052      0.000 4
