485
   0    8     -1.568     -0.853      0.000 4
  -1    1     -1.565      0.249      0.000 4
  -1    3     -1.555      0.908      0.000 4
   1    4     -1.553      0.316      0.000 4
   3   -2     -1.551      1.051      0.000 4
   2    5     -1.544      0.600      0.000 4
   4    6     -1.541      0.469      0.000 4
   5    7     -1.528      0.743      0.000 4
   7   10     -1.525     -0.347      0.000 4
   6    9     -1.524      0.170      0.000 4
   8   11     -1.500      0.957      0.000 4
   9   12     -1.496      0.387      0.000 4
  -1   13     -1.491      0.551      0.000 4
  -1   27     -1.479     -1.126      0.000 4
  -1   30     -1.471     -0.583      0.000 4
  12   15     -1.468     -0.404      0.000 4
  14   16     -1.464      1.103      0.000 4
  13   17     -1.463      0.320      0.000 4
  15   18     -1.459     -0.684      0.000 4
  -1   19     -1.455      0.789      0.000 4
  17   20     -1.445      0.065      0.000 4
  18   21     -1.440     -0.250      0.000 4
  20   22     -1.438      0.021      0.000 4
  -1   23     -1.435      0.841      0.000 4
  21   24     -1.434     -0.444      0.000 4
  22   25     -1.430      0.712      0.000 4
  25   26     -1.423     -1.056      0.000 4
  23   -2     -1.422     -0.796      0.000 4
  24   -2     -1.417      0.675      0.000 4
  26   28     -1.403     -0.016      0.000 4
  27   31     -1.392      0.184      0.000 4
  35   32     -1.369      0.759      0.000 4
  28   -2     -1.363     -0.932      0.000 4
  29   33     -1.353      0.608      0.000 4
  30   34     -1.350     -0.382      0.000 4
  31   -2     -1.346      0.434      0.000 4
  34   35     -1.341     -0.971      0.000 4
  33   40     -1.337     -1.168      0.000 4
  36   37     -1.332      1.000      0.000 4
  37   39     -1.313      0.555      0.000 4
  38   38     -1.306     -1.110      0.000 4
  40   -2     -1.296     -0.883      0.000 4
  41   45     -1.283     -0.579      0.000 4
  42   44     -1.282     -0.684      0.000 4
  43   43     -1.279     -0.134      0.000 4
  44   41     -1.274     -0.912      0.000 4
  -1   -2     -1.272     -0.508      0.000 4
  45   47     -1.261     -0.639      0.000 4
  -1   -2     -1.247      0.037      0.000 4
  47   49     -1.242     -1.050      0.000 4
  48   50     -1.236      0.886      0.000 4
  49   51     -1.226     -0.895      0.000 4
  53   52     -1.224      0.676      0.000 4
  51   53     -1.221      0.776      0.000 4
  50   55     -1.221      0.431      0.000 4
  52   54     -1.219     -0.694      0.000 4
  55   56     -1.201     -0.381      0.000 4
  56   58     -1.186     -0.117      0.000 4
  -1   57     -1.184     -0.603      0.000 4
  -1   -2     -1.182      0.599      0.000 4
  58   59     -1.170      0.687      0.000 4
  59   61     -1.161      1.072      0.000 4
  61   62     -1.158     -0.887      0.000 4
  62   63     -1.158     -0.925      0.000 4
  60   64     -1.157      0.421      0.000 4
  63   65     -1.152     -0.402      0.000 4
  64   66     -1.146     -0.303      0.000 4
  65   67     -1.134      0.501      0.000 4
  66   70     -1.119     -0.171      0.000 4
  71   69     -1.114     -1.064      0.000 4
  70   72     -1.114      1.085      0.000 4
  67   71     -1.114      0.198      0.000 4
  69   73     -1.112      0.408      0.000 4
  72   74     -1.100      0.835      0.000 4
  73   75     -1.093      0.605      0.000 4
  74   76     -1.088     -0.231      0.000 4
  76   68     -1.088     -1.165      0.000 4
  -1   77     -1.087     -0.190      0.000 4
  75   80     -1.077      0.354      0.000 4
  77   81     -1.065     -1.112      0.000 4
  78   83     -1.055     -0.451      0.000 4
  80   82     -1.055     -0.765      0.000 4
  79   -2     -1.052      0.445      0.000 4
  81   85     -1.019      0.938      0.000 4
  82   87     -1.015      0.315      0.000 4
  83   86     -1.013     -0.899      0.000 4
  -1   88     -1.012      0.797      0.000 4
  85   90     -1.002      1.056      0.000 4
  84   91     -1.000     -0.090      0.000 4
  86   93     -0.992      0.583      0.000 4
  88   94     -0.986     -0.442      0.000 4
  -1   95     -0.984     -0.679      0.000 4
  89   99     -0.969     -1.031      0.000 4
  -1   98     -0.948      0.755      0.000 4
  91   97     -0.946     -0.908      0.000 4
  92  100     -0.943     -0.135      0.000 4
  93   -2     -0.938     -0.972      0.000 4
  -1  101     -0.934      0.699      0.000 4
  95  103     -0.926     -0.217      0.000 4
  96   -2     -0.922     -0.006      0.000 4
  97  104     -0.915      1.122      0.000 4
  -1  107     -0.910     -0.536      0.000 4
  99  108     -0.905     -0.446      0.000 4
  98  106     -0.905      0.446      0.000 4
  -1  105     -0.904     -0.028      0.000 4
 100  110     -0.901      0.304      0.000 4
 101  111     -0.898     -0.621      0.000 4
 103  112     -0.895     -1.164      0.000 4
 102  114     -0.887      0.395      0.000 4
 104  113     -0.887     -0.757      0.000 4
  90  115     -0.882      0.736      0.000 4
 106  116     -0.875     -0.705      0.000 4
 107  117     -0.862     -0.053      0.000 4
  -1   -2     -0.851     -1.116      0.000 4
 108  118     -0.850      0.039      0.000 4
 110  120     -0.839      0.810      0.000 4
 111  121     -0.829      1.047      0.000 4
 114  122     -0.822      1.094      0.000 4
 112  124     -0.820      0.141      0.000 4
 116  137     -0.820     -0.910      0.000 4
 113  123     -0.819     -0.441      0.000 4
 115  125     -0.812      0.880      0.000 4
 117  127     -0.807     -0.145      0.000 4
 119  128     -0.803      0.990      0.000 4
  -1   -2     -0.789     -0.597      0.000 4
  -1  132     -0.780      0.510      0.000 4
 123  133     -0.779     -0.097      0.000 4
 126  141     -0.764     -0.949      0.000 4
 124  135     -0.763      0.062      0.000 4
  -1   -2     -0.757      1.164      0.000 4
  -1   -2     -0.753      0.216      0.000 4
 125  138     -0.748      0.967      0.000 4
 132   -2     -0.739     -1.168      0.000 4
 127  140     -0.738     -0.542      0.000 4
 128   -2     -0.733     -0.962      0.000 4
  -1  143     -0.732      0.853      0.000 4
 129  142     -0.727      0.709      0.000 4
  -1  146     -0.717     -0.675      0.000 4
 130  147     -0.713     -0.630      0.000 4
 131  149     -0.707     -0.292      0.000 4
 133   -2     -0.703     -0.549      0.000 4
 134  150     -0.696      0.990      0.000 4
 135  151     -0.692      1.042      0.000 4
  -1   -2     -0.685     -1.129      0.000 4
 137  152     -0.671     -0.264      0.000 4
 136  153     -0.668      0.049      0.000 4
 138   -2     -0.658     -0.889      0.000 4
  -1  148     -0.657     -1.166      0.000 4
  -1  155     -0.651      0.338      0.000 4
 141  157     -0.648     -0.744      0.000 4
 142  159     -0.640      0.859      0.000 4
 143  158     -0.640      1.117      0.000 4
 145  160     -0.635     -1.107      0.000 4
 155  156     -0.627     -0.485      0.000 4
 147  162     -0.624     -1.060      0.000 4
 144  169     -0.622      0.263      0.000 4
 148  163     -0.620      1.055      0.000 4
 152  164     -0.619     -0.984      0.000 4
 150  166     -0.617     -0.216      0.000 4
 151  165     -0.610      0.460      0.000 4
 153  167     -0.606     -0.746      0.000 4
 146  171     -0.588      0.642      0.000 4
 158   -2     -0.586     -0.810      0.000 4
 157  172     -0.585      0.083      0.000 4
 159   -2     -0.580     -0.270      0.000 4
 160  173     -0.576      0.182      0.000 4
 161  174     -0.569      1.009      0.000 4
 139  188     -0.564      0.301      0.000 4
 162  176     -0.562     -0.949      0.000 4
 163  177     -0.556     -0.037      0.000 4
  -1  178     -0.540     -1.092      0.000 4
 165  179     -0.536     -0.112      0.000 4
 166  180     -0.528      1.137      0.000 4
 167  181     -0.517     -0.259      0.000 4
  -1  182     -0.516      0.128      0.000 4
 168  183     -0.510     -0.638      0.000 4
  -1  184     -0.509     -0.003      0.000 4
 170  185     -0.507      0.922      0.000 4
 171  187     -0.502      0.417      0.000 4
  -1   -2     -0.497      0.839      0.000 4
 172  186     -0.495     -1.161      0.000 4
 174   -2     -0.471     -0.725      0.000 4
 175   -2     -0.464      0.301      0.000 4
 176  189     -0.463     -0.162      0.000 4
 178   -2     -0.452     -0.470      0.000 4
 181  190     -0.444     -0.898      0.000 4
 182  191     -0.442     -0.787      0.000 4
 179  192     -0.440      0.691      0.000 4
 183  193     -0.436     -0.555      0.000 4
 184  194     -0.432     -0.259      0.000 4
 185  195     -0.429     -0.222      0.000 4
 186  196     -0.423      1.151      0.000 4
 188  198     -0.404     -0.613      0.000 4
 196   -2     -0.391      0.423      0.000 4
 190  200     -0.382     -0.898      0.000 4
 189  201     -0.378      0.992      0.000 4
 191  202     -0.374      0.807      0.000 4
 192  203     -0.371      0.920      0.000 4
 194  204     -0.364      0.284      0.000 4
 195  205     -0.358     -0.517      0.000 4
 193  207     -0.354     -1.157      0.000 4
 198  209     -0.346      0.258      0.000 4
 199  210     -0.335      0.731      0.000 4
 200  211     -0.330     -0.163      0.000 4
  -1   -2     -0.324     -0.418      0.000 4
  -1  212     -0.318     -0.684      0.000 4
 201  213     -0.312     -0.858      0.000 4
 202  214     -0.311      0.378      0.000 4
 204  216     -0.294     -0.908      0.000 4
 203  217     -0.291     -0.351      0.000 4
 205  219     -0.285      0.118      0.000 4
 207  220     -0.277      0.678      0.000 4
 206  215     -0.274     -1.169      0.000 4
  -1  221     -0.272      0.296      0.000 4
 208  222     -0.269     -0.607      0.000 4
 209  224     -0.260     -0.989      0.000 4
 210  225     -0.246     -0.785      0.000 4
 211  226     -0.245      0.018      0.000 4
 219  208     -0.243     -1.095      0.000 4
 213  230     -0.238      0.640      0.000 4
 214  231     -0.225      0.972      0.000 4
 215   -2     -0.225      0.038      0.000 4
  -1   -2     -0.218     -0.103      0.000 4
 217  233     -0.213     -0.473      0.000 4
 216  234     -0.204     -0.218      0.000 4
  -1   -2     -0.203     -0.223      0.000 4
 220  237     -0.170     -0.155      0.000 4
  -1   -2     -0.170     -0.685      0.000 4
 223  238     -0.158      0.431      0.000 4
 222  239     -0.158      0.359      0.000 4
 225  241     -0.146     -0.061      0.000 4
 227  242     -0.140      0.553      0.000 4
 224  247     -0.139     -0.570      0.000 4
 228  249     -0.136     -0.272      0.000 4
 229  244     -0.133      0.295      0.000 4
 230  243     -0.131     -0.923      0.000 4
 231  245     -0.113      0.206      0.000 4
 259  228     -0.100     -1.150      0.000 4
 236  250     -0.088      0.313      0.000 4
 237   -2     -0.086     -0.274      0.000 4
 238  251     -0.083      1.030      0.000 4
 234   -2     -0.083      0.576      0.000 4
  -1   -2     -0.078     -0.608      0.000 4
 240  254     -0.072     -0.992      0.000 4
 239  256     -0.069      0.518      0.000 4
 241  255     -0.069      1.143      0.000 4
 242  257     -0.065      0.005      0.000 4
 245  246     -0.039     -0.767      0.000 4
 244  260     -0.032      1.099      0.000 4
 248  264     -0.015      0.492      0.000 4
 251  266      0.005      0.047      0.000 4
 253  267      0.011      0.866      0.000 4
  -1   -2      0.012     -0.181      0.000 4
 254   -2      0.013      0.760      0.000 4
 256  269      0.020     -1.111      0.000 4
 257  270      0.023      0.308      0.000 4
 258   -2      0.026      0.504      0.000 4
 260  271      0.041     -0.043      0.000 4
 261  272      0.053      0.571      0.000 4
 262  273      0.063      0.798      0.000 4
 263  274      0.065     -0.966      0.000 4
 267  276      0.072     -0.807      0.000 4
 264  275      0.075      0.524      0.000 4
 268  278      0.082      0.139      0.000 4
  -1   -2      0.086     -0.860      0.000 4
 255  288      0.089     -0.198      0.000 4
 269  279      0.093     -0.617      0.000 4
 272  282      0.094      0.102      0.000 4
 273  284      0.099      1.084      0.000 4
 274  285      0.100      0.397      0.000 4
 250  296      0.112     -1.154      0.000 4
  -1  286      0.115      0.356      0.000 4
 276  290      0.140      0.747      0.000 4
  -1   -2      0.140     -0.176      0.000 4
  -1  291      0.142     -0.403      0.000 4
 279   -2      0.149      0.594      0.000 4
 281   -2      0.154     -0.577      0.000 4
 282  293      0.162      0.927      0.000 4
 283  294      0.176      0.324      0.000 4
 284  295      0.187     -0.595      0.000 4
 285   -2      0.199     -1.093      0.000 4
 287  298      0.212      1.139      0.000 4
 289  299      0.214     -0.900      0.000 4
 290  300      0.218      0.033      0.000 4
 291  303      0.225      0.489      0.000 4
 293  304      0.229     -0.774      0.000 4
  -1   -2      0.237      0.667      0.000 4
 294  307      0.244     -0.120      0.000 4
 295  308      0.260     -0.562      0.000 4
 288  310      0.266      0.857      0.000 4
 296  309      0.267     -0.311      0.000 4
 298  311      0.281      1.069      0.000 4
 299  312      0.288      0.994      0.000 4
 300  313      0.291      0.218      0.000 4
  -1  315      0.303     -0.906      0.000 4
 301  316      0.319     -1.122      0.000 4
  -1   -2      0.325      0.516      0.000 4
 305  317      0.338      0.055      0.000 4
 307  319      0.345     -1.161      0.000 4
  -1   -2      0.347      0.909      0.000 4
 306  320      0.362     -1.085      0.000 4
  -1   -2      0.371      0.958      0.000 4
 308  321      0.375     -0.347      0.000 4
 309  323      0.387     -0.718      0.000 4
  -1   -2      0.389     -0.887      0.000 4
 312  328      0.413     -0.354      0.000 4
 313  329      0.418      0.263      0.000 4
 314  331      0.420     -1.026      0.000 4
  -1  330      0.422     -0.402      0.000 4
 315  332      0.427     -0.801      0.000 4
 316  333      0.429      0.153      0.000 4
 317   -2      0.441      0.787      0.000 4
  -1  335      0.441     -0.593      0.000 4
  -1   -2      0.445      0.386      0.000 4
 319  324      0.447     -1.117      0.000 4
  -1   -2      0.447      0.825      0.000 4
 320  334      0.450      1.115      0.000 4
  -1   -2      0.462     -0.719      0.000 4
 321   -2      0.464     -0.536      0.000 4
 324  337      0.476      0.008      0.000 4
  -1   -2      0.479      0.894      0.000 4
 326  339      0.486     -0.378      0.000 4
 330  338      0.496      0.495      0.000 4
 328  340      0.500      0.662      0.000 4
 329  343      0.504     -0.723      0.000 4
 331  344      0.508      0.281      0.000 4
  -1   -2      0.511      0.062      0.000 4
 334  347      0.523     -0.563      0.000 4
 333  345      0.528     -0.022      0.000 4
 335  348      0.528      0.811      0.000 4
 336   -2      0.546     -0.842      0.000 4
 337   -2      0.547      0.683      0.000 4
  -1  350      0.549     -0.779      0.000 4
  -1  351      0.566      0.615      0.000 4
 339  352      0.568     -0.894      0.000 4
 340  353      0.574     -0.521      0.000 4
 342   -2      0.593      1.161      0.000 4
 344  355      0.603      0.945      0.000 4
 345  356      0.603      0.821      0.000 4
 346   -2      0.609     -0.936      0.000 4
  -1  357      0.611     -0.035      0.000 4
 347  358      0.620     -0.690      0.000 4
 348  359      0.631     -1.081      0.000 4
 353  360      0.632     -1.165      0.000 4
 349  361      0.633      0.450      0.000 4
 350  363      0.638      0.486      0.000 4
  -1  365      0.641      0.081      0.000 4
 352  362      0.641     -0.585      0.000 4
 351  366      0.641     -0.787      0.000 4
 354  367      0.645      0.733      0.000 4
 355  369      0.666      1.091      0.000 4
 356  372      0.682      0.854      0.000 4
 358  375      0.692      0.778      0.000 4
 359  374      0.692      0.439      0.000 4
 365  376      0.698     -0.445      0.000 4
 343   -2      0.703     -0.243      0.000 4
  -1   -2      0.708     -1.171      0.000 4
 360  377      0.708     -0.823      0.000 4
  -1  378      0.716      0.058      0.000 4
 362  379      0.717      1.101      0.000 4
  -1  380      0.726     -0.613      0.000 4
 363  382      0.738     -0.662      0.000 4
 364  383      0.740      1.090      0.000 4
 367  384      0.744     -0.006      0.000 4
 366  385      0.745      1.001      0.000 4
  -1  386      0.748     -0.857      0.000 4
 368  387      0.755     -0.352      0.000 4
 369  388      0.762     -1.087      0.000 4
 370  389      0.769      0.110      0.000 4
 372  392      0.784     -0.616      0.000 4
 373  391      0.785      0.233      0.000 4
  -1   -2      0.791      0.270      0.000 4
 374  393      0.797     -0.029      0.000 4
 375  394      0.802     -0.794      0.000 4
  -1  395      0.828     -0.167      0.000 4
 376  396      0.832      0.783      0.000 4
 379  398      0.836      0.356      0.000 4
 381  399      0.836      0.309      0.000 4
 378  397      0.837      0.585      0.000 4
  -1  400      0.838      0.851      0.000 4
 382  401      0.841     -0.079      0.000 4
 383  404      0.851     -1.059      0.000 4
 389  409      0.858      1.163      0.000 4
 385   -2      0.861      1.017      0.000 4
 386  405      0.861     -0.782      0.000 4
  -1  406      0.865     -0.533      0.000 4
  -1   -2      0.865      1.065      0.000 4
 390  407      0.877      0.841      0.000 4
 384  413      0.887     -1.154      0.000 4
 391  408      0.887     -0.047      0.000 4
  -1  412      0.905      0.079      0.000 4
 394   -2      0.912      1.023      0.000 4
 397  414      0.922      1.055      0.000 4
 398  416      0.924     -0.265      0.000 4
 399  417      0.928      1.124      0.000 4
 401  421      0.930     -1.077      0.000 4
 395   -2      0.930     -0.804      0.000 4
 402  419      0.931     -0.455      0.000 4
 403  420      0.933     -0.157      0.000 4
 405   -2      0.938      0.145      0.000 4
 404  423      0.944      0.722      0.000 4
 406  424      0.948      0.664      0.000 4
 407  426      0.950     -0.545      0.000 4
 408  425      0.950      0.614      0.000 4
 413  422      0.951      0.213      0.000 4
  -1   -2      0.953      0.099      0.000 4
 411  427      0.962      0.396      0.000 4
  -1   -2      0.963      0.447      0.000 4
 410  428      0.963     -0.708      0.000 4
 414  429      0.984      0.763      0.000 4
  -1  431      0.992     -0.231      0.000 4
 416  430      0.999      0.214      0.000 4
 415   -2      1.006     -0.266      0.000 4
  -1  432      1.012      0.358      0.000 4
 418  433      1.018     -0.166      0.000 4
 419  435      1.029      0.497      0.000 4
 420  436      1.041     -0.610      0.000 4
 421  437      1.045      0.430      0.000 4
 423  438      1.056     -0.257      0.000 4
 426  440      1.067     -0.052      0.000 4
 424   -2      1.068     -1.169      0.000 4
 427  441      1.071     -0.347      0.000 4
  -1   -2      1.080      1.155      0.000 4
 428  442      1.086      0.634      0.000 4
 429  443      1.101      0.949      0.000 4
  -1  444      1.107      1.023      0.000 4
 432  448      1.107     -1.008      0.000 4
 431  445      1.108      0.817      0.000 4
 430  446      1.110     -0.678      0.000 4
 433  447      1.114     -0.026      0.000 4
 434  450      1.144      0.244      0.000 4
 435  451      1.146      1.021      0.000 4
 437  453      1.148      0.566      0.000 4
 436  452      1.150     -1.119      0.000 4
 438  454      1.154     -0.816      0.000 4
  -1   -2      1.156      0.151      0.000 4
 440  455      1.156      0.081      0.000 4
 439  456      1.156     -0.904      0.000 4
  -1  457      1.169     -0.394      0.000 4
 441  458      1.178     -0.588      0.000 4
 442  459      1.196      0.182      0.000 4
  -1   -2      1.216      0.881      0.000 4
 445  460      1.225     -0.285      0.000 4
 446  463      1.242     -0.541      0.000 4
 447  465      1.246     -0.407      0.000 4
  -1  466      1.261     -0.612      0.000 4
  -1   -2      1.263     -0.912      0.000 4
 449  467      1.271      1.006      0.000 4
 453   -2      1.292     -0.556      0.000 4
  -1  470      1.298     -1.155      0.000 4
 450   -2      1.302      0.575      0.000 4
 455   -2      1.305     -1.153      0.000 4
 458  471      1.318      0.395      0.000 4
 459  472      1.322     -0.532      0.000 4
 460  473      1.335     -0.620      0.000 4
 462  475      1.372      0.442      0.000 4
 461  476      1.373     -0.997      0.000 4
 463  477      1.380     -0.154      0.000 4
  -1  478      1.388     -1.054      0.000 4
 465  479      1.398      1.127      0.000 4
  -1  480      1.398      1.129      0.000 4
 464  482      1.415     -1.008      0.000 4
 456   -2      1.417      0.143      0.000 4
 466  483      1.419      0.168      0.000 4
 468  485      1.422     -0.287      0.000 4
 467  484      1.423     -0.389      0.000 4
 471  488      1.425     -1.168      0.000 4
 469  486      1.430     -0.517      0.000 4
 470  487      1.432     -0.454      0.000 4
 472  489      1.455     -1.120      0.000 4
 473  490      1.456      0.240      0.000 4
 474  491      1.461      0.546      0.000 4
 477  492      1.493      0.625      0.000 4
 476  493      1.494     -0.819      0.000 4
 478  494      1.509      0.870      0.000 4
  -1   -2      1.514     -1.140      0.000 4
 479  495      1.515      0.280      0.000 4
 482  497      1.526     -0.076      0.000 4
 481  498      1.533     -0.295      0.000 4
 483  501      1.552      0.057      0.000 4
  -1  500      1.554     -1.106      0.000 4
  -1  504      1.555      1.141      0.000 4
  -1   -2      1.555     -0.683      0.000 4
 484  502      1.555     -0.997      0.000 4
  -1  503      1.557      0.457      0.000 4
