503
  -1    0     -1.557      0.048      0.000 4
  -1   -2     -1.550      0.767      0.000 4
   1    4     -1.536     -0.011      0.000 4
   2    2     -1.535     -1.059      0.000 4
   3    5     -1.531     -0.577      0.000 4
   4    6     -1.527     -0.060      0.000 4
   5    7     -1.527      0.220      0.000 4
   6    8     -1.516     -0.864      0.000 4
  -1   -2     -1.500      0.975      0.000 4
   8    9     -1.496      0.889      0.000 4
  10   10     -1.494     -0.615      0.000 4
   9   -2     -1.493      0.848      0.000 4
  -1   13     -1.492      1.151      0.000 4
  11   11     -1.484      0.545      0.000 4
  13   -2     -1.475     -0.003      0.000 4
  14   12     -1.473     -0.067      0.000 4
  18   16     -1.454      0.758      0.000 4
  19   17     -1.438     -0.527      0.000 4
  16   14     -1.435     -1.116      0.000 4
  21   20     -1.433     -0.218      0.000 4
  25   -2     -1.418      0.767      0.000 4
  26   24     -1.394     -0.978      0.000 4
  28   25     -1.368      0.515      0.000 4
  -1   26     -1.363      0.558      0.000 4
  31   27     -1.357     -0.174      0.000 4
  30   30     -1.328     -0.727      0.000 4
  35   31     -1.325      1.155      0.000 4
  36   34     -1.318      0.227      0.000 4
  38   -2     -1.317     -0.487      0.000 4
  39   35     -1.302     -1.106      0.000 4
  41   37     -1.299     -0.839      0.000 4
  40   36     -1.298      0.475      0.000 4
  43   40     -1.296      0.589      0.000 4
  42   41     -1.295     -0.229      0.000 4
  44   38     -1.295      0.901      0.000 4
  45   42     -1.289     -0.390      0.000 4
  46   45     -1.277      0.406      0.000 4
  47   44     -1.275      0.797      0.000 4
  50   47     -1.265      1.021      0.000 4
  -1   -2     -1.265     -0.246      0.000 4
  48   46     -1.263     -0.503      0.000 4
  49   -2     -1.261     -1.157      0.000 4
  51   48     -1.259     -0.296      0.000 4
  52   -2     -1.254     -1.047      0.000 4
  53   50     -1.239     -0.834      0.000 4
  55   51     -1.235      0.688      0.000 4
  -1   -2     -1.233      0.812      0.000 4
  57   52     -1.228      0.354      0.000 4
  -1   49     -1.227     -1.069      0.000 4
  58   -2     -1.213     -0.615      0.000 4
  -1   -2     -1.199     -0.486      0.000 4
  -1   -2     -1.193     -0.974      0.000 4
  61   54     -1.189     -1.040      0.000 4
  64   55     -1.171     -0.532      0.000 4
  65   -2     -1.163      0.673      0.000 4
  66   57     -1.161      0.930      0.000 4
  69   58     -1.154      0.640      0.000 4
  68   59     -1.153     -0.163      0.000 4
  70   60     -1.148     -0.017      0.000 4
  -1   65     -1.146      0.362      0.000 4
  71   62     -1.135      0.275      0.000 4
  75   -2     -1.130     -0.933      0.000 4
  73   63     -1.129     -1.016      0.000 4
  74   66     -1.123     -0.249      0.000 4
  -1   67     -1.118     -1.055      0.000 4
  72   -2     -1.115      0.336      0.000 4
  -1   69     -1.111     -1.166      0.000 4
  76   70     -1.110      0.482      0.000 4
  -1   -2     -1.096      0.863      0.000 4
  77   72     -1.088     -0.065      0.000 4
  78   73     -1.087      0.036      0.000 4
  81   64     -1.075     -0.863      0.000 4
  79   75     -1.068      0.397      0.000 4
  -1   -2     -1.067      1.060      0.000 4
  82   77     -1.061      0.142      0.000 4
  83   78     -1.056      1.008      0.000 4
  84   79     -1.047      0.891      0.000 4
  85   80     -1.044     -0.489      0.000 4
  -1   -2     -1.031     -1.107      0.000 4
  87   82     -1.028     -0.155      0.000 4
  -1   -2     -1.019      0.698      0.000 4
  89   86     -1.009     -0.103      0.000 4
  -1   76     -1.003      0.766      0.000 4
  92   88     -0.997      1.118      0.000 4
  93   87     -0.997     -0.996      0.000 4
  -1   -2     -0.994      0.218      0.000 4
  -1   89     -0.984      0.955      0.000 4
  94   90     -0.982     -0.669      0.000 4
  -1   -2     -0.973     -0.359      0.000 4
  95   91     -0.969     -0.461      0.000 4
  96   -2     -0.963     -0.047      0.000 4
  97   -2     -0.946     -0.980      0.000 4
  98   92     -0.939     -0.748      0.000 4
  -1   99     -0.938      0.829      0.000 4
  99   93     -0.930     -0.806      0.000 4
 100   95     -0.908      0.049      0.000 4
 101   96     -0.904     -0.291      0.000 4
 102   97     -0.899     -1.041      0.000 4
 103   98     -0.896      1.134      0.000 4
  -1   -2     -0.895     -0.618      0.000 4
 104   -2     -0.891      0.887      0.000 4
 109  100     -0.878     -1.114      0.000 4
 106  102     -0.876     -0.254      0.000 4
 107  103     -0.876      0.745      0.000 4
 111  104     -0.865     -0.547      0.000 4
 113  105     -0.858     -0.781      0.000 4
 110  109     -0.854     -1.169      0.000 4
 114  107     -0.849      0.990      0.000 4
 115  108     -0.848      1.057      0.000 4
  -1   -2     -0.846      0.500      0.000 4
 116  121     -0.845     -0.660      0.000 4
 118  110     -0.834     -0.399      0.000 4
 119  112     -0.827     -0.202      0.000 4
 122  113     -0.822      1.097      0.000 4
 121  115     -0.821      0.429      0.000 4
 120  116     -0.820      0.079      0.000 4
  -1  127     -0.816     -0.915      0.000 4
 117  117     -0.815     -0.787      0.000 4
 123  118     -0.813      0.173      0.000 4
 126   -2     -0.806     -0.675      0.000 4
  -1  124     -0.799     -0.507      0.000 4
 128  125     -0.799     -0.469      0.000 4
 127  123     -0.797      0.278      0.000 4
 129  126     -0.785     -0.031      0.000 4
  -1   -2     -0.775     -0.233      0.000 4
 132   -2     -0.758     -0.946      0.000 4
 131  129     -0.756     -0.093      0.000 4
 133   -2     -0.756      0.116      0.000 4
 134  128     -0.754      0.950      0.000 4
 135  130     -0.751      0.592      0.000 4
 136  131     -0.749     -0.452      0.000 4
  -1  132     -0.744     -0.001      0.000 4
 137  133     -0.739      0.810      0.000 4
 138  134     -0.728     -0.969      0.000 4
 139  135     -0.725      1.003      0.000 4
 140  136     -0.722     -0.721      0.000 4
 142  141     -0.718     -1.130      0.000 4
  -1   -2     -0.717     -0.927      0.000 4
 141  137     -0.716     -0.229      0.000 4
 143  138     -0.708      0.373      0.000 4
  -1   -2     -0.705      1.062      0.000 4
 146  142     -0.685      0.270      0.000 4
 147   -2     -0.683     -0.710      0.000 4
 149  145     -0.665     -1.174      0.000 4
 148  146     -0.663     -0.131      0.000 4
  -1   -2     -0.652      0.421      0.000 4
 151  147     -0.650      1.057      0.000 4
  -1   -2     -0.647     -0.754      0.000 4
 152  148     -0.643      1.160      0.000 4
 154  150     -0.625     -0.574      0.000 4
 153  152     -0.624     -0.190      0.000 4
 155  149     -0.624     -0.952      0.000 4
 156  151     -0.621      0.930      0.000 4
 158  153     -0.601     -1.027      0.000 4
 157  154     -0.601     -0.413      0.000 4
 159  156     -0.594      0.612      0.000 4
 161  157     -0.592      0.824      0.000 4
 163  158     -0.569     -0.947      0.000 4
 162  159     -0.567     -0.480      0.000 4
 164  160     -0.565      0.578      0.000 4
 165  162     -0.557      0.237      0.000 4
  -1  164     -0.549      1.088      0.000 4
 167  166     -0.542      1.032      0.000 4
  -1   -2     -0.530      0.412      0.000 4
 169  168     -0.528     -0.525      0.000 4
 170  169     -0.516     -0.696      0.000 4
 171  170     -0.514     -0.121      0.000 4
 172  172     -0.495     -0.426      0.000 4
 173  171     -0.494     -0.585      0.000 4
 174  173     -0.488      0.314      0.000 4
 175  174     -0.488     -0.800      0.000 4
 176   -2     -0.487      0.715      0.000 4
 177  175     -0.486      0.682      0.000 4
 178  176     -0.476      0.104      0.000 4
 182  177     -0.476     -1.164      0.000 4
 180  186     -0.459     -1.084      0.000 4
 179  178     -0.459      0.606      0.000 4
 181  179     -0.455      0.777      0.000 4
 185  180     -0.450      0.850      0.000 4
 183  181     -0.449     -0.271      0.000 4
  -1   -2     -0.442      0.385      0.000 4
 186  182     -0.437      1.006      0.000 4
 187  183     -0.430     -0.778      0.000 4
 188  184     -0.422      0.027      0.000 4
 189  185     -0.418     -0.558      0.000 4
 190   -2     -0.412     -1.125      0.000 4
 191  187     -0.409      0.580      0.000 4
  -1   -2     -0.402      0.315      0.000 4
  -1   -2     -0.401      0.392      0.000 4
 194  189     -0.383      0.074      0.000 4
 196  188     -0.381     -0.481      0.000 4
 197  191     -0.369     -0.715      0.000 4
 198  192     -0.364      0.511      0.000 4
 199  190     -0.356     -1.166      0.000 4
  -1   -2     -0.345      0.358      0.000 4
 200  194     -0.342      0.998      0.000 4
 201  195     -0.340     -0.756      0.000 4
  -1   -2     -0.320     -0.633      0.000 4
 203  199     -0.314     -0.099      0.000 4
  -1   -2     -0.313      1.097      0.000 4
 204  200     -0.299      0.271      0.000 4
 206  205     -0.288     -0.029      0.000 4
 207  204     -0.287      0.337      0.000 4
 209  203     -0.286     -0.820      0.000 4
 205  202     -0.286     -1.171      0.000 4
  -1   -2     -0.285     -1.121      0.000 4
 208   -2     -0.284      0.778      0.000 4
 211  206     -0.270     -0.424      0.000 4
  -1  207     -0.265      0.235      0.000 4
  -1   -2     -0.261      1.144      0.000 4
 214  210     -0.251      0.427      0.000 4
 215   -2     -0.246     -0.529      0.000 4
 216  212     -0.243      0.169      0.000 4
  -1  213     -0.237     -0.076      0.000 4
 217  211     -0.230     -0.608      0.000 4
  -1   -2     -0.222      0.388      0.000 4
 218  215     -0.222     -0.443      0.000 4
 219  217     -0.217     -1.103      0.000 4
 220  219     -0.204     -0.182      0.000 4
 221  220     -0.203      0.244      0.000 4
  -1  221     -0.196      0.906      0.000 4
 222  222     -0.189      0.952      0.000 4
  -1  224     -0.184     -0.907      0.000 4
  -1   -2     -0.184      0.469      0.000 4
 223   -2     -0.178     -0.543      0.000 4
 227  226     -0.178      0.022      0.000 4
 228  228     -0.170     -0.721      0.000 4
 229  229     -0.164      0.394      0.000 4
 230  230     -0.149     -1.119      0.000 4
  -1   -2     -0.148     -0.446      0.000 4
 231  231     -0.144     -0.243      0.000 4
 232  232     -0.127      0.945      0.000 4
 233  233     -0.116     -0.056      0.000 4
 235  235     -0.112      0.796      0.000 4
 234  234     -0.111     -0.284      0.000 4
 236  237     -0.101      0.217      0.000 4
 238  236     -0.101     -0.768      0.000 4
 239  223     -0.091      1.113      0.000 4
 240  238     -0.088      0.378      0.000 4
 241  239     -0.082      0.053      0.000 4
 244  240     -0.081     -1.018      0.000 4
 242  241     -0.080      0.892      0.000 4
 248  242     -0.063     -1.163      0.000 4
  -1   -2     -0.060      1.002      0.000 4
  -1   -2     -0.059     -0.237      0.000 4
 245  244     -0.039      0.838      0.000 4
 246  245     -0.036      0.231      0.000 4
 249  247     -0.027      0.565      0.000 4
 250   -2     -0.022     -0.015      0.000 4
 251  250     -0.021      0.651      0.000 4
  -1   -2     -0.019     -1.074      0.000 4
 252  251      0.017      0.425      0.000 4
 254  252      0.037      0.591      0.000 4
 253  255      0.038      0.103      0.000 4
 256  253      0.040      1.015      0.000 4
 255  256      0.045     -0.589      0.000 4
 257  257      0.048     -0.730      0.000 4
 258  259      0.052     -0.004      0.000 4
  -1   -2      0.057     -0.296      0.000 4
 260  262      0.063      0.300      0.000 4
 261  263      0.072     -1.074      0.000 4
 262  265      0.085      0.271      0.000 4
 264  266      0.096     -0.153      0.000 4
 265  267      0.104      0.824      0.000 4
 267  268      0.109     -1.169      0.000 4
 268  270      0.111     -0.342      0.000 4
 269  271      0.118     -0.270      0.000 4
 273  272      0.132     -1.034      0.000 4
 274  274      0.139      0.553      0.000 4
 271   -2      0.150     -0.877      0.000 4
 276  277      0.172      0.246      0.000 4
 277  278      0.174      0.693      0.000 4
 278  279      0.177     -0.418      0.000 4
 279  280      0.186     -0.848      0.000 4
 280  281      0.188     -0.256      0.000 4
 281  282      0.199     -1.058      0.000 4
 282  283      0.212     -0.676      0.000 4
  -1   -2      0.214     -0.875      0.000 4
  -1   -2      0.219     -1.173      0.000 4
 283  284      0.226      0.046      0.000 4
 284   -2      0.227     -1.082      0.000 4
 285  285      0.229     -0.569      0.000 4
 288  286      0.233      0.874      0.000 4
  -1  287      0.239      0.636      0.000 4
 289  288      0.242      0.364      0.000 4
 291   -2      0.247     -0.844      0.000 4
 292  290      0.255     -0.067      0.000 4
  -1   -2      0.259      0.079      0.000 4
 293   -2      0.263     -0.588      0.000 4
 294  291      0.269     -1.038      0.000 4
 295   -2      0.273     -0.396      0.000 4
 296  292      0.284     -0.207      0.000 4
 306   -2      0.302      0.105      0.000 4
 300  294      0.306      0.643      0.000 4
  -1   -2      0.310     -0.695      0.000 4
 301  295      0.313      0.819      0.000 4
 297  293      0.314     -1.145      0.000 4
 299   -2      0.316      0.945      0.000 4
 303  296      0.325      0.756      0.000 4
 304  297      0.330      0.173      0.000 4
  -1   -2      0.332      0.519      0.000 4
 305  298      0.342     -1.025      0.000 4
  -1   -2      0.345      0.475      0.000 4
 307  299      0.352      1.122      0.000 4
 309   -2      0.359      0.566      0.000 4
 308  301      0.359     -0.878      0.000 4
  -1  305      0.361     -0.025      0.000 4
 310  302      0.366     -0.187      0.000 4
 312  304      0.375     -0.944      0.000 4
 313  303      0.378      0.384      0.000 4
 314   -2      0.391      0.050      0.000 4
 315  306      0.396      0.604      0.000 4
  -1   -2      0.398      0.692      0.000 4
  -1  307      0.399      0.466      0.000 4
 317  308      0.408     -0.699      0.000 4
 318  309      0.412     -0.551      0.000 4
 319  310      0.419      0.237      0.000 4
  -1   -2      0.424     -0.109      0.000 4
 322   -2      0.426      0.731      0.000 4
 321  312      0.426     -0.249      0.000 4
 324  314      0.449      0.786      0.000 4
 326  318      0.453     -1.168      0.000 4
 325  315      0.453     -0.636      0.000 4
 327   -2      0.470      0.431      0.000 4
 328  316      0.471     -0.260      0.000 4
  -1  317      0.477     -0.300      0.000 4
 329  319      0.483      0.630      0.000 4
 330  320      0.484      1.053      0.000 4
 331  321      0.488     -0.457      0.000 4
 332  322      0.497      0.881      0.000 4
  -1  324      0.506     -0.895      0.000 4
 334  325      0.509      0.200      0.000 4
  -1  326      0.513      0.725      0.000 4
 335  328      0.522     -0.414      0.000 4
 336  330      0.523      1.122      0.000 4
 337  329      0.524      0.117      0.000 4
  -1   -2      0.529     -1.055      0.000 4
 338  341      0.532     -0.729      0.000 4
 339  332      0.543      0.362      0.000 4
 340  333      0.546     -0.592      0.000 4
  -1  334      0.558      0.695      0.000 4
 341  335      0.559     -0.294      0.000 4
  -1   -2      0.561      1.165      0.000 4
 343  336      0.562      0.006      0.000 4
  -1  339      0.566     -1.080      0.000 4
 344  342      0.576     -0.713      0.000 4
 346  343      0.585     -0.454      0.000 4
  -1  344      0.588     -0.766      0.000 4
 350  348      0.591     -1.163      0.000 4
 349  347      0.591      1.121      0.000 4
 352  350      0.610      0.505      0.000 4
 354  351      0.613      0.379      0.000 4
 353   -2      0.616      0.417      0.000 4
 351  353      0.619     -0.248      0.000 4
 355  354      0.621     -0.974      0.000 4
  -1   -2      0.624      0.212      0.000 4
 357  360      0.629      1.060      0.000 4
  -1   -2      0.632     -0.934      0.000 4
 361  359      0.638     -0.020      0.000 4
 362  362      0.646      0.994      0.000 4
 364  363      0.648     -0.435      0.000 4
  -1  364      0.659      0.527      0.000 4
  -1  355      0.670      0.211      0.000 4
 366  365      0.674     -0.600      0.000 4
 367  367      0.683     -0.695      0.000 4
 369  368      0.689      0.758      0.000 4
  -1   -2      0.691     -1.165      0.000 4
 371  371      0.712      0.650      0.000 4
 372  372      0.714     -0.557      0.000 4
 374  374      0.729     -0.976      0.000 4
 375  376      0.749     -0.758      0.000 4
 377  375      0.749     -0.041      0.000 4
 376  377      0.753     -1.028      0.000 4
  -1   -2      0.762     -0.862      0.000 4
  -1   -2      0.764     -0.334      0.000 4
 379  379      0.772      0.583      0.000 4
 385  380      0.784      0.924      0.000 4
 382  381      0.786     -0.397      0.000 4
 384  382      0.787      0.349      0.000 4
 383  383      0.789      0.378      0.000 4
 386  386      0.804     -0.618      0.000 4
 388  378      0.804      0.047      0.000 4
  -1   -2      0.806     -0.715      0.000 4
 387  384      0.808      0.700      0.000 4
 389  388      0.820     -1.088      0.000 4
 390  389      0.822      0.629      0.000 4
 391  390      0.823      0.512      0.000 4
  -1   -2      0.824     -0.435      0.000 4
  -1  391      0.826     -0.138      0.000 4
 392  392      0.826      0.841      0.000 4
 394  393      0.836     -0.229      0.000 4
 393  394      0.837     -1.034      0.000 4
 395   -2      0.840      0.225      0.000 4
 396  395      0.841     -0.762      0.000 4
  -1  396      0.846     -0.397      0.000 4
 398  398      0.853     -0.587      0.000 4
 399  400      0.859     -1.121      0.000 4
 402  399      0.861      0.343      0.000 4
 400  401      0.861     -0.837      0.000 4
 404  404      0.872     -0.338      0.000 4
 407  406      0.902     -0.042      0.000 4
 406  405      0.902      1.032      0.000 4
 408  407      0.908      1.133      0.000 4
 410   -2      0.931      0.198      0.000 4
  -1   -2      0.937      0.080      0.000 4
 413  410      0.954      0.732      0.000 4
 414  412      0.961     -0.823      0.000 4
 415  414      0.964     -0.609      0.000 4
 416  415      0.966     -0.052      0.000 4
 417  413      0.967      0.176      0.000 4
  -1   -2      0.968      0.664      0.000 4
 418  417      0.970      1.016      0.000 4
 419  419      0.979     -0.166      0.000 4
 420   -2      0.979      0.207      0.000 4
 421  421      0.983      0.901      0.000 4
 423   -2      0.984      0.948      0.000 4
  -1   -2      0.992     -1.168      0.000 4
 425   -2      1.002      0.735      0.000 4
  -1   -2      1.002     -0.108      0.000 4
 427  422      1.012      0.495      0.000 4
 426  423      1.014     -0.744      0.000 4
  -1  420      1.016      0.200      0.000 4
 430  424      1.026      0.288      0.000 4
 432  425      1.029      0.246      0.000 4
 428  426      1.029     -0.580      0.000 4
 429  427      1.030     -0.484      0.000 4
 433  429      1.033      1.043      0.000 4
 431  430      1.033     -0.896      0.000 4
  -1   -2      1.038      0.405      0.000 4
 434  431      1.054     -0.082      0.000 4
  -1   -2      1.059     -0.241      0.000 4
 436  432      1.062     -0.298      0.000 4
  -1   -2      1.088      1.154      0.000 4
  -1   -2      1.089     -0.196      0.000 4
 441  435      1.096      0.646      0.000 4
 439  436      1.097     -1.093      0.000 4
 440  437      1.102     -0.676      0.000 4
  -1  438      1.106      1.032      0.000 4
  -1  439      1.113     -0.377      0.000 4
 442  440      1.117      0.598      0.000 4
  -1   -2      1.119     -0.484      0.000 4
 443  441      1.126      0.551      0.000 4
  -1   -2      1.127      0.702      0.000 4
 444   -2      1.129     -0.140      0.000 4
 445  442      1.129      0.098      0.000 4
 448  445      1.154     -0.771      0.000 4
 449  448      1.159     -1.008      0.000 4
 451  446      1.160      0.345      0.000 4
 452  447      1.169      0.225      0.000 4
 454  450      1.170     -0.225      0.000 4
 453  451      1.172     -0.924      0.000 4
 455  452      1.185     -0.426      0.000 4
  -1  454      1.189      0.924      0.000 4
  -1   -2      1.192     -0.705      0.000 4
 457  455      1.197      0.169      0.000 4
  -1  461      1.200     -0.737      0.000 4
 459  457      1.207      1.004      0.000 4
 461  459      1.222      0.464      0.000 4
 460  460      1.226     -1.091      0.000 4
 462   -2      1.232     -0.704      0.000 4
 463  462      1.232      0.805      0.000 4
 464  464      1.234     -0.112      0.000 4
 465  465      1.241      0.398      0.000 4
 467  467      1.250     -0.463      0.000 4
 469  458      1.271      0.692      0.000 4
 470  470      1.279     -0.087      0.000 4
 471  469      1.285     -0.986      0.000 4
  -1  473      1.286     -1.173      0.000 4
 473  471      1.293      0.990      0.000 4
 474  472      1.297     -0.680      0.000 4
 476   -2      1.300     -0.759      0.000 4
 475   -2      1.305     -0.335      0.000 4
  -1  475      1.313     -0.066      0.000 4
  -1   -2      1.314      0.574      0.000 4
 479  476      1.324      0.212      0.000 4
 480  478      1.325     -0.538      0.000 4
 478  479      1.329      1.053      0.000 4
  -1  481      1.331     -0.399      0.000 4
 481  480      1.331      0.026      0.000 4
  -1   -2      1.333     -1.118      0.000 4
 483  482      1.341     -0.709      0.000 4
 486  483      1.349      0.738      0.000 4
 488  486      1.371     -0.791      0.000 4
 489  487      1.372     -0.696      0.000 4
 490   -2      1.379      1.019      0.000 4
  -1  485      1.385     -1.172      0.000 4
 494  489      1.415      0.249      0.000 4
 495  491      1.416      0.721      0.000 4
 497  484      1.446     -0.106      0.000 4
 498  493      1.450      0.276      0.000 4
  -1  494      1.452     -0.230      0.000 4
 501   -2      1.468     -0.715      0.000 4
 502  498      1.479     -0.641      0.000 4
 503  497      1.480     -0.568      0.000 4
 504  499      1.487      0.435      0.000 4
  -1  500      1.489      0.500      0.000 4
 505  502      1.494     -0.447      0.000 4
  -1  501      1.496      0.864      0.000 4
 506  503      1.508     -1.029      0.000 4
  -1  496      1.519     -0.725      0.000 4
 508  504      1.525      0.503      0.000 4
  -1  509      1.542      0.117      0.000 4
 509  510      1.542      0.149      0.000 4
