500
  -1   -2     -1.561     -0.023      0.000 4
   0    0     -1.560      0.827      0.000 4
   2    1     -1.551     -0.032      0.000 4
   3    2     -1.545      0.252      0.000 4
  -1   11     -1.544     -0.409      0.000 4
  -1   -2     -1.540      0.785      0.000 4
  -1    3     -1.536      0.915      0.000 4
  -1   -2     -1.535     -1.023      0.000 4
   1   -2     -1.514     -0.112      0.000 4
   5    6     -1.490      0.215      0.000 4
  -1    8     -1.488      0.312      0.000 4
   7    9     -1.477      0.505      0.000 4
   8   -2     -1.476      0.269      0.000 4
  -1   10     -1.474      0.833      0.000 4
   9    7     -1.474      0.632      0.000 4
  10   -2     -1.473     -0.272      0.000 4
  11   15     -1.466      0.394      0.000 4
   4   30     -1.465     -1.131      0.000 4
  12   14     -1.464      0.982      0.000 4
  13   12     -1.464     -0.946      0.000 4
  14   16     -1.444      0.152      0.000 4
  16   17     -1.442     -0.579      0.000 4
  18   19     -1.421      0.469      0.000 4
  -1   18     -1.419     -0.682      0.000 4
  -1   -2     -1.419     -0.283      0.000 4
  19   20     -1.415     -0.324      0.000 4
  20   22     -1.404      0.328      0.000 4
  21   24     -1.390      0.735      0.000 4
  22   27     -1.377     -0.365      0.000 4
  24   29     -1.372      1.086      0.000 4
  23   28     -1.371      0.276      0.000 4
  -1   -2     -1.368     -1.132      0.000 4
  25   31     -1.362     -0.866      0.000 4
  26   33     -1.362      0.617      0.000 4
  27   -2     -1.357     -0.702      0.000 4
  29   32     -1.357     -1.013      0.000 4
  28   45     -1.356     -0.199      0.000 4
  30   34     -1.356      0.067      0.000 4
  -1   -2     -1.343      0.587      0.000 4
  34   36     -1.331     -1.111      0.000 4
  33   -2     -1.329      1.004      0.000 4
  -1   38     -1.324      1.055      0.000 4
  -1   44     -1.317     -1.170      0.000 4
  37   39     -1.316      0.901      0.000 4
  38   40     -1.308      0.672      0.000 4
  39   42     -1.302     -0.002      0.000 4
  41   41     -1.296     -0.806      0.000 4
  -1   47     -1.283     -0.985      0.000 4
  42   46     -1.283      0.166      0.000 4
  44   -2     -1.282     -0.955      0.000 4
  43   52     -1.273     -0.320      0.000 4
  -1   -2     -1.265     -1.104      0.000 4
  47   56     -1.262      0.536      0.000 4
  49   51     -1.253     -0.605      0.000 4
  -1   -2     -1.252     -0.413      0.000 4
  50   53     -1.240      0.973      0.000 4
  53   54     -1.234     -0.809      0.000 4
  51   -2     -1.234      0.379      0.000 4
  52   55     -1.233     -0.509      0.000 4
  -1   60     -1.230     -1.169      0.000 4
  54   -2     -1.221     -0.570      0.000 4
  56   57     -1.206     -1.086      0.000 4
  57   58     -1.193      0.809      0.000 4
  58   59     -1.190     -0.623      0.000 4
  59   63     -1.174     -0.120      0.000 4
  60   61     -1.168     -0.848      0.000 4
  61   62     -1.165     -0.812      0.000 4
  63   64     -1.158      1.002      0.000 4
  62   66     -1.156      0.707      0.000 4
  64   65     -1.154     -0.988      0.000 4
  65   67     -1.137      0.616      0.000 4
  70   68     -1.115     -1.031      0.000 4
  68   69     -1.113      1.022      0.000 4
  69   70     -1.110     -0.337      0.000 4
  72   71     -1.094      0.391      0.000 4
  73   72     -1.084      0.638      0.000 4
  75   -2     -1.072      0.060      0.000 4
  76   73     -1.062     -0.367      0.000 4
  77   74     -1.057     -0.103      0.000 4
  78   77     -1.043      0.790      0.000 4
  -1   75     -1.039     -1.169      0.000 4
  80   76     -1.039     -1.043      0.000 4
  79   78     -1.039     -0.278      0.000 4
  82   82     -1.033      0.931      0.000 4
  81   79     -1.033     -0.717      0.000 4
  83   80     -1.026      0.392      0.000 4
  71  102     -1.023     -0.653      0.000 4
  -1   92     -1.022      1.094      0.000 4
  84   81     -1.017     -0.849      0.000 4
  85   83     -1.010      0.470      0.000 4
  89   -2     -1.001     -0.652      0.000 4
  86   84     -1.000     -0.773      0.000 4
  88   85     -0.993      1.016      0.000 4
  91   86     -0.985     -1.101      0.000 4
  90   88     -0.984      0.902      0.000 4
  -1   -2     -0.978     -0.025      0.000 4
  92   89     -0.977      0.384      0.000 4
  93   90     -0.969      0.188      0.000 4
  95   91     -0.968     -0.428      0.000 4
  94   94     -0.968     -0.987      0.000 4
  96   93     -0.966     -0.217      0.000 4
  -1   -2     -0.965      1.050      0.000 4
  97   95     -0.959     -0.177      0.000 4
  98   96     -0.944     -0.928      0.000 4
  99   97     -0.941      0.776      0.000 4
 100   98     -0.940      0.616      0.000 4
 101  100     -0.936      0.334      0.000 4
 102   -2     -0.914      1.087      0.000 4
 103   -2     -0.909     -0.764      0.000 4
 111   -2     -0.908      0.429      0.000 4
 104  103     -0.889     -1.084      0.000 4
 105  105     -0.888      0.573      0.000 4
 106  104     -0.884      0.898      0.000 4
 107  107     -0.870      0.304      0.000 4
  -1   -2     -0.867     -0.358      0.000 4
 109  109     -0.857     -0.090      0.000 4
 110  110     -0.853     -0.741      0.000 4
 112  111     -0.842      0.693      0.000 4
 113  112     -0.840     -0.611      0.000 4
 115  113     -0.836     -0.689      0.000 4
 108  116     -0.830     -1.164      0.000 4
 116  114     -0.822      1.089      0.000 4
 119  108     -0.819     -1.091      0.000 4
 118  115     -0.819      1.044      0.000 4
 114  128     -0.816     -0.933      0.000 4
 117  117     -0.814     -0.444      0.000 4
 120  118     -0.805     -0.138      0.000 4
 122  120     -0.798     -0.216      0.000 4
 123  121     -0.795     -0.492      0.000 4
 124  122     -0.783      0.994      0.000 4
 126  123     -0.779     -0.799      0.000 4
 127  119     -0.774      0.814      0.000 4
 125  125     -0.771     -0.014      0.000 4
 128  124     -0.769     -0.753      0.000 4
 129  127     -0.764      0.324      0.000 4
 130  126     -0.762      0.889      0.000 4
 132  129     -0.758      0.254      0.000 4
 131  136     -0.757      0.407      0.000 4
 133   -2     -0.755     -0.930      0.000 4
 134  130     -0.740     -1.010      0.000 4
  -1  131     -0.739     -0.964      0.000 4
 135  133     -0.726     -0.451      0.000 4
 136  135     -0.719     -0.061      0.000 4
 137  134     -0.718      0.985      0.000 4
  -1   -2     -0.715     -0.930      0.000 4
 139  137     -0.702      0.036      0.000 4
  -1  139     -0.698     -1.111      0.000 4
 140  138     -0.689      1.132      0.000 4
  -1   -2     -0.686      0.801      0.000 4
  -1  140     -0.686     -0.358      0.000 4
  -1   -2     -0.682     -1.114      0.000 4
 141  141     -0.679      1.069      0.000 4
 145  142     -0.673      1.014      0.000 4
 142  144     -0.671     -0.155      0.000 4
 144  147     -0.670      0.139      0.000 4
 147  145     -0.666     -0.693      0.000 4
 148  148     -0.664     -0.563      0.000 4
  -1  143     -0.663     -1.170      0.000 4
 146   -2     -0.653     -1.081      0.000 4
 150  149     -0.651      0.738      0.000 4
 152  151     -0.644      1.154      0.000 4
 151  152     -0.642     -0.110      0.000 4
 153  150     -0.634     -1.119      0.000 4
  -1  153     -0.628     -0.576      0.000 4
 154  154     -0.628     -1.008      0.000 4
  -1  155     -0.609     -0.774      0.000 4
 159  157     -0.592     -0.317      0.000 4
 160  156     -0.590      0.901      0.000 4
 161  159     -0.575     -0.449      0.000 4
 164  161     -0.570     -0.529      0.000 4
 163  160     -0.569     -0.787      0.000 4
 162  162     -0.569     -0.942      0.000 4
 165  165     -0.560     -0.289      0.000 4
  -1  163     -0.555     -0.994      0.000 4
 166   -2     -0.553      1.073      0.000 4
  -1   -2     -0.549      0.416      0.000 4
  -1  166     -0.539     -1.086      0.000 4
 168  167     -0.530      0.042      0.000 4
 171  168     -0.516     -0.528      0.000 4
 174  174     -0.499      0.491      0.000 4
 173  173     -0.499      0.691      0.000 4
 175  175     -0.498     -0.248      0.000 4
 177  176     -0.490     -1.165      0.000 4
  -1  180     -0.484     -0.674      0.000 4
 178  178     -0.475      0.992      0.000 4
 179   -2     -0.458     -0.700      0.000 4
 180  181     -0.452      0.077      0.000 4
 181  182     -0.447      0.188      0.000 4
 182  183     -0.438     -0.972      0.000 4
 184  184     -0.431     -0.057      0.000 4
 185  186     -0.418     -0.138      0.000 4
 186  185     -0.416     -0.864      0.000 4
 187  187     -0.411     -0.303      0.000 4
  -1   -2     -0.395      1.099      0.000 4
 188  188     -0.394      0.461      0.000 4
 192  193     -0.382      0.776      0.000 4
 190  191     -0.377     -0.538      0.000 4
 191  189     -0.376     -0.987      0.000 4
 193  192     -0.374     -0.627      0.000 4
 195  194     -0.367      1.094      0.000 4
 196  195     -0.365      0.533      0.000 4
 197  190     -0.364     -1.135      0.000 4
 198  198     -0.359     -0.695      0.000 4
 199  197     -0.356     -0.201      0.000 4
 200  196     -0.355      0.331      0.000 4
 203  199     -0.348      1.022      0.000 4
 194   -2     -0.347      0.755      0.000 4
 204   -2     -0.338     -0.309      0.000 4
 206  200     -0.330      0.905      0.000 4
 205  201     -0.328     -0.273      0.000 4
  -1   -2     -0.327     -0.697      0.000 4
 209  202     -0.301     -0.964      0.000 4
  -1  209     -0.299     -1.171      0.000 4
 210  203     -0.298     -0.605      0.000 4
 211  204     -0.291     -1.017      0.000 4
  -1  205     -0.283     -0.785      0.000 4
 212  206     -0.281      0.831      0.000 4
 213  207     -0.276      0.558      0.000 4
 216  208     -0.270     -1.105      0.000 4
 214  210     -0.267      0.317      0.000 4
 218  211     -0.252      0.285      0.000 4
  -1  213     -0.239      0.814      0.000 4
 219   -2     -0.239     -0.210      0.000 4
  -1  214     -0.232     -0.906      0.000 4
 220  217     -0.228      0.433      0.000 4
 221  215     -0.225     -0.712      0.000 4
  -1  216     -0.223     -1.092      0.000 4
 222  218     -0.219     -0.429      0.000 4
 223   -2     -0.211      1.107      0.000 4
 227  212     -0.193      0.557      0.000 4
 226  219     -0.185      0.743      0.000 4
 229   -2     -0.164      0.000      0.000 4
 236  227     -0.143     -0.817      0.000 4
  -1   -2     -0.142     -1.119      0.000 4
  -1  224     -0.142     -0.144      0.000 4
 230   -2     -0.140      0.066      0.000 4
 232  225     -0.131     -1.064      0.000 4
  -1   -2     -0.122     -0.699      0.000 4
 234  229     -0.110     -0.206      0.000 4
 235  228     -0.104      0.507      0.000 4
  -1   -2     -0.097     -1.157      0.000 4
 238  231     -0.093      0.651      0.000 4
 240  232     -0.093      0.967      0.000 4
 241  233     -0.083     -0.101      0.000 4
 242  235     -0.077      0.340      0.000 4
 243  236     -0.060     -0.675      0.000 4
 245  238     -0.056      0.230      0.000 4
 244  240     -0.055     -0.179      0.000 4
 233   -2     -0.048     -0.747      0.000 4
 247  241     -0.041     -0.351      0.000 4
 248  242     -0.039      0.364      0.000 4
 249  243     -0.037      0.617      0.000 4
 252   -2     -0.012     -0.021      0.000 4
 250  247      0.001      0.781      0.000 4
  -1   -2      0.005     -0.511      0.000 4
 255  248      0.011      1.022      0.000 4
  -1  250      0.018      0.330      0.000 4
 256  252      0.035      0.384      0.000 4
 254  253      0.039      0.601      0.000 4
 257  254      0.041      0.031      0.000 4
 259  255      0.058      0.346      0.000 4
 261  256      0.059      0.944      0.000 4
  -1   -2      0.061     -1.149      0.000 4
 253  251      0.063     -1.149      0.000 4
  -1   -2      0.063     -1.066      0.000 4
 262  257      0.069      0.684      0.000 4
 264  260      0.080     -0.224      0.000 4
 263  259      0.080     -0.964      0.000 4
 265  261      0.099     -0.756      0.000 4
 266  262      0.102      0.147      0.000 4
 267  263      0.109      0.467      0.000 4
 268  264      0.114      0.099      0.000 4
  -1   -2      0.133      0.912      0.000 4
 270  265      0.134      0.880      0.000 4
  -1  266      0.147      0.200      0.000 4
 272  267      0.148      1.089      0.000 4
  -1   -2      0.150      0.027      0.000 4
 274  268      0.152     -0.632      0.000 4
 273  269      0.152     -0.516      0.000 4
 277  271      0.175      0.378      0.000 4
 278  272      0.188     -0.733      0.000 4
 279  274      0.198      1.006      0.000 4
  -1  275      0.200     -0.492      0.000 4
 276   -2      0.204     -1.152      0.000 4
 281  276      0.207      0.581      0.000 4
 282  278      0.212      0.017      0.000 4
 283  279      0.216     -1.053      0.000 4
 285  280      0.221     -0.329      0.000 4
 287  282      0.226     -0.923      0.000 4
 286  281      0.228     -0.592      0.000 4
 288  283      0.235     -0.172      0.000 4
 290  285      0.246      1.006      0.000 4
 289  284      0.249      0.129      0.000 4
 292  286      0.258     -0.396      0.000 4
 293  288      0.262      0.759      0.000 4
 295  289      0.267      0.248      0.000 4
 294  290      0.268      1.154      0.000 4
 297  291      0.281      0.150      0.000 4
 298  292      0.285     -0.168      0.000 4
 299  299      0.290      0.608      0.000 4
  -1  293      0.299     -1.173      0.000 4
 300  294      0.307      0.045      0.000 4
 302  296      0.310     -0.219      0.000 4
 303  295      0.312     -0.410      0.000 4
 304  297      0.318      1.060      0.000 4
 307   -2      0.348     -0.435      0.000 4
 308  300      0.365      0.242      0.000 4
 309  301      0.368      0.301      0.000 4
 310  302      0.372     -0.842      0.000 4
  -1   -2      0.372      1.164      0.000 4
 319  304      0.381      0.170      0.000 4
 312  303      0.382     -0.438      0.000 4
  -1  305      0.388      0.568      0.000 4
  -1   -2      0.400      0.921      0.000 4
 315  308      0.414     -0.009      0.000 4
 316  310      0.417     -0.918      0.000 4
 317  311      0.418     -0.697      0.000 4
  -1   -2      0.418      0.528      0.000 4
 328  309      0.419      0.730      0.000 4
  -1   -2      0.426     -1.148      0.000 4
 320  312      0.437     -0.633      0.000 4
 321  314      0.440      0.580      0.000 4
 322  315      0.444      0.216      0.000 4
 326  318      0.447     -0.455      0.000 4
 324  316      0.448      0.770      0.000 4
 325  319      0.448      0.328      0.000 4
 327   -2      0.462     -0.687      0.000 4
 329  321      0.467     -0.041      0.000 4
 330  322      0.480      0.935      0.000 4
 331  324      0.485     -0.822      0.000 4
 337  320      0.485     -1.139      0.000 4
 334   -2      0.487      0.795      0.000 4
 333  325      0.491     -0.648      0.000 4
 336  326      0.502     -0.980      0.000 4
 338   -2      0.530      0.875      0.000 4
 339  328      0.536     -0.594      0.000 4
 341  330      0.539     -0.048      0.000 4
 340  329      0.541     -0.944      0.000 4
 343  332      0.549     -0.455      0.000 4
 345  331      0.550      0.525      0.000 4
 344  333      0.551     -0.200      0.000 4
 346  334      0.552      0.939      0.000 4
 347  335      0.556      0.567      0.000 4
 349  337      0.567      1.072      0.000 4
  -1  339      0.579      0.844      0.000 4
 350  338      0.584      0.341      0.000 4
 352  340      0.593     -0.764      0.000 4
 354  341      0.601      0.509      0.000 4
 355  344      0.609     -1.018      0.000 4
 357   -2      0.616     -0.420      0.000 4
 356   -2      0.617     -0.698      0.000 4
 359  345      0.624     -0.855      0.000 4
 361  346      0.630      0.884      0.000 4
 360  347      0.631      0.967      0.000 4
 362  348      0.636     -0.488      0.000 4
  -1  343      0.641     -0.266      0.000 4
  -1   -2      0.644     -1.088      0.000 4
  -1  349      0.650     -1.160      0.000 4
 363  350      0.678      0.265      0.000 4
 365  353      0.684      0.311      0.000 4
  -1   -2      0.684     -1.045      0.000 4
  -1   -2      0.685     -0.458      0.000 4
 367  352      0.691     -0.385      0.000 4
 364   -2      0.699     -0.872      0.000 4
 370  355      0.712      1.106      0.000 4
 371  356      0.724      0.404      0.000 4
 372  357      0.725      0.351      0.000 4
 373   -2      0.730      1.043      0.000 4
 374  359      0.739      0.661      0.000 4
  -1  360      0.740     -0.077      0.000 4
  -1   -2      0.743     -0.209      0.000 4
 375  361      0.745     -0.650      0.000 4
  -1   -2      0.771      1.056      0.000 4
 376  362      0.774      0.940      0.000 4
 381   -2      0.777     -0.473      0.000 4
 378  363      0.785     -0.039      0.000 4
  -1  364      0.785     -1.032      0.000 4
  -1   -2      0.789     -0.236      0.000 4
 379   -2      0.790      0.099      0.000 4
 380  366      0.810      0.919      0.000 4
 383  368      0.823      0.171      0.000 4
 382  379      0.823     -0.881      0.000 4
 384  367      0.825     -1.137      0.000 4
 385  372      0.836      1.104      0.000 4
 386  374      0.836     -0.797      0.000 4
 387  371      0.837     -0.155      0.000 4
 393  370      0.837     -0.265      0.000 4
 388  373      0.841      0.437      0.000 4
 390  375      0.845      0.667      0.000 4
 391  377      0.851     -1.071      0.000 4
 395  376      0.853      0.724      0.000 4
  -1  378      0.857      0.783      0.000 4
  -1  380      0.866     -0.285      0.000 4
 394  381      0.867      0.301      0.000 4
 397  382      0.869     -0.455      0.000 4
 398  384      0.874      1.084      0.000 4
 399  383      0.878      0.243      0.000 4
 400   -2      0.886      0.393      0.000 4
  -1   -2      0.890      1.139      0.000 4
  -1  385      0.898      1.115      0.000 4
 402  386      0.898     -0.543      0.000 4
 401  394      0.898     -0.876      0.000 4
 403  388      0.902     -1.006      0.000 4
  -1   -2      0.904     -0.941      0.000 4
 404  389      0.906     -0.800      0.000 4
 405  390      0.911      0.537      0.000 4
 406  391      0.917     -0.253      0.000 4
 407  392      0.919     -0.151      0.000 4
 408  393      0.922      0.465      0.000 4
 409  395      0.924      0.030      0.000 4
  -1  396      0.931     -1.001      0.000 4
 411  398      0.935     -0.696      0.000 4
 410   -2      0.936     -0.865      0.000 4
  -1  397      0.938     -1.077      0.000 4
  -1   -2      0.948     -0.532      0.000 4
  -1   -2      0.953      0.478      0.000 4
 412  400      0.958     -0.032      0.000 4
 413  401      0.967     -0.236      0.000 4
  -1   -2      0.976      0.772      0.000 4
  -1  402      0.984     -1.117      0.000 4
  -1   -2      0.996     -0.089      0.000 4
 416  405      0.997     -0.586      0.000 4
 417  404      0.999      0.001      0.000 4
 415  406      1.001      0.706      0.000 4
 421  407      1.025      0.259      0.000 4
 420  409      1.028      0.843      0.000 4
 422  410      1.035      0.105      0.000 4
 423  411      1.041     -0.682      0.000 4
 425  412      1.050      0.977      0.000 4
 427  414      1.074     -0.633      0.000 4
 426  413      1.077     -1.167      0.000 4
 430  416      1.104      1.032      0.000 4
 431   -2      1.111     -0.958      0.000 4
  -1   -2      1.124      0.270      0.000 4
  -1  417      1.125     -0.998      0.000 4
 432  418      1.130     -0.531      0.000 4
 433  420      1.136     -0.757      0.000 4
 434  422      1.146     -0.843      0.000 4
 436  425      1.160     -1.059      0.000 4
 439   -2      1.162      0.286      0.000 4
 437  426      1.163      0.549      0.000 4
 438  423      1.164      1.025      0.000 4
  -1  424      1.168      1.104      0.000 4
 440  427      1.177     -0.348      0.000 4
 441  430      1.187     -1.159      0.000 4
 442  429      1.193     -0.472      0.000 4
 443  431      1.200      0.390      0.000 4
 445  432      1.211      0.010      0.000 4
  -1  434      1.220     -0.540      0.000 4
 446  435      1.222      0.988      0.000 4
 447  428      1.224     -0.287      0.000 4
  -1  437      1.247     -0.476      0.000 4
  -1   -2      1.266      0.816      0.000 4
 450  441      1.274     -0.448      0.000 4
 451  442      1.286      0.723      0.000 4
 452  444      1.297     -0.526      0.000 4
  -1   -2      1.303     -0.925      0.000 4
 453  446      1.317      0.174      0.000 4
  -1   -2      1.331     -1.170      0.000 4
 455  448      1.342     -1.031      0.000 4
  -1   -2      1.356      0.013      0.000 4
 457  449      1.358     -0.202      0.000 4
 458  452      1.361      1.073      0.000 4
 460  451      1.361      0.238      0.000 4
 459  450      1.362      0.501      0.000 4
 461  454      1.366     -0.888      0.000 4
 462  453      1.366     -0.302      0.000 4
 463  457      1.385     -0.941      0.000 4
 465  455      1.385     -0.419      0.000 4
 469  458      1.395     -0.348      0.000 4
 467  460      1.399      0.567      0.000 4
 466  459      1.402     -1.124      0.000 4
 468  463      1.408     -0.889      0.000 4
 470  465      1.427      0.267      0.000 4
 471  466      1.434      0.791      0.000 4
  -1   -2      1.439      0.067      0.000 4
 456  470      1.450     -1.175      0.000 4
 472   -2      1.452     -1.002      0.000 4
 454   -2      1.457     -0.646      0.000 4
 475  469      1.461      0.982      0.000 4
 474   -2      1.462     -1.117      0.000 4
 476  471      1.466     -0.034      0.000 4
 477  473      1.470     -0.690      0.000 4
 478  472      1.471      0.411      0.000 4
 480  475      1.471     -0.165      0.000 4
 479  476      1.478     -0.214      0.000 4
 481   -2      1.484      0.089      0.000 4
 483  479      1.505     -0.687      0.000 4
 484  478      1.507      0.673      0.000 4
 486  480      1.509      0.554      0.000 4
 487  482      1.519      1.048      0.000 4
 488  483      1.525      0.362      0.000 4
 490  481      1.532      0.760      0.000 4
  -1  477      1.534      0.109      0.000 4
  -1  484      1.536     -0.555      0.000 4
 491  486      1.545     -0.857      0.000 4
 492  487      1.545     -0.974      0.000 4
 493  489      1.554     -0.752      0.000 4
 494  488      1.554      1.090      0.000 4
  -1  490      1.561      0.433      0.000 4
