506
   0    0     -1.571      0.524      0.000 4
   1    1     -1.555      0.375      0.000 4
   2    2     -1.551      0.794      0.000 4
   3    3     -1.548     -0.994      0.000 4
   4    5     -1.540     -0.010      0.000 4
   5    8     -1.531     -0.047      0.000 4
  -1   -2     -1.530     -0.858      0.000 4
   6    9     -1.528      0.244      0.000 4
  -1   24     -1.524     -0.703      0.000 4
   7   -2     -1.518     -0.197      0.000 4
  -1   -2     -1.516     -1.137      0.000 4
  -1   -2     -1.512     -0.423      0.000 4
  24    6     -1.493     -1.173      0.000 4
  -1   -2     -1.486      1.103      0.000 4
   9   12     -1.473      0.206      0.000 4
  15   11     -1.473     -1.110      0.000 4
  10   13     -1.470      0.806      0.000 4
  12   14     -1.464     -0.919      0.000 4
  13   15     -1.461      0.951      0.000 4
  -1   17     -1.458      0.485      0.000 4
  14   16     -1.458      0.607      0.000 4
  11   18     -1.456      0.267      0.000 4
  17   19     -1.451     -0.253      0.000 4
  19   20     -1.444      0.378      0.000 4
  -1   -2     -1.441      1.058      0.000 4
  20   21     -1.433     -0.554      0.000 4
  21   -2     -1.426     -0.490      0.000 4
  22   22     -1.421      0.149      0.000 4
  -1   23     -1.421      0.528      0.000 4
  -1   25     -1.401     -0.069      0.000 4
  -1   26     -1.397      0.452      0.000 4
  18   27     -1.395     -0.310      0.000 4
  -1   -2     -1.382      0.272      0.000 4
  27   32     -1.382      0.318      0.000 4
  28   29     -1.379     -1.117      0.000 4
  -1   30     -1.374      0.709      0.000 4
  -1   31     -1.370      1.061      0.000 4
  31   34     -1.367     -0.843      0.000 4
  30   33     -1.367     -0.983      0.000 4
  32   35     -1.360     -0.347      0.000 4
  34   37     -1.348     -1.085      0.000 4
  -1   39     -1.343      0.598      0.000 4
  36   38     -1.340      0.267      0.000 4
  -1   50     -1.329     -0.442      0.000 4
  38   42     -1.323      1.026      0.000 4
  -1   41     -1.320      0.067      0.000 4
  37   -2     -1.320      0.568      0.000 4
  -1   -2     -1.316     -1.171      0.000 4
  40   44     -1.308      0.876      0.000 4
  35   -2     -1.301      0.517      0.000 4
  41   46     -1.298     -0.780      0.000 4
  42   47     -1.286     -0.941      0.000 4
  43   49     -1.270      0.002      0.000 4
  46   -2     -1.265     -0.372      0.000 4
  45   51     -1.265      0.037      0.000 4
  47   52     -1.262     -0.653      0.000 4
  -1   53     -1.257      0.719      0.000 4
  48   54     -1.253      0.162      0.000 4
  50   55     -1.253     -0.310      0.000 4
  51   57     -1.244     -0.587      0.000 4
  -1   60     -1.236      0.522      0.000 4
  52   59     -1.234      0.997      0.000 4
  54   62     -1.232     -0.792      0.000 4
  55   61     -1.229      0.949      0.000 4
  56   63     -1.217     -0.492      0.000 4
  -1   -2     -1.206     -0.735      0.000 4
  57   66     -1.203      0.370      0.000 4
  -1   65     -1.202     -1.151      0.000 4
  60   69     -1.182      0.794      0.000 4
  -1   67     -1.181      0.599      0.000 4
  61   68     -1.179     -0.604      0.000 4
  62   70     -1.169     -0.830      0.000 4
  63   71     -1.164     -0.795      0.000 4
  -1   73     -1.159     -0.967      0.000 4
  64   -2     -1.154      0.982      0.000 4
  66   74     -1.143     -0.111      0.000 4
  -1   75     -1.136      0.696      0.000 4
  67   77     -1.126     -1.023      0.000 4
  69   79     -1.111      1.009      0.000 4
  68   80     -1.110      0.606      0.000 4
  -1   -2     -1.102      0.954      0.000 4
  70   81     -1.088     -0.331      0.000 4
  72   82     -1.073     -1.169      0.000 4
  73   83     -1.063      0.387      0.000 4
  -1   84     -1.060      0.630      0.000 4
  76   -2     -1.050     -1.027      0.000 4
  -1   86     -1.045      0.420      0.000 4
  77   87     -1.038     -0.362      0.000 4
  71   88     -1.030      0.055      0.000 4
  80   89     -1.026      0.774      0.000 4
  79   91     -1.025     -0.102      0.000 4
  81   90     -1.024     -0.707      0.000 4
  82   92     -1.016     -0.839      0.000 4
  83   94     -1.010     -0.273      0.000 4
  87   -2     -0.997     -1.090      0.000 4
  86   95     -0.995      0.387      0.000 4
  88   96     -0.989      1.007      0.000 4
  -1   97     -0.976      0.465      0.000 4
  89   98     -0.971      0.895      0.000 4
  90   99     -0.969     -0.985      0.000 4
  91  100     -0.960      0.567      0.000 4
  -1  101     -0.958     -0.157      0.000 4
  93  103     -0.948     -0.424      0.000 4
  95  102     -0.947     -0.919      0.000 4
  -1   -2     -0.946      0.777      0.000 4
  94  104     -0.943      0.380      0.000 4
  -1  105     -0.933     -0.215      0.000 4
  96   -2     -0.927     -0.177      0.000 4
 100  107     -0.908      1.073      0.000 4
 101  108     -0.908     -1.080      0.000 4
 102  110     -0.900      0.334      0.000 4
 104  112     -0.875      0.897      0.000 4
 105  113     -0.858      0.570      0.000 4
  -1  115     -0.849     -0.735      0.000 4
 108  116     -0.836     -1.163      0.000 4
 107  117     -0.835      0.302      0.000 4
  -1  120     -0.835     -1.087      0.000 4
 113   -2     -0.826     -1.087      0.000 4
 110  119     -0.825     -0.611      0.000 4
 106   -2     -0.825     -0.689      0.000 4
 109   -2     -0.823     -0.090      0.000 4
 114  122     -0.822      1.089      0.000 4
 112  123     -0.822      0.694      0.000 4
  -1   -2     -0.821     -0.936      0.000 4
 115  124     -0.816      1.044      0.000 4
 116  125     -0.792     -0.444      0.000 4
 117  126     -0.781     -0.493      0.000 4
  -1   -2     -0.780      0.739      0.000 4
 118  127     -0.776      0.995      0.000 4
 119  130     -0.772     -0.140      0.000 4
 122  131     -0.766     -0.221      0.000 4
 123  132     -0.761     -0.754      0.000 4
 121  134     -0.758      0.464      0.000 4
 124  133     -0.758      0.820      0.000 4
 125  135     -0.755     -0.931      0.000 4
  -1   -2     -0.754      0.389      0.000 4
 127  136     -0.750      0.892      0.000 4
 129  139     -0.745     -1.011      0.000 4
  -1   -2     -0.742     -0.967      0.000 4
 128  140     -0.738     -0.012      0.000 4
 130  141     -0.735     -0.068      0.000 4
 131   -2     -0.726     -0.040      0.000 4
 134  143     -0.721      0.303      0.000 4
 133  142     -0.716      0.398      0.000 4
 135   -2     -0.713      0.989      0.000 4
 136  144     -0.704     -0.459      0.000 4
 140  146     -0.681     -0.064      0.000 4
  -1  145     -0.681     -1.126      0.000 4
 141  148     -0.677      1.078      0.000 4
  -1   -2     -0.666      1.022      0.000 4
 142  150     -0.665      0.031      0.000 4
 144  151     -0.659     -1.085      0.000 4
 150  149     -0.655     -1.157      0.000 4
 148  153     -0.651      1.165      0.000 4
 147  154     -0.648     -0.575      0.000 4
 149  155     -0.639     -0.161      0.000 4
 151  157     -0.635      0.142      0.000 4
 154  158     -0.630      0.748      0.000 4
 152  164     -0.611     -1.013      0.000 4
 156  159     -0.608     -0.114      0.000 4
 146   -2     -0.601     -0.785      0.000 4
  -1  161     -0.584     -1.149      0.000 4
 158  162     -0.579      0.915      0.000 4
 159  165     -0.563     -0.323      0.000 4
 160  166     -0.562     -0.799      0.000 4
 162  167     -0.554     -0.458      0.000 4
 164  168     -0.549      1.087      0.000 4
 163  169     -0.548     -0.536      0.000 4
 138   -2     -0.536     -1.086      0.000 4
 166  172     -0.529     -0.302      0.000 4
 169  174     -0.500      0.038      0.000 4
  -1  173     -0.497      0.848      0.000 4
 170  175     -0.497     -0.542      0.000 4
 171  176     -0.488      0.362      0.000 4
 172  177     -0.479      0.706      0.000 4
  -1   -2     -0.478     -0.680      0.000 4
 174  178     -0.474      0.501      0.000 4
 175  180     -0.472     -0.257      0.000 4
  -1   -2     -0.466      0.746      0.000 4
  -1  181     -0.466      0.277      0.000 4
 168  182     -0.462     -1.171      0.000 4
 177  183     -0.447     -0.718      0.000 4
 182  188     -0.438     -0.992      0.000 4
 183  189     -0.422      0.075      0.000 4
 184  190     -0.418      0.192      0.000 4
 180  191     -0.412     -0.885      0.000 4
 186  192     -0.402     -0.063      0.000 4
 187  194     -0.390     -0.149      0.000 4
 188  195     -0.387     -0.318      0.000 4
 189  196     -0.378     -1.009      0.000 4
 191  197     -0.370      0.473      0.000 4
 190  199     -0.367      1.121      0.000 4
 193   -2     -0.365     -1.129      0.000 4
  -1  200     -0.365      0.128      0.000 4
 195  201     -0.359     -0.652      0.000 4
 194  203     -0.358     -0.557      0.000 4
 200  202     -0.357      0.790      0.000 4
 196   -2     -0.352      0.676      0.000 4
 198  204     -0.344      1.048      0.000 4
 205  205     -0.340     -0.719      0.000 4
 199   -2     -0.337      0.967      0.000 4
 201  207     -0.333      0.343      0.000 4
 202  208     -0.326     -0.210      0.000 4
 204  209     -0.323      0.932      0.000 4
 206  210     -0.314     -0.326      0.000 4
 207  211     -0.305     -0.288      0.000 4
 210  212     -0.302     -0.991      0.000 4
 212  214     -0.292     -1.045      0.000 4
  -1   -2     -0.286     -0.908      0.000 4
 214  213     -0.285     -1.150      0.000 4
 213  215     -0.283     -0.628      0.000 4
  -1   -2     -0.276      0.569      0.000 4
  -1  216     -0.276     -0.811      0.000 4
 215  218     -0.273      0.857      0.000 4
 216  220     -0.239      0.318      0.000 4
 218   -2     -0.229     -0.938      0.000 4
  -1  219     -0.227      0.532      0.000 4
 219  221     -0.227     -1.092      0.000 4
 220   -2     -0.225      1.059      0.000 4
 222  223     -0.218     -0.743      0.000 4
 221  224     -0.218     -0.218      0.000 4
 223  226     -0.209      0.446      0.000 4
 224  227     -0.205     -0.454      0.000 4
 225  228     -0.178      0.771      0.000 4
  -1  229     -0.177      0.119      0.000 4
 228  225     -0.148      1.162      0.000 4
  -1  232     -0.140     -0.601      0.000 4
 226  233     -0.138     -0.850      0.000 4
 230  230     -0.138     -0.000      0.000 4
 232  234     -0.134     -1.101      0.000 4
 233  240     -0.118     -0.307      0.000 4
 234  241     -0.114     -0.733      0.000 4
 237  243     -0.094     -0.902      0.000 4
 236  244     -0.092      0.526      0.000 4
 238  245     -0.090     -0.224      0.000 4
 235  235     -0.088     -1.135      0.000 4
 239  246     -0.087      0.678      0.000 4
 241  247     -0.083     -0.020      0.000 4
 242  248     -0.068     -0.106      0.000 4
 243   -2     -0.064      0.353      0.000 4
  -1   -2     -0.057     -1.003      0.000 4
  -1  250     -0.057      0.763      0.000 4
 245  249     -0.052     -0.707      0.000 4
 246  251     -0.051     -0.772      0.000 4
 247  252     -0.044      0.237      0.000 4
 248  253     -0.041     -0.197      0.000 4
 249  255     -0.031     -0.375      0.000 4
 251  256     -0.030      0.641      0.000 4
 250  257     -0.029      0.377      0.000 4
  -1  258     -0.005     -0.029      0.000 4
 253  259      0.000      0.121      0.000 4
 257   -2      0.005     -1.167      0.000 4
  -1  260      0.006     -0.585      0.000 4
 254  262      0.011     -0.541      0.000 4
 255  261      0.011      1.062      0.000 4
  -1   -2      0.016      0.805      0.000 4
 258  263      0.017      0.622      0.000 4
  -1  266      0.018      0.938      0.000 4
  -1  265      0.022     -1.124      0.000 4
  -1   -2      0.026      0.342      0.000 4
 259  268      0.048      0.029      0.000 4
  -1  269      0.051      0.627      0.000 4
 260  270      0.056      0.370      0.000 4
 261  271      0.061      0.987      0.000 4
 263  273      0.067      0.716      0.000 4
  -1   -2      0.069     -0.562      0.000 4
 256  284      0.069      0.866      0.000 4
  -1  274      0.074     -0.079      0.000 4
 264  276      0.079     -1.004      0.000 4
 265  275      0.080     -0.236      0.000 4
 266  277      0.100     -0.792      0.000 4
 267  278      0.105      0.149      0.000 4
 270  280      0.113      0.488      0.000 4
 269  281      0.115      0.100      0.000 4
  -1  282      0.124      1.051      0.000 4
 271   -2      0.131      0.918      0.000 4
 273   -2      0.140      0.746      0.000 4
 274  286      0.145      1.130      0.000 4
 275  287      0.147      0.200      0.000 4
 277  288      0.151     -0.550      0.000 4
 276  289      0.153     -0.670      0.000 4
 278  291      0.172      0.391      0.000 4
 279  292      0.176     -0.761      0.000 4
 282   -2      0.198     -0.522      0.000 4
 285  295      0.210      0.010      0.000 4
 286  296      0.216     -1.092      0.000 4
 287  297      0.221     -0.350      0.000 4
  -1   -2      0.223     -0.498      0.000 4
 288  299      0.233     -0.188      0.000 4
 290  300      0.237      1.048      0.000 4
 289  298      0.239     -0.967      0.000 4
 291  301      0.247      0.129      0.000 4
 292   -2      0.250     -0.721      0.000 4
 294   -2      0.253     -0.427      0.000 4
  -1  302      0.260     -0.393      0.000 4
 295  305      0.261      0.257      0.000 4
 297  308      0.277     -0.916      0.000 4
 283  319      0.281      0.636      0.000 4
  -1  310      0.283     -0.180      0.000 4
 299  313      0.300      0.043      0.000 4
 300   -2      0.306     -0.385      0.000 4
 301  315      0.306     -1.086      0.000 4
 302  314      0.306     -0.234      0.000 4
 305  316      0.308     -1.172      0.000 4
 304  317      0.310      1.098      0.000 4
 306  318      0.352      0.046      0.000 4
 307  320      0.358      0.315      0.000 4
 308  321      0.360      0.244      0.000 4
 309  322      0.368     -0.461      0.000 4
 311  323      0.369      0.171      0.000 4
 310  324      0.371     -0.876      0.000 4
 314   -2      0.387     -0.246      0.000 4
  -1   -2      0.389     -1.042      0.000 4
 316  331      0.397     -1.128      0.000 4
 315  327      0.398     -0.014      0.000 4
 325  329      0.404      1.098      0.000 4
  -1   -2      0.415     -0.726      0.000 4
 319  330      0.416     -0.950      0.000 4
 322   -2      0.427      0.672      0.000 4
 321  334      0.430     -0.647      0.000 4
 326  332      0.435      0.340      0.000 4
 327  335      0.438     -0.478      0.000 4
 331  337      0.453     -0.045      0.000 4
 330  344      0.461     -1.169      0.000 4
  -1  338      0.469      0.539      0.000 4
 332  340      0.474      0.969      0.000 4
 333  341      0.476      0.824      0.000 4
 329   -2      0.478      0.738      0.000 4
 335  343      0.481     -0.677      0.000 4
 334  342      0.483     -0.849      0.000 4
 336   -2      0.488      0.774      0.000 4
 337  345      0.505     -1.004      0.000 4
 338  346      0.517     -0.400      0.000 4
 340   -2      0.519      0.907      0.000 4
 341  347      0.524     -0.054      0.000 4
 342  349      0.529     -0.618      0.000 4
 343  348      0.531      0.545      0.000 4
 344  351      0.535     -0.960      0.000 4
 345  350      0.536      0.586      0.000 4
 346  353      0.541      0.970      0.000 4
 347  354      0.554      0.353      0.000 4
 348  355      0.559      1.102      0.000 4
  -1  356      0.559     -1.004      0.000 4
  -1  357      0.565      0.871      0.000 4
 349  358      0.574      0.603      0.000 4
 350  360      0.582      0.527      0.000 4
 351  361      0.590     -0.785      0.000 4
  -1  362      0.608     -0.713      0.000 4
 354  363      0.610     -1.031      0.000 4
  -1   -2      0.614      1.069      0.000 4
  -1   -2      0.617     -0.200      0.000 4
 353   -2      0.618     -0.479      0.000 4
 355  364      0.618      0.911      0.000 4
  -1   -2      0.619     -0.283      0.000 4
 358  366      0.621     -0.873      0.000 4
 357  365      0.621      0.995      0.000 4
  -1  367      0.630     -0.521      0.000 4
 360  368      0.630     -0.008      0.000 4
 361  370      0.645     -1.167      0.000 4
 362  369      0.653      0.276      0.000 4
 363  371      0.660      0.321      0.000 4
 364  373      0.675     -0.393      0.000 4
  -1  374      0.678     -0.675      0.000 4
 365  376      0.693     -0.888      0.000 4
 367  378      0.699      0.364      0.000 4
 368  379      0.700      0.416      0.000 4
 369  380      0.707      1.130      0.000 4
 371  381      0.716      0.681      0.000 4
 372  383      0.723     -0.915      0.000 4
  -1  384      0.728     -0.212      0.000 4
 373  385      0.737     -0.660      0.000 4
 374  387      0.760     -0.035      0.000 4
 375  388      0.763      0.961      0.000 4
 376  389      0.767      0.105      0.000 4
 377  390      0.775     -0.841      0.000 4
 378  391      0.787     -1.040      0.000 4
 381  392      0.795      0.177      0.000 4
  -1  393      0.798      0.939      0.000 4
 382  394      0.809      0.125      0.000 4
 387  405      0.810     -1.135      0.000 4
 385  398      0.812      0.448      0.000 4
 383  395      0.813     -0.152      0.000 4
  -1  399      0.816     -0.267      0.000 4
  -1  400      0.820     -0.886      0.000 4
 388  401      0.824      0.687      0.000 4
 390  402      0.832      0.739      0.000 4
 393  404      0.837      0.802      0.000 4
 392  406      0.838     -0.806      0.000 4
 380  409      0.840     -0.495      0.000 4
 391  408      0.845     -0.292      0.000 4
 395  407      0.846      0.249      0.000 4
 398   -2      0.853     -0.459      0.000 4
 396  411      0.856     -1.073      0.000 4
 399  413      0.873      1.112      0.000 4
  -1  414      0.877      0.837      0.000 4
 400  416      0.882      0.550      0.000 4
 402  417      0.885     -0.544      0.000 4
 404  418      0.886      0.473      0.000 4
  -1   -2      0.891      1.143      0.000 4
 406  419      0.893     -0.243      0.000 4
 405  420      0.895     -0.149      0.000 4
 407  421      0.902     -0.802      0.000 4
  -1  422      0.903     -1.006      0.000 4
  -1  423      0.903     -0.942      0.000 4
 410  425      0.915     -0.869      0.000 4
 409  424      0.917      0.028      0.000 4
 412  426      0.928     -0.026      0.000 4
 411   -2      0.931     -1.000      0.000 4
  -1   -2      0.935     -1.170      0.000 4
 414  428      0.945     -0.233      0.000 4
 416  429      0.952      0.785      0.000 4
 417  430      0.958      0.689      0.000 4
  -1   -2      0.961      0.359      0.000 4
 418  431      0.972      0.006      0.000 4
 401  432      0.975     -0.323      0.000 4
 421  435      0.984     -0.584      0.000 4
 422   -2      0.985      0.271      0.000 4
 419  436      0.988     -1.107      0.000 4
 423   -2      0.992      0.733      0.000 4
  -1   -2      0.995     -0.813      0.000 4
  -1  439      1.004      0.194      0.000 4
 424   -2      1.007      0.020      0.000 4
 426  441      1.011      0.851      0.000 4
 425  440      1.012      0.108      0.000 4
 427  443      1.027      0.980      0.000 4
  -1  437      1.048      0.365      0.000 4
 429   -2      1.050     -0.384      0.000 4
 432  444      1.065     -0.626      0.000 4
 428  449      1.066     -0.894      0.000 4
 433  446      1.066     -1.173      0.000 4
  -1   -2      1.069      0.712      0.000 4
 434  447      1.090     -0.553      0.000 4
 435  448      1.096      1.036      0.000 4
 431  452      1.109     -0.944      0.000 4
 437  450      1.118     -0.520      0.000 4
 439  451      1.124     -0.050      0.000 4
 440  453      1.131     -0.743      0.000 4
  -1   -2      1.137     -1.173      0.000 4
 442  455      1.140     -0.827      0.000 4
  -1   -2      1.149      0.961      0.000 4
 445   -2      1.158     -0.334      0.000 4
 444  457      1.160     -1.045      0.000 4
 446  456      1.161      0.558      0.000 4
  -1  460      1.163      1.104      0.000 4
 447  459      1.171      0.391      0.000 4
 449  461      1.177     -0.458      0.000 4
 450  458      1.180     -1.172      0.000 4
 448  462      1.191      0.104      0.000 4
  -1   -2      1.195      0.023      0.000 4
 451  463      1.197     -1.132      0.000 4
  -1  464      1.198     -0.148      0.000 4
  -1  465      1.208     -0.523      0.000 4
 452  466      1.209      0.984      0.000 4
 453   -2      1.231     -1.069      0.000 4
 455  467      1.233     -0.459      0.000 4
 454  468      1.233      0.913      0.000 4
 456  469      1.259     -0.430      0.000 4
  -1   -2      1.276     -0.769      0.000 4
 462   -2      1.280     -0.078      0.000 4
 457  470      1.287     -0.506      0.000 4
  -1  479      1.289     -1.165      0.000 4
 458  471      1.292      0.177      0.000 4
 463  472      1.334      0.493      0.000 4
  -1   -2      1.336     -0.768      0.000 4
 464  473      1.338      0.236      0.000 4
 466  475      1.341     -0.191      0.000 4
 465  476      1.342     -1.007      0.000 4
 468  477      1.350     -0.283      0.000 4
 469  478      1.353      1.061      0.000 4
 470  480      1.363     -0.859      0.000 4
  -1  483      1.370     -1.099      0.000 4
 471  482      1.372     -0.336      0.000 4
 472  481      1.373     -0.396      0.000 4
 473  484      1.373      0.548      0.000 4
 474  485      1.379     -0.915      0.000 4
 475  486      1.389     -0.134      0.000 4
 477   -2      1.403     -0.309      0.000 4
 478  487      1.405      0.266      0.000 4
 476  488      1.405     -0.861      0.000 4
 479   -2      1.411      0.725      0.000 4
 480  489      1.416      0.774      0.000 4
 481  491      1.442     -0.963      0.000 4
  -1   -2      1.446     -0.614      0.000 4
 485  493      1.448      0.401      0.000 4
 486  494      1.449     -0.023      0.000 4
 487  495      1.454     -0.145      0.000 4
 489  496      1.463     -0.199      0.000 4
 494  497      1.464     -0.658      0.000 4
 491  500      1.469      0.088      0.000 4
 482   -2      1.472     -1.083      0.000 4
  -1  501      1.475      0.006      0.000 4
  -1   -2      1.482     -0.389      0.000 4
 492  502      1.484      0.653      0.000 4
 493  503      1.485      0.539      0.000 4
 496  504      1.504      0.355      0.000 4
 497  505      1.508      1.027      0.000 4
 500  506      1.514      0.729      0.000 4
  -1  509      1.528      0.773      0.000 4
 501  508      1.528     -0.524      0.000 4
  -1  511      1.537      0.418      0.000 4
 504  512      1.543      1.065      0.000 4
 502  513      1.544     -0.818      0.000 4
 503  514      1.544     -0.942      0.000 4
  -1   -2      1.548      0.024      0.000 4
 505  515      1.552     -0.717      0.000 4
 506   -2      1.568      0.833      0.000 4
