491
  -1    0     -1.561      0.836      0.000 4
   0   -2     -1.558     -0.149      0.000 4
   1    3     -1.550      0.254      0.000 4
  -1   -2     -1.542     -0.225      0.000 4
   3   -2     -1.541      0.793      0.000 4
   2   -2     -1.537      0.923      0.000 4
   4   -2     -1.534     -1.030      0.000 4
   5   -2     -1.523      1.045      0.000 4
   7   -2     -1.492      0.313      0.000 4
   6    5     -1.489      0.219      0.000 4
   8    7     -1.481      0.510      0.000 4
   9    8     -1.481      0.270      0.000 4
  11    9     -1.478      0.637      0.000 4
  12   10     -1.477     -0.277      0.000 4
  13   11     -1.469      0.397      0.000 4
  14   12     -1.464      0.989      0.000 4
  -1   13     -1.458     -0.957      0.000 4
  15   14     -1.451      0.154      0.000 4
  16   16     -1.443     -0.586      0.000 4
  20   -2     -1.417     -0.691      0.000 4
  19   19     -1.416     -0.331      0.000 4
  21   20     -1.412      0.333      0.000 4
  22   21     -1.393      0.739      0.000 4
  27   -2     -1.385      0.838      0.000 4
  26   22     -1.382     -0.369      0.000 4
  25   -2     -1.382     -0.833      0.000 4
  28   23     -1.376      0.278      0.000 4
  29   24     -1.370      1.089      0.000 4
  30   26     -1.363      0.614      0.000 4
  32   25     -1.361     -0.873      0.000 4
  33   27     -1.358     -0.705      0.000 4
  31   32     -1.356      0.058      0.000 4
  34   29     -1.355     -1.017      0.000 4
  35   31     -1.350     -0.506      0.000 4
  -1   -2     -1.331      0.538      0.000 4
  37   33     -1.331      1.004      0.000 4
  39   34     -1.328     -1.116      0.000 4
  41   37     -1.319      0.907      0.000 4
  42   38     -1.310      0.678      0.000 4
  43   39     -1.307     -0.002      0.000 4
  44   40     -1.304     -0.793      0.000 4
  45   42     -1.290      0.166      0.000 4
  -1   41     -1.289     -0.826      0.000 4
  -1   -2     -1.287      0.320      0.000 4
  -1   -2     -1.286     -0.212      0.000 4
  47   43     -1.283     -0.117      0.000 4
  48   44     -1.280     -0.961      0.000 4
  46   45     -1.279     -0.326      0.000 4
  49   47     -1.267      0.540      0.000 4
  50   48     -1.266      0.643      0.000 4
  51   49     -1.255     -0.609      0.000 4
  -1   -2     -1.250     -0.654      0.000 4
  52   51     -1.243      0.387      0.000 4
  -1   50     -1.239      0.978      0.000 4
  53   52     -1.237     -0.513      0.000 4
  54   53     -1.233     -0.815      0.000 4
  55   56     -1.210     -1.107      0.000 4
  56   57     -1.197      0.812      0.000 4
  57   58     -1.191     -0.628      0.000 4
  -1   -2     -1.175     -1.173      0.000 4
  60   60     -1.167     -0.853      0.000 4
  -1   -2     -1.167     -0.252      0.000 4
  61   61     -1.165     -0.815      0.000 4
  62   63     -1.164      1.027      0.000 4
  63   62     -1.160      0.710      0.000 4
  64   -2     -1.153      0.985      0.000 4
  -1   59     -1.153     -0.099      0.000 4
  66   64     -1.150     -0.987      0.000 4
  -1   71     -1.141     -0.549      0.000 4
  65   66     -1.140      0.615      0.000 4
  67   69     -1.117     -0.340      0.000 4
  68   68     -1.116      1.025      0.000 4
  69   70     -1.113     -1.011      0.000 4
  70   67     -1.112     -1.046      0.000 4
  71   72     -1.102      0.392      0.000 4
  72   73     -1.090      0.640      0.000 4
  74   76     -1.068     -0.367      0.000 4
  75   77     -1.066     -0.104      0.000 4
  78   -2     -1.054     -0.678      0.000 4
  80   78     -1.045      0.793      0.000 4
  73   87     -1.045     -0.056      0.000 4
  79   79     -1.045     -0.279      0.000 4
  -1   80     -1.038     -1.046      0.000 4
  82   83     -1.036      0.392      0.000 4
  -1   81     -1.033     -0.719      0.000 4
  -1   -2     -1.024      1.093      0.000 4
  85   84     -1.017     -0.855      0.000 4
  84   85     -1.016      0.470      0.000 4
  81   -2     -1.013     -1.169      0.000 4
  86   86     -1.003     -0.776      0.000 4
  88   88     -0.994      1.018      0.000 4
  89   92     -0.986      0.386      0.000 4
  91   90     -0.985      0.904      0.000 4
  90   97     -0.984     -0.168      0.000 4
  -1   91     -0.981     -1.093      0.000 4
  92   93     -0.977      0.189      0.000 4
  94   95     -0.975     -0.430      0.000 4
  93   96     -0.973     -0.219      0.000 4
  95   -2     -0.969      1.058      0.000 4
  98   99     -0.946      0.775      0.000 4
  97  101     -0.945      0.335      0.000 4
  99   98     -0.942     -0.932      0.000 4
 101  103     -0.911     -0.764      0.000 4
 100  102     -0.910      1.082      0.000 4
 103  104     -0.895     -1.084      0.000 4
 102  105     -0.889      0.568      0.000 4
 104  106     -0.886      0.899      0.000 4
 105  107     -0.880      0.304      0.000 4
 106  109     -0.865     -0.090      0.000 4
 107  110     -0.857     -0.740      0.000 4
 109  112     -0.846      0.692      0.000 4
 110  113     -0.844     -0.611      0.000 4
 111  115     -0.838     -0.691      0.000 4
  -1   -2     -0.830     -1.163      0.000 4
 108  119     -0.828     -1.091      0.000 4
 114  116     -0.822      1.089      0.000 4
  -1  117     -0.821     -0.444      0.000 4
 116  118     -0.820      1.044      0.000 4
 117  120     -0.814     -0.137      0.000 4
 118  122     -0.806     -0.216      0.000 4
 119   -2     -0.804      0.736      0.000 4
 122  129     -0.793      0.331      0.000 4
 124  124     -0.784      0.993      0.000 4
  -1   -2     -0.782      0.445      0.000 4
  -1  126     -0.779     -0.800      0.000 4
 121  125     -0.779     -0.022      0.000 4
 125  127     -0.778      0.816      0.000 4
 126  128     -0.772     -0.753      0.000 4
 127  132     -0.766      0.253      0.000 4
 128  130     -0.764      0.888      0.000 4
 129  131     -0.762      0.405      0.000 4
 131   -2     -0.752      0.313      0.000 4
 130  133     -0.748     -0.944      0.000 4
 112  158     -0.743     -0.606      0.000 4
 133  134     -0.738     -1.010      0.000 4
 134  135     -0.731     -0.450      0.000 4
 135  136     -0.727     -0.059      0.000 4
 136  137     -0.721      0.984      0.000 4
  -1   -2     -0.718      0.068      0.000 4
 137  139     -0.712      0.032      0.000 4
 113  167     -0.698     -1.112      0.000 4
 141  144     -0.680      0.139      0.000 4
 140  142     -0.680     -0.155      0.000 4
 143  141     -0.679      1.067      0.000 4
 144  143     -0.677      0.887      0.000 4
 145  145     -0.675      1.013      0.000 4
 146  148     -0.668     -0.563      0.000 4
  -1  147     -0.666     -0.677      0.000 4
 147  146     -0.660     -1.170      0.000 4
 148  149     -0.651     -1.081      0.000 4
 150  151     -0.648     -0.109      0.000 4
 149  150     -0.648      0.734      0.000 4
 151  152     -0.645      1.150      0.000 4
 152   -2     -0.638      0.160      0.000 4
 155  153     -0.633     -1.119      0.000 4
 154  155     -0.628      0.069      0.000 4
 156  154     -0.628     -1.007      0.000 4
 157  156     -0.621      1.092      0.000 4
 158   -2     -0.612     -0.773      0.000 4
 159  159     -0.598     -0.315      0.000 4
 160   -2     -0.595     -0.053      0.000 4
 161  160     -0.592      0.898      0.000 4
 164  164     -0.572     -0.521      0.000 4
 165  163     -0.571     -0.785      0.000 4
  -1  162     -0.568     -0.942      0.000 4
 166  165     -0.565     -0.287      0.000 4
  -1   -2     -0.553      0.418      0.000 4
 167  166     -0.552      1.067      0.000 4
  -1   -2     -0.543     -1.090      0.000 4
 168  168     -0.537      0.042      0.000 4
 169  171     -0.520     -0.525      0.000 4
 174  173     -0.504      0.688      0.000 4
 171  172     -0.504      0.549      0.000 4
 172  175     -0.504     -0.246      0.000 4
 173  174     -0.504      0.487      0.000 4
 177  178     -0.475      0.989      0.000 4
 178  179     -0.464     -0.694      0.000 4
 179  180     -0.463      0.079      0.000 4
 180  181     -0.456      0.188      0.000 4
 182  182     -0.438     -0.967      0.000 4
 181  184     -0.438     -0.056      0.000 4
 184  185     -0.425     -0.137      0.000 4
 187  186     -0.418     -0.859      0.000 4
 186  187     -0.417     -0.300      0.000 4
 189  188     -0.400      0.457      0.000 4
  -1   -2     -0.384     -1.165      0.000 4
 191  190     -0.379     -0.535      0.000 4
 194  191     -0.376     -0.982      0.000 4
 193  193     -0.376     -0.623      0.000 4
 192  192     -0.376      0.762      0.000 4
 196  194     -0.370      0.653      0.000 4
 198  195     -0.367      1.087      0.000 4
 197  196     -0.367      0.528      0.000 4
 200  199     -0.361     -0.200      0.000 4
 201  198     -0.360     -0.691      0.000 4
 199  200     -0.360      0.328      0.000 4
 183   -2     -0.355     -1.085      0.000 4
 202  203     -0.347      1.014      0.000 4
 203  204     -0.341     -0.306      0.000 4
 205  205     -0.333     -0.268      0.000 4
 206  206     -0.332      0.898      0.000 4
  -1  207     -0.314     -0.451      0.000 4
 207  210     -0.301     -0.597      0.000 4
 208  209     -0.300     -0.956      0.000 4
 209  211     -0.290     -1.010      0.000 4
 210  212     -0.285      0.823      0.000 4
 211  213     -0.278      0.554      0.000 4
 213  214     -0.271      0.315      0.000 4
 214  216     -0.268     -1.097      0.000 4
 215  217     -0.260     -0.494      0.000 4
 217  219     -0.242     -0.206      0.000 4
  -1   -2     -0.234     -0.897      0.000 4
 218  220     -0.231      0.428      0.000 4
 219  221     -0.228     -0.707      0.000 4
 221  222     -0.223     -0.424      0.000 4
  -1   -2     -0.215     -0.581      0.000 4
 222  223     -0.208      1.097      0.000 4
  -1  224     -0.203      0.123      0.000 4
 223  226     -0.188      0.734      0.000 4
  -1   -2     -0.178     -0.828      0.000 4
 224  228     -0.163      0.394      0.000 4
  -1  233     -0.163     -0.605      0.000 4
  -1   -2     -0.145     -0.807      0.000 4
 226  230     -0.144      0.068      0.000 4
  -1   -2     -0.141     -1.121      0.000 4
 229  231     -0.138     -0.280      0.000 4
  -1   -2     -0.132      0.741      0.000 4
 230  232     -0.130     -1.054      0.000 4
 232  234     -0.112     -0.204      0.000 4
 231  243     -0.105     -0.682      0.000 4
 233  235     -0.105      0.500      0.000 4
 235   -2     -0.101      1.126      0.000 4
 236  238     -0.097      0.644      0.000 4
 239  241     -0.087     -0.097      0.000 4
 241   -2     -0.083     -1.126      0.000 4
 242  242     -0.079      0.337      0.000 4
 240  253     -0.067     -1.164      0.000 4
 244  245     -0.059      0.229      0.000 4
 245  244     -0.054     -0.179      0.000 4
  -1   -2     -0.053      0.517      0.000 4
 247  247     -0.042     -0.353      0.000 4
 248  248     -0.041      0.359      0.000 4
 249  249     -0.038      0.609      0.000 4
 250  250     -0.027      0.775      0.000 4
  -1  246     -0.023      0.476      0.000 4
 252  252     -0.016     -0.019      0.000 4
 251  257     -0.003      0.120      0.000 4
 254   -2      0.004     -0.504      0.000 4
 257  255      0.012      1.012      0.000 4
 256  254      0.012      0.585      0.000 4
 261  256      0.033      0.379      0.000 4
  -1   -2      0.039      0.032      0.000 4
  -1  264      0.039     -0.248      0.000 4
 259  259      0.044      0.339      0.000 4
 263   -2      0.055      0.339      0.000 4
 264  261      0.059      0.934      0.000 4
 266  262      0.065      0.677      0.000 4
 268  263      0.073     -0.950      0.000 4
 269   -2      0.082     -0.225      0.000 4
 272   -2      0.095     -1.145      0.000 4
 271  265      0.098     -0.746      0.000 4
 273  266      0.101      0.147      0.000 4
 275   -2      0.109      0.465      0.000 4
 276  268      0.112      0.100      0.000 4
 278  267      0.121      0.413      0.000 4
 277   -2      0.124     -0.071      0.000 4
 279  270      0.134      0.880      0.000 4
 280  271      0.138     -0.955      0.000 4
  -1   -2      0.147      0.200      0.000 4
 281  272      0.149      1.078      0.000 4
 283  274      0.150     -0.623      0.000 4
 282  273      0.151     -0.509      0.000 4
  -1   -2      0.152      0.028      0.000 4
 284   -2      0.158     -0.705      0.000 4
  -1  275      0.169     -0.107      0.000 4
 285  277      0.175      0.373      0.000 4
 286  278      0.188     -0.725      0.000 4
 287  279      0.199      0.997      0.000 4
 288  281      0.209      0.576      0.000 4
 289  282      0.212      0.017      0.000 4
 290  283      0.215     -1.043      0.000 4
  -1  285      0.221     -0.320      0.000 4
 291  286      0.225     -0.590      0.000 4
 292  287      0.227     -0.912      0.000 4
 293  288      0.236     -0.169      0.000 4
 294  290      0.246      0.997      0.000 4
 295   -2      0.254     -0.681      0.000 4
 304  280      0.257     -0.396      0.000 4
  -1  293      0.267      0.749      0.000 4
 300  295      0.268      0.246      0.000 4
 299  294      0.269      1.144      0.000 4
  -1  291      0.280     -0.874      0.000 4
 301  297      0.283      0.163      0.000 4
 302  299      0.293      0.605      0.000 4
  -1   -2      0.303     -1.042      0.000 4
 305  300      0.308      0.046      0.000 4
  -1  301      0.309      0.924      0.000 4
  -1   -2      0.310     -0.350      0.000 4
  -1  303      0.313     -0.412      0.000 4
 306  302      0.315     -0.217      0.000 4
  -1  304      0.318      1.050      0.000 4
 307  305      0.329     -0.622      0.000 4
 303  314      0.350     -1.163      0.000 4
 309  307      0.350     -0.429      0.000 4
  -1   -2      0.350      1.098      0.000 4
 311  318      0.357      0.682      0.000 4
 312   -2      0.363      0.048      0.000 4
 313  308      0.365      0.241      0.000 4
 315  309      0.372      0.297      0.000 4
 308   -2      0.373      1.155      0.000 4
 314  310      0.373     -0.832      0.000 4
 317  311      0.383      0.169      0.000 4
 316  312      0.384     -0.433      0.000 4
 318  313      0.386     -1.001      0.000 4
  -1   -2      0.386     -0.604      0.000 4
 322  315      0.415     -0.008      0.000 4
 323  316      0.418     -0.911      0.000 4
 324  317      0.419     -0.696      0.000 4
  -1  306      0.423      1.076      0.000 4
 326  320      0.439     -0.628      0.000 4
 327  321      0.445      0.577      0.000 4
  -1  323      0.446     -0.820      0.000 4
  -1  322      0.448      0.215      0.000 4
 328  326      0.449     -0.450      0.000 4
 329  324      0.450      0.759      0.000 4
 330  325      0.452      0.325      0.000 4
 331  327      0.466     -0.684      0.000 4
 339  328      0.467      0.697      0.000 4
 332  329      0.471     -0.040      0.000 4
 333  330      0.483      0.929      0.000 4
  -1   -2      0.483     -0.370      0.000 4
  -1   -2      0.485     -1.152      0.000 4
 334  331      0.487     -0.816      0.000 4
 337  334      0.491      0.788      0.000 4
 335  333      0.492     -0.641      0.000 4
 338  336      0.501     -0.978      0.000 4
 343  338      0.536      0.870      0.000 4
 342  339      0.536     -0.590      0.000 4
 341  340      0.537     -0.930      0.000 4
 344  341      0.545     -0.048      0.000 4
 346  346      0.554      0.931      0.000 4
 347  348      0.558     -0.975      0.000 4
 349  347      0.560      0.560      0.000 4
 350  349      0.568      1.063      0.000 4
 352   -2      0.582      0.836      0.000 4
 351  350      0.585      0.334      0.000 4
 355  353      0.595     -0.909      0.000 4
 354  352      0.595     -0.759      0.000 4
  -1  351      0.598      0.732      0.000 4
 356  355      0.607     -1.015      0.000 4
 357  356      0.608     -0.651      0.000 4
 358  354      0.609      0.503      0.000 4
  -1   -2      0.611      0.563      0.000 4
 361  359      0.625     -0.851      0.000 4
 363  361      0.633      0.877      0.000 4
 362  360      0.634      0.961      0.000 4
 364  362      0.640     -0.483      0.000 4
 353  364      0.642     -1.161      0.000 4
 366  363      0.684      0.267      0.000 4
  -1  366      0.685     -0.510      0.000 4
 367  367      0.695     -0.382      0.000 4
 369  369      0.699     -0.870      0.000 4
 368  368      0.707     -0.707      0.000 4
 370  370      0.713      1.099      0.000 4
  -1   -2      0.717     -1.109      0.000 4
 372  372      0.732      0.348      0.000 4
 373  371      0.735      0.400      0.000 4
  -1   -2      0.742     -0.791      0.000 4
 374  374      0.743      0.656      0.000 4
 365   -2      0.747     -0.075      0.000 4
 376  375      0.747     -0.648      0.000 4
 378  373      0.770      1.053      0.000 4
 379   -2      0.782     -0.822      0.000 4
  -1   -2      0.784     -1.030      0.000 4
 380  378      0.789     -0.040      0.000 4
  -1   -2      0.793     -0.235      0.000 4
 382  379      0.797      0.099      0.000 4
 381  380      0.801      0.921      0.000 4
  -1   -2      0.811     -1.139      0.000 4
  -1   -2      0.812      0.627      0.000 4
 383  381      0.817     -0.547      0.000 4
  -1  382      0.824     -0.879      0.000 4
 384  383      0.833      0.168      0.000 4
 385  385      0.835      1.099      0.000 4
 386  386      0.839     -0.797      0.000 4
 387  387      0.843     -0.154      0.000 4
 390   -2      0.847      0.528      0.000 4
 392  388      0.848      0.434      0.000 4
  -1  384      0.848     -1.129      0.000 4
 389  391      0.851     -1.070      0.000 4
 394  394      0.851      0.307      0.000 4
 395  390      0.852      0.666      0.000 4
 393  393      0.853     -0.272      0.000 4
 396  395      0.860      0.718      0.000 4
 397   -2      0.860      0.775      0.000 4
 398  397      0.874     -0.455      0.000 4
 399  398      0.883      1.091      0.000 4
 400  399      0.886      0.240      0.000 4
 401   -2      0.895      1.136      0.000 4
 388  414      0.900     -1.134      0.000 4
 405  402      0.901     -0.544      0.000 4
 404  403      0.902     -1.005      0.000 4
  -1  396      0.904      0.816      0.000 4
 406  404      0.909     -0.801      0.000 4
 407  405      0.916      0.535      0.000 4
 402  410      0.918     -0.871      0.000 4
 409  406      0.925     -0.253      0.000 4
  -1   -2      0.931     -1.001      0.000 4
 410  408      0.939      0.465      0.000 4
 412  411      0.939     -0.700      0.000 4
 413  412      0.969     -0.035      0.000 4
 414   -2      0.972     -0.733      0.000 4
 415  413      0.973     -0.237      0.000 4
 417   -2      0.984     -1.117      0.000 4
 421  415      0.985      0.695      0.000 4
 418  416      0.999     -0.587      0.000 4
  -1   -2      1.002     -0.820      0.000 4
 420  417      1.005     -0.001      0.000 4
  -1  418      1.022      0.722      0.000 4
 423  420      1.031      0.842      0.000 4
 422  421      1.033      0.259      0.000 4
  -1  419      1.033      0.592      0.000 4
 424  422      1.043      0.103      0.000 4
 425  424      1.044      0.172      0.000 4
 426  425      1.054      0.975      0.000 4
  -1  426      1.073     -1.172      0.000 4
 427  427      1.077     -0.637      0.000 4
 430  430      1.107      1.033      0.000 4
 429  431      1.111     -0.959      0.000 4
  -1   -2      1.131      0.269      0.000 4
 431  432      1.135     -0.535      0.000 4
 432  433      1.138     -0.760      0.000 4
  -1  434      1.147     -0.845      0.000 4
 433  435      1.152      0.876      0.000 4
 436   -2      1.157      1.029      0.000 4
 434  436      1.159     -1.063      0.000 4
 435  445      1.160     -0.057      0.000 4
  -1  437      1.165      0.555      0.000 4
 437  439      1.172      0.285      0.000 4
 438  440      1.182     -0.352      0.000 4
 439  441      1.191     -1.151      0.000 4
 441  442      1.196     -0.480      0.000 4
 443  443      1.209      0.391      0.000 4
 444   -2      1.223     -0.543      0.000 4
 445  446      1.224      0.989      0.000 4
 448  450      1.249     -0.483      0.000 4
 449  449      1.253      0.921      0.000 4
 447   -2      1.271      0.820      0.000 4
 450   -2      1.279     -0.454      0.000 4
 451  456      1.290     -1.169      0.000 4
  -1  451      1.290      0.724      0.000 4
 452  452      1.300     -0.532      0.000 4
 454  453      1.325      0.171      0.000 4
 455  455      1.342     -1.038      0.000 4
 456  458      1.362      1.075      0.000 4
 457  457      1.362     -0.207      0.000 4
 458  461      1.365     -0.895      0.000 4
 459  460      1.368      0.237      0.000 4
 460  459      1.369      0.506      0.000 4
 461  462      1.371     -0.305      0.000 4
 462  463      1.385     -0.949      0.000 4
 463  464      1.388     -0.364      0.000 4
 464  465      1.390     -0.423      0.000 4
 466  467      1.404      0.566      0.000 4
 465  468      1.408     -0.898      0.000 4
 468  466      1.409     -1.165      0.000 4
 467  469      1.416     -0.336      0.000 4
 469  470      1.434      0.267      0.000 4
 470  471      1.439      0.794      0.000 4
 471   -2      1.449      1.029      0.000 4
  -1  474      1.461     -1.124      0.000 4
  -1  475      1.464      0.986      0.000 4
 474  476      1.470     -0.036      0.000 4
 473  477      1.471     -0.699      0.000 4
 475  480      1.475     -0.169      0.000 4
  -1  479      1.475     -0.215      0.000 4
 476  478      1.477      0.413      0.000 4
 477  481      1.490      0.080      0.000 4
  -1  482      1.506     -1.018      0.000 4
 478  484      1.516      0.676      0.000 4
 479  486      1.516      0.556      0.000 4
 480  487      1.522      1.055      0.000 4
 481  488      1.530      0.366      0.000 4
 482  490      1.537      0.754      0.000 4
  -1   -2      1.541      0.107      0.000 4
 485  491      1.544     -0.868      0.000 4
 486  492      1.545     -0.983      0.000 4
  -1   -2      1.547     -0.289      0.000 4
  -1   -2      1.548      0.798      0.000 4
 488  493      1.556     -0.761      0.000 4
 489  494      1.557      1.096      0.000 4
