514
   0    0     -1.555      0.047      0.000 4
  -1   -2     -1.553     -0.638      0.000 4
   3    2     -1.535     -1.056      0.000 4
  -1    3     -1.534     -0.381      0.000 4
   2    5     -1.530     -0.009      0.000 4
   4    4     -1.530     -0.575      0.000 4
   5    6     -1.525     -0.060      0.000 4
   6    7     -1.524      0.219      0.000 4
   7   -2     -1.516     -0.860      0.000 4
   9    9     -1.495      0.886      0.000 4
  10   10     -1.492     -0.612      0.000 4
  13   13     -1.481      0.542      0.000 4
  15   15     -1.470     -0.066      0.000 4
  12   20     -1.466      1.020      0.000 4
  18   16     -1.465     -1.125      0.000 4
  -1   17     -1.459     -0.875      0.000 4
  16   -2     -1.452      0.754      0.000 4
  17   19     -1.436     -0.524      0.000 4
  -1   21     -1.435      0.688      0.000 4
  -1   -2     -1.434      0.925      0.000 4
  19   22     -1.431     -0.218      0.000 4
  -1   -2     -1.425     -0.770      0.000 4
  -1   -2     -1.410      0.872      0.000 4
  -1   14     -1.404      0.018      0.000 4
  21   18     -1.395     -0.973      0.000 4
  22   26     -1.379      0.518      0.000 4
  23   -2     -1.356      0.555      0.000 4
  24   29     -1.354     -0.172      0.000 4
  -1   -2     -1.353     -1.160      0.000 4
  -1   28     -1.349      0.320      0.000 4
  25   33     -1.327     -0.723      0.000 4
  26   34     -1.326      1.153      0.000 4
  -1   35     -1.325      0.797      0.000 4
  -1   -2     -1.316      0.199      0.000 4
  27   -2     -1.314      0.226      0.000 4
  29   37     -1.310     -1.104      0.000 4
  31   32     -1.307      0.482      0.000 4
  30   38     -1.298     -0.836      0.000 4
  34   39     -1.296      0.897      0.000 4
  -1   -2     -1.295     -0.777      0.000 4
  32   41     -1.293      0.587      0.000 4
  33   43     -1.292     -0.227      0.000 4
  35   42     -1.288     -0.387      0.000 4
  -1   -2     -1.285     -0.957      0.000 4
  37   44     -1.274      0.795      0.000 4
  36   45     -1.271      0.404      0.000 4
  40   46     -1.270     -0.497      0.000 4
  38   48     -1.264      1.019      0.000 4
  42   49     -1.255     -0.290      0.000 4
  48   50     -1.245     -1.053      0.000 4
  44   51     -1.238     -0.832      0.000 4
  45   53     -1.233      0.686      0.000 4
  47   54     -1.223      0.352      0.000 4
  -1   -2     -1.204     -0.118      0.000 4
  52   55     -1.187     -1.042      0.000 4
  53   56     -1.171     -0.530      0.000 4
  -1   60     -1.169     -1.172      0.000 4
  55   57     -1.163      0.929      0.000 4
  56   58     -1.150      0.638      0.000 4
  57   59     -1.148     -0.162      0.000 4
  58   61     -1.145     -0.017      0.000 4
  -1   -2     -1.144      1.153      0.000 4
  60   64     -1.133      0.271      0.000 4
  62   62     -1.130     -1.014      0.000 4
  71   -2     -1.126     -0.931      0.000 4
  59   65     -1.124      0.343      0.000 4
  63   67     -1.120     -0.246      0.000 4
  64   66     -1.118     -1.052      0.000 4
  -1   -2     -1.117      0.513      0.000 4
  66   79     -1.109     -1.170      0.000 4
  67   -2     -1.105      0.449      0.000 4
  -1   70     -1.098      0.417      0.000 4
  69   71     -1.084     -0.065      0.000 4
  70   73     -1.082      0.035      0.000 4
  -1   74     -1.068     -0.864      0.000 4
  72   75     -1.064      0.398      0.000 4
  82   76     -1.061      0.740      0.000 4
  74   78     -1.055      0.141      0.000 4
  75   77     -1.055      1.007      0.000 4
  76   69     -1.047      0.892      0.000 4
  77   80     -1.042     -0.488      0.000 4
  -1   -2     -1.034     -1.098      0.000 4
  79   81     -1.023     -0.154      0.000 4
  -1   82     -1.017     -0.898      0.000 4
  -1   -2     -1.014     -1.170      0.000 4
  -1   -2     -1.005     -0.526      0.000 4
  81   85     -1.003     -0.103      0.000 4
  84   83     -0.996     -0.992      0.000 4
  83   84     -0.996      1.115      0.000 4
  86   86     -0.983      0.953      0.000 4
  87   87     -0.981     -0.669      0.000 4
  89   91     -0.966     -0.462      0.000 4
  92   93     -0.937     -0.746      0.000 4
  94   94     -0.929     -0.807      0.000 4
  -1   95     -0.912     -1.111      0.000 4
  95   96     -0.903      0.049      0.000 4
  96   99     -0.899     -0.290      0.000 4
  97   97     -0.899     -1.040      0.000 4
  98   98     -0.896      1.133      0.000 4
  93  106     -0.890      0.886      0.000 4
 101  101     -0.878     -1.114      0.000 4
  -1  102     -0.874      0.319      0.000 4
 102   -2     -0.872     -0.254      0.000 4
 103  103     -0.868      0.744      0.000 4
 104  104     -0.862     -0.546      0.000 4
 105  105     -0.856     -0.781      0.000 4
  -1  119     -0.855      0.247      0.000 4
 107   -2     -0.848      0.990      0.000 4
 108  107     -0.847      1.056      0.000 4
 106  112     -0.842     -1.166      0.000 4
 111  110     -0.830     -0.400      0.000 4
  -1   -2     -0.826     -0.544      0.000 4
 112  113     -0.824     -0.203      0.000 4
 113  111     -0.822      1.097      0.000 4
  -1   -2     -0.818     -0.997      0.000 4
 114  115     -0.816      0.429      0.000 4
 115  116     -0.815      0.079      0.000 4
 117  114     -0.811     -0.790      0.000 4
 118  117     -0.809      0.173      0.000 4
  -1   -2     -0.809      0.572      0.000 4
  -1   -2     -0.805      0.948      0.000 4
 110  130     -0.802     -0.674      0.000 4
  -1   -2     -0.797     -0.640      0.000 4
 122   -2     -0.797      0.278      0.000 4
 120   -2     -0.797     -0.508      0.000 4
 121  118     -0.796     -0.469      0.000 4
 123  120     -0.780     -0.031      0.000 4
 116   -2     -0.757     -0.948      0.000 4
 128  123     -0.757      0.947      0.000 4
 126   -2     -0.751     -0.097      0.000 4
 129  124     -0.747      0.592      0.000 4
 130  125     -0.745     -0.453      0.000 4
 131  128     -0.740     -0.002      0.000 4
 132  126     -0.738      0.809      0.000 4
 133  127     -0.728     -0.970      0.000 4
 134  129     -0.724      1.003      0.000 4
 135   -2     -0.719     -0.722      0.000 4
 138  131     -0.712     -0.230      0.000 4
 139  132     -0.705      0.380      0.000 4
  -1   -2     -0.705      1.062      0.000 4
  -1  134     -0.696      0.714      0.000 4
 136  133     -0.694     -1.095      0.000 4
 141  135     -0.680      0.271      0.000 4
  -1  137     -0.670      1.021      0.000 4
  -1   -2     -0.665      0.982      0.000 4
 143  139     -0.663     -1.172      0.000 4
 144  140     -0.660     -0.131      0.000 4
 146  141     -0.648      1.058      0.000 4
 148  142     -0.642      1.163      0.000 4
 151  144     -0.623     -0.953      0.000 4
 149  146     -0.621     -0.577      0.000 4
 152  145     -0.620      0.930      0.000 4
 150  147     -0.617     -0.183      0.000 4
 153  148     -0.601     -1.028      0.000 4
 154  150     -0.598     -0.413      0.000 4
  -1  149     -0.598      1.144      0.000 4
 155  151     -0.591      0.609      0.000 4
 156   -2     -0.589      0.826      0.000 4
 157  153     -0.566     -0.944      0.000 4
 158  154     -0.565     -0.481      0.000 4
 159  155     -0.561      0.580      0.000 4
  -1   -2     -0.559     -0.645      0.000 4
 160  156     -0.557      0.245      0.000 4
  -1   -2     -0.554     -0.319      0.000 4
 161   -2     -0.548      1.089      0.000 4
  -1  157     -0.541     -1.156      0.000 4
 162  158     -0.541      1.033      0.000 4
  -1   -2     -0.540      0.222      0.000 4
 164  159     -0.525     -0.527      0.000 4
 165  160     -0.514     -0.698      0.000 4
 166  161     -0.510     -0.121      0.000 4
 168  162     -0.493     -0.587      0.000 4
 167  163     -0.491     -0.427      0.000 4
 169  165     -0.486      0.315      0.000 4
 170  164     -0.485     -0.803      0.000 4
 172  166     -0.483      0.683      0.000 4
 173  168     -0.473      0.103      0.000 4
 174  167     -0.460     -1.165      0.000 4
 176  170     -0.456      0.608      0.000 4
 177  171     -0.455      0.782      0.000 4
 178  172     -0.448      0.852      0.000 4
 179  173     -0.445     -0.274      0.000 4
 181  174     -0.437      1.007      0.000 4
 182  175     -0.427     -0.780      0.000 4
 183  176     -0.420      0.029      0.000 4
 184  178     -0.416     -0.559      0.000 4
 175  177     -0.412     -1.125      0.000 4
 186  179     -0.402      0.564      0.000 4
 190  180     -0.378     -0.483      0.000 4
 189  181     -0.378      0.074      0.000 4
 193   -2     -0.369     -1.173      0.000 4
 191  182     -0.368     -0.718      0.000 4
 192  183     -0.360      0.513      0.000 4
  -1  185     -0.346     -0.164      0.000 4
 195  184     -0.341      1.002      0.000 4
 196  186     -0.338     -0.759      0.000 4
  -1  187     -0.332     -0.331      0.000 4
  -1   -2     -0.323     -0.639      0.000 4
  -1  188     -0.311      0.027      0.000 4
 198  189     -0.309     -0.101      0.000 4
 200  190     -0.294      0.272      0.000 4
  -1   -2     -0.290     -0.921      0.000 4
 204  197     -0.289     -1.171      0.000 4
 203  193     -0.285     -0.824      0.000 4
 202  195     -0.285      0.340      0.000 4
 201  196     -0.283     -0.031      0.000 4
 207  198     -0.263     -0.432      0.000 4
 208  200     -0.262      0.235      0.000 4
  -1   -2     -0.262     -0.929      0.000 4
  -1   -2     -0.257     -0.187      0.000 4
 210  201     -0.248      0.429      0.000 4
 214   -2     -0.243     -0.528      0.000 4
 212  202     -0.238      0.171      0.000 4
 213  204     -0.232     -0.077      0.000 4
  -1  205     -0.225     -1.093      0.000 4
 216   -2     -0.219     -0.444      0.000 4
  -1   -2     -0.219     -1.172      0.000 4
 217  206     -0.208     -1.121      0.000 4
  -1   -2     -0.207     -1.044      0.000 4
 218  207     -0.201     -0.183      0.000 4
 219  208     -0.199      0.245      0.000 4
 220  209     -0.196      0.907      0.000 4
 221  210     -0.189      0.952      0.000 4
 237  199     -0.188      1.106      0.000 4
 222  211     -0.182     -0.910      0.000 4
  -1   -2     -0.176      0.592      0.000 4
 225  215     -0.175      0.022      0.000 4
  -1  214     -0.174     -0.397      0.000 4
 226  216     -0.168     -0.724      0.000 4
 227  217     -0.157      0.401      0.000 4
 228  218     -0.148     -1.120      0.000 4
 230  219     -0.140     -0.243      0.000 4
 231  220     -0.128      0.949      0.000 4
 232  237     -0.113     -0.056      0.000 4
 234  221     -0.110     -0.288      0.000 4
 233  222     -0.102      0.797      0.000 4
 236  224     -0.101     -0.771      0.000 4
 235  225     -0.100      0.217      0.000 4
 238  226     -0.087      0.379      0.000 4
 239  227     -0.080      0.056      0.000 4
 240  229     -0.079     -1.023      0.000 4
 241  228     -0.078      0.897      0.000 4
 242  230     -0.066     -1.165      0.000 4
  -1  231     -0.059      0.492      0.000 4
 245   -2     -0.045      0.851      0.000 4
 246  234     -0.042      0.236      0.000 4
  -1  235     -0.032      0.379      0.000 4
 247  236     -0.028      0.567      0.000 4
  -1  240     -0.025     -0.128      0.000 4
  -1  233     -0.022      0.766      0.000 4
 249  238     -0.020      0.653      0.000 4
 251  242      0.019      0.427      0.000 4
 252  244      0.039      0.595      0.000 4
 254  245      0.040      1.020      0.000 4
  -1   -2      0.040     -0.857      0.000 4
 253  246      0.040      0.104      0.000 4
 255  247      0.046     -0.594      0.000 4
 256  248      0.049     -0.733      0.000 4
  -1   -2      0.050      0.519      0.000 4
 257  250      0.053     -0.004      0.000 4
  -1  249      0.056     -0.435      0.000 4
  -1   -2      0.059      0.916      0.000 4
 259  253      0.064      0.302      0.000 4
 260  254      0.073     -1.081      0.000 4
  -1  257      0.084      0.787      0.000 4
 261  256      0.087      0.271      0.000 4
 262  258      0.098     -0.155      0.000 4
 263   -2      0.104      0.829      0.000 4
 264  260      0.107     -1.165      0.000 4
  -1   -2      0.108      0.053      0.000 4
 265  261      0.112     -0.347      0.000 4
 266  262      0.119     -0.272      0.000 4
 267  263      0.133     -1.039      0.000 4
  -1   -2      0.137     -0.405      0.000 4
 268  267      0.139      0.551      0.000 4
  -1  266      0.139      0.639      0.000 4
  -1   -2      0.144      0.120      0.000 4
 270  270      0.174      0.247      0.000 4
 271  271      0.175      0.697      0.000 4
 272  272      0.178     -0.421      0.000 4
 273  273      0.186     -0.852      0.000 4
 274  274      0.187     -0.258      0.000 4
 275  275      0.200     -1.064      0.000 4
 276  276      0.212     -0.681      0.000 4
 279  279      0.226      0.046      0.000 4
 281  281      0.229     -0.572      0.000 4
 282  282      0.234      0.880      0.000 4
 283  283      0.239      0.639      0.000 4
 284  285      0.241      0.367      0.000 4
  -1   -2      0.243      0.715      0.000 4
 286  286      0.256     -0.068      0.000 4
 289  287      0.269     -1.041      0.000 4
 291  289      0.284     -0.209      0.000 4
 296  288      0.307     -1.146      0.000 4
 293  292      0.311      0.643      0.000 4
 295  293      0.313      0.824      0.000 4
 298  295      0.326      0.760      0.000 4
 299  296      0.330      0.173      0.000 4
 301  298      0.343     -1.029      0.000 4
 303  300      0.352      1.126      0.000 4
  -1   -2      0.357     -0.964      0.000 4
 305  302      0.359     -0.882      0.000 4
 307   -2      0.371     -0.228      0.000 4
 309  304      0.382      0.389      0.000 4
 308  303      0.382     -0.942      0.000 4
 306  299      0.391      0.050      0.000 4
 311   -2      0.396      0.608      0.000 4
 313   -2      0.398      0.467      0.000 4
 314  307      0.407     -0.705      0.000 4
 315  308      0.411     -0.554      0.000 4
 316  309      0.417      0.238      0.000 4
  -1  310      0.422     -0.843      0.000 4
 319  312      0.424     -0.250      0.000 4
  -1   -2      0.434     -1.101      0.000 4
 320  313      0.447      0.787      0.000 4
 322  314      0.453     -0.638      0.000 4
 324  315      0.470     -0.262      0.000 4
 325  317      0.476     -0.301      0.000 4
 321  337      0.478     -1.155      0.000 4
 326  316      0.482      0.628      0.000 4
 327  320      0.483      1.057      0.000 4
 328  321      0.486     -0.459      0.000 4
 329  322      0.497      0.889      0.000 4
  -1   -2      0.499     -0.576      0.000 4
 330   -2      0.505     -0.895      0.000 4
 331  324      0.507      0.202      0.000 4
 332   -2      0.514      0.714      0.000 4
  -1   -2      0.520      0.606      0.000 4
 333  325      0.521     -0.415      0.000 4
 335  326      0.522      0.118      0.000 4
 334  327      0.522      1.125      0.000 4
  -1  328      0.527      0.636      0.000 4
 338  331      0.542      0.362      0.000 4
 339  332      0.545     -0.594      0.000 4
 340  333      0.556      0.697      0.000 4
 341  334      0.557     -0.296      0.000 4
 343  335      0.560      0.006      0.000 4
  -1   -2      0.563      0.571      0.000 4
  -1  336      0.563      0.990      0.000 4
 344  330      0.564     -1.085      0.000 4
  -1   -2      0.566      0.475      0.000 4
 337  338      0.570     -0.700      0.000 4
 345   -2      0.584     -0.735      0.000 4
 346  339      0.584     -0.454      0.000 4
 347   -2      0.589     -0.767      0.000 4
  -1  342      0.589      0.341      0.000 4
  -1  344      0.591     -0.222      0.000 4
 349  343      0.591      1.125      0.000 4
 348   -2      0.593     -1.160      0.000 4
  -1   -2      0.608      0.987      0.000 4
 350  345      0.609      0.506      0.000 4
 351  346      0.613      0.382      0.000 4
  -1   -2      0.615      1.080      0.000 4
 353  348      0.615     -0.250      0.000 4
 354  350      0.620     -0.976      0.000 4
 362  349      0.623      0.215      0.000 4
  -1   -2      0.625      0.757      0.000 4
  -1  341      0.626     -0.823      0.000 4
  -1   -2      0.631      0.140      0.000 4
 358  354      0.636     -0.020      0.000 4
 356   -2      0.636      1.050      0.000 4
  -1  355      0.641      0.460      0.000 4
 359  353      0.646      0.997      0.000 4
 360  356      0.647     -0.436      0.000 4
 361  357      0.657      0.530      0.000 4
 363  358      0.673     -0.602      0.000 4
  -1   -2      0.675      0.474      0.000 4
 364  359      0.682     -0.698      0.000 4
 365  360      0.687      0.761      0.000 4
  -1  362      0.688     -0.902      0.000 4
  -1  363      0.693     -0.166      0.000 4
 367  364      0.711      0.652      0.000 4
 368   -2      0.714     -0.559      0.000 4
  -1   -2      0.722      0.912      0.000 4
 369  366      0.730     -0.977      0.000 4
 371  367      0.747     -0.041      0.000 4
 370  368      0.747     -0.759      0.000 4
 372  369      0.753     -1.030      0.000 4
 381   -2      0.766      0.019      0.000 4
 375  371      0.769      0.587      0.000 4
 376  373      0.782      0.929      0.000 4
 377  376      0.785     -0.397      0.000 4
 378  375      0.786      0.350      0.000 4
 379  374      0.787      0.380      0.000 4
 383  377      0.792      0.699      0.000 4
  -1   -2      0.794     -0.565      0.000 4
 380  378      0.803     -0.618      0.000 4
  -1  385      0.806      1.014      0.000 4
 384  382      0.817     -1.093      0.000 4
 385  380      0.820      0.631      0.000 4
 386  381      0.820      0.516      0.000 4
 388  383      0.822     -0.142      0.000 4
 389  384      0.826      0.842      0.000 4
 390  387      0.835     -0.229      0.000 4
 391  389      0.837     -1.034      0.000 4
 393  390      0.839     -0.762      0.000 4
 394  391      0.843     -0.397      0.000 4
  -1  392      0.847     -0.167      0.000 4
 395  394      0.853     -0.589      0.000 4
 397  395      0.857      0.345      0.000 4
 396  396      0.861     -1.121      0.000 4
 398  397      0.861     -0.839      0.000 4
  -1   -2      0.863     -1.164      0.000 4
  -1  398      0.867      1.099      0.000 4
 399  399      0.870     -0.337      0.000 4
 401  403      0.903      1.034      0.000 4
 400  402      0.904     -0.033      0.000 4
 402  405      0.909      1.136      0.000 4
  -1   -2      0.931     -0.880      0.000 4
  -1  409      0.950     -1.079      0.000 4
 405  410      0.953      0.732      0.000 4
  -1  413      0.958     -0.669      0.000 4
 406  412      0.960     -0.823      0.000 4
 409  411      0.962      0.177      0.000 4
 407   -2      0.963     -0.610      0.000 4
 408   -2      0.964     -0.049      0.000 4
  -1   -2      0.967      0.534      0.000 4
 411  414      0.970      1.018      0.000 4
  -1   -2      0.971     -0.220      0.000 4
 412  419      0.974     -0.166      0.000 4
 421  416      0.977      0.208      0.000 4
 414  417      0.985      0.918      0.000 4
 419  421      1.008      0.497      0.000 4
 420   -2      1.014     -0.744      0.000 4
 422  422      1.024      0.289      0.000 4
 423  423      1.025      0.248      0.000 4
 424  424      1.028     -0.579      0.000 4
 425  425      1.029     -0.483      0.000 4
  -1   -2      1.030     -1.129      0.000 4
 426  426      1.032      1.044      0.000 4
 427   -2      1.033     -0.896      0.000 4
 429  427      1.051     -0.081      0.000 4
 431  428      1.064     -0.304      0.000 4
  -1   -2      1.071     -1.174      0.000 4
  -1  429      1.087      0.031      0.000 4
 434  431      1.094      0.646      0.000 4
 435  433      1.100     -1.093      0.000 4
 436  432      1.101     -0.675      0.000 4
 437  434      1.106      1.033      0.000 4
 438  435      1.108     -0.380      0.000 4
 439  436      1.114      0.599      0.000 4
 441  437      1.122      0.548      0.000 4
 444  439      1.134      0.099      0.000 4
  -1   -2      1.138     -0.966      0.000 4
  -1  441      1.149     -1.169      0.000 4
 445  444      1.154     -0.769      0.000 4
 447  443      1.157      0.346      0.000 4
 448  445      1.158      0.229      0.000 4
 446  446      1.161     -1.005      0.000 4
  -1  448      1.167      0.992      0.000 4
 449  447      1.168     -0.224      0.000 4
 450  449      1.171     -0.922      0.000 4
 451   -2      1.184     -0.426      0.000 4
  -1  450      1.186     -0.324      0.000 4
 452  451      1.188      0.923      0.000 4
 454  452      1.193      0.169      0.000 4
  -1  453      1.195     -1.163      0.000 4
 456  454      1.206      1.004      0.000 4
 464  438      1.212      0.710      0.000 4
 457  455      1.218      0.465      0.000 4
 458  457      1.221     -1.088      0.000 4
 455  456      1.221     -0.700      0.000 4
 460  459      1.230      0.804      0.000 4
  -1   -2      1.232      1.108      0.000 4
 461  458      1.233     -0.111      0.000 4
 462  460      1.236      0.398      0.000 4
  -1   -2      1.241     -1.168      0.000 4
 463  461      1.248     -0.461      0.000 4
  -1   -2      1.260     -0.175      0.000 4
 466  465      1.272     -0.990      0.000 4
 465  463      1.277     -0.086      0.000 4
 468  466      1.292      0.988      0.000 4
 469  467      1.296     -0.677      0.000 4
 467  464      1.297     -1.173      0.000 4
  -1   -2      1.298     -1.044      0.000 4
 472   -2      1.311     -0.066      0.000 4
 474  471      1.319      0.213      0.000 4
  -1  472      1.321      0.902      0.000 4
 475  473      1.326     -0.536      0.000 4
 476  474      1.329      1.051      0.000 4
 478  475      1.330      0.025      0.000 4
 477  468      1.330     -0.397      0.000 4
 480   -2      1.340     -0.706      0.000 4
 481   -2      1.345      0.737      0.000 4
 488   -2      1.358     -0.062      0.000 4
 485   -2      1.370     -1.169      0.000 4
 482  477      1.371     -0.788      0.000 4
 483   -2      1.372     -0.693      0.000 4
  -1  483      1.411      0.214      0.000 4
 486   -2      1.413      0.250      0.000 4
  -1  481      1.414     -0.296      0.000 4
 487  482      1.416      0.718      0.000 4
  -1  478      1.446     -1.174      0.000 4
 489  484      1.448      0.275      0.000 4
 490   -2      1.449     -0.230      0.000 4
  -1  479      1.459      1.134      0.000 4
 499  486      1.478     -0.712      0.000 4
 493  489      1.480     -0.564      0.000 4
 492  487      1.483     -0.638      0.000 4
 494  488      1.484      0.432      0.000 4
 495   -2      1.487      0.497      0.000 4
 497  494      1.496      0.863      0.000 4
 496  490      1.499     -0.431      0.000 4
 498  491      1.508     -1.030      0.000 4
 500  492      1.524      0.501      0.000 4
  -1   -2      1.525     -0.056      0.000 4
  -1   -2      1.527     -1.174      0.000 4
  -1   -2      1.528      0.673      0.000 4
  -1  493      1.536      0.034      0.000 4
 501   -2      1.541      0.117      0.000 4
 502  495      1.542      0.148      0.000 4
  -1   -2      1.542     -0.367      0.000 4
  -1  496      1.543     -1.131      0.000 4
  -1  498      1.574     -0.477      0.000 4
