491
   2    1     -1.562     -0.923      0.000 4
   1    2     -1.560      0.180      0.000 4
   5   -2     -1.551     -1.138      0.000 4
   3    3     -1.550     -0.400      0.000 4
   4    4     -1.548      0.805      0.000 4
  -1   -2     -1.536     -0.139      0.000 4
   7    5     -1.529      0.417      0.000 4
   8    6     -1.525      0.603      0.000 4
   9    7     -1.508      0.348      0.000 4
  -1   -2     -1.506      1.025      0.000 4
  10   -2     -1.498      0.650      0.000 4
  11    8     -1.496     -0.458      0.000 4
  12    9     -1.483      0.057      0.000 4
  14   11     -1.478     -0.288      0.000 4
   6   -2     -1.477      0.851      0.000 4
  15   12     -1.464     -0.748      0.000 4
  17   14     -1.458      0.768      0.000 4
  16   13     -1.458     -0.496      0.000 4
  -1   16     -1.450      0.900      0.000 4
  20   17     -1.449      0.729      0.000 4
  19   -2     -1.448      0.020      0.000 4
  21   18     -1.447     -0.028      0.000 4
  22   19     -1.442      0.195      0.000 4
  -1   -2     -1.427     -1.168      0.000 4
  23   21     -1.423     -0.295      0.000 4
  18   -2     -1.415      0.992      0.000 4
  27   24     -1.402     -1.119      0.000 4
  26   -2     -1.399      0.815      0.000 4
  -1   35     -1.398     -0.652      0.000 4
  28   26     -1.391      0.653      0.000 4
  29   27     -1.383     -0.424      0.000 4
  30   28     -1.368     -0.029      0.000 4
  31   -2     -1.362      0.761      0.000 4
  -1   29     -1.360     -0.775      0.000 4
  32   30     -1.358      0.595      0.000 4
  35   20     -1.356      0.262      0.000 4
  33   31     -1.351     -0.989      0.000 4
  38   33     -1.342      1.052      0.000 4
  34   32     -1.340     -0.163      0.000 4
  37   -2     -1.340     -0.530      0.000 4
  39   34     -1.321     -1.028      0.000 4
  40   -2     -1.300     -0.624      0.000 4
  41   36     -1.292     -0.733      0.000 4
  44   38     -1.280      0.455      0.000 4
  45   37     -1.278     -0.950      0.000 4
  -1   -2     -1.274     -0.689      0.000 4
  46   41     -1.264      0.046      0.000 4
  47   42     -1.258      0.707      0.000 4
  50   44     -1.252      0.926      0.000 4
  49   45     -1.252      0.814      0.000 4
  43   51     -1.247     -1.131      0.000 4
  51   46     -1.246     -0.129      0.000 4
  52   48     -1.243     -0.409      0.000 4
  54   47     -1.242      1.103      0.000 4
  53   49     -1.240     -0.077      0.000 4
  56   50     -1.229     -0.739      0.000 4
  57   53     -1.222      0.441      0.000 4
  58   52     -1.218     -0.943      0.000 4
  -1   54     -1.215     -0.487      0.000 4
  60   56     -1.210      0.720      0.000 4
  62   58     -1.197     -0.326      0.000 4
  63   59     -1.197     -0.427      0.000 4
  65   61     -1.190      0.207      0.000 4
  67   64     -1.178      0.427      0.000 4
  -1   -2     -1.177     -0.992      0.000 4
  68   -2     -1.168      0.740      0.000 4
  -1   65     -1.166     -1.172      0.000 4
  78   -2     -1.165     -0.540      0.000 4
  70   67     -1.159      1.085      0.000 4
  -1   68     -1.154      1.128      0.000 4
  71   69     -1.152     -0.929      0.000 4
  66   -2     -1.150     -0.204      0.000 4
  72   71     -1.149     -0.248      0.000 4
  73   72     -1.147      0.365      0.000 4
  74   70     -1.147     -0.967      0.000 4
  75   73     -1.144      0.625      0.000 4
  76   75     -1.128      0.866      0.000 4
  64   76     -1.126      0.471      0.000 4
  77   77     -1.108      1.117      0.000 4
  79   78     -1.101     -0.472      0.000 4
  80   80     -1.090      0.325      0.000 4
  81   79     -1.087     -1.099      0.000 4
  84   82     -1.065     -0.795      0.000 4
  85   84     -1.049      0.595      0.000 4
  -1   -2     -1.032      0.815      0.000 4
  83   93     -1.031     -1.149      0.000 4
  88   86     -1.016     -0.142      0.000 4
  89   87     -1.010     -0.931      0.000 4
  -1   88     -1.004      0.338      0.000 4
  92   89     -1.001      1.075      0.000 4
  91   90     -1.001     -0.008      0.000 4
  94   91     -0.994     -0.222      0.000 4
  95   -2     -0.986      0.259      0.000 4
  93   -2     -0.982      0.457      0.000 4
  96   -2     -0.978      0.710      0.000 4
  98   94     -0.966      0.322      0.000 4
 102   95     -0.960      0.398      0.000 4
 103   96     -0.955     -0.456      0.000 4
 107   -2     -0.943     -1.066      0.000 4
 106   99     -0.939     -0.054      0.000 4
 108   97     -0.938      0.620      0.000 4
 109  101     -0.930      0.039      0.000 4
 101  102     -0.926     -0.632      0.000 4
 112  103     -0.924      0.746      0.000 4
 113  100     -0.919     -0.994      0.000 4
 114  104     -0.918      1.156      0.000 4
 115  105     -0.912     -1.068      0.000 4
 117  106     -0.903      1.114      0.000 4
 118  107     -0.902     -0.770      0.000 4
 116  109     -0.901      0.140      0.000 4
 119  108     -0.900     -0.717      0.000 4
 120  110     -0.881     -0.145      0.000 4
 122  111     -0.876     -1.164      0.000 4
 121  112     -0.872      0.812      0.000 4
 123  113     -0.869     -0.443      0.000 4
 124  116     -0.853     -0.098      0.000 4
 125  115     -0.853     -0.343      0.000 4
  -1   -2     -0.847      0.068      0.000 4
  -1   -2     -0.842      0.385      0.000 4
 127  117     -0.839      0.879      0.000 4
 129  118     -0.838      1.050      0.000 4
 130  120     -0.824     -0.762      0.000 4
 131  121     -0.822      1.095      0.000 4
 132  122     -0.817      0.989      0.000 4
  -1   -2     -0.801      0.030      0.000 4
 134  126     -0.780     -0.539      0.000 4
  -1  127     -0.778      0.701      0.000 4
 135  128     -0.771     -0.286      0.000 4
 136  129     -0.767      0.957      0.000 4
 138  133     -0.748      0.050      0.000 4
 141  131     -0.744     -0.946      0.000 4
 139  132     -0.741     -0.664      0.000 4
 140  134     -0.740     -0.255      0.000 4
 142  135     -0.726      0.332      0.000 4
 143  136     -0.713     -1.013      0.000 4
 145  138     -0.700      1.027      0.000 4
 146  139     -0.699     -0.476      0.000 4
 147  142     -0.693      0.590      0.000 4
 150  141     -0.688     -1.171      0.000 4
 148  143     -0.686     -0.207      0.000 4
 151  144     -0.684      0.443      0.000 4
 152  146     -0.672      0.837      0.000 4
 154  147     -0.671     -0.733      0.000 4
 156  148     -0.661      1.150      0.000 4
 155  149     -0.658      0.079      0.000 4
 157  151     -0.653      0.173      0.000 4
 158  150     -0.652     -0.261      0.000 4
 159  153     -0.646     -0.468      0.000 4
  -1  154     -0.640      1.097      0.000 4
 161  157     -0.630      0.627      0.000 4
 162  158     -0.630     -0.031      0.000 4
 163  156     -0.629     -0.730      0.000 4
 164  160     -0.618     -0.972      0.000 4
 165  161     -0.614     -1.050      0.000 4
 166  162     -0.606     -0.103      0.000 4
 170  164     -0.582      0.985      0.000 4
 169  166     -0.581     -0.243      0.000 4
 171  167     -0.567      0.408      0.000 4
 173  165     -0.558     -1.169      0.000 4
 172  169     -0.556     -0.933      0.000 4
  -1   -2     -0.549      1.147      0.000 4
 174  170     -0.545     -0.611      0.000 4
 176  171     -0.540     -1.084      0.000 4
 175  172     -0.538      0.293      0.000 4
  -1  173     -0.532      0.886      0.000 4
 178  174     -0.527      1.102      0.000 4
 177  175     -0.526     -0.150      0.000 4
 179  176     -0.515      0.456      0.000 4
 181  185     -0.511      0.562      0.000 4
 183  179     -0.497     -0.239      0.000 4
 182  178     -0.494      0.664      0.000 4
 184  177     -0.492     -0.688      0.000 4
  -1  181     -0.490     -0.204      0.000 4
  -1   -2     -0.483     -0.640      0.000 4
 185  182     -0.481     -1.139      0.000 4
 188  184     -0.463     -0.753      0.000 4
 187   -2     -0.462      0.637      0.000 4
 194   -2     -0.457     -1.102      0.000 4
 189  187     -0.454     -0.862      0.000 4
 190  188     -0.438     -0.577      0.000 4
  -1  204     -0.435      0.357      0.000 4
 193  190     -0.421      1.102      0.000 4
 191  191     -0.421     -0.646      0.000 4
 192  193     -0.419      0.265      0.000 4
 196  195     -0.406      0.761      0.000 4
 197  196     -0.404      0.942      0.000 4
 198  197     -0.399     -0.481      0.000 4
 199  199     -0.398      0.869      0.000 4
 200  200     -0.393     -0.855      0.000 4
 201  201     -0.385     -0.142      0.000 4
 203  202     -0.368      0.684      0.000 4
  -1  203     -0.365     -0.389      0.000 4
 204   -2     -0.364      0.351      0.000 4
 205  206     -0.354     -1.098      0.000 4
 206  207     -0.351     -0.629      0.000 4
 208  208     -0.344      0.112      0.000 4
 209  209     -0.339     -0.318      0.000 4
 210  210     -0.334      1.119      0.000 4
 211  212     -0.327     -0.806      0.000 4
 213  213     -0.317      0.644      0.000 4
 214  214     -0.304     -0.853      0.000 4
 215  215     -0.301     -0.556      0.000 4
 225   -2     -0.299     -1.097      0.000 4
 217  216     -0.298      0.026      0.000 4
  -1   -2     -0.296      0.451      0.000 4
 220  205     -0.295     -1.166      0.000 4
 219  217     -0.274      0.592      0.000 4
 223  219     -0.266      0.846      0.000 4
 224  221     -0.264     -0.931      0.000 4
  -1  223     -0.247     -1.049      0.000 4
  -1   -2     -0.240      0.428      0.000 4
  -1   -2     -0.233     -1.002      0.000 4
 228  224     -0.230      0.904      0.000 4
 229  225     -0.226     -1.093      0.000 4
 231  226     -0.220     -0.136      0.000 4
 232  227     -0.201      0.395      0.000 4
 233  228     -0.198      0.321      0.000 4
 235  231     -0.188     -0.046      0.000 4
 236  233     -0.185     -0.520      0.000 4
 238  234     -0.177      1.104      0.000 4
  -1  243     -0.174     -0.239      0.000 4
 239  237     -0.172      0.274      0.000 4
 240  236     -0.172      0.507      0.000 4
 242  238     -0.151      0.194      0.000 4
 243  241     -0.139     -0.853      0.000 4
  -1  242     -0.130      0.748      0.000 4
  -1  248     -0.129     -1.176      0.000 4
  -1  240     -0.128     -1.123      0.000 4
  -1   -2     -0.125      1.024      0.000 4
 244   -2     -0.122     -0.240      0.000 4
 247  245     -0.120      0.288      0.000 4
 248  244     -0.119      1.108      0.000 4
  -1  246     -0.119     -0.494      0.000 4
 251   -2     -0.098      0.474      0.000 4
 252  247     -0.097      0.012      0.000 4
 254  249     -0.087      0.948      0.000 4
 255  250     -0.080     -0.912      0.000 4
  -1   -2     -0.080     -0.314      0.000 4
 253   -2     -0.079     -1.169      0.000 4
 257  252     -0.067      1.058      0.000 4
 258  251     -0.063      0.775      0.000 4
  -1  253     -0.050     -0.084      0.000 4
 260   -2     -0.040      0.258      0.000 4
 263  257     -0.030      0.457      0.000 4
 264  259     -0.027     -1.083      0.000 4
 262  256     -0.025      1.002      0.000 4
 265  258     -0.022      0.052      0.000 4
  -1   -2     -0.016     -1.079      0.000 4
 269  260      0.004      0.116      0.000 4
 275  254      0.004      0.282      0.000 4
 268  261      0.004      0.790      0.000 4
 270   -2      0.009      0.460      0.000 4
  -1  262      0.013     -0.019      0.000 4
  -1   -2      0.025     -0.218      0.000 4
  -1   -2      0.047      1.162      0.000 4
 273  264      0.048      0.522      0.000 4
 276  265      0.058      0.725      0.000 4
 274  266      0.063     -0.882      0.000 4
 259   -2      0.066     -0.730      0.000 4
 279  268      0.069      0.134      0.000 4
 281  269      0.079     -0.548      0.000 4
  -1  270      0.085      0.096      0.000 4
  -1  273      0.085     -0.783      0.000 4
  -1  271      0.085     -0.024      0.000 4
 284  275      0.098     -1.161      0.000 4
 286  276      0.112      0.992      0.000 4
 290  278      0.137     -0.352      0.000 4
 291  279      0.138     -0.952      0.000 4
 292  280      0.143      0.677      0.000 4
 288  282      0.151      0.539      0.000 4
 295  285      0.167      0.845      0.000 4
 296  286      0.172     -0.526      0.000 4
 297  287      0.186      0.300      0.000 4
 301  288      0.194     -1.009      0.000 4
 299  289      0.199     -0.337      0.000 4
 300  291      0.211     -0.820      0.000 4
 302  292      0.219      1.049      0.000 4
  -1  295      0.221      0.875      0.000 4
 303  293      0.223      0.040      0.000 4
  -1   -2      0.226      0.779      0.000 4
 304  297      0.230     -0.701      0.000 4
 307  296      0.230      0.445      0.000 4
 308   -2      0.233     -0.317      0.000 4
 306   -2      0.237      0.847      0.000 4
  -1  298      0.240     -0.999      0.000 4
 309  299      0.248     -0.099      0.000 4
 310  300      0.273     -0.274      0.000 4
  -1   -2      0.280      0.119      0.000 4
 311  301      0.285      0.776      0.000 4
 312  302      0.291      0.984      0.000 4
 313  305      0.297      0.913      0.000 4
 314  304      0.300      1.137      0.000 4
 316  306      0.304      0.203      0.000 4
 317  307      0.310      0.576      0.000 4
 318  308      0.321     -1.171      0.000 4
 319  309      0.340     -0.242      0.000 4
  -1   -2      0.346      0.471      0.000 4
 320  311      0.352     -0.134      0.000 4
 321  312      0.355      0.056      0.000 4
 322   -2      0.358     -0.678      0.000 4
  -1   -2      0.358      0.562      0.000 4
 323  314      0.360     -1.016      0.000 4
 324  315      0.362      0.833      0.000 4
  -1   -2      0.372      0.283      0.000 4
 325  316      0.378     -1.080      0.000 4
 328  319      0.390     -0.310      0.000 4
 329  320      0.393     -0.659      0.000 4
  -1   -2      0.398     -1.103      0.000 4
  -1   -2      0.409      0.934      0.000 4
 330  322      0.417     -0.963      0.000 4
 331  321      0.418      0.524      0.000 4
  -1  333      0.424     -1.171      0.000 4
 332  323      0.426      0.054      0.000 4
 333  324      0.431     -0.317      0.000 4
 334  325      0.435     -0.742      0.000 4
 335  326      0.441     -0.359      0.000 4
 336  327      0.446      0.241      0.000 4
 337  328      0.454     -0.547      0.000 4
 338  329      0.459      0.140      0.000 4
 339  330      0.464      1.035      0.000 4
 341  331      0.474     -0.669      0.000 4
 342  332      0.482     -0.493      0.000 4
  -1   -2      0.500     -0.551      0.000 4
 344  335      0.502      0.012      0.000 4
 345  336      0.507     -0.347      0.000 4
 347  339      0.516     -0.675      0.000 4
  -1  340      0.520      0.590      0.000 4
  -1   -2      0.520     -0.086      0.000 4
 348  341      0.537      1.133      0.000 4
 349  344      0.538      0.258      0.000 4
 351  343      0.546     -0.521      0.000 4
 352  347      0.547     -0.801      0.000 4
  -1  342      0.554      0.409      0.000 4
 353  349      0.556     -0.286      0.000 4
 355  345      0.558     -0.019      0.000 4
 354  346      0.558      0.747      0.000 4
 350  348      0.563      0.553      0.000 4
  -1   -2      0.573     -0.846      0.000 4
  -1  338      0.577     -0.128      0.000 4
  -1   -2      0.579      0.628      0.000 4
 358  351      0.595     -0.488      0.000 4
 359  352      0.598     -0.994      0.000 4
 360  354      0.615     -0.899      0.000 4
  -1   -2      0.616      1.082      0.000 4
 361  356      0.616     -1.051      0.000 4
 363  357      0.620      1.130      0.000 4
 365  359      0.628      0.881      0.000 4
 368   -2      0.635     -1.038      0.000 4
 366  360      0.637      0.759      0.000 4
  -1  361      0.638      0.130      0.000 4
 367  362      0.639     -0.658      0.000 4
 369  363      0.655     -0.753      0.000 4
  -1  365      0.670     -0.605      0.000 4
  -1  368      0.680      1.032      0.000 4
 373  366      0.682      0.414      0.000 4
 372  369      0.685      0.677      0.000 4
 374  367      0.686      0.446      0.000 4
  -1  370      0.703      0.069      0.000 4
 377  371      0.715      0.270      0.000 4
 392   -2      0.715     -0.403      0.000 4
 378  374      0.722     -0.791      0.000 4
 376  373      0.728      0.801      0.000 4
 379  376      0.732     -1.022      0.000 4
 381  377      0.733      0.724      0.000 4
  -1   -2      0.733     -1.162      0.000 4
 380  380      0.738      1.039      0.000 4
  -1   -2      0.740     -1.162      0.000 4
 382  378      0.746      0.407      0.000 4
 383  379      0.748     -0.592      0.000 4
  -1   -2      0.751     -0.836      0.000 4
 384  381      0.754     -0.644      0.000 4
 385  382      0.759     -1.069      0.000 4
 388  383      0.769      0.947      0.000 4
 387   -2      0.774     -0.408      0.000 4
  -1   -2      0.780      1.118      0.000 4
  -1   -2      0.787      1.045      0.000 4
 391  385      0.791     -0.983      0.000 4
  -1  386      0.793     -0.345      0.000 4
 393  387      0.807      0.899      0.000 4
 394  388      0.808     -0.604      0.000 4
 395  389      0.811     -0.783      0.000 4
 397  391      0.830     -1.110      0.000 4
 399  393      0.843     -1.048      0.000 4
 396   -2      0.846      0.214      0.000 4
 400  394      0.847     -0.853      0.000 4
  -1   -2      0.851      0.249      0.000 4
 427  375      0.861      0.596      0.000 4
 402  396      0.868     -0.283      0.000 4
 386   -2      0.870     -0.136      0.000 4
 405   -2      0.874      0.735      0.000 4
 404  398      0.876      0.812      0.000 4
 406  400      0.879      1.121      0.000 4
  -1   -2      0.883      0.974      0.000 4
 407  397      0.888     -0.085      0.000 4
 408  402      0.892      0.552      0.000 4
 409  403      0.897      0.330      0.000 4
 410  404      0.898      0.286      0.000 4
  -1   -2      0.899     -1.005      0.000 4
  -1   -2      0.912     -0.602      0.000 4
 413  408      0.915      0.802      0.000 4
  -1   -2      0.920     -0.875      0.000 4
 417  399      0.931     -1.085      0.000 4
 416  409      0.934      0.998      0.000 4
 418  410      0.939      1.087      0.000 4
  -1  411      0.940     -0.808      0.000 4
 420  412      0.946     -0.054      0.000 4
 414  416      0.960     -1.142      0.000 4
 421  413      0.967     -0.463      0.000 4
 423  414      0.971     -0.273      0.000 4
 424  415      0.979     -0.557      0.000 4
 426  418      0.987     -0.168      0.000 4
 425  427      0.993      0.076      0.000 4
  -1  419      0.994      0.695      0.000 4
 428  420      1.003      0.635      0.000 4
 430  421      1.006      0.130      0.000 4
 431  422      1.006      0.584      0.000 4
 429  423      1.007      0.965      0.000 4
  -1   -2      1.015      0.197      0.000 4
  -1  428      1.026     -0.857      0.000 4
 433  425      1.028      0.375      0.000 4
  -1   -2      1.039     -0.240      0.000 4
 435  431      1.052     -0.277      0.000 4
 434  429      1.053     -0.343      0.000 4
 436  433      1.062     -0.628      0.000 4
 437  434      1.067      0.195      0.000 4
  -1   -2      1.070     -0.183      0.000 4
 447   -2      1.076      0.337      0.000 4
 439  437      1.092      0.482      0.000 4
  -1  439      1.096      1.139      0.000 4
 442  435      1.103     -0.276      0.000 4
 440  442      1.110     -1.036      0.000 4
 441  441      1.112      0.417      0.000 4
  -1   -2      1.114     -1.158      0.000 4
  -1  443      1.114     -0.369      0.000 4
  -1  445      1.118      1.019      0.000 4
 444  446      1.126     -0.068      0.000 4
 443  447      1.129     -0.706      0.000 4
  -1  448      1.131      0.938      0.000 4
 445  452      1.142      0.639      0.000 4
 446  449      1.150      0.807      0.000 4
 448   -2      1.160     -0.938      0.000 4
 449  451      1.164      1.016      0.000 4
 450  453      1.167     -0.852      0.000 4
 453  454      1.173     -0.042      0.000 4
 452   -2      1.173     -0.458      0.000 4
 454   -2      1.186      0.227      0.000 4
 455  455      1.199     -0.623      0.000 4
 457  456      1.219      0.234      0.000 4
 458  458      1.221      0.060      0.000 4
  -1   -2      1.236     -1.013      0.000 4
 459  459      1.253      0.887      0.000 4
 462   -2      1.261     -0.314      0.000 4
 461  461      1.264     -0.582      0.000 4
  -1  465      1.272     -1.145      0.000 4
 463  462      1.275     -0.447      0.000 4
 464  463      1.293      1.022      0.000 4
  -1  466      1.303     -0.121      0.000 4
 465  467      1.304     -0.261      0.000 4
 466  468      1.305     -1.076      0.000 4
  -1   -2      1.320      0.675      0.000 4
 468  469      1.330     -0.593      0.000 4
 475  470      1.343      0.272      0.000 4
 472  485      1.347      0.578      0.000 4
 476  471      1.352     -0.675      0.000 4
 479  487      1.371     -0.082      0.000 4
 478  475      1.373     -1.055      0.000 4
  -1  473      1.381     -1.172      0.000 4
 481  472      1.381      0.405      0.000 4
 482  474      1.386     -1.115      0.000 4
 485   -2      1.416     -1.071      0.000 4
 471   -2      1.418     -0.563      0.000 4
 487  477      1.426      0.457      0.000 4
 490  480      1.445     -0.445      0.000 4
 491  479      1.447     -0.582      0.000 4
 486  481      1.449     -1.167      0.000 4
 492  482      1.454     -0.512      0.000 4
 493  483      1.454     -0.325      0.000 4
 495  484      1.462      0.160      0.000 4
 494  486      1.462      0.069      0.000 4
 497  489      1.493     -0.890      0.000 4
 498  491      1.500     -0.265      0.000 4
 499  492      1.502      0.241      0.000 4
 501  493      1.511      0.578      0.000 4
 502  495      1.537      0.662      0.000 4
 507  497      1.543     -0.357      0.000 4
 503  498      1.543     -0.603      0.000 4
 504  496      1.544      0.919      0.000 4
 506  501      1.549     -0.299      0.000 4
 508  502      1.553     -0.110      0.000 4
 510  503      1.557      0.289      0.000 4
 509  505      1.563     -1.068      0.000 4
