500
   0    0     -1.568     -0.873      0.000 4
   1    1     -1.562      0.323      0.000 4
   3    2     -1.552      0.481      0.000 4
   2    3     -1.550      0.615      0.000 4
  -1    4     -1.545      1.067      0.000 4
  -1   18     -1.539     -1.170      0.000 4
   5    5     -1.539      0.756      0.000 4
   4    6     -1.536      0.173      0.000 4
   6    7     -1.522     -0.356      0.000 4
  -1   11     -1.513     -0.121      0.000 4
   8   14     -1.506      0.397      0.000 4
   9   12     -1.504      0.978      0.000 4
   7   13     -1.502      0.566      0.000 4
  11   17     -1.481     -0.420      0.000 4
  -1   -2     -1.479     -1.154      0.000 4
  12   19     -1.476      0.329      0.000 4
  13   -2     -1.463      0.066      0.000 4
  14   22     -1.462      0.806      0.000 4
  15   20     -1.461     -0.704      0.000 4
  16   21     -1.460      1.122      0.000 4
  17   24     -1.441     -0.458      0.000 4
  18   25     -1.440      0.857      0.000 4
  19   26     -1.437      0.728      0.000 4
  21   29     -1.418     -0.020      0.000 4
  -1   -2     -1.414      0.026      0.000 4
  23   31     -1.408      0.187      0.000 4
  25   -2     -1.405      0.950      0.000 4
  -1   -2     -1.403      0.364      0.000 4
  27   32     -1.398     -0.611      0.000 4
  28   -2     -1.395     -1.174      0.000 4
  24   -2     -1.394     -1.110      0.000 4
  29   33     -1.378      0.779      0.000 4
  34   -2     -1.364     -0.955      0.000 4
  33   35     -1.363     -0.398      0.000 4
  31   -2     -1.362      0.440      0.000 4
  35   -2     -1.347      0.734      0.000 4
  38   36     -1.334     -0.986      0.000 4
  37   37     -1.333      1.013      0.000 4
  36   -2     -1.331     -0.020      0.000 4
  -1   -2     -1.321     -0.494      0.000 4
  -1   40     -1.301     -1.127      0.000 4
  -1   41     -1.293     -0.137      0.000 4
  42   44     -1.286     -0.591      0.000 4
  43   46     -1.283     -0.698      0.000 4
  47   42     -1.282     -0.917      0.000 4
  45   45     -1.281     -1.092      0.000 4
  32   56     -1.276     -0.757      0.000 4
  -1   39     -1.269     -1.168      0.000 4
  48   49     -1.263     -0.648      0.000 4
  49   -2     -1.244      1.072      0.000 4
  50   51     -1.240      0.439      0.000 4
  51   50     -1.238      0.903      0.000 4
  53   52     -1.237      0.687      0.000 4
  54   53     -1.234     -1.071      0.000 4
  52   54     -1.233      0.784      0.000 4
  55   -2     -1.222     -0.706      0.000 4
  56   55     -1.222     -0.912      0.000 4
  -1   -2     -1.215     -0.851      0.000 4
  44   -2     -1.213     -0.388      0.000 4
  57   59     -1.204     -0.121      0.000 4
  58   -2     -1.189     -0.613      0.000 4
  60   60     -1.181      0.697      0.000 4
  61   63     -1.176      0.427      0.000 4
  62   64     -1.166     -0.408      0.000 4
  63   67     -1.161     -0.310      0.000 4
  65   65     -1.160      1.081      0.000 4
  66   68     -1.156     -0.898      0.000 4
  67   69     -1.155     -0.936      0.000 4
  68   70     -1.148      0.508      0.000 4
  69   72     -1.137      0.198      0.000 4
  71   73     -1.136     -0.175      0.000 4
  70   74     -1.131      0.411      0.000 4
  73   78     -1.114      0.610      0.000 4
  72   75     -1.113      1.095      0.000 4
  -1   71     -1.110     -0.574      0.000 4
  76   76     -1.109     -1.075      0.000 4
  79   62     -1.107     -1.168      0.000 4
  75   77     -1.106      0.845      0.000 4
  74   79     -1.106     -0.236      0.000 4
  77   80     -1.097      0.356      0.000 4
  78   83     -1.068     -0.458      0.000 4
  80   84     -1.062     -1.089      0.000 4
  -1   85     -1.061     -1.125      0.000 4
  -1   82     -1.061      0.446      0.000 4
  81   86     -1.056     -0.772      0.000 4
  -1   -2     -1.053      0.646      0.000 4
  82   87     -1.040      0.318      0.000 4
  83   88     -1.025      0.944      0.000 4
  -1   -2     -1.021     -0.092      0.000 4
  -1   -2     -1.016     -0.829      0.000 4
  -1   -2     -1.013      0.799      0.000 4
  85   89     -1.013     -0.605      0.000 4
  87   90     -1.012     -0.907      0.000 4
  86   91     -1.010      0.586      0.000 4
  88   93     -1.001      1.061      0.000 4
  -1   94     -0.989     -1.112      0.000 4
  89   95     -0.965     -0.137      0.000 4
  95   -2     -0.961      0.757      0.000 4
  90  101     -0.959     -0.059      0.000 4
  91   97     -0.952     -0.010      0.000 4
  93  109     -0.946      0.391      0.000 4
  94   98     -0.945     -0.216      0.000 4
  96   96     -0.941     -0.918      0.000 4
  -1   99     -0.930      0.918      0.000 4
  99  100     -0.928     -0.977      0.000 4
 101  102     -0.927      1.147      0.000 4
  98  104     -0.925      0.324      0.000 4
 102  105     -0.918     -0.449      0.000 4
 110   -2     -0.916     -1.167      0.000 4
 103  106     -0.913      0.418      0.000 4
 104  108     -0.907     -0.622      0.000 4
 105  107     -0.906      1.104      0.000 4
  -1   -2     -0.905     -1.076      0.000 4
 106  110     -0.893      0.737      0.000 4
 107  111     -0.892     -0.760      0.000 4
 108  114     -0.883     -0.052      0.000 4
 109  113     -0.882     -0.706      0.000 4
 111  115     -0.873      0.040      0.000 4
 114  116     -0.847      0.810      0.000 4
 113  118     -0.846      0.141      0.000 4
  -1  119     -0.839     -1.111      0.000 4
 115  121     -0.834     -0.441      0.000 4
 116  120     -0.831      1.048      0.000 4
 117  122     -0.827     -0.145      0.000 4
 118  123     -0.822      1.094      0.000 4
 120  125     -0.820      0.880      0.000 4
 119  124     -0.816     -0.914      0.000 4
 121  126     -0.809     -0.754      0.000 4
 122  127     -0.807      0.989      0.000 4
 123  128     -0.806     -0.804      0.000 4
 124  130     -0.798     -0.095      0.000 4
 125  131     -0.788      0.071      0.000 4
 126  132     -0.768      0.780      0.000 4
 127  133     -0.756      0.962      0.000 4
  -1   -2     -0.755      0.648      0.000 4
 128  136     -0.750     -0.540      0.000 4
  -1  134     -0.749     -0.926      0.000 4
  -1   -2     -0.740      0.706      0.000 4
  -1   -2     -0.735      0.854      0.000 4
 129  137     -0.731     -0.963      0.000 4
 132  139     -0.724     -0.675      0.000 4
 131  138     -0.724     -0.289      0.000 4
 133   -2     -0.721     -0.625      0.000 4
 134   -2     -0.717     -1.010      0.000 4
 135   -2     -0.713     -0.548      0.000 4
 136  140     -0.702     -1.168      0.000 4
 138  141     -0.698      1.095      0.000 4
 137  144     -0.695     -0.260      0.000 4
 140  142     -0.694      1.038      0.000 4
 139  143     -0.691      0.049      0.000 4
 141   -2     -0.688     -0.213      0.000 4
 142  145     -0.687     -0.415      0.000 4
  -1  146     -0.667      0.331      0.000 4
 145  147     -0.664     -0.483      0.000 4
 146   -2     -0.660     -0.887      0.000 4
 147  148     -0.654     -0.741      0.000 4
 144   -2     -0.651      0.254      0.000 4
 148  149     -0.648      0.853      0.000 4
  -1  151     -0.640      1.072      0.000 4
 151  152     -0.640      1.113      0.000 4
 149  153     -0.638     -0.213      0.000 4
 150  155     -0.632      0.453      0.000 4
 152  154     -0.631      1.037      0.000 4
 153  156     -0.628     -0.020      0.000 4
  -1   -2     -0.624      0.510      0.000 4
 154  157     -0.620     -1.056      0.000 4
 155  158     -0.617     -0.981      0.000 4
 156  159     -0.614     -0.742      0.000 4
 157  160     -0.611     -0.479      0.000 4
 158  161     -0.604      0.081      0.000 4
 159  162     -0.602      0.636      0.000 4
 160  163     -0.600      0.179      0.000 4
 161   -2     -0.596     -1.094      0.000 4
 162  165     -0.577     -0.037      0.000 4
 163  166     -0.572      1.003      0.000 4
 164  168     -0.555     -0.110      0.000 4
 168  170     -0.534     -0.254      0.000 4
 167  172     -0.526      0.001      0.000 4
 169  171     -0.526      1.127      0.000 4
 170  174     -0.523      0.422      0.000 4
 171  173     -0.520     -0.629      0.000 4
 172   -2     -0.515      0.911      0.000 4
 176  169     -0.500     -1.155      0.000 4
  -1   -2     -0.496      0.829      0.000 4
 173  175     -0.488      0.299      0.000 4
 174  178     -0.481     -0.160      0.000 4
 177   -2     -0.465     -0.462      0.000 4
 180  179     -0.451      0.679      0.000 4
 179  180     -0.451     -0.292      0.000 4
  -1   -2     -0.450     -0.251      0.000 4
 181  182     -0.447     -0.546      0.000 4
 183  181     -0.447     -0.775      0.000 4
 184  183     -0.446     -0.886      0.000 4
 182  184     -0.443     -0.218      0.000 4
 187  186     -0.420     -0.603      0.000 4
 189  185     -0.420      1.137      0.000 4
  -1  198     -0.410     -0.379      0.000 4
  -1   -2     -0.409     -1.168      0.000 4
 190  188     -0.392      0.979      0.000 4
 191  189     -0.385     -0.885      0.000 4
 192  190     -0.382      0.793      0.000 4
 193  191     -0.379      0.903      0.000 4
 194  192     -0.373      0.272      0.000 4
 196  193     -0.371     -0.507      0.000 4
 197  194     -0.358     -1.136      0.000 4
 199  195     -0.343      0.716      0.000 4
 198  196     -0.342     -0.160      0.000 4
 201  201     -0.326      0.371      0.000 4
 213   -2     -0.316     -0.842      0.000 4
 205  203     -0.304     -0.340      0.000 4
  -1  205     -0.301      0.115      0.000 4
 208  207     -0.296      0.699      0.000 4
 206  206     -0.296     -0.890      0.000 4
 207  204     -0.294     -1.130      0.000 4
  -1  208     -0.286      0.666      0.000 4
  -1   -2     -0.284      0.290      0.000 4
 209  209     -0.278     -0.591      0.000 4
 214  211     -0.264      0.021      0.000 4
 195   -2     -0.264      0.475      0.000 4
 212  212     -0.258     -0.972      0.000 4
 215  214     -0.247      0.625      0.000 4
 216  215     -0.243     -1.090      0.000 4
  -1  216     -0.233     -0.033      0.000 4
  -1  217     -0.229      0.040      0.000 4
  -1   -2     -0.218     -0.433      0.000 4
 217  219     -0.213     -0.212      0.000 4
  -1  220     -0.188      0.967      0.000 4
  -1   -2     -0.188      1.065      0.000 4
  -1  222     -0.182     -0.147      0.000 4
 219  223     -0.179     -1.084      0.000 4
 220  221     -0.177      1.159      0.000 4
 221  231     -0.176     -0.667      0.000 4
 223  224     -0.173      0.336      0.000 4
 232  213     -0.165     -1.164      0.000 4
 224  226     -0.163      0.421      0.000 4
 222  225     -0.163     -0.560      0.000 4
 225  227     -0.158     -0.057      0.000 4
  -1   -2     -0.150      0.955      0.000 4
 226  228     -0.148      0.538      0.000 4
 227   -2     -0.142      0.290      0.000 4
 229  229     -0.132     -0.901      0.000 4
 230  230     -0.123      0.203      0.000 4
 236  234     -0.099     -0.530      0.000 4
 234  236     -0.096     -0.264      0.000 4
 235  235     -0.096      0.305      0.000 4
  -1   -2     -0.089     -1.009      0.000 4
 238  238     -0.083      1.005      0.000 4
 239  239     -0.079      0.507      0.000 4
 248   -2     -0.077      0.121      0.000 4
 240  240     -0.076     -0.967      0.000 4
  -1  241     -0.072      0.007      0.000 4
 241  242     -0.068      1.117      0.000 4
 242  243     -0.059     -0.335      0.000 4
 244   -2     -0.051      0.819      0.000 4
  -1  247     -0.029     -0.107      0.000 4
 247  246     -0.026      1.064      0.000 4
 249   -2     -0.021      0.273      0.000 4
 250  248     -0.019      0.484      0.000 4
  -1   -2     -0.011     -1.165      0.000 4
  -1  253     -0.004     -1.142      0.000 4
  -1  249     -0.002      0.050      0.000 4
 252  251      0.010      0.844      0.000 4
  -1   -2      0.011     -0.983      0.000 4
 253  252      0.012      0.738      0.000 4
 254  254      0.018      0.299      0.000 4
 255  255      0.022      0.492      0.000 4
 256  256      0.034     -0.031      0.000 4
 257  258      0.054      0.555      0.000 4
 258  259      0.063      0.776      0.000 4
  -1   -2      0.064      1.147      0.000 4
 260  260      0.066     -0.940      0.000 4
  -1   -2      0.070      1.026      0.000 4
 261  261      0.074     -0.784      0.000 4
 263  263      0.080      0.138      0.000 4
  -1  264      0.086     -0.596      0.000 4
  -1   -2      0.088     -0.429      0.000 4
  -1   -2      0.094     -0.160      0.000 4
 264  265      0.095      0.097      0.000 4
 266  268      0.099      0.387      0.000 4
  -1  269      0.102      1.058      0.000 4
 262  267      0.103     -1.165      0.000 4
 268  274      0.140     -0.389      0.000 4
 269  273      0.141      0.726      0.000 4
 270  271      0.147     -0.487      0.000 4
 271  275      0.151      0.579      0.000 4
 272  276      0.155     -1.094      0.000 4
 274  277      0.160     -0.554      0.000 4
 273  278      0.165      0.902      0.000 4
 275  279      0.177      0.314      0.000 4
  -1  280      0.187     -0.577      0.000 4
 276  282      0.202     -0.368      0.000 4
 277  281      0.203     -1.075      0.000 4
 278  283      0.214     -0.876      0.000 4
 279  284      0.215      1.112      0.000 4
 282  286      0.220      0.035      0.000 4
 285  288      0.228     -0.750      0.000 4
 286  287      0.228      0.475      0.000 4
  -1   -2      0.233      0.907      0.000 4
 287  290      0.247     -0.113      0.000 4
  -1  291      0.267     -0.543      0.000 4
 288  292      0.270     -0.300      0.000 4
 295   -2      0.276      0.828      0.000 4
 290  294      0.284      1.043      0.000 4
 292  295      0.292      0.971      0.000 4
 293  296      0.295      0.214      0.000 4
 294  297      0.296      0.615      0.000 4
  -1  298      0.304     -0.887      0.000 4
  -1  299      0.328     -1.097      0.000 4
 296  300      0.329      0.504      0.000 4
 301   -2      0.330     -1.151      0.000 4
  -1  302      0.331     -0.265      0.000 4
 297  303      0.337     -0.315      0.000 4
 298  304      0.343      0.056      0.000 4
 300  305      0.349      0.884      0.000 4
 299   -2      0.350     -0.500      0.000 4
 302  308      0.362     -1.064      0.000 4
 305  311      0.377     -0.707      0.000 4
 303  310      0.380     -0.336      0.000 4
  -1  312      0.390      0.545      0.000 4
 308  314      0.411      0.056      0.000 4
 310  315      0.419     -0.343      0.000 4
 309  316      0.420     -1.010      0.000 4
 311   -2      0.426     -0.389      0.000 4
 312  307      0.426      0.257      0.000 4
 313  317      0.429     -0.783      0.000 4
 314  318      0.439      0.150      0.000 4
 315  321      0.446     -0.576      0.000 4
  -1   -2      0.448     -1.101      0.000 4
  -1  319      0.448      0.811      0.000 4
 316   -2      0.448      0.768      0.000 4
 318  322      0.456      1.092      0.000 4
 320  323      0.471     -0.515      0.000 4
 307   -2      0.475      0.978      0.000 4
  -1  325      0.476      0.607      0.000 4
 321  324      0.476      0.005      0.000 4
 324  327      0.494     -0.368      0.000 4
 326  328      0.508     -0.708      0.000 4
  -1   -2      0.512      0.536      0.000 4
 328  332      0.514      0.276      0.000 4
 329  330      0.515      0.641      0.000 4
 323  331      0.515      0.479      0.000 4
  -1   -2      0.526      0.588      0.000 4
  -1  333      0.528     -0.549      0.000 4
 331  334      0.535     -0.021      0.000 4
 332  336      0.537      0.793      0.000 4
 334  337      0.550     -0.829      0.000 4
 335  338      0.559      0.666      0.000 4
 336  339      0.568     -0.879      0.000 4
  -1  340      0.575      0.611      0.000 4
 337  341      0.581     -0.511      0.000 4
 338  350      0.597     -1.145      0.000 4
 340  345      0.609     -0.918      0.000 4
 343   -2      0.610     -1.167      0.000 4
 341  346      0.611      0.925      0.000 4
 342  347      0.614      0.801      0.000 4
 344  348      0.625     -0.681      0.000 4
 346  349      0.627     -0.035      0.000 4
 345   -2      0.630     -1.072      0.000 4
 347  352      0.647      0.440      0.000 4
 348  354      0.648     -0.771      0.000 4
 349  355      0.652      0.475      0.000 4
 350  357      0.657     -0.625      0.000 4
  -1   -2      0.667      0.079      0.000 4
 355  360      0.679      0.285      0.000 4
 356  362      0.697      0.839      0.000 4
 357  363      0.700     -0.436      0.000 4
 358  364      0.705      0.761      0.000 4
 359  365      0.710      0.430      0.000 4
 360  367      0.717     -0.816      0.000 4
  -1   -2      0.723      0.056      0.000 4
  -1  368      0.730      1.080      0.000 4
 362  369      0.733     -1.038      0.000 4
 363  371      0.741     -0.655      0.000 4
 368  372      0.748     -0.853      0.000 4
 366  373      0.751      0.987      0.000 4
  -1  376      0.760     -1.081      0.000 4
  -1   -2      0.763      0.255      0.000 4
 370  377      0.767     -0.349      0.000 4
 365  379      0.777      1.083      0.000 4
 369  383      0.786     -1.039      0.000 4
 373  381      0.793     -0.612      0.000 4
  -1   -2      0.796      1.014      0.000 4
 375   -2      0.801      0.226      0.000 4
  -1   -2      0.804     -0.992      0.000 4
  -1  384      0.806     -0.793      0.000 4
 376  385      0.817      0.263      0.000 4
 377  389      0.837     -1.114      0.000 4
 378  391      0.841     -0.858      0.000 4
 379  392      0.848      0.839      0.000 4
  -1  394      0.849     -1.057      0.000 4
 380  393      0.853      0.575      0.000 4
 382  396      0.854      0.346      0.000 4
 381   -2      0.856     -0.081      0.000 4
 383  395      0.856      0.301      0.000 4
 384  397      0.865      1.153      0.000 4
  -1  398      0.865     -0.780      0.000 4
  -1   -2      0.868      0.471      0.000 4
 388  401      0.888      0.827      0.000 4
 389  402      0.898     -0.599      0.000 4
  -1   -2      0.900     -1.162      0.000 4
 390  403      0.900     -0.048      0.000 4
 391  404      0.902     -0.663      0.000 4
  -1   -2      0.902     -1.005      0.000 4
  -1  406      0.914     -0.875      0.000 4
 392  405      0.915      1.002      0.000 4
 393  407      0.923      0.077      0.000 4
  -1  408      0.927      1.045      0.000 4
 394  409      0.932      1.113      0.000 4
 385   -2      0.933     -0.805      0.000 4
 396   -2      0.934     -1.084      0.000 4
 398  411      0.939     -0.267      0.000 4
 397  413      0.944     -0.457      0.000 4
 400  415      0.959     -0.546      0.000 4
 402  416      0.964      0.142      0.000 4
 404  417      0.965      0.654      0.000 4
 405  418      0.967      0.605      0.000 4
 406  412      0.969     -1.134      0.000 4
 410  420      0.981      0.273      0.000 4
 408  421      0.982      0.388      0.000 4
  -1  423      0.994     -0.327      0.000 4
 411  422      0.997      0.757      0.000 4
  -1   -2      1.001      0.015      0.000 4
 414  424      1.020      0.206      0.000 4
 415  425      1.022     -0.271      0.000 4
  -1  426      1.031      0.354      0.000 4
 416  427      1.034     -0.171      0.000 4
 418  429      1.048      0.493      0.000 4
 417  430      1.049     -0.616      0.000 4
 419   -2      1.055     -0.911      0.000 4
 421  434      1.065      0.425      0.000 4
  -1  433      1.069     -0.261      0.000 4
  -1   -2      1.071     -0.473      0.000 4
 423   -2      1.076     -0.730      0.000 4
 424   -2      1.082      0.730      0.000 4
  -1   -2      1.085     -0.857      0.000 4
  -1  435      1.086     -0.356      0.000 4
  -1  437      1.098      0.655      0.000 4
 425  439      1.111     -1.018      0.000 4
 427  438      1.111      0.944      0.000 4
 429  442      1.115     -0.039      0.000 4
 428  440      1.118     -0.687      0.000 4
 430  441      1.121      0.814      0.000 4
 431   -2      1.131      0.696      0.000 4
  -1   -2      1.147     -1.128      0.000 4
  -1  443      1.148     -1.137      0.000 4
 426  447      1.153      1.018      0.000 4
 435  444      1.160      0.240      0.000 4
 433  450      1.162      0.566      0.000 4
  -1  449      1.163     -0.828      0.000 4
 436  453      1.178      0.078      0.000 4
 437  455      1.185     -0.598      0.000 4
 434   -2      1.190     -0.742      0.000 4
  -1  445      1.209      1.123      0.000 4
 438  456      1.221      0.962      0.000 4
 439   -2      1.227      0.881      0.000 4
  -1  458      1.239     -0.293      0.000 4
 441  459      1.250     -0.552      0.000 4
 442  460      1.257     -0.419      0.000 4
 443  461      1.265     -0.627      0.000 4
 455  463      1.269     -0.101      0.000 4
 446  464      1.277      1.009      0.000 4
  -1   -2      1.310     -1.035      0.000 4
 451  467      1.314     -0.190      0.000 4
  -1   -2      1.320      0.572      0.000 4
 445  476      1.322     -1.161      0.000 4
 452  469      1.330     -0.548      0.000 4
 453  470      1.339      0.401      0.000 4
 454  471      1.340     -0.634      0.000 4
 457  474      1.385     -1.075      0.000 4
 449   -2      1.386      0.295      0.000 4
 462  472      1.388     -1.019      0.000 4
 458  473      1.390      0.446      0.000 4
 460  475      1.391     -0.165      0.000 4
 461  477      1.404      1.135      0.000 4
 465  480      1.430     -0.405      0.000 4
 464  479      1.431      0.167      0.000 4
 463   -2      1.432      0.080      0.000 4
 467  481      1.434     -0.292      0.000 4
 466  482      1.435     -0.537      0.000 4
 468  483      1.441     -0.472      0.000 4
  -1  485      1.452     -1.138      0.000 4
 476   -2      1.454     -1.175      0.000 4
 472  487      1.474      0.237      0.000 4
 473  488      1.477      0.552      0.000 4
 471   -2      1.479      0.674      0.000 4
  -1   -2      1.479     -0.233      0.000 4
 475  489      1.494     -0.802      0.000 4
 474  491      1.495     -0.840      0.000 4
 477  492      1.509      0.633      0.000 4
 478  493      1.519      0.883      0.000 4
 479  495      1.528      0.282      0.000 4
 480  497      1.531     -0.257      0.000 4
 481  496      1.531     -0.327      0.000 4
 482  498      1.535     -0.086      0.000 4
  -1   -2      1.538     -0.534      0.000 4
  -1  499      1.550     -0.287      0.000 4
 485  490      1.554     -1.127      0.000 4
 487  500      1.558     -0.709      0.000 4
 486  501      1.559     -1.015      0.000 4
 488  502      1.562      0.054      0.000 4
