502
  -1    0     -1.573      0.908      0.000 4
  -1   -2     -1.565     -0.471      0.000 4
   3    4     -1.523      0.296      0.000 4
   4    5     -1.519      0.559      0.000 4
   5    6     -1.514      0.438      0.000 4
   7   11     -1.510     -1.092      0.000 4
   6    7     -1.508      0.694      0.000 4
   8    8     -1.507     -0.316      0.000 4
   9   10     -1.497      0.162      0.000 4
  -1    9     -1.493      0.905      0.000 4
  10   18     -1.490     -0.416      0.000 4
  -1   12     -1.480      0.605      0.000 4
  11   13     -1.470      1.053      0.000 4
  12   14     -1.468      0.515      0.000 4
  13   15     -1.461      0.362      0.000 4
  -1   -2     -1.461     -0.543      0.000 4
  -1   16     -1.456     -0.320      0.000 4
  15   17     -1.452     -0.642      0.000 4
  14   -2     -1.449     -0.370      0.000 4
  17   -2     -1.441     -1.019      0.000 4
  18   19     -1.437      0.745      0.000 4
  -1   20     -1.433      1.158      0.000 4
  19   23     -1.427      0.301      0.000 4
  -1   22     -1.427     -1.127      0.000 4
  20   24     -1.419      0.794      0.000 4
  21   25     -1.413     -0.408      0.000 4
  22   26     -1.411      0.066      0.000 4
  23   -2     -1.406     -0.229      0.000 4
  24   27     -1.406      0.671      0.000 4
  -1   -2     -1.396     -1.173      0.000 4
  -1   -2     -1.393      0.019      0.000 4
  -1   29     -1.380     -0.557      0.000 4
  25   31     -1.373     -1.127      0.000 4
  27   34     -1.363     -0.008      0.000 4
  29   37     -1.350      0.176      0.000 4
  30   36     -1.350     -0.929      0.000 4
  -1   38     -1.344      0.332      0.000 4
  31   35     -1.342      0.724      0.000 4
  32   39     -1.331     -1.072      0.000 4
  33   40     -1.328      0.958      0.000 4
  35   -2     -1.322      0.924      0.000 4
  34   41     -1.321     -0.356      0.000 4
  36   42     -1.317      0.576      0.000 4
  -1   -2     -1.310      0.687      0.000 4
  -1   46     -1.307      0.401      0.000 4
  -1   43     -1.306     -1.104      0.000 4
  -1   44     -1.300     -1.169      0.000 4
  38   47     -1.295     -0.856      0.000 4
  -1   49     -1.273      0.530      0.000 4
  40   50     -1.271     -0.650      0.000 4
  41   51     -1.265     -0.548      0.000 4
  -1   52     -1.262     -1.041      0.000 4
  42   -2     -1.257     -1.013      0.000 4
  -1   54     -1.245      1.024      0.000 4
  -1   -2     -1.244     -0.128      0.000 4
  -1   -2     -1.231     -1.173      0.000 4
  44   55     -1.230     -0.862      0.000 4
  -1   -2     -1.226     -0.269      0.000 4
  46   56     -1.220      0.853      0.000 4
  47   58     -1.208     -0.665      0.000 4
  48   59     -1.204     -1.085      0.000 4
  49   60     -1.198      0.745      0.000 4
  50   61     -1.184      0.646      0.000 4
  51   63     -1.172      0.413      0.000 4
  -1   65     -1.166     -0.578      0.000 4
  53   64     -1.166     -0.894      0.000 4
  -1   67     -1.166     -0.359      0.000 4
  55   66     -1.165     -1.112      0.000 4
  54   69     -1.163     -0.854      0.000 4
  56   70     -1.161      1.043      0.000 4
  57   74     -1.148     -0.434      0.000 4
  58   71     -1.136      0.665      0.000 4
  59   72     -1.135     -0.110      0.000 4
  60   -2     -1.118     -0.384      0.000 4
  61   75     -1.116      1.059      0.000 4
  63   78     -1.107     -0.489      0.000 4
  62   76     -1.106      0.406      0.000 4
  64   79     -1.103     -0.291      0.000 4
  66   80     -1.088     -1.085      0.000 4
  65   81     -1.082      0.486      0.000 4
  67   82     -1.080      0.818      0.000 4
  68   83     -1.067     -0.162      0.000 4
  71   84     -1.059      0.396      0.000 4
  70   -2     -1.058      0.195      0.000 4
  -1   85     -1.056      0.273      0.000 4
  -1   -2     -1.055     -0.799      0.000 4
  73   86     -1.050      0.589      0.000 4
  82   -2     -1.043     -0.751      0.000 4
  75   87     -1.037     -0.222      0.000 4
  76   88     -1.022     -0.440      0.000 4
  77   90     -1.020      0.343      0.000 4
  78   89     -1.016     -0.880      0.000 4
  80   92     -1.002      0.923      0.000 4
  81   93     -0.999      1.039      0.000 4
  84   -2     -0.981     -0.588      0.000 4
  79   -2     -0.977     -1.014      0.000 4
  -1   -2     -0.974     -1.161      0.000 4
  87   95     -0.966      1.065      0.000 4
  88   96     -0.959      0.310      0.000 4
  89   97     -0.948      0.575      0.000 4
  -1   -2     -0.945     -1.021      0.000 4
  -1   -2     -0.944     -0.089      0.000 4
  90   -2     -0.940      0.506      0.000 4
  91   99     -0.937     -0.953      0.000 4
  -1   -2     -0.926     -0.613      0.000 4
  93   -2     -0.908      0.907      0.000 4
  94   -2     -0.907      1.093      0.000 4
  96   -2     -0.903     -1.074      0.000 4
  95  109     -0.898      0.695      0.000 4
  97  101     -0.888     -0.135      0.000 4
  -1   -2     -0.886     -0.536      0.000 4
 100  102     -0.877     -0.747      0.000 4
 101  103     -0.875     -0.616      0.000 4
  99  104     -0.874     -0.215      0.000 4
  -1   -2     -0.872     -0.442      0.000 4
 102   -2     -0.865     -0.050      0.000 4
 104  108     -0.862     -0.007      0.000 4
 105  107     -0.860     -0.696      0.000 4
  98   -2     -0.852      0.446      0.000 4
  -1  110     -0.844     -0.487      0.000 4
 108  112     -0.843      0.299      0.000 4
 106   -2     -0.842      0.731      0.000 4
 107  113     -0.837      0.402      0.000 4
 110  111     -0.833     -1.087      0.000 4
 111  114     -0.825      1.046      0.000 4
 112  115     -0.822      1.092      0.000 4
 113  116     -0.819      0.817      0.000 4
  -1   -2     -0.815     -0.910      0.000 4
 114  119     -0.802     -0.055      0.000 4
 117  120     -0.793      0.992      0.000 4
 119  121     -0.792      0.883      0.000 4
 120  122     -0.791     -0.753      0.000 4
 118  123     -0.790      0.036      0.000 4
 115   -2     -0.789     -0.802      0.000 4
 121  124     -0.782     -0.441      0.000 4
  -1  125     -0.782     -0.380      0.000 4
 123  118     -0.777     -1.092      0.000 4
 122  128     -0.758      0.139      0.000 4
 125   -2     -0.754     -0.930      0.000 4
 124  131     -0.751     -0.145      0.000 4
  -1  130     -0.751     -0.347      0.000 4
  -1   -2     -0.742      0.514      0.000 4
 126  143     -0.736      0.973      0.000 4
  -1  132     -0.736     -0.963      0.000 4
  -1   -2     -0.729     -1.008      0.000 4
 129  136     -0.723     -0.100      0.000 4
 130  135     -0.722     -1.167      0.000 4
  -1   -2     -0.721      0.764      0.000 4
 132  133     -0.711      0.066      0.000 4
 128  129     -0.711      0.667      0.000 4
 133  137     -0.710     -0.554      0.000 4
 134  138     -0.702      0.866      0.000 4
  -1   -2     -0.693      0.216      0.000 4
 135  139     -0.691      0.717      0.000 4
 138  156     -0.686      0.426      0.000 4
 139   -2     -0.686      0.999      0.000 4
 137  142     -0.686      1.053      0.000 4
 142  141     -0.680     -0.647      0.000 4
 140  144     -0.679     -1.128      0.000 4
 131   -2     -0.659     -0.299      0.000 4
  -1  146     -0.652     -0.815      0.000 4
 147  148     -0.633     -1.068      0.000 4
 146  149     -0.631     -0.755      0.000 4
 148  150     -0.629     -1.110      0.000 4
  -1  151     -0.627     -0.421      0.000 4
 149  154     -0.626     -0.273      0.000 4
 151  152     -0.624     -0.996      0.000 4
 152  155     -0.619      0.874      0.000 4
 153   -2     -0.619      0.411      0.000 4
 154  157     -0.617     -0.500      0.000 4
 155  158     -0.610      0.047      0.000 4
 157   -2     -0.593      0.340      0.000 4
 158  159     -0.589     -0.761      0.000 4
 156  163     -0.571     -0.225      0.000 4
 163  162     -0.565      0.470      0.000 4
 161  164     -0.563     -0.499      0.000 4
 162   -2     -0.561      0.530      0.000 4
  -1  166     -0.559      1.036      0.000 4
 165  165     -0.559     -0.965      0.000 4
 166  167     -0.550      0.659      0.000 4
 169  147     -0.531      1.162      0.000 4
 168  170     -0.528      0.079      0.000 4
 170  171     -0.525      0.185      0.000 4
 172  173     -0.503     -0.045      0.000 4
 171  176     -0.502     -1.168      0.000 4
 173  174     -0.494      0.949      0.000 4
 174  175     -0.489     -0.660      0.000 4
 175  177     -0.485     -0.121      0.000 4
 178  179     -0.472     -0.274      0.000 4
 179  180     -0.458      0.440      0.000 4
  -1  181     -0.452     -1.107      0.000 4
 181  182     -0.440     -0.926      0.000 4
 182  183     -0.430     -0.815      0.000 4
 183  186     -0.422      0.314      0.000 4
 184   -2     -0.421      0.728      0.000 4
 185  185     -0.415     -1.118      0.000 4
 186  189     -0.414     -0.175      0.000 4
 187  187     -0.406     -0.585      0.000 4
  -1  188     -0.388      0.706      0.000 4
 189  190     -0.387     -0.253      0.000 4
 190  191     -0.382     -0.644      0.000 4
 191  194     -0.381      1.035      0.000 4
 192  193     -0.379     -0.934      0.000 4
  -1   -2     -0.375     -0.718      0.000 4
 194  196     -0.361      0.960      0.000 4
 195  200     -0.353      0.844      0.000 4
 196  201     -0.332     -0.549      0.000 4
 198  203     -0.320      0.516      0.000 4
 199  202     -0.320      0.298      0.000 4
 201  205     -0.310      0.769      0.000 4
 203  206     -0.306     -0.900      0.000 4
 202   -2     -0.305      0.268      0.000 4
 204  208     -0.295     -0.450      0.000 4
 209   -2     -0.294     -1.154      0.000 4
 205  209     -0.290     -0.950      0.000 4
  -1  210     -0.289     -1.122      0.000 4
 207  213     -0.275      0.398      0.000 4
 211  214     -0.262     -1.037      0.000 4
 210  215     -0.261     -0.378      0.000 4
 212  217     -0.249     -0.647      0.000 4
 213  218     -0.246      0.118      0.000 4
 215  222     -0.225      0.513      0.000 4
 216  224     -0.216      0.014      0.000 4
 217  225     -0.215      0.679      0.000 4
 219  226     -0.213     -0.205      0.000 4
 220   -2     -0.212      1.028      0.000 4
 221   -2     -0.194     -0.765      0.000 4
 223  227     -0.186     -0.118      0.000 4
 224   -2     -0.185     -0.506      0.000 4
 225  228     -0.183      0.073      0.000 4
 227  229     -0.177     -0.253      0.000 4
 228  230     -0.156     -0.737      0.000 4
  -1   -2     -0.142     -1.121      0.000 4
 229  232     -0.140     -0.176      0.000 4
 231  234     -0.133      0.366      0.000 4
 232  233     -0.131     -0.978      0.000 4
 230  235     -0.130      0.461      0.000 4
 233   -2     -0.126      0.733      0.000 4
 234  231     -0.123     -0.614      0.000 4
 235  236     -0.121     -0.077      0.000 4
 236  237     -0.119      0.591      0.000 4
  -1  238     -0.118     -1.161      0.000 4
  -1   -2     -0.112     -0.906      0.000 4
  -1  239     -0.108      0.314      0.000 4
  -1   -2     -0.094      0.827      0.000 4
 238  242     -0.089      0.215      0.000 4
 239  243     -0.084      1.095      0.000 4
 240  245     -0.082     -0.150      0.000 4
 243  247     -0.068     -0.307      0.000 4
 244  248     -0.066      0.332      0.000 4
 245  250     -0.056      0.555      0.000 4
 246  252     -0.042     -0.004      0.000 4
 249  256     -0.013     -0.443      0.000 4
 250  257      0.000      0.538      0.000 4
 251  258      0.001      0.295      0.000 4
 252  259      0.013      0.929      0.000 4
 254  260      0.017      0.814      0.000 4
 255  261      0.020      0.042      0.000 4
  -1   -2      0.024     -0.215      0.000 4
 256  262      0.036      0.544      0.000 4
 257  263      0.038      0.325      0.000 4
  -1  270      0.040     -0.646      0.000 4
 259  253      0.044      1.123      0.000 4
 258  264      0.052     -0.045      0.000 4
 260  266      0.062      0.855      0.000 4
 261  267      0.064      0.617      0.000 4
 262  265      0.067     -1.030      0.000 4
 263  269      0.076     -0.869      0.000 4
 267   -2      0.092     -0.665      0.000 4
 266  271      0.092      0.144      0.000 4
  -1   -2      0.103     -0.468      0.000 4
  -1   -2      0.103     -0.158      0.000 4
  -1  274      0.103     -0.052      0.000 4
 269  273      0.104      0.101      0.000 4
  -1   -2      0.113     -1.102      0.000 4
 270   -2      0.120      0.380      0.000 4
 272  276      0.138      0.802      0.000 4
 274  277      0.146     -0.448      0.000 4
  -1  278      0.148      0.640      0.000 4
 273   -2      0.148     -0.555      0.000 4
 275  280      0.155      0.992      0.000 4
 276  281      0.173     -0.640      0.000 4
 277  282      0.177      0.346      0.000 4
  -1   -2      0.188     -0.855      0.000 4
  -1  285      0.199      1.024      0.000 4
 279  286      0.201     -1.157      0.000 4
 280   -2      0.208      0.915      0.000 4
 281  287      0.215      0.028      0.000 4
 282  288      0.216     -0.963      0.000 4
 283  289      0.217      0.527      0.000 4
  -1  290      0.224      0.993      0.000 4
 286  292      0.240     -0.139      0.000 4
 285  293      0.240     -0.841      0.000 4
 295   -2      0.243      0.668      0.000 4
 287   -2      0.258      0.918      0.000 4
 291   -2      0.263     -0.349      0.000 4
 292  297      0.267     -0.310      0.000 4
 293  298      0.274      1.134      0.000 4
  -1   -2      0.276      0.689      0.000 4
 294  299      0.277      1.060      0.000 4
 296  300      0.281      0.231      0.000 4
 297  301      0.297      0.124      0.000 4
 299  303      0.309     -0.070      0.000 4
 301  304      0.318     -1.095      0.000 4
 302   -2      0.322     -1.173      0.000 4
 303  306      0.325      0.053      0.000 4
  -1  307      0.326     -0.183      0.000 4
 306  294      0.333     -0.559      0.000 4
 305  308      0.334      0.970      0.000 4
  -1  310      0.352     -0.377      0.000 4
 308  309      0.366     -1.139      0.000 4
 320  295      0.370      0.839      0.000 4
 310  313      0.380     -0.768      0.000 4
 311  315      0.382      0.055      0.000 4
 312  316      0.386      1.077      0.000 4
 314  317      0.398      0.278      0.000 4
 315  318      0.399     -0.386      0.000 4
 316  319      0.407     -0.436      0.000 4
 317  320      0.409      0.158      0.000 4
 319  323      0.422     -0.848      0.000 4
 321  325      0.431     -0.636      0.000 4
 322  327      0.444      0.001      0.000 4
  -1  332      0.446      0.666      0.000 4
 324  326      0.453     -1.170      0.000 4
 323  328      0.453     -0.574      0.000 4
 326  331      0.468     -0.408      0.000 4
 327  330      0.469      0.524      0.000 4
 337   -2      0.474      0.698      0.000 4
 318   -2      0.480     -1.074      0.000 4
  -1  334      0.485     -1.122      0.000 4
 331  336      0.492      0.300      0.000 4
 332  337      0.495     -0.762      0.000 4
 333  338      0.498     -0.027      0.000 4
 334   -2      0.501     -0.915      0.000 4
 335  341      0.518     -0.592      0.000 4
 336  342      0.520      0.729      0.000 4
  -1   -2      0.530      1.006      0.000 4
 339  343      0.541     -0.880      0.000 4
  -1  339      0.552     -0.340      0.000 4
 353  344      0.555      0.366      0.000 4
 340  346      0.559     -0.549      0.000 4
 342  348      0.580      0.868      0.000 4
 343  349      0.582     -0.037      0.000 4
 344  350      0.586      0.996      0.000 4
 345  351      0.600      0.479      0.000 4
 346  352      0.603      0.517      0.000 4
 347  354      0.606     -0.969      0.000 4
 348   -2      0.607     -0.717      0.000 4
 352  358      0.629     -1.067      0.000 4
 355  361      0.631     -0.810      0.000 4
 354  357      0.635     -1.112      0.000 4
 351  355      0.638     -0.659      0.000 4
  -1  362      0.649      0.533      0.000 4
 359  363      0.653      0.465      0.000 4
 360  366      0.661      0.901      0.000 4
 356   -2      0.664     -0.438      0.000 4
 361  368      0.667      0.818      0.000 4
  -1  369      0.671     -0.476      0.000 4
  -1  370      0.682     -1.010      0.000 4
 363  372      0.705     -0.842      0.000 4
 367  374      0.720     -0.437      0.000 4
 369   -2      0.727     -0.678      0.000 4
 368  375      0.727     -0.366      0.000 4
 370  376      0.728      1.039      0.000 4
 371  379      0.734     -0.873      0.000 4
 372  378      0.738      0.246      0.000 4
 373  382      0.761     -1.092      0.000 4
 375  381      0.768     -0.630      0.000 4
 376  384      0.785     -0.143      0.000 4
  -1   -2      0.788     -1.051      0.000 4
 377  386      0.789      0.326      0.000 4
 379  385      0.790      0.374      0.000 4
 378  388      0.793     -0.810      0.000 4
 380  387      0.796      0.613      0.000 4
 381   -2      0.801      1.025      0.000 4
  -1   -2      0.807     -1.164      0.000 4
 382   -2      0.808      0.887      0.000 4
  -1   -2      0.840     -0.232      0.000 4
 385  392      0.842     -0.041      0.000 4
 386  394      0.844     -1.123      0.000 4
  -1  393      0.846      1.046      0.000 4
 389  395      0.848      0.871      0.000 4
 387  396      0.849     -1.061      0.000 4
 390  397      0.850      1.103      0.000 4
 392  399      0.858      0.086      0.000 4
 395  406      0.889     -0.260      0.000 4
 394  404      0.889     -0.666      0.000 4
 396  403      0.890      0.155      0.000 4
 397  405      0.891      1.043      0.000 4
  -1  407      0.898     -0.158      0.000 4
 398   -2      0.901      0.225      0.000 4
  -1   -2      0.902     -1.005      0.000 4
  -1   -2      0.902     -1.162      0.000 4
 400  410      0.906      0.634      0.000 4
 407  411      0.908     -0.879      0.000 4
 399  408      0.908     -0.454      0.000 4
 402  412      0.911      0.683      0.000 4
 403  414      0.913      0.410      0.000 4
  -1   -2      0.916     -0.289      0.000 4
 405  417      0.923      1.151      0.000 4
 406  415      0.926      0.285      0.000 4
 409  419      0.929     -1.080      0.000 4
 408  418      0.930     -0.543      0.000 4
 404   -2      0.945     -0.868      0.000 4
 410  421      0.949      0.225      0.000 4
 411  422      0.950      0.785      0.000 4
  -1   -2      0.953      0.559      0.000 4
  -1   -2      0.955     -0.703      0.000 4
  -1   -2      0.966     -0.047      0.000 4
 419   -2      0.970     -0.254      0.000 4
 412  428      0.975     -0.158      0.000 4
 417  423      0.980      0.512      0.000 4
 414  425      0.980     -1.122      0.000 4
 416   -2      0.982     -0.887      0.000 4
 418  426      0.994      0.443      0.000 4
 421   -2      1.020     -0.248      0.000 4
 420  429      1.024     -0.598      0.000 4
 422  427      1.024     -0.041      0.000 4
  -1   -2      1.034      1.034      0.000 4
 426  432      1.043      0.661      0.000 4
 425  433      1.049     -0.342      0.000 4
  -1  440      1.050      0.923      0.000 4
 427  434      1.060     -0.707      0.000 4
 428  435      1.066     -0.012      0.000 4
 430  438      1.071      0.704      0.000 4
 432  439      1.075      0.827      0.000 4
 431   -2      1.079      0.963      0.000 4
 436  442      1.097     -0.660      0.000 4
 434  441      1.100      0.250      0.000 4
 438  443      1.109      0.090      0.000 4
 437  444      1.114     -0.986      0.000 4
 439  445      1.122      1.026      0.000 4
 441  448      1.146     -0.792      0.000 4
 442  450      1.151     -1.098      0.000 4
 443  449      1.154     -0.877      0.000 4
  -1   -2      1.157      0.703      0.000 4
 444  451      1.163     -0.562      0.000 4
 445   -2      1.187      0.879      0.000 4
  -1  452      1.190      0.960      0.000 4
  -1  456      1.197     -0.279      0.000 4
 446   -2      1.204      0.019      0.000 4
  -1  455      1.217     -0.381      0.000 4
  -1  459      1.222     -0.921      0.000 4
 447   -2      1.222     -0.203      0.000 4
 450  458      1.222     -0.510      0.000 4
 461  457      1.225      0.654      0.000 4
 452   -2      1.232      0.551      0.000 4
  -1  454      1.233      0.042      0.000 4
 453  453      1.240      0.276      0.000 4
 454  460      1.242     -0.581      0.000 4
 455  461      1.252      1.000      0.000 4
 456  463      1.262     -0.160      0.000 4
  -1  464      1.262     -0.124      0.000 4
  -1   -2      1.264     -0.005      0.000 4
  -1   -2      1.264     -0.188      0.000 4
 457  467      1.275     -0.521      0.000 4
 458  466      1.277      0.395      0.000 4
  -1   -2      1.281     -1.170      0.000 4
  -1   -2      1.303      0.037      0.000 4
 462  469      1.304     -0.497      0.000 4
 463  470      1.312     -0.978      0.000 4
 464  471      1.322     -0.581      0.000 4
 465  472      1.327      0.429      0.000 4
  -1   -2      1.343      0.743      0.000 4
 466  473      1.346     -1.092      0.000 4
  -1   -2      1.348     -0.264      0.000 4
 467  475      1.370     -0.952      0.000 4
 469  476      1.377      0.167      0.000 4
 470  478      1.387      1.104      0.000 4
 471  483      1.397     -0.988      0.000 4
 473  481      1.401     -0.352      0.000 4
 472  480      1.401     -0.246      0.000 4
 476  482      1.414     -0.475      0.000 4
 477  486      1.415     -0.414      0.000 4
 478  484      1.419      0.238      0.000 4
  -1  493      1.420     -0.659      0.000 4
 479  485      1.421      0.526      0.000 4
 480  495      1.431     -1.173      0.000 4
 482   -2      1.443     -0.386      0.000 4
 483  479      1.448     -1.069      0.000 4
  -1  488      1.457      0.598      0.000 4
  -1   -2      1.477     -0.464      0.000 4
 484  492      1.480     -0.766      0.000 4
 485  490      1.480      0.836      0.000 4
 486  491      1.482      0.275      0.000 4
 487   -2      1.490     -0.729      0.000 4
 488  494      1.492     -1.085      0.000 4
  -1  489      1.497      1.035      0.000 4
 489  496      1.502     -0.056      0.000 4
 490  497      1.505     -0.209      0.000 4
  -1   -2      1.514     -0.765      0.000 4
 491  498      1.525      0.437      0.000 4
 492  499      1.529      0.068      0.000 4
 494  502      1.544      1.105      0.000 4
 495  504      1.552     -0.630      0.000 4
 496  505      1.553     -1.055      0.000 4
 497  503      1.553     -0.940      0.000 4
 498  501      1.554      0.724      0.000 4
 499  506      1.560      0.596      0.000 4
 500   -2      1.564     -0.830      0.000 4
 501  507      1.570      0.099      0.000 4
  -1  508      1.571      0.386      0.000 4
