491
   1    2     -1.545      0.053      0.000 4
   3    3     -1.542     -1.030      0.000 4
   2    4     -1.539      0.737      0.000 4
   4    5     -1.524     -0.548      0.000 4
   5    6     -1.520     -0.358      0.000 4
   6    7     -1.515      0.001      0.000 4
   7    9     -1.511     -0.053      0.000 4
   8    8     -1.508      0.213      0.000 4
  10   10     -1.501      1.123      0.000 4
  12   12     -1.494     -0.743      0.000 4
  13   13     -1.489      0.859      0.000 4
  14   14     -1.486     -0.586      0.000 4
  15   15     -1.485      0.817      0.000 4
  16   17     -1.463      0.525      0.000 4
  19   18     -1.461     -0.849      0.000 4
  -1   -2     -1.460     -0.993      0.000 4
  21   19     -1.454     -0.059      0.000 4
  22   20     -1.443      0.731      0.000 4
  -1   -2     -1.431     -0.296      0.000 4
  25   21     -1.427      0.902      0.000 4
  24   22     -1.426     -0.501      0.000 4
  -1   24     -1.417      0.665      0.000 4
  26   25     -1.414     -0.205      0.000 4
  -1   -2     -1.412     -0.742      0.000 4
  27   26     -1.401      0.847      0.000 4
  -1   -2     -1.374     -0.604      0.000 4
  28   28     -1.362      0.505      0.000 4
  31   31     -1.334      1.131      0.000 4
  30   30     -1.333     -0.162      0.000 4
  23   62     -1.321     -1.157      0.000 4
  35   34     -1.314      0.777      0.000 4
  36   35     -1.308      0.483      0.000 4
  37   36     -1.301     -0.468      0.000 4
  38   37     -1.299     -0.813      0.000 4
  39   42     -1.292      0.215      0.000 4
  41   39     -1.288      0.878      0.000 4
  29   -2     -1.287      0.126      0.000 4
  -1   -2     -1.286     -0.942      0.000 4
  42   43     -1.272      0.571      0.000 4
  44   44     -1.271     -0.217      0.000 4
  43   46     -1.270      0.463      0.000 4
  45   45     -1.269     -0.372      0.000 4
  48   48     -1.263      0.999      0.000 4
  47   49     -1.262      0.778      0.000 4
  -1   -2     -1.262     -0.548      0.000 4
  52   47     -1.256     -1.029      0.000 4
  49   50     -1.255     -0.482      0.000 4
  51   51     -1.248      0.395      0.000 4
  -1   54     -1.238     -0.811      0.000 4
  54   57     -1.234     -0.283      0.000 4
  33   76     -1.232     -0.708      0.000 4
  56   -2     -1.218      0.783      0.000 4
  57   58     -1.214      0.671      0.000 4
  58   63     -1.202     -0.597      0.000 4
  -1   59     -1.200     -0.503      0.000 4
  59   61     -1.200      0.346      0.000 4
  60   60     -1.196     -1.018      0.000 4
  -1   -2     -1.177     -0.113      0.000 4
  62   -2     -1.156     -0.517      0.000 4
  63   64     -1.155      0.915      0.000 4
  -1   -2     -1.148      1.137      0.000 4
  65   65     -1.129     -1.017      0.000 4
  64   66     -1.126      0.625      0.000 4
  66   67     -1.121     -0.156      0.000 4
  -1   68     -1.118     -0.017      0.000 4
  67   71     -1.108     -0.023      0.000 4
  68   70     -1.099      0.346      0.000 4
  -1   69     -1.095      1.163      0.000 4
  70   72     -1.093     -0.240      0.000 4
  71   73     -1.092      0.506      0.000 4
  72   -2     -1.080      0.472      0.000 4
  74   74     -1.073     -0.847      0.000 4
  73   75     -1.070      0.409      0.000 4
  76   77     -1.055     -0.063      0.000 4
  77   79     -1.050      0.035      0.000 4
  78   78     -1.050      0.995      0.000 4
  81   80     -1.044      0.794      0.000 4
  79   81     -1.043      0.733      0.000 4
  84   82     -1.024     -0.480      0.000 4
  83   83     -1.023      0.141      0.000 4
  82   84     -1.020     -1.167      0.000 4
  85   85     -1.019     -0.884      0.000 4
  86   86     -1.001     -0.979      0.000 4
  87   87     -0.998      1.106      0.000 4
  88   89     -0.992     -0.151      0.000 4
  -1   88     -0.991     -0.520      0.000 4
  92   92     -0.969     -0.660      0.000 4
  90   94     -0.969     -0.100      0.000 4
  94   91     -0.967     -0.846      0.000 4
  -1   95     -0.961      1.127      0.000 4
  96   96     -0.948     -0.975      0.000 4
  95   97     -0.946     -0.456      0.000 4
  97   98     -0.931     -0.743      0.000 4
  98  100     -0.924      0.822      0.000 4
  99   99     -0.924     -0.797      0.000 4
 100  101     -0.917     -1.104      0.000 4
 101  102     -0.904     -1.030      0.000 4
  -1  103     -0.899      1.128      0.000 4
  -1   -2     -0.898      0.607      0.000 4
 102  104     -0.886     -1.103      0.000 4
 103  105     -0.879      0.883      0.000 4
 106  106     -0.872     -1.169      0.000 4
 104  107     -0.872     -0.287      0.000 4
 105  108     -0.870      0.048      0.000 4
  -1  109     -0.857      0.744      0.000 4
 107  110     -0.848     -0.773      0.000 4
 111  111     -0.845      1.055      0.000 4
 108  112     -0.844     -0.544      0.000 4
 110  116     -0.844      0.322      0.000 4
 109  115     -0.844     -0.254      0.000 4
 113  114     -0.838      0.990      0.000 4
  -1  117     -0.821      1.095      0.000 4
 119  119     -0.811      0.835      0.000 4
 118  118     -0.806     -0.399      0.000 4
 120  120     -0.799     -0.628      0.000 4
 122  122     -0.793      0.432      0.000 4
 121  121     -0.789      0.949      0.000 4
 124  123     -0.789     -0.205      0.000 4
 125  124     -0.780      0.078      0.000 4
 126  127     -0.776      0.172      0.000 4
 127  126     -0.775     -0.469      0.000 4
  -1  128     -0.772      0.542      0.000 4
 116  129     -0.757     -0.942      0.000 4
 129   -2     -0.748     -0.249      0.000 4
 130  130     -0.748     -0.029      0.000 4
  -1   -2     -0.729     -0.969      0.000 4
 132  134     -0.724      0.595      0.000 4
 133  133     -0.724     -0.454      0.000 4
 134  132     -0.723      0.815      0.000 4
 135  136     -0.721     -0.098      0.000 4
 136  135     -0.719      1.007      0.000 4
 137  138     -0.708     -0.723      0.000 4
 115   -2     -0.707      1.062      0.000 4
 139  140     -0.704      0.003      0.000 4
 140  141     -0.696     -1.094      0.000 4
  -1  142     -0.689      0.716      0.000 4
 141  143     -0.682     -0.230      0.000 4
 142  144     -0.675      0.386      0.000 4
 143  145     -0.670     -0.716      0.000 4
 144  148     -0.668     -1.173      0.000 4
 146  146     -0.647      1.066      0.000 4
 145  147     -0.647      0.272      0.000 4
 149   -2     -0.634      0.148      0.000 4
 148  149     -0.632     -0.137      0.000 4
  -1   -2     -0.631      0.067      0.000 4
 150  150     -0.622     -0.958      0.000 4
 151  151     -0.617      0.424      0.000 4
 152  152     -0.609      0.946      0.000 4
 153  154     -0.604     -0.583      0.000 4
 154  153     -0.603     -1.033      0.000 4
 155  156     -0.596     -0.221      0.000 4
 156  157     -0.587     -0.187      0.000 4
 158  158     -0.582     -0.921      0.000 4
 159  160     -0.579     -0.416      0.000 4
  -1  159     -0.576      0.836      0.000 4
 161  161     -0.571     -0.745      0.000 4
 160  162     -0.568      0.618      0.000 4
 162  164     -0.559      0.418      0.000 4
  -1   -2     -0.545     -0.654      0.000 4
 163  165     -0.545     -0.489      0.000 4
 165  167     -0.539      0.590      0.000 4
 167  166     -0.537      1.048      0.000 4
 169  168     -0.522      0.243      0.000 4
 170  169     -0.506     -0.536      0.000 4
 171  170     -0.505     -0.706      0.000 4
 176  171     -0.487     -1.169      0.000 4
 172  172     -0.480     -0.125      0.000 4
 173  173     -0.477     -0.814      0.000 4
 174  174     -0.475     -0.597      0.000 4
 175  175     -0.469     -0.438      0.000 4
  -1   -2     -0.468      1.155      0.000 4
 177  176     -0.466      0.698      0.000 4
 179  178     -0.458      0.322      0.000 4
 181  181     -0.440      0.798      0.000 4
 180  182     -0.439      0.108      0.000 4
 182  180     -0.438      0.870      0.000 4
 183  183     -0.436      0.621      0.000 4
 184  184     -0.430      1.027      0.000 4
 185  186     -0.422     -0.281      0.000 4
 186  185     -0.420     -0.796      0.000 4
 187  187     -0.415      0.257      0.000 4
 188  188     -0.394     -0.576      0.000 4
 190  189     -0.388      0.399      0.000 4
  -1  190     -0.386      0.599      0.000 4
 191   -2     -0.379      0.567      0.000 4
 192  192     -0.359     -0.498      0.000 4
 193  191     -0.358     -0.736      0.000 4
 194  193     -0.357      0.076      0.000 4
  -1  199     -0.353     -0.068      0.000 4
 195  194     -0.342      1.028      0.000 4
 196  196     -0.339      0.526      0.000 4
  -1   -2     -0.338     -1.036      0.000 4
 197  197     -0.329     -0.778      0.000 4
  -1   -2     -0.311      1.125      0.000 4
  -1   -2     -0.310     -0.657      0.000 4
 198  204     -0.289     -0.105      0.000 4
  -1  198     -0.285      0.780      0.000 4
 200  200     -0.278     -0.847      0.000 4
 201  202     -0.272      0.281      0.000 4
  -1  203     -0.264      0.352      0.000 4
 203   -2     -0.260     -0.035      0.000 4
 199  205     -0.256     -1.163      0.000 4
 206   -2     -0.248     -0.961      0.000 4
 205  207     -0.248     -0.448      0.000 4
  -1   -2     -0.239     -0.913      0.000 4
 208  208     -0.233     -0.548      0.000 4
 209  210     -0.231      0.442      0.000 4
 213  209     -0.230     -1.093      0.000 4
  -1   -2     -0.230      1.110      0.000 4
 211  211     -0.220      0.173      0.000 4
 212  212     -0.207     -0.083      0.000 4
 215  216     -0.198     -0.455      0.000 4
 216  214     -0.186      0.980      0.000 4
 217  217     -0.182      0.252      0.000 4
 219  218     -0.181     -0.193      0.000 4
 218  215     -0.180     -0.938      0.000 4
  -1   -2     -0.167      0.489      0.000 4
 224  221     -0.160     -0.750      0.000 4
 223   -2     -0.160     -0.414      0.000 4
 226  222     -0.156      0.020      0.000 4
 227  223     -0.148      0.411      0.000 4
 228  225     -0.142     -1.116      0.000 4
 230  227     -0.129     -0.262      0.000 4
 231  226     -0.124      0.983      0.000 4
  -1   -2     -0.108     -1.141      0.000 4
 233  229     -0.103      0.829      0.000 4
 234  230     -0.100     -0.063      0.000 4
  -1  231     -0.097     -0.797      0.000 4
 235  232     -0.096     -0.318      0.000 4
  -1   -2     -0.095     -0.293      0.000 4
 236  233     -0.086      0.228      0.000 4
 239  228     -0.080     -1.172      0.000 4
 238  234     -0.079     -1.055      0.000 4
 240  235     -0.076      0.927      0.000 4
 237  236     -0.069      0.395      0.000 4
 241  237     -0.067      0.057      0.000 4
 242  238     -0.053     -0.231      0.000 4
 245  240     -0.032      0.247      0.000 4
 248   -2     -0.023     -0.006      0.000 4
 246  243     -0.022      0.396      0.000 4
 244   -2     -0.019     -0.055      0.000 4
  -1  246     -0.014     -1.108      0.000 4
 249  245     -0.013      0.681      0.000 4
 250  247      0.027      0.445      0.000 4
  -1   -2      0.034     -1.112      0.000 4
  -1   -2      0.036      1.109      0.000 4
 251  248      0.040      1.056      0.000 4
 252  249      0.043      0.620      0.000 4
 253  250      0.048      0.108      0.000 4
  -1   -2      0.051      0.107      0.000 4
 255  252      0.053     -0.763      0.000 4
 256  251      0.055     -0.622      0.000 4
  -1   -2      0.058     -0.946      0.000 4
  -1   -2      0.059      0.837      0.000 4
  -1  253      0.061     -0.308      0.000 4
 258  254      0.070      0.311      0.000 4
 259  255      0.073     -1.108      0.000 4
 261  257      0.095      0.809      0.000 4
 262  258      0.097     -0.159      0.000 4
 270   -2      0.103     -0.990      0.000 4
 263  259      0.103     -1.167      0.000 4
  -1   -2      0.105      0.863      0.000 4
 265  261      0.117     -0.288      0.000 4
 264  262      0.118     -0.363      0.000 4
 266  263      0.132      1.072      0.000 4
 267  264      0.134     -1.073      0.000 4
  -1   -2      0.139     -0.426      0.000 4
 268  266      0.141      0.580      0.000 4
 271  269      0.173      0.728      0.000 4
 272  268      0.174      0.256      0.000 4
 273  270      0.179     -0.444      0.000 4
  -1   -2      0.185     -0.883      0.000 4
 274  271      0.195     -0.274      0.000 4
 275  272      0.201     -1.095      0.000 4
 276  273      0.212     -0.709      0.000 4
 278  274      0.226      0.044      0.000 4
 284  276      0.230      0.914      0.000 4
 279  275      0.230     -0.596      0.000 4
 281  278      0.236      0.667      0.000 4
 282  279      0.240      0.382      0.000 4
 283  281      0.255     -0.073      0.000 4
 286  282      0.266     -0.621      0.000 4
 288  283      0.271     -1.074      0.000 4
 291  285      0.275     -1.160      0.000 4
 289  284      0.281     -0.221      0.000 4
  -1   -2      0.289      1.073      0.000 4
  -1  294      0.297      0.109      0.000 4
 292  286      0.300     -0.581      0.000 4
 293  287      0.304      0.668      0.000 4
 294  289      0.308     -0.727      0.000 4
 295  290      0.308      0.857      0.000 4
 296  288      0.309      0.995      0.000 4
 297  291      0.318      0.792      0.000 4
  -1   -2      0.322     -1.128      0.000 4
 298  292      0.324      0.179      0.000 4
 299   -2      0.339      0.119      0.000 4
  -1   -2      0.341     -1.171      0.000 4
 300  295      0.344     -1.058      0.000 4
 301  296      0.359     -0.912      0.000 4
 302  300      0.365     -0.234      0.000 4
 306  297      0.374     -0.113      0.000 4
 307  303      0.375     -0.977      0.000 4
 309  305      0.385      0.050      0.000 4
 312  306      0.389      0.723      0.000 4
 313   -2      0.406     -0.725      0.000 4
 314  307      0.409     -0.574      0.000 4
 316  309      0.417     -0.262      0.000 4
 317  310      0.421     -0.869      0.000 4
 318  311      0.437     -1.126      0.000 4
 319  312      0.438      0.819      0.000 4
 320  313      0.449     -0.660      0.000 4
 323  315      0.462     -0.273      0.000 4
 324  318      0.466      0.621      0.000 4
  -1   -2      0.467     -0.765      0.000 4
 325  317      0.468     -0.313      0.000 4
 326  316      0.469      0.050      0.000 4
 327  319      0.479      1.090      0.000 4
 328  320      0.479     -0.480      0.000 4
 321  327      0.482     -1.165      0.000 4
 329  321      0.489      0.920      0.000 4
 330  324      0.490     -0.600      0.000 4
 331  325      0.495      0.209      0.000 4
 334   -2      0.505      0.745      0.000 4
 333  326      0.506      0.123      0.000 4
 336   -2      0.510      0.625      0.000 4
 337  328      0.511     -0.429      0.000 4
 338  329      0.516      0.661      0.000 4
 339  338      0.521      1.162      0.000 4
 340  330      0.522      0.816      0.000 4
  -1   -2      0.535     -1.078      0.000 4
 341  331      0.539     -0.609      0.000 4
 343  332      0.546      0.005      0.000 4
 342  333      0.546     -0.305      0.000 4
 344  352      0.554      1.019      0.000 4
  -1   -2      0.564      1.106      0.000 4
 345  334      0.566      0.368      0.000 4
  -1  335      0.567     -0.088      0.000 4
  -1  336      0.571     -0.735      0.000 4
 346  337      0.574     -0.471      0.000 4
 347   -2      0.587     -0.786      0.000 4
 348   -2      0.589      1.154      0.000 4
 349  348      0.592      0.525      0.000 4
 350  339      0.597      0.437      0.000 4
 351  340      0.598      0.389      0.000 4
 352   -2      0.604      0.223      0.000 4
 353  341      0.605     -0.262      0.000 4
 354  342      0.610      0.655      0.000 4
 361  343      0.612      0.150      0.000 4
 355  345      0.618     -0.988      0.000 4
 356  344      0.619     -0.020      0.000 4
  -1  347      0.621     -0.841      0.000 4
 357  353      0.630     -1.166      0.000 4
 358  350      0.634     -0.447      0.000 4
 360  351      0.641      0.548      0.000 4
  -1   -2      0.642     -0.746      0.000 4
 362  346      0.642      0.252      0.000 4
 363  356      0.666     -0.613      0.000 4
 365  357      0.675      0.785      0.000 4
 364  358      0.676     -0.709      0.000 4
  -1  355      0.684      0.516      0.000 4
 367  359      0.685     -0.915      0.000 4
 369  360      0.694      0.671      0.000 4
 371  362      0.706     -0.567      0.000 4
 373  364      0.727     -0.038      0.000 4
 372  365      0.728     -0.989      0.000 4
 375  366      0.744     -0.766      0.000 4
 378  367      0.751      0.605      0.000 4
 379  368      0.755     -0.333      0.000 4
 377  369      0.755     -1.039      0.000 4
 380  370      0.762      0.363      0.000 4
 381  371      0.763      0.393      0.000 4
 370  383      0.770     -0.402      0.000 4
 386  375      0.776      0.719      0.000 4
 376  376      0.776      0.054      0.000 4
 385  373      0.786      0.955      0.000 4
 384  377      0.794     -0.621      0.000 4
 388  379      0.800      0.529      0.000 4
 390  378      0.800      0.651      0.000 4
 392  381      0.804     -0.141      0.000 4
  -1  380      0.805     -0.978      0.000 4
  -1   -2      0.811      1.119      0.000 4
 393  384      0.811      0.870      0.000 4
 389   -2      0.812      0.966      0.000 4
 395  387      0.821     -1.093      0.000 4
 402  372      0.833     -1.155      0.000 4
 397  388      0.833      0.359      0.000 4
 396  389      0.835     -0.765      0.000 4
 398  390      0.837     -1.036      0.000 4
 399  391      0.842     -0.591      0.000 4
 400  392      0.853     -0.337      0.000 4
 391   -2      0.860     -0.845      0.000 4
  -1   -2      0.868     -0.065      0.000 4
 403  396      0.881     -0.024      0.000 4
 404  397      0.886      1.052      0.000 4
 405  398      0.893     -0.776      0.000 4
 406  399      0.910      1.152      0.000 4
  -1   -2      0.915      1.053      0.000 4
  -1   -2      0.920     -0.086      0.000 4
 407  400      0.931     -0.881      0.000 4
  -1  403      0.940      0.749      0.000 4
 409  402      0.940      0.677      0.000 4
 410  401      0.943      0.197      0.000 4
 411  404      0.948     -0.607      0.000 4
  -1  395      0.950     -1.162      0.000 4
 412   -2      0.952     -0.665      0.000 4
 413  406      0.956     -0.818      0.000 4
 414  407      0.963      1.032      0.000 4
 426  408      0.970      0.920      0.000 4
  -1  410      0.973      0.961      0.000 4
  -1   -2      0.974     -0.909      0.000 4
  -1  411      0.976     -0.102      0.000 4
 415  409      0.978     -0.043      0.000 4
 418   -2      0.980      0.508      0.000 4
 417  412      0.981      0.748      0.000 4
 419  414      0.996      0.297      0.000 4
 420  415      0.998      0.255      0.000 4
  -1  413      1.002      0.410      0.000 4
  -1  416      1.008     -0.738      0.000 4
 421  417      1.014     -0.480      0.000 4
 422  418      1.018     -0.572      0.000 4
 423  419      1.032     -0.076      0.000 4
 424  420      1.035     -0.887      0.000 4
 442  405      1.039     -0.288      0.000 4
 427  422      1.062      0.042      0.000 4
 428  426      1.074     -1.170      0.000 4
 439   -2      1.075      0.657      0.000 4
 438  421      1.089     -0.366      0.000 4
 431  427      1.091      0.606      0.000 4
 430  428      1.093     -0.665      0.000 4
  -1   -2      1.098     -0.229      0.000 4
 432  431      1.099     -1.083      0.000 4
 434  429      1.100      0.558      0.000 4
 437  430      1.103      0.106      0.000 4
 435  432      1.104      1.032      0.000 4
 440  433      1.111     -0.269      0.000 4
  -1   -2      1.111      0.058      0.000 4
  -1   -2      1.123      0.431      0.000 4
 443  435      1.130      0.351      0.000 4
 444   -2      1.137     -0.030      0.000 4
 446   -2      1.148     -0.213      0.000 4
 445  437      1.150     -0.755      0.000 4
 448  438      1.161     -0.995      0.000 4
  -1   -2      1.162     -0.952      0.000 4
 449  439      1.168      0.175      0.000 4
 450  440      1.171     -0.906      0.000 4
  -1  441      1.172     -0.412      0.000 4
 451  442      1.176      0.924      0.000 4
  -1  444      1.187      0.322      0.000 4
 453  443      1.191      0.466      0.000 4
 447  452      1.198      1.006      0.000 4
 455  450      1.199     -1.145      0.000 4
 457  446      1.211     -0.101      0.000 4
 456  447      1.212      0.402      0.000 4
 462  436      1.214     -0.497      0.000 4
 458  448      1.215      0.801      0.000 4
 459  449      1.223     -0.684      0.000 4
 461  451      1.231      0.632      0.000 4
  -1   -2      1.241     -0.455      0.000 4
 463   -2      1.242      1.032      0.000 4
 465  455      1.256     -0.077      0.000 4
 466  456      1.287      0.985      0.000 4
  -1  457      1.291     -0.959      0.000 4
 467   -2      1.291     -1.166      0.000 4
  -1   -2      1.291     -0.061      0.000 4
 468  458      1.293     -0.654      0.000 4
 472  460      1.299      0.209      0.000 4
 471  461      1.303      0.038      0.000 4
  -1   -2      1.308      0.891      0.000 4
 475  462      1.314     -0.516      0.000 4
 476  463      1.323      1.041      0.000 4
  -1  464      1.329      0.728      0.000 4
 477  465      1.335     -0.685      0.000 4
 479  467      1.368     -0.669      0.000 4
 481  468      1.368     -0.763      0.000 4
 480  469      1.369     -1.146      0.000 4
 482  476      1.372     -0.168      0.000 4
 484  471      1.417     -1.169      0.000 4
  -1   -2      1.418      0.596      0.000 4
  -1   -2      1.449      0.187      0.000 4
 488  477      1.462      0.418      0.000 4
 490  479      1.467     -0.681      0.000 4
 491  480      1.473     -0.537      0.000 4
 492  481      1.476     -0.611      0.000 4
 493  482      1.486     -0.418      0.000 4
 489  485      1.503      0.489      0.000 4
 495  484      1.507     -0.997      0.000 4
 496  486      1.511     -0.695      0.000 4
 497   -2      1.515     -1.169      0.000 4
 498  487      1.527      0.150      0.000 4
 500  489      1.568     -0.456      0.000 4
 501  490      1.573     -0.376      0.000 4
