499
   0    0     -1.566     -0.025      0.000 4
   1    1     -1.565      0.848      0.000 4
   2    2     -1.556      0.258      0.000 4
   4    3     -1.545      0.802      0.000 4
  18   -2     -1.530     -1.036      0.000 4
   5   19     -1.525     -0.121      0.000 4
   6    5     -1.507      0.219      0.000 4
  -1    6     -1.501      0.320      0.000 4
   8   -2     -1.490      0.519      0.000 4
   7    9     -1.490      0.274      0.000 4
   9    8     -1.488     -0.728      0.000 4
  12   10     -1.484      0.855      0.000 4
  11   12     -1.483      0.646      0.000 4
  13   11     -1.481     -0.283      0.000 4
  -1   29     -1.480     -1.165      0.000 4
  14   13     -1.480      0.405      0.000 4
  16   15     -1.465      1.000      0.000 4
  17   16     -1.459      0.155      0.000 4
  -1   -2     -1.452      0.563      0.000 4
  19   18     -1.446     -0.593      0.000 4
  20   20     -1.432      0.480      0.000 4
  23   22     -1.426     -0.337      0.000 4
  22   23     -1.424      0.337      0.000 4
  25   25     -1.414      0.698      0.000 4
  27   26     -1.387     -0.375      0.000 4
  28   27     -1.383      0.281      0.000 4
  29   -2     -1.378     -0.842      0.000 4
  -1   28     -1.377      0.843      0.000 4
  30   30     -1.374      0.630      0.000 4
  31   32     -1.371      0.067      0.000 4
  32   31     -1.368      1.099      0.000 4
  33   33     -1.359     -0.883      0.000 4
  34   35     -1.356      0.600      0.000 4
  36   36     -1.353     -1.026      0.000 4
  -1   -2     -1.352     -1.160      0.000 4
  38   38     -1.328      1.018      0.000 4
  39   39     -1.325     -1.125      0.000 4
  40   -2     -1.323      1.072      0.000 4
  42   -2     -1.322      0.685      0.000 4
  41   40     -1.321      0.915      0.000 4
  -1   -2     -1.317     -0.977      0.000 4
  43   41     -1.317     -0.003      0.000 4
  45   42     -1.302     -0.805      0.000 4
  44   43     -1.302      0.167      0.000 4
  46   -2     -1.297     -0.226      0.000 4
  -1   44     -1.286     -0.831      0.000 4
  47   45     -1.286     -0.328      0.000 4
  48   48     -1.275      0.546      0.000 4
  49   46     -1.274      0.645      0.000 4
  50   47     -1.273     -0.971      0.000 4
  -1   -2     -1.265      0.136      0.000 4
  51   -2     -1.260     -0.424      0.000 4
  52   49     -1.260     -0.616      0.000 4
  54   50     -1.253      0.388      0.000 4
  56   52     -1.242     -0.518      0.000 4
  57   51     -1.241      0.986      0.000 4
  -1   -2     -1.239     -1.169      0.000 4
  58   53     -1.233     -0.825      0.000 4
  59   -2     -1.229      0.503      0.000 4
  -1   -2     -1.209     -0.766      0.000 4
  62   55     -1.202     -1.115      0.000 4
  61   56     -1.199      0.820      0.000 4
  64   54     -1.196     -0.635      0.000 4
  63   -2     -1.193     -0.121      0.000 4
  65   58     -1.187     -1.078      0.000 4
  -1   59     -1.174      0.608      0.000 4
  66   61     -1.167      0.717      0.000 4
  67   60     -1.166     -0.843      0.000 4
  68   64     -1.155      0.990      0.000 4
  70   67     -1.142      0.622      0.000 4
  71   65     -1.142     -1.091      0.000 4
  72   68     -1.125     -0.344      0.000 4
  73   70     -1.115      0.397      0.000 4
  74   69     -1.115      1.031      0.000 4
  75   71     -1.108     -1.015      0.000 4
  76   72     -1.105     -1.057      0.000 4
  77   74     -1.098      0.641      0.000 4
  -1   75     -1.082      0.058      0.000 4
  78   77     -1.078     -0.103      0.000 4
  79   76     -1.077     -0.371      0.000 4
  80   78     -1.068     -0.475      0.000 4
  82   80     -1.056     -0.280      0.000 4
  84   81     -1.052      0.797      0.000 4
  83   82     -1.048      0.393      0.000 4
  85   -2     -1.043      0.259      0.000 4
  92   -2     -1.040     -0.768      0.000 4
  87   83     -1.035     -1.051      0.000 4
  -1   -2     -1.031     -1.155      0.000 4
  88   84     -1.029      0.475      0.000 4
  89   85     -1.018     -0.857      0.000 4
  90   86     -1.013     -0.159      0.000 4
  91   88     -1.005      0.575      0.000 4
  94   89     -1.000      0.386      0.000 4
  95   91     -0.995      0.187      0.000 4
  96   90     -0.994      1.020      0.000 4
  -1   -2     -0.994      0.267      0.000 4
  98   92     -0.989      0.907      0.000 4
  99   94     -0.984     -0.430      0.000 4
  97   93     -0.983     -0.217      0.000 4
 101   97     -0.970      1.056      0.000 4
 103   98     -0.959      0.337      0.000 4
  -1   -2     -0.952      0.440      0.000 4
 104  100     -0.951      0.775      0.000 4
 105  101     -0.941     -0.935      0.000 4
 106  103     -0.909      1.083      0.000 4
 108  105     -0.902      0.569      0.000 4
 109  106     -0.892      0.305      0.000 4
  -1  107     -0.889      0.901      0.000 4
 110  104     -0.887     -1.091      0.000 4
 111  109     -0.881     -0.088      0.000 4
 113  110     -0.862     -0.740      0.000 4
 112  111     -0.859      0.691      0.000 4
 114  112     -0.848     -0.612      0.000 4
  -1   -2     -0.845     -1.087      0.000 4
 115  113     -0.842     -0.690      0.000 4
 116  128     -0.830     -0.443      0.000 4
  -1   -2     -0.829     -1.164      0.000 4
 117  114     -0.827     -0.136      0.000 4
 119  115     -0.822      1.089      0.000 4
 118  117     -0.818     -0.216      0.000 4
 121  118     -0.811      0.736      0.000 4
  -1  126     -0.805      0.329      0.000 4
 122  121     -0.800     -0.011      0.000 4
  -1  123     -0.794      0.445      0.000 4
 123  122     -0.791      0.819      0.000 4
  -1  120     -0.789     -0.043      0.000 4
 125  124     -0.786      0.992      0.000 4
 127  125     -0.782     -0.799      0.000 4
 124  127     -0.777      0.258      0.000 4
 128  129     -0.775     -0.753      0.000 4
 130  132     -0.770      0.396      0.000 4
 131  130     -0.770      0.887      0.000 4
 126   -2     -0.762      0.313      0.000 4
  -1  131     -0.749     -0.925      0.000 4
 135  135     -0.740     -0.449      0.000 4
 134  136     -0.740     -0.059      0.000 4
 133  133     -0.739     -0.962      0.000 4
  -1  134     -0.736     -1.010      0.000 4
 137  137     -0.734     -0.785      0.000 4
 138  139     -0.724      0.039      0.000 4
  -1  138     -0.723      0.982      0.000 4
  -1   -2     -0.718      0.338      0.000 4
 143  144     -0.695      1.119      0.000 4
 141  141     -0.694      0.138      0.000 4
 142  142     -0.692     -0.154      0.000 4
  -1   -2     -0.685     -0.494      0.000 4
 144   -2     -0.681      1.064      0.000 4
 145  145     -0.677     -0.563      0.000 4
 146  146     -0.677      1.011      0.000 4
  -1   -2     -0.674     -0.691      0.000 4
 129  171     -0.664     -1.172      0.000 4
 147  150     -0.661     -0.106      0.000 4
 148  149     -0.660     -0.656      0.000 4
 149  148     -0.654      0.732      0.000 4
 151  151     -0.651     -1.086      0.000 4
 152  153     -0.644      1.148      0.000 4
 155  152     -0.641      0.162      0.000 4
 153  154     -0.640      0.065      0.000 4
 156  155     -0.628     -1.118      0.000 4
 157  156     -0.628     -1.006      0.000 4
 158  159     -0.616     -0.771      0.000 4
 160  160     -0.609     -0.312      0.000 4
 161  162     -0.597      0.892      0.000 4
 162  163     -0.587     -0.436      0.000 4
 163   -2     -0.583     -0.924      0.000 4
 164  165     -0.580     -0.517      0.000 4
 166  166     -0.575     -0.778      0.000 4
 165  167     -0.574     -0.284      0.000 4
 168  168     -0.562      0.412      0.000 4
 167  164     -0.562     -1.097      0.000 4
 169   -2     -0.557      0.636      0.000 4
 172  169     -0.553      1.061      0.000 4
 171  170     -0.549      0.042      0.000 4
 174  172     -0.537      0.349      0.000 4
 175  173     -0.528     -0.520      0.000 4
 176  175     -0.517     -0.241      0.000 4
 178  176     -0.515      0.548      0.000 4
 179  177     -0.514      0.483      0.000 4
 180  178     -0.512      0.682      0.000 4
 181  179     -0.511      0.272      0.000 4
  -1   -2     -0.486     -0.299      0.000 4
 182  180     -0.478      0.983      0.000 4
 183  181     -0.474      0.080      0.000 4
 184  182     -0.468     -0.687      0.000 4
 185  183     -0.467      0.189      0.000 4
 186  188     -0.464     -1.167      0.000 4
  -1   -2     -0.449     -0.823      0.000 4
 187  184     -0.448     -0.056      0.000 4
 188  185     -0.439     -0.960      0.000 4
  -1   -2     -0.438     -0.786      0.000 4
 189  189     -0.433     -0.136      0.000 4
 191  190     -0.428     -0.296      0.000 4
 192  191     -0.419     -0.851      0.000 4
 193  193     -0.412      0.459      0.000 4
 195  195     -0.392      0.763      0.000 4
 197  196     -0.387     -0.523      0.000 4
 198  197     -0.381     -0.616      0.000 4
 199  198     -0.376     -0.973      0.000 4
  -1  199     -0.375      0.524      0.000 4
 200  200     -0.373      0.327      0.000 4
 201  202     -0.368     -0.195      0.000 4
 202  201     -0.368      1.077      0.000 4
 205  204     -0.359      0.740      0.000 4
 204  203     -0.359     -0.683      0.000 4
  -1   -2     -0.356     -0.757      0.000 4
  -1  205     -0.356     -1.081      0.000 4
 206  206     -0.351     -0.300      0.000 4
 207  207     -0.350      1.005      0.000 4
  -1   -2     -0.349      0.924      0.000 4
 209  209     -0.342     -0.265      0.000 4
 210  210     -0.336      0.889      0.000 4
 212   -2     -0.328      0.526      0.000 4
  -1   -2     -0.312     -0.806      0.000 4
 213  211     -0.306     -0.589      0.000 4
 214  212     -0.300     -0.946      0.000 4
 216  213     -0.291     -0.999      0.000 4
 217  214     -0.289      0.812      0.000 4
 218  215     -0.285     -0.769      0.000 4
  -1  216     -0.283      0.549      0.000 4
 220  220     -0.276     -1.170      0.000 4
 219  217     -0.274      0.303      0.000 4
 221  218     -0.267     -1.087      0.000 4
  -1  219     -0.265     -0.487      0.000 4
  -1  221     -0.250     -0.203      0.000 4
 222  222     -0.239      0.421      0.000 4
  -1   -2     -0.237      0.881      0.000 4
  -1   -2     -0.230      1.039      0.000 4
 224  225     -0.230     -0.693      0.000 4
 223  226     -0.229     -0.415      0.000 4
 225  227     -0.226     -1.093      0.000 4
 226   -2     -0.209      0.124      0.000 4
 228   -2     -0.199      0.340      0.000 4
 229  228     -0.192      0.726      0.000 4
 230  229     -0.183     -0.819      0.000 4
 232   -2     -0.152      0.024      0.000 4
 234  232     -0.149      0.069      0.000 4
 235  240     -0.148     -0.900      0.000 4
  -1  234     -0.145     -0.797      0.000 4
 237  235     -0.144     -0.275      0.000 4
 236  246     -0.142     -1.120      0.000 4
 240  236     -0.132     -1.042      0.000 4
 242  238     -0.117     -0.196      0.000 4
 243  239     -0.112      0.494      0.000 4
 238  247     -0.109     -0.671      0.000 4
 244  241     -0.105      0.391      0.000 4
 247  242     -0.101      1.119      0.000 4
 246  243     -0.101      0.635      0.000 4
  -1  244     -0.094     -0.843      0.000 4
 248  245     -0.091     -0.095      0.000 4
 249   -2     -0.086      0.331      0.000 4
 254  248     -0.068     -1.154      0.000 4
 252  250     -0.063     -0.171      0.000 4
 251  249     -0.063      0.226      0.000 4
  -1   -2     -0.055     -1.151      0.000 4
 250  251     -0.047     -0.339      0.000 4
 256  252     -0.045      0.354      0.000 4
 257  253     -0.041      0.597      0.000 4
 258   -2     -0.028      0.769      0.000 4
 259  254     -0.019     -0.016      0.000 4
 260  256     -0.017      0.124      0.000 4
 261   -2     -0.003     -0.530      0.000 4
 262  257      0.009      0.578      0.000 4
 263  258      0.012      0.998      0.000 4
 264  259      0.016      0.316      0.000 4
 265  260      0.032      0.375      0.000 4
 266  261      0.034      0.040      0.000 4
  -1  270      0.041     -0.247      0.000 4
 267  262      0.041      0.586      0.000 4
 268  263      0.054      0.335      0.000 4
 269  265      0.062      0.921      0.000 4
  -1  266      0.062     -0.056      0.000 4
 271  267      0.063      0.665      0.000 4
 270  264      0.066     -1.096      0.000 4
 273  269      0.071      0.806      0.000 4
 274  268      0.077     -0.938      0.000 4
 275   -2      0.082      1.158      0.000 4
 276  272      0.098      0.146      0.000 4
  -1   -2      0.099     -0.547      0.000 4
 277  273      0.108      0.457      0.000 4
 279  274      0.112      0.100      0.000 4
 288  275      0.113     -1.167      0.000 4
 280  276      0.125     -0.068      0.000 4
 284  277      0.135      0.866      0.000 4
 286  280      0.149      1.062      0.000 4
 285  279      0.150     -0.498      0.000 4
 287  281      0.150     -0.613      0.000 4
  -1  282      0.157     -0.691      0.000 4
 289  283      0.168     -0.274      0.000 4
 290  284      0.170     -0.101      0.000 4
 292  285      0.175      0.368      0.000 4
  -1  286      0.188     -0.712      0.000 4
 295   -2      0.198      1.092      0.000 4
 294  287      0.201      0.982      0.000 4
 296  289      0.209      0.567      0.000 4
 298  290      0.213      0.020      0.000 4
 299  291      0.215     -1.029      0.000 4
  -1   -2      0.221     -0.315      0.000 4
 301  294      0.226     -0.899      0.000 4
 300  293      0.226     -0.583      0.000 4
 302  295      0.236     -0.164      0.000 4
 305  296      0.248      0.983      0.000 4
  -1  297      0.254      0.126      0.000 4
 304  298      0.255     -0.671      0.000 4
 320  299      0.259     -0.382      0.000 4
 307   -2      0.259     -0.916      0.000 4
 309  300      0.269      0.741      0.000 4
 311  303      0.269      1.129      0.000 4
 310  302      0.270      0.243      0.000 4
 314  304      0.276     -0.859      0.000 4
 312   -2      0.278     -0.162      0.000 4
 313  305      0.280      0.160      0.000 4
 317  307      0.292     -1.170      0.000 4
  -1  306      0.295      0.596      0.000 4
 318  308      0.311      0.046      0.000 4
 319  310      0.313     -0.209      0.000 4
  -1   -2      0.317     -0.409      0.000 4
 322  313      0.321      1.034      0.000 4
 340   -2      0.350      1.082      0.000 4
  -1  317      0.352     -0.421      0.000 4
 323  319      0.366      0.050      0.000 4
  -1  320      0.368      0.238      0.000 4
 324  321      0.372     -0.822      0.000 4
 326  322      0.376      0.295      0.000 4
 327  323      0.386     -0.423      0.000 4
 329  324      0.387     -0.990      0.000 4
 328  325      0.387      0.165      0.000 4
  -1  326      0.408      0.914      0.000 4
 332  328      0.419     -0.900      0.000 4
 333  327      0.420     -0.007      0.000 4
 334  329      0.421     -0.683      0.000 4
 338  331      0.441     -0.617      0.000 4
  -1   -2      0.443     -0.152      0.000 4
 335  340      0.449     -1.124      0.000 4
 337   -2      0.451      0.750      0.000 4
 343  336      0.455     -0.442      0.000 4
 342  337      0.461      0.320      0.000 4
  -1  338      0.466     -0.677      0.000 4
 346  339      0.472     -0.035      0.000 4
 345  335      0.483      0.690      0.000 4
  -1  341      0.484      0.919      0.000 4
 350  342      0.488     -0.806      0.000 4
 351  343      0.494     -0.366      0.000 4
  -1  346      0.494     -0.172      0.000 4
 353  345      0.494      0.775      0.000 4
 354  348      0.499     -0.632      0.000 4
 355  349      0.503     -0.973      0.000 4
 356   -2      0.519      0.331      0.000 4
 358  351      0.537     -0.921      0.000 4
 359  352      0.539     -0.585      0.000 4
  -1   -2      0.540      0.858      0.000 4
 360  353      0.549     -0.046      0.000 4
 362  354      0.556     -0.445      0.000 4
 364  356      0.558      0.920      0.000 4
  -1  357      0.559     -0.967      0.000 4
 365  358      0.567      0.554      0.000 4
 366  359      0.570      1.050      0.000 4
  -1  360      0.576     -0.257      0.000 4
 367  361      0.586      0.330      0.000 4
 368   -2      0.587      0.825      0.000 4
 370  362      0.598     -0.751      0.000 4
  -1   -2      0.615      0.560      0.000 4
 372  364      0.616      0.496      0.000 4
 361  373      0.617     -1.159      0.000 4
 373  365      0.619     -0.685      0.000 4
 374  368      0.625     -0.845      0.000 4
 378  369      0.639      0.949      0.000 4
 375  370      0.639      0.865      0.000 4
 376   -2      0.640     -0.460      0.000 4
 377  372      0.646     -0.498      0.000 4
  -1   -2      0.680      0.145      0.000 4
 381   -2      0.684     -1.037      0.000 4
 392   -2      0.698     -0.450      0.000 4
 383  377      0.699     -0.379      0.000 4
 386  379      0.701     -0.865      0.000 4
 384  374      0.702     -0.063      0.000 4
 387  376      0.707      0.281      0.000 4
 388  380      0.716      1.089      0.000 4
 389  381      0.727     -0.995      0.000 4
 391  382      0.742      0.344      0.000 4
 390  383      0.743      0.395      0.000 4
 393  384      0.750     -0.644      0.000 4
 394  385      0.753      0.648      0.000 4
 395   -2      0.759     -0.201      0.000 4
  -1  389      0.765     -1.104      0.000 4
  -1  390      0.774      0.856      0.000 4
  -1  386      0.776      1.059      0.000 4
 397  387      0.799     -0.038      0.000 4
 398   -2      0.803      0.913      0.000 4
 399  388      0.811      0.095      0.000 4
  -1   -2      0.821      0.624      0.000 4
 401   -2      0.825     -0.876      0.000 4
 404  393      0.839      0.167      0.000 4
 402  392      0.840     -0.795      0.000 4
 403  411      0.846     -0.200      0.000 4
 405  394      0.850     -1.069      0.000 4
  -1   -2      0.853     -0.153      0.000 4
 408  400      0.858     -0.273      0.000 4
 409  396      0.859      0.428      0.000 4
 410  395      0.861      0.660      0.000 4
 412  401      0.867      0.715      0.000 4
 400  408      0.868     -1.157      0.000 4
  -1  402      0.869      0.774      0.000 4
 415  405      0.877      1.073      0.000 4
 414  404      0.880     -0.455      0.000 4
 416  406      0.895      0.236      0.000 4
 418   -2      0.902     -1.005      0.000 4
 419  410      0.905     -0.543      0.000 4
 420  412      0.911     -0.802      0.000 4
 423  419      0.920     -0.871      0.000 4
 424   -2      0.928      0.029      0.000 4
 425  413      0.929      0.529      0.000 4
 426  415      0.931     -0.253      0.000 4
  -1  417      0.931     -1.001      0.000 4
 427  414      0.933     -0.152      0.000 4
 429  416      0.936     -1.080      0.000 4
 430   -2      0.941     -0.700      0.000 4
 431  420      0.947      0.459      0.000 4
 439   -2      0.971     -0.881      0.000 4
 433  422      0.972     -0.035      0.000 4
 434  423      0.979     -0.239      0.000 4
 435  424      0.981     -1.117      0.000 4
 440  426      1.003     -0.588      0.000 4
 441  427      1.008     -0.322      0.000 4
  -1  429      1.018     -0.004      0.000 4
 444  425      1.030      0.719      0.000 4
  -1  430      1.031      0.260      0.000 4
 443   -2      1.037      0.277      0.000 4
  -1  431      1.037      0.591      0.000 4
 445  432      1.039      0.838      0.000 4
 446   -2      1.044     -0.884      0.000 4
 448  433      1.055      0.101      0.000 4
 447  435      1.058      0.973      0.000 4
 449  436      1.070     -1.167      0.000 4
  -1   -2      1.079      0.637      0.000 4
 450  437      1.080     -0.640      0.000 4
  -1  438      1.082     -0.329      0.000 4
 453  439      1.110      1.031      0.000 4
 454  441      1.112     -0.966      0.000 4
 455  440      1.116      0.716      0.000 4
 462   -2      1.137     -1.176      0.000 4
 452  442      1.138     -0.539      0.000 4
 456  443      1.138     -0.766      0.000 4
 458   -2      1.140      0.268      0.000 4
 459  445      1.155      1.029      0.000 4
 460  444      1.155      0.879      0.000 4
 461  446      1.158     -1.069      0.000 4
  -1  450      1.170      0.555      0.000 4
 463   -2      1.173      0.962      0.000 4
 464  451      1.183      0.285      0.000 4
 465   -2      1.186     -0.354      0.000 4
 466  452      1.198     -0.486      0.000 4
  -1   -2      1.209      0.560      0.000 4
 467  454      1.221      0.391      0.000 4
 469  456      1.227     -0.549      0.000 4
 470  455      1.228      0.991      0.000 4
  -1  457      1.231      0.818      0.000 4
  -1   -2      1.239     -1.100      0.000 4
  -1   -2      1.240     -1.138      0.000 4
 471   -2      1.253     -0.489      0.000 4
 473  461      1.284     -1.173      0.000 4
 477  458      1.284     -0.462      0.000 4
 474   -2      1.297      0.726      0.000 4
 476  462      1.304     -0.542      0.000 4
 478  463      1.333      0.177      0.000 4
 479  465      1.343     -1.047      0.000 4
 481  466      1.366      1.078      0.000 4
 480  468      1.367     -0.905      0.000 4
 482  467      1.368     -0.212      0.000 4
 483  469      1.375     -0.316      0.000 4
 484  471      1.376      0.239      0.000 4
 485  470      1.378      0.509      0.000 4
 486  472      1.385     -0.958      0.000 4
 488  473      1.394     -0.372      0.000 4
 487  474      1.394     -0.432      0.000 4
 489  475      1.410     -0.909      0.000 4
 490  476      1.412      0.569      0.000 4
  -1   -2      1.417     -0.160      0.000 4
  -1   -2      1.420     -1.161      0.000 4
 492  478      1.443      0.268      0.000 4
  -1   -2      1.446     -1.012      0.000 4
 493  479      1.446      0.801      0.000 4
 498  485      1.473     -0.036      0.000 4
 497  484      1.474     -0.711      0.000 4
 500  486      1.480     -0.179      0.000 4
 504  481      1.485     -1.083      0.000 4
 501  487      1.486      0.417      0.000 4
 502  489      1.498      0.078      0.000 4
 503  490      1.506     -0.702      0.000 4
 505  493      1.521      0.683      0.000 4
 506  492      1.522      0.565      0.000 4
 507  494      1.527      1.063      0.000 4
 509  496      1.537     -0.574      0.000 4
 508  495      1.538      0.368      0.000 4
 511  497      1.543      0.763      0.000 4
 513  499      1.544     -0.880      0.000 4
 510   -2      1.544      0.106      0.000 4
 512  498      1.546     -0.996      0.000 4
 514  502      1.558     -0.773      0.000 4
 515  503      1.561      1.106      0.000 4
