502
   9   -2     -1.547      0.998      0.000 4
   0   -2     -1.538      0.235      0.000 4
   1   -2     -1.537      0.346      0.000 4
   2    2     -1.527      0.297      0.000 4
   3    3     -1.521      0.562      0.000 4
   4    4     -1.516      0.438      0.000 4
   5    6     -1.511      0.697      0.000 4
   7    5     -1.509     -1.097      0.000 4
   6    7     -1.507     -0.316      0.000 4
   8    8     -1.498      0.163      0.000 4
  -1   10     -1.492     -0.419      0.000 4
  11   12     -1.467      1.058      0.000 4
  12   13     -1.466      0.521      0.000 4
  10   14     -1.465      0.364      0.000 4
  20   18     -1.459     -0.322      0.000 4
  15   17     -1.454     -0.645      0.000 4
  14   -2     -1.448     -0.374      0.000 4
  19   19     -1.440     -1.021      0.000 4
  17   20     -1.439      0.746      0.000 4
  18   22     -1.432      0.301      0.000 4
  21   24     -1.421      0.798      0.000 4
  24   25     -1.416     -0.412      0.000 4
  22   26     -1.415      0.067      0.000 4
  -1   27     -1.409     -0.229      0.000 4
  25   28     -1.409      0.673      0.000 4
  -1   32     -1.374     -1.128      0.000 4
  28   -2     -1.373     -0.894      0.000 4
  30   33     -1.367     -0.009      0.000 4
  -1   -2     -1.359      1.149      0.000 4
  31   34     -1.355      0.177      0.000 4
  34   35     -1.350     -0.932      0.000 4
  32   37     -1.346      0.728      0.000 4
  38   38     -1.331     -1.075      0.000 4
  36   39     -1.329      0.962      0.000 4
  37   41     -1.326     -0.361      0.000 4
  39   40     -1.322      0.922      0.000 4
  41   42     -1.316      0.584      0.000 4
  -1   -2     -1.308     -1.036      0.000 4
  43   47     -1.293     -0.863      0.000 4
  -1   -2     -1.292     -0.454      0.000 4
  46   49     -1.271     -0.653      0.000 4
  47   50     -1.266     -0.550      0.000 4
  48   52     -1.256     -1.015      0.000 4
  40   -2     -1.246      1.027      0.000 4
  51   56     -1.230     -0.865      0.000 4
  -1   -2     -1.230     -1.173      0.000 4
  53   58     -1.222      0.856      0.000 4
  54   59     -1.209     -0.667      0.000 4
  55   60     -1.204     -1.089      0.000 4
  56   61     -1.201      0.746      0.000 4
  57   62     -1.190      0.655      0.000 4
  58   63     -1.176      0.414      0.000 4
  52   -2     -1.174     -1.161      0.000 4
  61   65     -1.166     -0.896      0.000 4
  62   68     -1.164     -0.856      0.000 4
  64   67     -1.163     -1.115      0.000 4
  63   69     -1.162      1.047      0.000 4
  -1   70     -1.150     -0.435      0.000 4
  66   71     -1.140      0.668      0.000 4
  65   72     -1.138     -0.111      0.000 4
  67   73     -1.122     -0.386      0.000 4
  68   74     -1.116      1.060      0.000 4
  69   76     -1.110      0.408      0.000 4
  70   75     -1.110     -0.490      0.000 4
  71   77     -1.108     -0.291      0.000 4
  72   79     -1.086      0.488      0.000 4
  73   78     -1.086     -1.087      0.000 4
  74   80     -1.081      0.819      0.000 4
  75   81     -1.074     -0.165      0.000 4
  78   -2     -1.066     -1.164      0.000 4
  76   83     -1.065      0.197      0.000 4
  77   82     -1.064      0.397      0.000 4
  79   -2     -1.054     -0.677      0.000 4
  80   86     -1.053      0.590      0.000 4
  82   -2     -1.044     -0.753      0.000 4
  81   88     -1.044     -0.224      0.000 4
  84   89     -1.026     -0.440      0.000 4
  83   90     -1.025      0.344      0.000 4
  85   91     -1.017     -0.881      0.000 4
  86   95     -1.014     -1.079      0.000 4
  87   92     -1.005      0.924      0.000 4
  88   93     -0.999      1.040      0.000 4
  89   87     -0.994     -0.681      0.000 4
  91   -2     -0.994      0.789      0.000 4
  90   94     -0.982     -0.589      0.000 4
  -1   -2     -0.979     -0.951      0.000 4
  -1   -2     -0.978     -1.018      0.000 4
  93   97     -0.967      1.067      0.000 4
  92   98     -0.963      0.311      0.000 4
  94   99     -0.952      0.575      0.000 4
  97  102     -0.944      0.507      0.000 4
  98  103     -0.937     -0.954      0.000 4
  -1   -2     -0.915     -0.308      0.000 4
  99  105     -0.912      0.902      0.000 4
 100  106     -0.908      1.094      0.000 4
 101  108     -0.901      0.695      0.000 4
 102  107     -0.895     -1.158      0.000 4
 103  109     -0.893     -0.135      0.000 4
  -1  118     -0.881      0.474      0.000 4
 104  113     -0.880     -0.215      0.000 4
 105  111     -0.879     -0.747      0.000 4
 106  112     -0.876     -0.616      0.000 4
 107  115     -0.876     -0.052      0.000 4
 112   -2     -0.872      0.331      0.000 4
 109  116     -0.871     -0.010      0.000 4
 110  117     -0.862     -0.697      0.000 4
 114  121     -0.850      0.737      0.000 4
 111  122     -0.848      0.430      0.000 4
 115  120     -0.839      0.288      0.000 4
 116   -2     -0.834      0.392      0.000 4
 118  123     -0.831     -1.089      0.000 4
 119  124     -0.826      1.046      0.000 4
 121  125     -0.822      1.093      0.000 4
 120  126     -0.818      0.813      0.000 4
 122  128     -0.809     -0.055      0.000 4
 124  133     -0.800     -0.793      0.000 4
  -1   -2     -0.797      0.380      0.000 4
 126  129     -0.794      0.992      0.000 4
 125  132     -0.794      0.037      0.000 4
 127  130     -0.793      0.883      0.000 4
 128  131     -0.792     -0.754      0.000 4
  -1  134     -0.785     -0.441      0.000 4
 130  137     -0.764      0.139      0.000 4
  -1  136     -0.759     -1.078      0.000 4
 131  139     -0.756     -0.145      0.000 4
 135  138     -0.746     -0.945      0.000 4
 134  142     -0.738      0.973      0.000 4
 123   -2     -0.729     -1.008      0.000 4
 142  149     -0.727      0.764      0.000 4
 136  145     -0.727     -0.101      0.000 4
 133  146     -0.718     -1.167      0.000 4
  -1  159     -0.713     -0.273      0.000 4
 139  148     -0.711      0.066      0.000 4
 141  150     -0.710     -0.548      0.000 4
  -1  151     -0.705      0.865      0.000 4
 143  153     -0.694      0.716      0.000 4
  -1   -2     -0.688     -0.636      0.000 4
 147  156     -0.687      1.052      0.000 4
  -1  154     -0.687      0.427      0.000 4
 146  155     -0.687      1.001      0.000 4
 148  158     -0.679     -1.128      0.000 4
 149   -2     -0.674     -0.558      0.000 4
 144  157     -0.671     -0.665      0.000 4
 153   -2     -0.664     -0.298      0.000 4
 151   -2     -0.660      1.086      0.000 4
 154   -2     -0.642      1.134      0.000 4
 157  162     -0.633     -0.754      0.000 4
 158  161     -0.633     -1.067      0.000 4
 155  163     -0.629     -1.109      0.000 4
  -1  165     -0.629     -0.272      0.000 4
 129   -2     -0.629     -0.421      0.000 4
 161  166     -0.622     -0.993      0.000 4
 160  167     -0.620      0.873      0.000 4
  -1  168     -0.619      0.405      0.000 4
 159  169     -0.619     -0.499      0.000 4
 163  170     -0.619      0.047      0.000 4
  -1  173     -0.614     -0.225      0.000 4
 164  171     -0.597      0.340      0.000 4
 165  172     -0.591     -0.759      0.000 4
 169   -2     -0.579     -1.118      0.000 4
 166   -2     -0.573      0.265      0.000 4
 170  175     -0.566     -0.498      0.000 4
 171  176     -0.566      0.528      0.000 4
 172  174     -0.562      0.468      0.000 4
 162   -2     -0.560      1.036      0.000 4
 174  178     -0.554     -0.959      0.000 4
 175  179     -0.553      0.659      0.000 4
  -1   -2     -0.537     -1.084      0.000 4
 176  181     -0.534      0.081      0.000 4
 179  180     -0.533      1.154      0.000 4
 178  182     -0.528      0.186      0.000 4
 181  184     -0.512     -1.168      0.000 4
 180  183     -0.508     -0.044      0.000 4
  -1  185     -0.495      0.947      0.000 4
 183  186     -0.491     -0.659      0.000 4
 182  187     -0.489     -0.121      0.000 4
  -1   -2     -0.485      0.992      0.000 4
 184   -2     -0.481      0.127      0.000 4
 185  188     -0.476     -0.272      0.000 4
 186  189     -0.459      0.431      0.000 4
 187   -2     -0.456     -0.751      0.000 4
 188  191     -0.442     -0.925      0.000 4
 189  192     -0.432     -0.812      0.000 4
 190  193     -0.426      0.313      0.000 4
 191  194     -0.423      0.726      0.000 4
 195  195     -0.415     -1.130      0.000 4
 193  196     -0.414     -0.171      0.000 4
 196  197     -0.408     -0.582      0.000 4
 194   -2     -0.391      0.702      0.000 4
 198  199     -0.390     -0.239      0.000 4
 200  200     -0.390     -0.642      0.000 4
 201  201     -0.383      1.032      0.000 4
 202  202     -0.379     -0.931      0.000 4
 203   -2     -0.366      0.877      0.000 4
 204  204     -0.363      0.956      0.000 4
 206  205     -0.356      0.842      0.000 4
 207  206     -0.335     -0.546      0.000 4
  -1   -2     -0.325      0.096      0.000 4
 208  207     -0.324      0.514      0.000 4
 209  208     -0.323      0.297      0.000 4
  -1   -2     -0.321      0.183      0.000 4
 211  209     -0.312      0.766      0.000 4
  -1  211     -0.310      0.268      0.000 4
 212  210     -0.308     -0.897      0.000 4
 214  212     -0.299     -0.449      0.000 4
 216  214     -0.292     -0.948      0.000 4
 215   -2     -0.290     -0.180      0.000 4
 218  216     -0.278      0.398      0.000 4
 219   -2     -0.268      0.746      0.000 4
 222  213     -0.267     -1.155      0.000 4
 220  218     -0.264     -0.376      0.000 4
 221  217     -0.263     -1.034      0.000 4
 225  219     -0.252     -0.645      0.000 4
 226  220     -0.247      0.122      0.000 4
 227   -2     -0.243     -0.829      0.000 4
 229  221     -0.227      0.512      0.000 4
 233  222     -0.218      0.013      0.000 4
 231  223     -0.216      0.674      0.000 4
  -1   -2     -0.212      0.373      0.000 4
 232  224     -0.212     -0.206      0.000 4
  -1  225     -0.210      1.023      0.000 4
  -1  226     -0.195     -0.758      0.000 4
  -1   -2     -0.193      0.043      0.000 4
  -1  227     -0.189     -0.114      0.000 4
 234  228     -0.188     -0.504      0.000 4
  -1  229     -0.186      0.073      0.000 4
  -1   -2     -0.184     -0.041      0.000 4
 235  230     -0.180     -0.240      0.000 4
 236  231     -0.157     -0.734      0.000 4
 237  233     -0.149     -0.171      0.000 4
 238  236     -0.135      0.459      0.000 4
 239  234     -0.134      0.365      0.000 4
 240  235     -0.132     -0.975      0.000 4
 241  237     -0.127      0.735      0.000 4
 242  238     -0.125     -0.612      0.000 4
 243  239     -0.122     -0.075      0.000 4
 244  240     -0.121      0.588      0.000 4
 250   -2     -0.099     -1.093      0.000 4
 246  245     -0.092      0.214      0.000 4
 247  246     -0.085      1.090      0.000 4
 248  247     -0.082     -0.154      0.000 4
  -1   -2     -0.080      0.657      0.000 4
  -1   -2     -0.078     -1.042      0.000 4
 251  248     -0.070     -0.305      0.000 4
 252  249     -0.068      0.331      0.000 4
 253  250     -0.058      0.554      0.000 4
 254  251     -0.046     -0.002      0.000 4
  -1   -2     -0.032     -0.389      0.000 4
  -1   -2     -0.031      1.147      0.000 4
 257  252     -0.015     -0.441      0.000 4
  -1  253     -0.013      0.488      0.000 4
 260  254     -0.001      0.294      0.000 4
 261  255      0.012      0.924      0.000 4
  -1   -2      0.017     -1.166      0.000 4
 262  256      0.017      0.811      0.000 4
 263  257      0.019      0.042      0.000 4
 264  259      0.035      0.541      0.000 4
 265  260      0.036      0.324      0.000 4
 267  263      0.050     -0.041      0.000 4
 266  262      0.054      1.117      0.000 4
 268  264      0.060      0.852      0.000 4
 269  265      0.063      0.614      0.000 4
 270  266      0.066     -1.022      0.000 4
 272  267      0.076     -0.864      0.000 4
  -1   -2      0.087     -0.918      0.000 4
  -1   -2      0.090      1.084      0.000 4
 273  269      0.091      0.144      0.000 4
 274  268      0.093     -0.662      0.000 4
 288   -2      0.103     -0.049      0.000 4
 275  273      0.104      0.101      0.000 4
 277  275      0.105      0.423      0.000 4
 279   -2      0.120      0.379      0.000 4
 280  276      0.138      0.799      0.000 4
 281  279      0.140     -0.548      0.000 4
 283  277      0.144     -0.444      0.000 4
 285  280      0.155      0.988      0.000 4
 286  281      0.173     -0.637      0.000 4
 289  282      0.179      0.344      0.000 4
 291   -2      0.198     -0.422      0.000 4
  -1  285      0.206     -1.158      0.000 4
 293  286      0.208      0.911      0.000 4
 295  287      0.215      0.029      0.000 4
 294  288      0.216     -0.958      0.000 4
 296  289      0.218      0.522      0.000 4
  -1   -2      0.222     -0.275      0.000 4
 299  292      0.227     -0.828      0.000 4
 300  291      0.240     -0.138      0.000 4
 302  294      0.257      0.913      0.000 4
 301   -2      0.258     -0.847      0.000 4
  -1   -2      0.260     -0.607      0.000 4
  -1   -2      0.261      0.125      0.000 4
 303  295      0.263     -0.342      0.000 4
 311  296      0.268     -0.310      0.000 4
 305  297      0.274      1.130      0.000 4
 307  299      0.278      1.055      0.000 4
 312  293      0.280      0.677      0.000 4
 308  300      0.281      0.230      0.000 4
 306  301      0.294      0.137      0.000 4
 309   -2      0.300     -0.962      0.000 4
  -1  302      0.310     -0.069      0.000 4
 310   -2      0.313      0.556      0.000 4
  -1  303      0.317     -1.110      0.000 4
 313  304      0.322     -1.172      0.000 4
 315  305      0.326      0.053      0.000 4
  -1   -2      0.330      0.003      0.000 4
 317  308      0.334      0.964      0.000 4
  -1  307      0.334     -0.555      0.000 4
  -1   -2      0.360      1.011      0.000 4
 319  310      0.367     -1.135      0.000 4
  -1   -2      0.370      0.607      0.000 4
 320  312      0.379     -0.763      0.000 4
 321  313      0.384      0.052      0.000 4
  -1  314      0.386      1.073      0.000 4
 322   -2      0.388     -0.936      0.000 4
 325  315      0.398      0.278      0.000 4
 326  316      0.400     -0.385      0.000 4
  -1  317      0.409     -0.433      0.000 4
 327  318      0.410      0.158      0.000 4
 328  328      0.419     -1.073      0.000 4
 329  319      0.422     -0.844      0.000 4
 330  311      0.425      0.836      0.000 4
 331  320      0.430     -0.628      0.000 4
 334  321      0.443      0.001      0.000 4
 332  324      0.453     -0.569      0.000 4
 342  323      0.454     -1.165      0.000 4
  -1   -2      0.455     -0.758      0.000 4
 335  325      0.469     -0.405      0.000 4
 338  326      0.471      0.523      0.000 4
 336   -2      0.474      0.693      0.000 4
  -1   -2      0.482      0.019      0.000 4
  -1   -2      0.488      0.061      0.000 4
 347  330      0.491      0.299      0.000 4
 343  331      0.496     -0.758      0.000 4
 345  332      0.499     -0.027      0.000 4
 344  333      0.502     -0.914      0.000 4
 346  334      0.520     -0.589      0.000 4
 349  335      0.522      0.722      0.000 4
 348  327      0.527      0.649      0.000 4
 333   -2      0.531      1.004      0.000 4
  -1  337      0.541     -0.877      0.000 4
 352  340      0.559     -0.547      0.000 4
 353   -2      0.560     -0.925      0.000 4
 355  341      0.582      0.864      0.000 4
 356  342      0.586     -0.037      0.000 4
 357  343      0.588      0.993      0.000 4
  -1  344      0.601      0.476      0.000 4
 361  345      0.604      0.516      0.000 4
 359  346      0.606     -0.963      0.000 4
 360  347      0.610     -0.717      0.000 4
 364   -2      0.616      0.081      0.000 4
 363   -2      0.617      0.775      0.000 4
 366  351      0.625     -0.608      0.000 4
 365  348      0.626     -1.069      0.000 4
 362  339      0.627      0.311      0.000 4
 369  350      0.634     -1.110      0.000 4
 368  349      0.635     -0.810      0.000 4
  -1  355      0.650     -0.387      0.000 4
  -1   -2      0.656      1.135      0.000 4
 377   -2      0.656     -0.152      0.000 4
 372  353      0.658      0.464      0.000 4
 373  354      0.660      0.897      0.000 4
 374  356      0.668      0.816      0.000 4
 375   -2      0.669     -0.456      0.000 4
 379  359      0.706     -0.839      0.000 4
 380   -2      0.708     -0.004      0.000 4
  -1   -2      0.708      0.278      0.000 4
 382   -2      0.717      1.138      0.000 4
 383  360      0.720     -0.436      0.000 4
 386  362      0.727     -0.365      0.000 4
 381  361      0.727     -0.676      0.000 4
 385  363      0.729      1.038      0.000 4
 387  364      0.736     -0.872      0.000 4
 388  365      0.739      0.246      0.000 4
 390  366      0.759     -1.090      0.000 4
  -1   -2      0.766     -1.163      0.000 4
 392  367      0.768     -0.628      0.000 4
  -1  368      0.790     -0.136      0.000 4
 397  370      0.792      0.324      0.000 4
 396  372      0.793     -0.810      0.000 4
 398  371      0.793      0.373      0.000 4
 399  373      0.798      0.612      0.000 4
 400  374      0.799      1.023      0.000 4
 401  376      0.810      0.884      0.000 4
  -1   -2      0.827      0.928      0.000 4
  -1   -2      0.831     -0.867      0.000 4
 403  378      0.843     -0.039      0.000 4
 402  379      0.844     -1.123      0.000 4
 404  382      0.848     -1.061      0.000 4
  -1   -2      0.848     -0.538      0.000 4
 406  381      0.849      0.869      0.000 4
 405  383      0.851      1.101      0.000 4
 408   -2      0.853     -0.821      0.000 4
 410  384      0.864      0.086      0.000 4
  -1   -2      0.875      0.597      0.000 4
 411  386      0.889     -0.665      0.000 4
 413  385      0.891     -0.262      0.000 4
 412  387      0.894      0.155      0.000 4
 414  388      0.901      1.059      0.000 4
  -1  390      0.903      0.225      0.000 4
 415  395      0.909     -0.454      0.000 4
 418  393      0.909      0.632      0.000 4
 417   -2      0.910      0.111      0.000 4
 419  396      0.913      0.683      0.000 4
 420  397      0.915      0.409      0.000 4
 422  403      0.922     -0.802      0.000 4
 421  399      0.922      1.149      0.000 4
  -1  400      0.925      0.282      0.000 4
 427  394      0.926     -0.871      0.000 4
 426  402      0.931     -0.544      0.000 4
 425  401      0.932     -1.078      0.000 4
 429  404      0.953      0.225      0.000 4
 428  405      0.953      0.783      0.000 4
 423  410      0.965     -0.049      0.000 4
 430   -2      0.973     -0.255      0.000 4
 433  412      0.977     -1.124      0.000 4
 434   -2      0.981     -0.163      0.000 4
  -1  413      0.982     -0.888      0.000 4
 435  411      0.984      0.511      0.000 4
 436  414      0.995      0.440      0.000 4
 437  409      1.009     -0.297      0.000 4
 438  416      1.024     -0.599      0.000 4
  -1  415      1.025     -0.246      0.000 4
 439  417      1.025     -0.041      0.000 4
  -1   -2      1.030      0.749      0.000 4
  -1   -2      1.033      0.349      0.000 4
 441  420      1.048     -0.340      0.000 4
 442  419      1.049      0.662      0.000 4
  -1  422      1.061     -0.706      0.000 4
  -1  423      1.067     -0.013      0.000 4
 443   -2      1.071     -1.169      0.000 4
 448  424      1.075      0.703      0.000 4
 449  426      1.076      0.957      0.000 4
 447  425      1.077      0.826      0.000 4
 446   -2      1.078      1.158      0.000 4
 445  428      1.089      0.247      0.000 4
  -1   -2      1.096      0.576      0.000 4
 451  427      1.098     -0.661      0.000 4
 453  430      1.113     -0.986      0.000 4
 454  429      1.115      0.089      0.000 4
 450  431      1.119      1.026      0.000 4
 456   -2      1.127     -0.356      0.000 4
 458  432      1.145     -0.794      0.000 4
 459  433      1.150     -1.101      0.000 4
  -1  434      1.153     -0.880      0.000 4
 460  436      1.164     -0.563      0.000 4
 462  437      1.188      0.879      0.000 4
  -1  440      1.197      0.017      0.000 4
 464  443      1.199     -0.277      0.000 4
  -1   -2      1.201      0.261      0.000 4
  -1   -2      1.223     -0.207      0.000 4
 466  444      1.223     -0.513      0.000 4
 461   -2      1.230      0.654      0.000 4
 469  446      1.231      0.547      0.000 4
  -1  448      1.240      0.279      0.000 4
 468  449      1.244     -0.584      0.000 4
 470  450      1.252      1.001      0.000 4
 471  451      1.263     -0.160      0.000 4
 473  455      1.275     -0.523      0.000 4
 472  456      1.279      0.398      0.000 4
  -1   -2      1.282      0.445      0.000 4
  -1   -2      1.283     -1.172      0.000 4
  -1  445      1.291      0.608      0.000 4
  -1  459      1.305     -0.499      0.000 4
 474  460      1.312     -0.980      0.000 4
 475  461      1.322     -0.583      0.000 4
  -1  462      1.329      0.434      0.000 4
 477  464      1.346     -1.094      0.000 4
 480  466      1.370     -0.955      0.000 4
 467   -2      1.374      1.134      0.000 4
 483  467      1.380      0.166      0.000 4
 482  468      1.385      1.106      0.000 4
 481  469      1.386     -1.013      0.000 4
 485  471      1.400     -0.258      0.000 4
 486  470      1.402     -0.355      0.000 4
  -1   -2      1.407     -0.230      0.000 4
 487   -2      1.410     -0.965      0.000 4
 488  472      1.415     -0.479      0.000 4
 489  473      1.416     -0.415      0.000 4
 490  474      1.422      0.238      0.000 4
 491  476      1.426      0.525      0.000 4
 476  477      1.427     -1.172      0.000 4
 492   -2      1.442     -0.754      0.000 4
  -1  478      1.444     -0.386      0.000 4
 494  479      1.451     -1.119      0.000 4
 497  482      1.481     -0.770      0.000 4
 498  483      1.483      0.839      0.000 4
 499  484      1.485      0.275      0.000 4
 500  485      1.487     -0.727      0.000 4
 501  486      1.491     -1.086      0.000 4
 503  488      1.503     -0.057      0.000 4
 509  489      1.512     -0.217      0.000 4
 506  491      1.526      0.438      0.000 4
 507  492      1.527      0.069      0.000 4
  -1   -2      1.540      0.677      0.000 4
 510  493      1.545      1.107      0.000 4
 511  494      1.547     -0.634      0.000 4
 512  495      1.553     -1.059      0.000 4
 513  496      1.555     -0.940      0.000 4
 514  497      1.556      0.726      0.000 4
 515  498      1.562      0.597      0.000 4
 516  499      1.565     -0.840      0.000 4
 518  500      1.567      0.101      0.000 4
