488
  -1   -2     -1.551     -0.627      0.000 4
   1    0     -1.551      0.048      0.000 4
  -1   -2     -1.548      1.061      0.000 4
   3    2     -1.538     -1.044      0.000 4
   4    4     -1.535     -0.372      0.000 4
   5    3     -1.529     -0.563      0.000 4
   6   -2     -1.528     -0.007      0.000 4
   7    5     -1.521     -0.059      0.000 4
   8    6     -1.518      0.217      0.000 4
  -1   -2     -1.498     -1.029      0.000 4
  -1   11     -1.497      1.139      0.000 4
  11   10     -1.496      0.963      0.000 4
  10    9     -1.494     -0.758      0.000 4
  12   12     -1.492      0.875      0.000 4
  13   13     -1.490     -0.601      0.000 4
  15   14     -1.475      0.535      0.000 4
  16   15     -1.466      1.009      0.000 4
  -1   16     -1.461     -0.864      0.000 4
  20   17     -1.459     -1.005      0.000 4
  19   19     -1.448      0.745      0.000 4
  21   -2     -1.434     -0.520      0.000 4
  23   -2     -1.431      0.680      0.000 4
  22   20     -1.429      0.913      0.000 4
  24   22     -1.425     -0.210      0.000 4
  -1   24     -1.407      0.861      0.000 4
  26   27     -1.372      0.512      0.000 4
  35   18     -1.360      0.049      0.000 4
  18   42     -1.353     -1.158      0.000 4
  28   30     -1.345     -0.167      0.000 4
  -1   31     -1.337     -0.103      0.000 4
  41   26     -1.327     -0.715      0.000 4
  29   32     -1.326      1.141      0.000 4
  31   34     -1.321      0.491      0.000 4
  32   35     -1.321      0.788      0.000 4
  36   38     -1.298     -0.827      0.000 4
  37   39     -1.292      0.889      0.000 4
  -1   -2     -1.292     -0.766      0.000 4
  40   40     -1.287      0.579      0.000 4
  -1   -2     -1.285     -0.953      0.000 4
  43   44     -1.284     -0.223      0.000 4
  39   41     -1.283      0.469      0.000 4
  42   43     -1.278     -0.379      0.000 4
  45   47     -1.272     -0.489      0.000 4
  44   45     -1.270      0.788      0.000 4
  34   -2     -1.264     -1.153      0.000 4
  47   48     -1.264      1.011      0.000 4
  46   49     -1.262      0.401      0.000 4
  -1   -2     -1.253     -0.240      0.000 4
  50   50     -1.250     -1.044      0.000 4
  49   51     -1.246     -0.289      0.000 4
  51   53     -1.234     -0.716      0.000 4
  52   54     -1.225      0.679      0.000 4
  53   56     -1.215      0.349      0.000 4
  54   57     -1.208     -0.606      0.000 4
  -1   -2     -1.195     -0.963      0.000 4
  55   59     -1.193     -0.115      0.000 4
  56   58     -1.192     -1.030      0.000 4
  57   60     -1.180     -0.514      0.000 4
  58   61     -1.159      0.922      0.000 4
  -1   63     -1.145      1.146      0.000 4
  59   64     -1.141      0.634      0.000 4
  60   66     -1.137     -0.160      0.000 4
  -1   68     -1.135     -0.067      0.000 4
  61   65     -1.134     -1.006      0.000 4
  62   -2     -1.125     -0.021      0.000 4
  63   67     -1.120     -1.045      0.000 4
  -1   -2     -1.115     -0.404      0.000 4
  64   72     -1.115      0.341      0.000 4
  -1   -2     -1.114     -1.167      0.000 4
  65   -2     -1.112      0.326      0.000 4
  66   71     -1.110     -0.244      0.000 4
  87   -2     -1.096      0.460      0.000 4
  69   78     -1.086      0.417      0.000 4
  71   74     -1.074     -0.855      0.000 4
  70   75     -1.073     -0.064      0.000 4
  72   76     -1.072      0.034      0.000 4
  -1   79     -1.054      0.737      0.000 4
  74   77     -1.051      1.000      0.000 4
  68   -2     -1.048      0.799      0.000 4
  75   83     -1.042      0.142      0.000 4
  77   82     -1.038     -1.095      0.000 4
  76   -2     -1.035     -0.485      0.000 4
  -1   -2     -1.018     -0.239      0.000 4
  78   85     -1.014     -1.170      0.000 4
  79   87     -1.011     -0.152      0.000 4
  80   88     -0.998     -0.989      0.000 4
  81   89     -0.998      1.112      0.000 4
  82   90     -0.989     -0.102      0.000 4
  83   91     -0.984      0.064      0.000 4
  84   -2     -0.979      0.950      0.000 4
  85   92     -0.976     -0.666      0.000 4
  89   95     -0.957     -0.461      0.000 4
  -1   96     -0.947     -0.978      0.000 4
  -1   -2     -0.940     -0.039      0.000 4
  90   99     -0.937      0.831      0.000 4
  91   98     -0.935     -0.745      0.000 4
  92  100     -0.925     -0.802      0.000 4
  93  101     -0.913     -1.108      0.000 4
  -1  102     -0.906      0.717      0.000 4
  94  103     -0.902     -1.035      0.000 4
  -1   -2     -0.896     -0.611      0.000 4
  97  104     -0.895      1.134      0.000 4
  96  105     -0.890      0.048      0.000 4
  98  106     -0.888     -0.290      0.000 4
  99  107     -0.885      0.885      0.000 4
  -1   -2     -0.867      0.772      0.000 4
 101   -2     -0.866      0.745      0.000 4
  95  108     -0.863      0.697      0.000 4
 102  109     -0.859      0.320      0.000 4
  -1  111     -0.859     -0.254      0.000 4
 103  112     -0.855     -0.546      0.000 4
 104  110     -0.855     -0.777      0.000 4
  -1   -2     -0.847      0.244      0.000 4
 105  114     -0.846      1.055      0.000 4
 106  115     -0.845      0.989      0.000 4
 100  113     -0.843     -1.167      0.000 4
  -1  122     -0.834     -0.668      0.000 4
 108  116     -0.822      1.096      0.000 4
 107  117     -0.822     -0.398      0.000 4
 109   -2     -0.819     -0.994      0.000 4
  -1   -2     -0.818     -0.544      0.000 4
  -1  118     -0.814      0.837      0.000 4
 110  119     -0.810     -0.203      0.000 4
 112  121     -0.807      0.430      0.000 4
 113  123     -0.801      0.080      0.000 4
 111  126     -0.797     -0.675      0.000 4
 116  125     -0.796      0.173      0.000 4
 119  127     -0.786     -0.470      0.000 4
 120  128     -0.783      0.485      0.000 4
 121  129     -0.767     -0.031      0.000 4
 127  130     -0.744     -0.955      0.000 4
 125  132     -0.738      0.594      0.000 4
 124  131     -0.738     -0.095      0.000 4
 128  133     -0.736     -0.453      0.000 4
 129  134     -0.732      0.813      0.000 4
  -1  136     -0.722      1.004      0.000 4
 139   -2     -0.716      0.624      0.000 4
 133  138     -0.715     -0.722      0.000 4
 136  140     -0.699     -0.230      0.000 4
 137  142     -0.692      0.382      0.000 4
 134  139     -0.692     -1.102      0.000 4
  -1  141     -0.690      0.923      0.000 4
 140  143     -0.677     -0.713      0.000 4
 132  144     -0.671     -1.171      0.000 4
 141  148     -0.668      0.272      0.000 4
 131   -2     -0.666      1.022      0.000 4
 146  149     -0.648      1.062      0.000 4
 145  150     -0.648     -0.133      0.000 4
 149  151     -0.642      1.165      0.000 4
 150  154     -0.632      0.422      0.000 4
 151  155     -0.622     -0.955      0.000 4
 153  157     -0.616     -0.579      0.000 4
 152  156     -0.616      0.936      0.000 4
  -1   -2     -0.608     -0.219      0.000 4
 154  158     -0.605     -0.184      0.000 4
 155  159     -0.602     -1.031      0.000 4
 156  160     -0.597      1.147      0.000 4
 157  161     -0.590     -0.416      0.000 4
 159  162     -0.586     -0.922      0.000 4
  -1  163     -0.586      0.830      0.000 4
 158  164     -0.582      0.614      0.000 4
  -1   -2     -0.572      0.414      0.000 4
 162  167     -0.557     -0.483      0.000 4
 163  168     -0.552      0.583      0.000 4
 167  171     -0.540      1.039      0.000 4
 166  172     -0.537      0.238      0.000 4
 168   -2     -0.521      0.894      0.000 4
 170  173     -0.516     -0.530      0.000 4
 169  174     -0.513      0.416      0.000 4
 164  175     -0.511     -0.701      0.000 4
 172   -2     -0.498     -0.122      0.000 4
 174  176     -0.486     -1.165      0.000 4
 175  177     -0.483     -0.806      0.000 4
 173  178     -0.482     -0.433      0.000 4
 176  179     -0.476      0.690      0.000 4
 177  180     -0.474      0.319      0.000 4
 181  182     -0.447      0.614      0.000 4
 180  181     -0.446      0.786      0.000 4
 182  183     -0.444      0.859      0.000 4
 183  186     -0.435     -0.277      0.000 4
 184  185     -0.434      1.016      0.000 4
 185  188     -0.424     -0.786      0.000 4
 186  189     -0.406     -0.568      0.000 4
  -1  190     -0.398      0.589      0.000 4
 187  191     -0.390      0.559      0.000 4
  -1   -2     -0.371     -1.176      0.000 4
 188  193     -0.371     -0.490      0.000 4
 189  192     -0.367      0.074      0.000 4
 191  194     -0.364     -0.725      0.000 4
 192  195     -0.350      0.518      0.000 4
 194  196     -0.344      1.013      0.000 4
 193  198     -0.338     -0.170      0.000 4
 196  197     -0.335     -0.766      0.000 4
 195  204     -0.332      0.361      0.000 4
  -1  199     -0.317     -0.647      0.000 4
  -1  200     -0.302     -0.103      0.000 4
 200  201     -0.283     -0.835      0.000 4
 198  202     -0.282      0.281      0.000 4
 203  205     -0.275     -0.033      0.000 4
 201   -2     -0.268      0.792      0.000 4
 199  207     -0.260     -1.169      0.000 4
 204  206     -0.258     -0.439      0.000 4
 205  208     -0.251      0.239      0.000 4
 206  209     -0.251     -0.943      0.000 4
 207  210     -0.241     -0.541      0.000 4
 208  211     -0.241      0.435      0.000 4
  -1   -2     -0.238      1.095      0.000 4
 209  214     -0.232      0.171      0.000 4
  -1   -2     -0.229      0.010      0.000 4
 211   -2     -0.225     -0.079      0.000 4
 214  213     -0.222     -1.108      0.000 4
  -1  215     -0.214     -0.452      0.000 4
 215  216     -0.193     -0.189      0.000 4
 216  218     -0.191      0.249      0.000 4
 218  217     -0.189      0.965      0.000 4
  -1  221     -0.186     -0.430      0.000 4
 219  219     -0.184     -0.920      0.000 4
 221  220     -0.170     -0.554      0.000 4
 220   -2     -0.169      0.107      0.000 4
 223   -2     -0.168     -0.406      0.000 4
 222  222     -0.167      0.021      0.000 4
 224  223     -0.165     -0.736      0.000 4
 225  224     -0.156      0.405      0.000 4
 227   -2     -0.138     -0.250      0.000 4
 228  227     -0.126      0.965      0.000 4
 230  229     -0.109     -0.058      0.000 4
 231  228     -0.107      0.812      0.000 4
 241   -2     -0.105     -0.292      0.000 4
 233  230     -0.100     -0.782      0.000 4
  -1  231     -0.094      0.222      0.000 4
 238  232     -0.085     -1.164      0.000 4
 235  233     -0.080     -1.039      0.000 4
 234  234     -0.079      0.387      0.000 4
 236  235     -0.078      0.910      0.000 4
 237  237     -0.075      0.057      0.000 4
  -1  239     -0.062     -0.211      0.000 4
 240   -2     -0.057      0.499      0.000 4
 239  242     -0.039      0.242      0.000 4
 243  240     -0.038      0.855      0.000 4
 244  241     -0.030      0.388      0.000 4
 245  244     -0.024      0.583      0.000 4
  -1   -2     -0.021      0.775      0.000 4
 246  245     -0.021     -0.015      0.000 4
 247  249     -0.018     -1.090      0.000 4
 248  246     -0.017      0.664      0.000 4
 249  247      0.022      0.436      0.000 4
 252  248      0.040      1.037      0.000 4
 251  250      0.041      0.605      0.000 4
 253  251      0.041      0.107      0.000 4
 254  255      0.048     -0.605      0.000 4
  -1  253      0.049      0.537      0.000 4
 255  254      0.051     -0.746      0.000 4
 261   -2      0.054      0.816      0.000 4
  -1   -2      0.054      1.000      0.000 4
 256  256      0.056     -0.445      0.000 4
 265   -2      0.056     -0.922      0.000 4
  -1  257      0.056     -0.005      0.000 4
 258  259      0.066      0.307      0.000 4
 259  260      0.072     -1.091      0.000 4
 260  261      0.089      0.278      0.000 4
 263  265      0.104     -1.165      0.000 4
 268  266      0.115     -0.280      0.000 4
 269  267      0.133      1.055      0.000 4
  -1   -2      0.135     -0.856      0.000 4
 271  268      0.136     -1.055      0.000 4
  -1   -2      0.141      0.649      0.000 4
 272  270      0.142      0.567      0.000 4
  -1  271      0.149     -0.898      0.000 4
 274  274      0.169      0.250      0.000 4
 275  273      0.173      0.709      0.000 4
  -1  275      0.177     -0.431      0.000 4
 276  276      0.185     -0.863      0.000 4
 277  277      0.189     -0.265      0.000 4
 278  278      0.200     -1.080      0.000 4
 279  280      0.209     -0.692      0.000 4
 266  313      0.226      0.045      0.000 4
 283  283      0.229     -0.582      0.000 4
 284  285      0.232      0.894      0.000 4
 285  286      0.239      0.659      0.000 4
  -1  287      0.241      0.372      0.000 4
 286  289      0.255     -0.069      0.000 4
  -1  290      0.262     -0.608      0.000 4
 287  291      0.270     -1.053      0.000 4
 288  292      0.271     -0.404      0.000 4
 290  293      0.282     -0.215      0.000 4
 291  295      0.300      0.107      0.000 4
 317   -2      0.306     -1.152      0.000 4
 292  296      0.308     -0.714      0.000 4
 293  297      0.310      0.653      0.000 4
 294  298      0.311      0.837      0.000 4
 297  300      0.321      0.774      0.000 4
 298  303      0.327      0.176      0.000 4
 299  306      0.341     -1.043      0.000 4
 300  307      0.350      1.143      0.000 4
  -1   -2      0.357     -0.975      0.000 4
 303  308      0.358     -0.895      0.000 4
 304   -2      0.365     -0.196      0.000 4
  -1  309      0.365      0.341      0.000 4
  -1   -2      0.367     -0.233      0.000 4
  -1  312      0.376     -0.107      0.000 4
 307  311      0.379      0.971      0.000 4
 306  310      0.382     -0.953      0.000 4
 309   -2      0.387      0.050      0.000 4
 314  314      0.394      0.705      0.000 4
 302   -2      0.405     -0.717      0.000 4
 312  317      0.410     -0.562      0.000 4
 315  319      0.419     -0.255      0.000 4
 318  321      0.442      0.802      0.000 4
  -1  320      0.447     -1.117      0.000 4
 319  322      0.450     -0.647      0.000 4
 321  324      0.465     -0.267      0.000 4
 322  325      0.472     -0.308      0.000 4
  -1  328      0.480      0.635      0.000 4
  -1   -2      0.481      1.072      0.000 4
 324   -2      0.483     -0.469      0.000 4
 316  327      0.483     -0.882      0.000 4
 325  329      0.493      0.899      0.000 4
  -1   -2      0.495     -1.160      0.000 4
 326  331      0.501      0.207      0.000 4
 327  332      0.509      0.729      0.000 4
 328  333      0.514      0.121      0.000 4
 329  334      0.516      0.616      0.000 4
 330  335      0.517     -0.422      0.000 4
 331  336      0.520      1.145      0.000 4
  -1   -2      0.525      0.799      0.000 4
  -1   -2      0.531     -1.065      0.000 4
 333  337      0.541     -0.598      0.000 4
 335  338      0.553      0.007      0.000 4
 334  339      0.554     -0.299      0.000 4
 336  340      0.556      1.003      0.000 4
  -1  341      0.562     -1.094      0.000 4
 337   -2      0.574     -0.081      0.000 4
 338  342      0.576     -0.735      0.000 4
 339  343      0.578     -0.463      0.000 4
 342  345      0.579     -1.159      0.000 4
 340  346      0.580      0.352      0.000 4
 341  344      0.590      1.137      0.000 4
 343  347      0.600      0.516      0.000 4
  -1  348      0.606      0.428      0.000 4
 345   -2      0.607      0.383      0.000 4
 346  349      0.611     -0.255      0.000 4
 349  351      0.618     -0.980      0.000 4
 351  354      0.628     -0.020      0.000 4
  -1   -2      0.628      1.074      0.000 4
 347  359      0.630      0.219      0.000 4
 353  357      0.639     -0.439      0.000 4
 352  356      0.642      1.009      0.000 4
 354  358      0.650      0.537      0.000 4
  -1   -2      0.657     -0.746      0.000 4
 355  360      0.671     -0.608      0.000 4
 356  361      0.678     -0.702      0.000 4
 357  362      0.682      0.772      0.000 4
 358   -2      0.683     -0.336      0.000 4
 359  363      0.688     -0.907      0.000 4
 360  366      0.703      0.661      0.000 4
  -1  365      0.703     -0.520      0.000 4
 361   -2      0.708     -0.563      0.000 4
 362  367      0.716      0.922      0.000 4
 363  369      0.729     -0.984      0.000 4
  -1  371      0.738     -0.204      0.000 4
 364  370      0.738     -0.039      0.000 4
 365  372      0.743     -0.760      0.000 4
 366  374      0.753     -1.035      0.000 4
 369  373      0.762      0.594      0.000 4
 371  376      0.765      0.940      0.000 4
 370  379      0.774     -0.804      0.000 4
  -1  377      0.775      0.356      0.000 4
 372  378      0.778      0.385      0.000 4
 373  380      0.779     -0.400      0.000 4
 375  383      0.784      0.707      0.000 4
  -1   -2      0.788     -1.159      0.000 4
  -1   -2      0.793      0.933      0.000 4
 374  384      0.797     -0.617      0.000 4
  -1   -2      0.804      1.022      0.000 4
  -1  386      0.806      0.522      0.000 4
 377  387      0.811      0.639      0.000 4
 378  392      0.817     -1.094      0.000 4
 380  389      0.817      0.853      0.000 4
  -1  391      0.819      0.953      0.000 4
  -1  381      0.821      0.155      0.000 4
 386  388      0.821     -0.150      0.000 4
 383   -2      0.826      0.231      0.000 4
 381  393      0.827     -0.229      0.000 4
 384  395      0.836     -1.034      0.000 4
 385  397      0.837     -0.764      0.000 4
 388  398      0.846      0.351      0.000 4
 387  399      0.849     -0.590      0.000 4
 389  400      0.860     -0.844      0.000 4
 391  401      0.862     -0.337      0.000 4
  -1   -2      0.867     -0.282      0.000 4
  -1   -2      0.885     -0.670      0.000 4
  -1   -2      0.889      1.042      0.000 4
 394  404      0.893     -0.028      0.000 4
 392  406      0.895     -0.775      0.000 4
 395  407      0.907      1.143      0.000 4
  -1   -2      0.930     -0.880      0.000 4
 399   -2      0.943     -0.534      0.000 4
 400  411      0.945      0.740      0.000 4
  -1  410      0.949      0.671      0.000 4
 401  412      0.950      0.175      0.000 4
 402  413      0.956     -0.612      0.000 4
 403   -2      0.958     -0.821      0.000 4
  -1  414      0.962     -0.049      0.000 4
 404  415      0.965      1.024      0.000 4
 416  403      0.968     -0.898      0.000 4
 405  416      0.969     -0.215      0.000 4
 406  417      0.975      0.213      0.000 4
 407  419      0.977      0.928      0.000 4
 409  423      0.991      0.743      0.000 4
 410  424      0.993      0.504      0.000 4
 412  425      1.011      0.293      0.000 4
 413  426      1.014      0.250      0.000 4
 415  427      1.023     -0.481      0.000 4
 419  428      1.024     -0.576      0.000 4
 417  429      1.042     -0.078      0.000 4
 418  430      1.049     -0.295      0.000 4
 422  434      1.083      1.152      0.000 4
  -1  440      1.092     -0.378      0.000 4
 445  422      1.093     -1.172      0.000 4
 428  436      1.095      0.626      0.000 4
 425  437      1.096     -0.672      0.000 4
 426  438      1.098     -1.087      0.000 4
 427  441      1.104      1.032      0.000 4
  -1  442      1.109     -0.478      0.000 4
 429  443      1.114      0.554      0.000 4
 430   -2      1.119      0.704      0.000 4
 431  444      1.119     -0.278      0.000 4
 434  446      1.124      0.103      0.000 4
 433  447      1.130     -0.314      0.000 4
 432   -2      1.131      0.171      0.000 4
  -1  448      1.132      0.430      0.000 4
 436  449      1.145      0.350      0.000 4
  -1   -2      1.146     -0.030      0.000 4
 437  450      1.152     -0.763      0.000 4
 439  451      1.158     -0.218      0.000 4
 438  452      1.160     -1.002      0.000 4
 440  453      1.164      0.992      0.000 4
 441  454      1.173     -0.915      0.000 4
  -1  455      1.180     -0.419      0.000 4
 444  457      1.183      0.173      0.000 4
  -1   -2      1.193     -1.147      0.000 4
 446  458      1.195      0.321      0.000 4
 447  460      1.201      1.005      0.000 4
 448  461      1.208      0.465      0.000 4
 450  464      1.222      0.802      0.000 4
 451  463      1.222     -0.107      0.000 4
 453  465      1.223      0.399      0.000 4
 449  466      1.225     -1.080      0.000 4
 452  462      1.226     -0.693      0.000 4
  -1   -2      1.242      0.634      0.000 4
 454   -2      1.244     -0.454      0.000 4
 457  468      1.258      0.693      0.000 4
 459  470      1.268     -0.082      0.000 4
 471   -2      1.285     -1.170      0.000 4
 460  472      1.288      0.985      0.000 4
 462  473      1.294     -0.669      0.000 4
  -1  474      1.301     -0.747      0.000 4
 463  476      1.314      0.212      0.000 4
 464  478      1.315      0.897      0.000 4
 465  479      1.319      0.032      0.000 4
 466  480      1.321     -0.527      0.000 4
 469  481      1.326      1.049      0.000 4
  -1   -2      1.334      0.735      0.000 4
 472  484      1.354     -0.061      0.000 4
 473  486      1.358     -0.690      0.000 4
 470   -2      1.367     -0.328      0.000 4
 475  487      1.369     -0.777      0.000 4
 477  489      1.380      1.012      0.000 4
  -1   -2      1.388     -1.166      0.000 4
  -1  490      1.405      0.250      0.000 4
 479  491      1.408      0.709      0.000 4
 480  493      1.439      0.275      0.000 4
 481   -2      1.443     -0.134      0.000 4
  -1  492      1.450      0.627      0.000 4
  -1   -2      1.458      0.189      0.000 4
 485   -2      1.465      0.107      0.000 4
 484  494      1.471     -0.700      0.000 4
 486  495      1.475      0.430      0.000 4
 487  497      1.478     -0.553      0.000 4
 488  498      1.479     -0.626      0.000 4
 491  508      1.490      0.858      0.000 4
 490  499      1.491     -0.432      0.000 4
  -1  501      1.503     -0.983      0.000 4
 493   -2      1.508     -1.018      0.000 4
 497  506      1.534      0.149      0.000 4
 499   -2      1.535      0.120      0.000 4
  -1  502      1.538     -1.124      0.000 4
 500  507      1.558     -0.803      0.000 4
