502
   1   -2     -1.549     -0.615      0.000 4
   0    0     -1.546      0.050      0.000 4
   2    2     -1.542      0.741      0.000 4
   3    1     -1.541     -1.033      0.000 4
   4    3     -1.526     -0.552      0.000 4
   5    4     -1.520     -0.363      0.000 4
   8    5     -1.517      0.001      0.000 4
   6    6     -1.514     -0.053      0.000 4
   7    7     -1.512      0.214      0.000 4
  17   -2     -1.506     -1.023      0.000 4
  -1    8     -1.498      1.131      0.000 4
   9   -2     -1.496      0.951      0.000 4
  20    9     -1.495     -0.750      0.000 4
  10   10     -1.490      0.863      0.000 4
  11   11     -1.488     -0.589      0.000 4
  -1   12     -1.487      0.822      0.000 4
  12   13     -1.469      0.529      0.000 4
  13   -2     -1.465      0.998      0.000 4
  15   -2     -1.462     -1.171      0.000 4
  14   14     -1.461     -0.851      0.000 4
  -1   -2     -1.460     -0.993      0.000 4
  16   16     -1.456     -0.058      0.000 4
  18   17     -1.443      0.735      0.000 4
  -1   29     -1.432     -1.129      0.000 4
  -1   20     -1.427     -0.504      0.000 4
  19   19     -1.427      0.905      0.000 4
  -1   22     -1.417     -0.206      0.000 4
  21   24     -1.404      0.851      0.000 4
  22   26     -1.365      0.508      0.000 4
  23   36     -1.361      0.044      0.000 4
  25   28     -1.337     -0.164      0.000 4
  28   27     -1.333      1.134      0.000 4
  27   -2     -1.330     -0.099      0.000 4
  29   50     -1.325     -0.706      0.000 4
  -1   -2     -1.319     -1.083      0.000 4
  31   30     -1.316      0.773      0.000 4
  30   31     -1.312      0.486      0.000 4
  32   32     -1.302     -0.469      0.000 4
  33   33     -1.299     -0.816      0.000 4
  34   34     -1.295      0.214      0.000 4
  -1   -2     -1.294     -0.756      0.000 4
  35   35     -1.289      0.882      0.000 4
  37   38     -1.275      0.574      0.000 4
  39   40     -1.275      0.462      0.000 4
  38   39     -1.274     -0.219      0.000 4
  40   41     -1.273     -0.374      0.000 4
  -1   -2     -1.267     -0.664      0.000 4
  41   43     -1.265      0.782      0.000 4
  42   42     -1.264      1.002      0.000 4
  43   46     -1.258     -0.484      0.000 4
  36   -2     -1.252     -1.154      0.000 4
  44   47     -1.252      0.395      0.000 4
  45   45     -1.251     -1.035      0.000 4
  46   -2     -1.244     -0.233      0.000 4
  48   49     -1.238     -0.284      0.000 4
  54   -2     -1.235     -1.133      0.000 4
  51   51     -1.219      0.788      0.000 4
  50   52     -1.218      0.673      0.000 4
  -1   53     -1.206     -0.600      0.000 4
  52   55     -1.201      0.348      0.000 4
  53   56     -1.196     -1.022      0.000 4
  57   -2     -1.190      1.079      0.000 4
  55   58     -1.167     -0.517      0.000 4
  56   59     -1.157      0.917      0.000 4
  58   62     -1.131      0.627      0.000 4
  61   61     -1.130     -1.018      0.000 4
  60   63     -1.126     -0.157      0.000 4
  62   65     -1.114     -0.018      0.000 4
  63   66     -1.104      0.346      0.000 4
  -1   -2     -1.101      0.274      0.000 4
  66   68     -1.098     -0.241      0.000 4
  65   69     -1.098      0.507      0.000 4
  -1   70     -1.084      0.472      0.000 4
  67   72     -1.075      0.413      0.000 4
  68   71     -1.074     -0.849      0.000 4
  -1   -2     -1.067     -0.762      0.000 4
  69   73     -1.064     -0.064      0.000 4
  70   74     -1.055      0.035      0.000 4
  71   75     -1.053      0.997      0.000 4
  73   77     -1.048      0.733      0.000 4
  72   -2     -1.047      0.579      0.000 4
  75   76     -1.044      0.794      0.000 4
  78   80     -1.032     -1.168      0.000 4
  77   79     -1.028      0.142      0.000 4
  -1   78     -1.028     -0.481      0.000 4
  -1   81     -1.018     -0.885      0.000 4
  80   82     -1.000     -0.980      0.000 4
  81   83     -0.999      1.108      0.000 4
  79   84     -0.998     -0.151      0.000 4
  -1   -2     -0.986      0.757      0.000 4
  83   87     -0.975     -0.100      0.000 4
  84   -2     -0.974      0.063      0.000 4
  85   86     -0.972     -0.661      0.000 4
  -1   -2     -0.967      0.385      0.000 4
  86   88     -0.966     -0.847      0.000 4
  88   91     -0.949     -0.459      0.000 4
  89   90     -0.948     -0.976      0.000 4
  92   92     -0.933     -0.743      0.000 4
  93   93     -0.926      0.823      0.000 4
  94   94     -0.925     -0.798      0.000 4
  95   95     -0.918     -1.105      0.000 4
  96   96     -0.904     -1.031      0.000 4
  -1   99     -0.884     -1.104      0.000 4
  99  100     -0.882      0.883      0.000 4
 100  102     -0.876     -0.288      0.000 4
 101  103     -0.875      0.048      0.000 4
 106  101     -0.852     -1.168      0.000 4
  -1  105     -0.849     -0.773      0.000 4
 105  107     -0.847     -0.544      0.000 4
 104  109     -0.847     -0.254      0.000 4
 103  108     -0.847      0.321      0.000 4
 107  106     -0.846      1.055      0.000 4
  -1   -2     -0.844     -1.078      0.000 4
 108  110     -0.840      0.991      0.000 4
  -1   -2     -0.837     -0.824      0.000 4
  97  132     -0.822      1.096      0.000 4
 110  122     -0.820     -0.931      0.000 4
 114   -2     -0.813     -0.782      0.000 4
  -1  113     -0.812     -0.398      0.000 4
 113  112     -0.812      0.835      0.000 4
 115  114     -0.800     -0.629      0.000 4
 117  116     -0.799      0.949      0.000 4
 118  115     -0.794      0.431      0.000 4
 119   -2     -0.792     -0.674      0.000 4
 116  117     -0.792     -0.204      0.000 4
 120  118     -0.787      0.080      0.000 4
 121  119     -0.782      0.172      0.000 4
 123  120     -0.779     -0.470      0.000 4
 126   -2     -0.757     -0.945      0.000 4
 125  123     -0.755     -0.246      0.000 4
 124  124     -0.751     -0.030      0.000 4
 136   -2     -0.728     -0.968      0.000 4
 127  126     -0.727      0.596      0.000 4
 128  127     -0.727     -0.455      0.000 4
 131  128     -0.727      0.813      0.000 4
 129  129     -0.725     -0.098      0.000 4
 133  130     -0.720      1.006      0.000 4
 135  131     -0.711     -0.723      0.000 4
  -1   -2     -0.709      1.062      0.000 4
  -1  133     -0.708      0.002      0.000 4
 134  134     -0.696     -1.093      0.000 4
 137  136     -0.687     -0.230      0.000 4
 139  137     -0.680      0.387      0.000 4
 140  138     -0.672     -0.715      0.000 4
 141  139     -0.670     -1.173      0.000 4
 144  141     -0.654      0.274      0.000 4
 143  140     -0.648      1.065      0.000 4
 142   -2     -0.639     -0.771      0.000 4
 147  143     -0.638     -0.136      0.000 4
 148  142     -0.635      0.146      0.000 4
 150  145     -0.623     -0.957      0.000 4
 149  146     -0.621      0.423      0.000 4
 151  147     -0.611      0.943      0.000 4
 152  148     -0.606     -0.582      0.000 4
 154  149     -0.603     -1.032      0.000 4
 153  150     -0.600     -0.221      0.000 4
 156  151     -0.591     -0.186      0.000 4
  -1   -2     -0.589      0.514      0.000 4
 157  152     -0.584     -0.921      0.000 4
 158  153     -0.583     -0.417      0.000 4
 160  156     -0.572      0.618      0.000 4
  -1  155     -0.572     -0.744      0.000 4
 161  157     -0.564      0.416      0.000 4
 162  159     -0.549     -0.487      0.000 4
  -1   -2     -0.545     -1.160      0.000 4
 163  160     -0.542      0.588      0.000 4
  -1   -2     -0.542     -0.598      0.000 4
 165  161     -0.537      1.046      0.000 4
 166   -2     -0.528     -0.327      0.000 4
 167  162     -0.527      0.243      0.000 4
 168  163     -0.511     -0.534      0.000 4
 170  164     -0.506     -0.705      0.000 4
  -1  166     -0.484     -0.124      0.000 4
 172  167     -0.480     -0.812      0.000 4
 173  168     -0.477     -0.595      0.000 4
 174  169     -0.473     -0.436      0.000 4
 176  165     -0.470     -1.170      0.000 4
 175  171     -0.468      0.696      0.000 4
  -1   -2     -0.468      1.152      0.000 4
 177  172     -0.463      0.321      0.000 4
 178  174     -0.442      0.108      0.000 4
 179  173     -0.441      0.793      0.000 4
 180  175     -0.440      0.868      0.000 4
 181  176     -0.439      0.619      0.000 4
 183  177     -0.433      1.025      0.000 4
 184  178     -0.426     -0.280      0.000 4
 185  179     -0.422     -0.794      0.000 4
 186  180     -0.420      0.256      0.000 4
 188  181     -0.397     -0.574      0.000 4
 192   -2     -0.393      0.026      0.000 4
 189  182     -0.392      0.398      0.000 4
  -1  184     -0.382      0.564      0.000 4
 190  185     -0.362     -0.495      0.000 4
 193  186     -0.360     -0.733      0.000 4
 191  187     -0.357      0.072      0.000 4
 195  189     -0.344      1.024      0.000 4
 194  190     -0.343      0.524      0.000 4
 197  192     -0.331     -0.774      0.000 4
 196  195     -0.331     -0.170      0.000 4
  -1  201     -0.289     -1.170      0.000 4
 200  197     -0.280     -0.844      0.000 4
 201  198     -0.276      0.280      0.000 4
 198   -2     -0.270     -0.589      0.000 4
 202  200     -0.267     -0.034      0.000 4
  -1   -2     -0.261     -1.045      0.000 4
 204  203     -0.251     -0.446      0.000 4
 205  202     -0.249     -0.956      0.000 4
 206   -2     -0.243      0.243      0.000 4
 208  205     -0.239     -0.546      0.000 4
 210  206     -0.233      0.441      0.000 4
 211   -2     -0.230     -1.091      0.000 4
 212  209     -0.224      0.173      0.000 4
  -1  210     -0.216     -0.082      0.000 4
  -1  207     -0.212     -1.137      0.000 4
 214   -2     -0.209     -1.054      0.000 4
 213  211     -0.199     -0.453      0.000 4
 215  212     -0.188      0.976      0.000 4
 218  213     -0.184      0.254      0.000 4
 219  215     -0.184     -0.930      0.000 4
 217  214     -0.184     -0.194      0.000 4
  -1   -2     -0.180     -0.439      0.000 4
  -1   -2     -0.169      0.486      0.000 4
 220   -2     -0.166     -0.567      0.000 4
 222  218     -0.165     -0.406      0.000 4
 224  217     -0.162     -0.747      0.000 4
 221   -2     -0.162      0.109      0.000 4
 223  219     -0.158      0.020      0.000 4
 225  220     -0.152      0.408      0.000 4
  -1  221     -0.144     -1.116      0.000 4
  -1   -2     -0.125     -1.076      0.000 4
  -1  222     -0.125     -0.254      0.000 4
 227  223     -0.124      0.979      0.000 4
  -1   -2     -0.115     -0.578      0.000 4
 228  225     -0.105      0.825      0.000 4
 229  226     -0.102     -0.063      0.000 4
  -1  228     -0.099     -0.315      0.000 4
 233  230     -0.090      0.224      0.000 4
 236  234     -0.080      0.392      0.000 4
 235  232     -0.079     -1.054      0.000 4
 234  231     -0.078     -1.168      0.000 4
 237  233     -0.076      0.923      0.000 4
 238  235     -0.069      0.056      0.000 4
 241  236     -0.058     -0.215      0.000 4
 242   -2     -0.047      0.872      0.000 4
  -1  240     -0.041     -0.123      0.000 4
 239  237     -0.036      0.246      0.000 4
 243  239     -0.026      0.394      0.000 4
 245   -2     -0.020      0.594      0.000 4
 247  238     -0.018     -0.015      0.000 4
 249  242     -0.014      0.677      0.000 4
 251  243      0.023      0.440      0.000 4
 252  246      0.039      1.052      0.000 4
 253  247      0.043      0.616      0.000 4
 254  248      0.046      0.108      0.000 4
 255   -2      0.052      0.538      0.000 4
 256  250      0.052     -0.758      0.000 4
 250  251      0.053     -0.615      0.000 4
 258   -2      0.058     -0.008      0.000 4
 260  255      0.069      0.309      0.000 4
 261  256      0.073     -1.107      0.000 4
 263   -2      0.091      0.279      0.000 4
 264  257      0.093      0.801      0.000 4
 265  258      0.097     -0.159      0.000 4
 266  260      0.105     -1.165      0.000 4
 267  263      0.116     -0.361      0.000 4
 268  262      0.116     -0.286      0.000 4
 269  264      0.130      1.069      0.000 4
 271  265      0.136     -1.068      0.000 4
 273  267      0.141      0.577      0.000 4
  -1   -2      0.149      0.462      0.000 4
 278  259      0.150     -0.914      0.000 4
 275  268      0.173      0.723      0.000 4
 276  269      0.173      0.254      0.000 4
 277  270      0.178     -0.439      0.000 4
 279  272      0.190     -0.271      0.000 4
 280  273      0.199     -1.091      0.000 4
 281  274      0.212     -0.706      0.000 4
 288   -2      0.222      0.912      0.000 4
 284  275      0.224      0.044      0.000 4
 287  277      0.229     -0.592      0.000 4
 286   -2      0.231     -1.111      0.000 4
 289  278      0.238      0.665      0.000 4
 290  279      0.239      0.381      0.000 4
 292  280      0.254     -0.073      0.000 4
  -1  276      0.254      0.901      0.000 4
  -1   -2      0.259      0.080      0.000 4
 293  281      0.266     -0.616      0.000 4
 295   -2      0.269     -0.414      0.000 4
 294  282      0.269     -1.067      0.000 4
 297  284      0.281     -0.219      0.000 4
  -1   -2      0.288      1.070      0.000 4
 298  283      0.293     -1.152      0.000 4
  -1  287      0.301     -0.577      0.000 4
 301  288      0.307      0.663      0.000 4
 300  289      0.308     -0.723      0.000 4
 302  290      0.308      0.852      0.000 4
 303  291      0.311      0.992      0.000 4
 304  292      0.319      0.787      0.000 4
 306  294      0.324      0.178      0.000 4
 299  295      0.339      0.117      0.000 4
 308  297      0.343     -1.055      0.000 4
 311  298      0.359     -0.907      0.000 4
 312  299      0.361     -0.197      0.000 4
 313   -2      0.365     -0.235      0.000 4
  -1   -2      0.368      0.400      0.000 4
  -1   -2      0.369     -0.587      0.000 4
 314  300      0.373     -0.111      0.000 4
 316  301      0.373     -0.973      0.000 4
  -1   -2      0.381     -1.176      0.000 4
 317  302      0.385      0.051      0.000 4
 318   -2      0.388      0.631      0.000 4
 307   -2      0.389      0.482      0.000 4
 319  303      0.389      0.720      0.000 4
  -1  304      0.404     -0.726      0.000 4
 320  305      0.407     -0.572      0.000 4
 321   -2      0.416      0.762      0.000 4
 322  306      0.418     -0.261      0.000 4
 323  307      0.420     -0.864      0.000 4
 324  308      0.435     -1.122      0.000 4
 325  309      0.438      0.816      0.000 4
 326  310      0.449     -0.656      0.000 4
 327  318      0.459     -1.173      0.000 4
  -1   -2      0.459      0.446      0.000 4
 329  311      0.462     -0.270      0.000 4
 331  312      0.468      0.624      0.000 4
 330  314      0.469     -0.310      0.000 4
 332  315      0.470      0.051      0.000 4
  -1  316      0.479      1.085      0.000 4
 334  317      0.481     -0.475      0.000 4
 335  319      0.489      0.910      0.000 4
 336  320      0.490     -0.599      0.000 4
 337  321      0.495      0.209      0.000 4
  -1   -2      0.501     -1.160      0.000 4
 340  323      0.507      0.122      0.000 4
 339  322      0.508      0.739      0.000 4
  -1   -2      0.509      0.315      0.000 4
  -1  324      0.511      0.623      0.000 4
 341  325      0.512     -0.426      0.000 4
  -1  326      0.517      0.657      0.000 4
 342  327      0.521      1.154      0.000 4
  -1  328      0.522      0.813      0.000 4
 343  330      0.539     -0.605      0.000 4
 345  332      0.546     -0.304      0.000 4
 344  331      0.547      0.006      0.000 4
 346  333      0.555      1.014      0.000 4
  -1  335      0.556      0.368      0.000 4
 348  338      0.571     -0.468      0.000 4
 347  339      0.573     -0.743      0.000 4
 350  340      0.589      1.150      0.000 4
 351  341      0.592      0.528      0.000 4
 353  342      0.599      0.435      0.000 4
 352  343      0.599      0.389      0.000 4
 355  344      0.608      0.222      0.000 4
 354  345      0.609     -0.257      0.000 4
 356  346      0.612      0.651      0.000 4
 357  348      0.617     -0.986      0.000 4
 358  349      0.621     -0.020      0.000 4
 360  351      0.632     -1.166      0.000 4
 361  352      0.636     -0.446      0.000 4
 362   -2      0.639      1.021      0.000 4
 363  353      0.644      0.544      0.000 4
  -1  347      0.649      0.149      0.000 4
  -1  355      0.651      0.221      0.000 4
 366  356      0.667     -0.613      0.000 4
 367  358      0.676     -0.707      0.000 4
 368  357      0.676      0.782      0.000 4
  -1   -2      0.679     -0.342      0.000 4
 369  360      0.685     -0.914      0.000 4
  -1   -2      0.685      0.614      0.000 4
 370  361      0.695      0.669      0.000 4
  -1  371      0.706     -0.391      0.000 4
 371  362      0.706     -0.566      0.000 4
 374  364      0.727     -0.988      0.000 4
 373  363      0.727     -0.038      0.000 4
 375   -2      0.734     -0.205      0.000 4
 376  365      0.744     -0.765      0.000 4
 377  373      0.749      0.023      0.000 4
  -1  368      0.753     -1.038      0.000 4
 379  366      0.753      0.602      0.000 4
  -1  367      0.756     -0.333      0.000 4
 380  369      0.764      0.361      0.000 4
 382  370      0.766      0.392      0.000 4
  -1   -2      0.770     -0.807      0.000 4
 383   -2      0.771     -0.402      0.000 4
 385  375      0.784     -0.569      0.000 4
 386  374      0.788      0.953      0.000 4
 384  372      0.789      0.719      0.000 4
 387   -2      0.795     -0.622      0.000 4
  -1  376      0.801      0.528      0.000 4
  -1  382      0.802      1.031      0.000 4
 389  377      0.803      0.648      0.000 4
 378  390      0.804     -0.977      0.000 4
 388  378      0.805     -0.141      0.000 4
 391  381      0.811      0.862      0.000 4
  -1   -2      0.814     -0.230      0.000 4
 392  383      0.816     -1.094      0.000 4
 394  386      0.835     -0.766      0.000 4
 396  385      0.836      0.357      0.000 4
 393  387      0.836     -1.036      0.000 4
 397  388      0.843     -0.590      0.000 4
 398  389      0.854     -0.337      0.000 4
 399   -2      0.858     -0.845      0.000 4
 400  384      0.871     -1.157      0.000 4
 402  392      0.885     -0.025      0.000 4
 401  393      0.886      1.049      0.000 4
 403  394      0.893     -0.775      0.000 4
 404  395      0.911      1.150      0.000 4
  -1  398      0.929     -0.879      0.000 4
 407   -2      0.941     -1.081      0.000 4
 410  400      0.943      0.677      0.000 4
 409  401      0.944      0.196      0.000 4
 411  402      0.948     -0.608      0.000 4
  -1  404      0.954     -0.667      0.000 4
 413  405      0.955     -0.818      0.000 4
 414  406      0.961      1.029      0.000 4
 415  411      0.964     -0.048      0.000 4
 417   -2      0.975      0.937      0.000 4
 419  413      0.983      0.746      0.000 4
 420  412      0.986      0.506      0.000 4
 421  414      1.000      0.295      0.000 4
 422  415      1.001      0.254      0.000 4
 424  418      1.015     -0.480      0.000 4
 423  419      1.019     -0.573      0.000 4
 426  420      1.033     -0.076      0.000 4
 425  421      1.034     -0.887      0.000 4
 427   -2      1.041     -0.291      0.000 4
 428  407      1.049      0.922      0.000 4
 429  423      1.063      0.041      0.000 4
 431  424      1.071     -1.171      0.000 4
 432   -2      1.078      0.651      0.000 4
 434  428      1.093     -0.666      0.000 4
 435  427      1.093      0.606      0.000 4
 436  430      1.099     -1.083      0.000 4
 430   -2      1.101     -0.229      0.000 4
 437  431      1.102      0.558      0.000 4
 433  433      1.103      1.035      0.000 4
  -1   -2      1.105     -0.783      0.000 4
 439  432      1.105      0.105      0.000 4
 440  426      1.106     -0.367      0.000 4
  -1  425      1.107      0.710      0.000 4
  -1  434      1.112     -0.271      0.000 4
  -1   -2      1.120      0.175      0.000 4
 448  422      1.122     -0.308      0.000 4
 442  437      1.133      0.351      0.000 4
  -1  438      1.138     -0.029      0.000 4
 443  440      1.149     -0.757      0.000 4
 444  439      1.151     -0.215      0.000 4
 445  449      1.158      0.995      0.000 4
 446  441      1.159     -0.996      0.000 4
 449  443      1.169      0.174      0.000 4
 447  444      1.170     -0.909      0.000 4
  -1  446      1.174      0.919      0.000 4
  -1   -2      1.189     -1.177      0.000 4
 453  448      1.194      0.467      0.000 4
 454   -2      1.198      1.006      0.000 4
 451  450      1.200     -1.145      0.000 4
 456  452      1.213      0.400      0.000 4
 455  451      1.213     -0.102      0.000 4
 458  454      1.217      0.801      0.000 4
 457  455      1.225     -0.686      0.000 4
  -1   -2      1.230      0.052      0.000 4
 466  456      1.233      0.632      0.000 4
 473  453      1.241     -0.457      0.000 4
  -1  458      1.242      1.032      0.000 4
 461   -2      1.250      0.691      0.000 4
 463  459      1.267     -0.075      0.000 4
 464  460      1.287      0.985      0.000 4
 462  462      1.290     -1.167      0.000 4
 465  464      1.291     -0.660      0.000 4
 467   -2      1.299     -0.738      0.000 4
  -1   -2      1.300     -1.091      0.000 4
 470  466      1.306      0.037      0.000 4
 469  465      1.306      0.213      0.000 4
  -1   -2      1.307      0.894      0.000 4
  -1   -2      1.309      0.103      0.000 4
 471  468      1.315     -0.518      0.000 4
 474  469      1.322      1.042      0.000 4
 475  471      1.334     -0.688      0.000 4
  -1   -2      1.351      0.157      0.000 4
 477  472      1.366     -0.676      0.000 4
 476  474      1.368     -1.149      0.000 4
 478  473      1.368     -0.767      0.000 4
 479  475      1.374     -0.169      0.000 4
 480   -2      1.376      1.012      0.000 4
 484  476      1.417     -1.171      0.000 4
 496   -2      1.427      0.275      0.000 4
 485   -2      1.429      0.027      0.000 4
  -1   -2      1.443     -0.132      0.000 4
 489  479      1.463      0.418      0.000 4
 491  484      1.466      0.493      0.000 4
 490  480      1.467     -0.684      0.000 4
 492  481      1.475     -0.541      0.000 4
 493  482      1.476     -0.615      0.000 4
 494  483      1.486     -0.422      0.000 4
  -1   -2      1.505      0.491      0.000 4
 495  485      1.507     -1.002      0.000 4
  -1  486      1.507     -0.700      0.000 4
  -1  487      1.522     -1.176      0.000 4
 499  488      1.529      0.151      0.000 4
  -1   -2      1.556     -0.797      0.000 4
  -1  489      1.567     -0.456      0.000 4
  -1  490      1.574     -0.381      0.000 4
