493
  -1   -2     -1.566      1.022      0.000 4
   0    0     -1.564     -0.434      0.000 4
  -1   -2     -1.561      0.448      0.000 4
   1    1     -1.560      0.848      0.000 4
   2    2     -1.554     -0.969      0.000 4
   3    3     -1.551      0.639      0.000 4
  -1    6     -1.543      0.160      0.000 4
  -1   -2     -1.541      0.896      0.000 4
   5    7     -1.535      0.369      0.000 4
   7    8     -1.513      0.057      0.000 4
   8   10     -1.509     -0.494      0.000 4
  -1   11     -1.507      1.068      0.000 4
   9   -2     -1.499     -0.318      0.000 4
  -1   -2     -1.485      0.890      0.000 4
  11   13     -1.478     -0.038      0.000 4
  13   14     -1.474      0.806      0.000 4
  12   15     -1.473      0.201      0.000 4
  14   16     -1.473     -0.534      0.000 4
   6   32     -1.471     -1.121      0.000 4
  18   -2     -1.466      0.405      0.000 4
  -1   20     -1.465      0.764      0.000 4
  15   18     -1.465     -0.790      0.000 4
  17   -2     -1.459      0.938      0.000 4
  19   -2     -1.413      0.685      0.000 4
  20   24     -1.408      0.849      0.000 4
  21   26     -1.403     -0.455      0.000 4
  -1   -2     -1.400     -0.824      0.000 4
  23   27     -1.392      0.275      0.000 4
  -1   -2     -1.387      0.623      0.000 4
  -1   -2     -1.385      0.801      0.000 4
  26   -2     -1.374     -0.178      0.000 4
  -1   28     -1.356      0.913      0.000 4
  29   34     -1.333      1.084      0.000 4
  -1   31     -1.324     -1.161      0.000 4
  30   38     -1.316      0.475      0.000 4
  31   36     -1.312     -0.657      0.000 4
  32   37     -1.311      1.008      0.000 4
  33   39     -1.309     -1.065      0.000 4
  35   40     -1.296     -0.768      0.000 4
  27   -2     -1.289      0.737      0.000 4
  37   44     -1.285     -0.141      0.000 4
  -1   45     -1.280     -0.824      0.000 4
  -1   -2     -1.273      0.297      0.000 4
  -1   47     -1.271     -0.433      0.000 4
  39   51     -1.271     -0.980      0.000 4
  40   61     -1.269      0.840      0.000 4
  42   -2     -1.260      0.956      0.000 4
  41   48     -1.260      0.458      0.000 4
  -1   50     -1.256      1.074      0.000 4
  45   52     -1.237      1.131      0.000 4
  46   53     -1.234     -0.769      0.000 4
  44   54     -1.234      0.744      0.000 4
  -1   55     -1.232      0.210      0.000 4
  47   57     -1.230     -0.344      0.000 4
  48   56     -1.226      0.541      0.000 4
  49   58     -1.221     -0.452      0.000 4
  51   59     -1.219      0.439      0.000 4
  52   60     -1.210     -0.975      0.000 4
  50   62     -1.210     -0.204      0.000 4
  -1   -2     -1.205      0.798      0.000 4
  54   63     -1.192      0.377      0.000 4
  56   64     -1.186     -0.261      0.000 4
  63   -2     -1.183      0.599      0.000 4
  59   65     -1.175      0.643      0.000 4
  60   -2     -1.156      1.112      0.000 4
  61   66     -1.148      1.151      0.000 4
  62   67     -1.146     -0.957      0.000 4
  73   49     -1.140      0.885      0.000 4
  66   69     -1.139     -0.996      0.000 4
  65   70     -1.137      0.332      0.000 4
  57   75     -1.125     -0.491      0.000 4
  -1   72     -1.118     -0.102      0.000 4
  68   73     -1.105      1.138      0.000 4
  69   -2     -1.100     -1.173      0.000 4
  70   -2     -1.090      0.533      0.000 4
  71   74     -1.086      0.610      0.000 4
  74   76     -1.071     -1.130      0.000 4
  -1   68     -1.071      0.831      0.000 4
  75   77     -1.069     -0.816      0.000 4
  76   78     -1.061     -0.145      0.000 4
  77   80     -1.052     -0.009      0.000 4
  78   81     -1.041      0.974      0.000 4
  79   82     -1.038     -0.227      0.000 4
  80   -2     -1.038      0.493      0.000 4
  81   -2     -1.032      0.268      0.000 4
  82   83     -1.031      0.333      0.000 4
  -1   -2     -1.031     -1.136      0.000 4
  83   -2     -1.019      0.459      0.000 4
  85   84     -1.014     -1.170      0.000 4
  88   85     -1.008     -0.953      0.000 4
  86   88     -1.005      0.402      0.000 4
  89   87     -1.003      1.089      0.000 4
  90   89     -0.988     -0.055      0.000 4
  91   -2     -0.987     -0.465      0.000 4
  92   90     -0.982      0.039      0.000 4
  -1   -2     -0.973      0.624      0.000 4
  93   -2     -0.971      0.382      0.000 4
  94   92     -0.961      0.933      0.000 4
  95   95     -0.954      0.140      0.000 4
  96   93     -0.951     -1.015      0.000 4
  87   -2     -0.947      0.748      0.000 4
  97   96     -0.946     -0.643      0.000 4
  98   98     -0.929     -0.144      0.000 4
 100  100     -0.913     -0.727      0.000 4
 102   99     -0.912     -1.011      0.000 4
 101  101     -0.911     -0.779      0.000 4
 103  103     -0.907     -0.098      0.000 4
 106  102     -0.904     -1.080      0.000 4
 104  105     -0.902     -0.449      0.000 4
 107  104     -0.902      1.122      0.000 4
 105  106     -0.898      0.066      0.000 4
  -1  107     -0.897      0.815      0.000 4
 109  108     -0.883     -1.164      0.000 4
 108   -2     -0.857      0.879      0.000 4
  -1  111     -0.839      1.051      0.000 4
 112  112     -0.834     -0.764      0.000 4
 113  113     -0.825      0.990      0.000 4
 115  114     -0.822      1.095      0.000 4
 116  117     -0.814     -0.285      0.000 4
 117  119     -0.813      0.702      0.000 4
 118  118     -0.808     -0.539      0.000 4
 120  120     -0.800      0.050      0.000 4
 122  122     -0.775      0.954      0.000 4
 125   -2     -0.773      0.322      0.000 4
 123  123     -0.767     -0.671      0.000 4
 124  125     -0.756     -0.400      0.000 4
  -1   -2     -0.752     -1.156      0.000 4
 126  127     -0.745     -0.952      0.000 4
 130  131     -0.731      0.439      0.000 4
 129  129     -0.730     -0.472      0.000 4
 127  130     -0.729     -0.205      0.000 4
 131   -2     -0.726     -1.082      0.000 4
 132   -2     -0.726      0.963      0.000 4
  -1   -2     -0.713      0.490      0.000 4
 135  132     -0.710     -1.013      0.000 4
 133  133     -0.710      0.079      0.000 4
 136  134     -0.708      1.019      0.000 4
 134  136     -0.707      0.175      0.000 4
 137  137     -0.693      0.827      0.000 4
 138  139     -0.689     -0.252      0.000 4
 139  135     -0.688     -1.172      0.000 4
 140  138     -0.686     -0.728      0.000 4
 141  141     -0.680     -0.031      0.000 4
 142  140     -0.679     -0.461      0.000 4
 143  142     -0.675      0.609      0.000 4
 144  124     -0.672     -0.878      0.000 4
 145  143     -0.655     -0.101      0.000 4
 147  144     -0.647     -0.725      0.000 4
 146   -2     -0.645      1.023      0.000 4
 148  145     -0.644      1.082      0.000 4
  -1   -2     -0.642      0.736      0.000 4
  -1  146     -0.626     -1.120      0.000 4
 150  147     -0.622     -0.237      0.000 4
 154  150     -0.619     -0.967      0.000 4
  -1   -2     -0.617     -0.781      0.000 4
 152  149     -0.613      0.399      0.000 4
 151   -2     -0.609     -1.044      0.000 4
  -1   -2     -0.593     -0.414      0.000 4
 155   -2     -0.592      0.970      0.000 4
 156  152     -0.586      0.284      0.000 4
 159  155     -0.570     -0.141      0.000 4
 158  154     -0.570     -0.599      0.000 4
  -1  156     -0.559      0.443      0.000 4
  -1  151     -0.551      0.863      0.000 4
 160  157     -0.547     -1.168      0.000 4
 162  158     -0.538     -0.229      0.000 4
 164   -2     -0.532     -0.429      0.000 4
 166  159     -0.529      1.079      0.000 4
 165  161     -0.529     -0.197      0.000 4
 167  162     -0.525      0.644      0.000 4
  -1  163     -0.519     -0.675      0.000 4
 168  164     -0.505     -0.508      0.000 4
 169  166     -0.494      0.616      0.000 4
 171  167     -0.480     -0.731      0.000 4
 172  169     -0.472     -0.558      0.000 4
 174  170     -0.463     -0.841      0.000 4
 173  171     -0.460      0.253      0.000 4
  -1   -2     -0.446     -0.623      0.000 4
 178  176     -0.430      0.733      0.000 4
 177  177     -0.427     -0.461      0.000 4
 179  179     -0.427     -0.132      0.000 4
 180  178     -0.425      1.068      0.000 4
 181  172     -0.421     -1.169      0.000 4
 197  165     -0.416      0.406      0.000 4
 182  180     -0.411      0.835      0.000 4
 183  181     -0.409      0.905      0.000 4
 184  183     -0.404      0.340      0.000 4
 185  182     -0.403     -0.829      0.000 4
  -1   -2     -0.402     -0.365      0.000 4
 186  184     -0.398      0.655      0.000 4
 188  185     -0.372     -0.300      0.000 4
 189  186     -0.369     -0.607      0.000 4
 193  187     -0.344     -1.076      0.000 4
 192  188     -0.344      0.617      0.000 4
 196  189     -0.338     -0.775      0.000 4
 198  190     -0.330      1.080      0.000 4
 199  192     -0.325     -0.531      0.000 4
 204  191     -0.322      0.030      0.000 4
 200  193     -0.314     -0.820      0.000 4
 202   -2     -0.302      0.074      0.000 4
 203  194     -0.299      0.563      0.000 4
 205   -2     -0.285     -0.698      0.000 4
 208  195     -0.271     -1.170      0.000 4
 207  198     -0.269     -0.896      0.000 4
 201  207     -0.251     -0.119      0.000 4
 212   -2     -0.238     -0.965      0.000 4
  -1  201     -0.230      0.301      0.000 4
 214   -2     -0.222      0.379      0.000 4
 216  202     -0.222     -1.089      0.000 4
 215  203     -0.221     -0.040      0.000 4
 218  205     -0.206     -0.490      0.000 4
 220  206     -0.199      0.261      0.000 4
 221  208     -0.195      0.478      0.000 4
 223  209     -0.181      1.048      0.000 4
 222  210     -0.179      0.186      0.000 4
  -1  212     -0.176     -0.101      0.000 4
 224  211     -0.174     -0.995      0.000 4
 226  213     -0.147     -0.807      0.000 4
 225  215     -0.147     -0.214      0.000 4
 227  214     -0.145      0.274      0.000 4
  -1   -2     -0.142     -1.121      0.000 4
 228  216     -0.141     -0.618      0.000 4
 231   -2     -0.138     -0.459      0.000 4
 230   -2     -0.132      0.729      0.000 4
 232  219     -0.121      1.056      0.000 4
 234   -2     -0.119     -1.168      0.000 4
 233  220     -0.116      0.447      0.000 4
 235  222     -0.101     -0.911      0.000 4
 236   -2     -0.100     -0.626      0.000 4
 238  224     -0.095      0.899      0.000 4
  -1  227     -0.085     -0.864      0.000 4
 239  223     -0.081     -1.122      0.000 4
 237  217     -0.071     -0.355      0.000 4
 240  228     -0.069      1.001      0.000 4
 242  230     -0.058      0.246      0.000 4
 243  232     -0.049      0.428      0.000 4
 244  233     -0.039      0.052      0.000 4
  -1  234     -0.032      0.285      0.000 4
 245  235     -0.030      0.949      0.000 4
 248  238     -0.004      0.431      0.000 4
 250  239     -0.002      0.742      0.000 4
 246  240     -0.000      0.259      0.000 4
 251  242      0.000     -0.008      0.000 4
 254   -2      0.003     -1.171      0.000 4
 253  243      0.010     -0.983      0.000 4
  -1  244      0.019     -1.105      0.000 4
 255  245      0.037      1.135      0.000 4
 256  246      0.038      0.487      0.000 4
 258   -2      0.050     -1.129      0.000 4
 259  247      0.052      0.678      0.000 4
 261  249      0.058      0.128      0.000 4
 260  248      0.058     -0.832      0.000 4
 269   -2      0.062      0.305      0.000 4
 263  251      0.064     -0.683      0.000 4
  -1   -2      0.067     -1.077      0.000 4
 267   -2      0.072     -0.355      0.000 4
 266  252      0.073      0.098      0.000 4
 265  253      0.082     -0.509      0.000 4
  -1  256      0.090      0.463      0.000 4
 268  258      0.099     -0.165      0.000 4
  -1   -2      0.104     -1.157      0.000 4
  -1  260      0.106     -1.072      0.000 4
 270  259      0.107     -1.159      0.000 4
 272   -2      0.115     -0.132      0.000 4
  -1   -2      0.127      1.151      0.000 4
 274   -2      0.128     -0.408      0.000 4
 273  262      0.130     -0.323      0.000 4
  -1   -2      0.138      0.727      0.000 4
 275  265      0.138     -0.946      0.000 4
 276  263      0.141      0.635      0.000 4
  -1  264      0.149      0.503      0.000 4
 278  266      0.169      0.793      0.000 4
 279  268      0.173      0.278      0.000 4
 277  267      0.182     -0.494      0.000 4
 280  269      0.186     -0.954      0.000 4
 281  270      0.195     -0.307      0.000 4
 282  271      0.203     -1.166      0.000 4
 283  272      0.209     -0.772      0.000 4
 285  274      0.223      0.042      0.000 4
 286  273      0.224      0.991      0.000 4
 288  278      0.229      0.728      0.000 4
 287  277      0.231     -0.656      0.000 4
 290  279      0.234      0.418      0.000 4
 291  280      0.250     -0.087      0.000 4
 310  255      0.252      0.333      0.000 4
 292  282      0.271     -0.464      0.000 4
 293  284      0.277     -0.246      0.000 4
  -1  285      0.284      0.116      0.000 4
 294  283      0.289     -1.157      0.000 4
 295  286      0.293      0.728      0.000 4
 297  288      0.299      1.076      0.000 4
 296  287      0.300      0.929      0.000 4
 298  289      0.306     -0.787      0.000 4
 299  290      0.308      0.860      0.000 4
 300  292      0.312      0.194      0.000 4
 301  293      0.317      0.541      0.000 4
 302   -2      0.329      0.653      0.000 4
 303  294      0.346     -1.121      0.000 4
  -1  295      0.358     -0.124      0.000 4
 306  296      0.358     -0.972      0.000 4
  -1  298      0.365      0.690      0.000 4
 307  299      0.365      0.057      0.000 4
 308  300      0.371      0.784      0.000 4
 309  301      0.373     -1.038      0.000 4
 312  303      0.397     -0.620      0.000 4
  -1  302      0.398     -0.784      0.000 4
 313  304      0.401     -0.289      0.000 4
 314  306      0.419     -0.923      0.000 4
 317  305      0.438     -1.170      0.000 4
 316  309      0.438     -0.708      0.000 4
 319  310      0.442     -0.296      0.000 4
  -1  311      0.450     -0.341      0.000 4
  -1   -2      0.453     -0.148      0.000 4
  -1  314      0.454      0.186      0.000 4
 322  313      0.464     -0.516      0.000 4
 323  315      0.472      0.985      0.000 4
 325  316      0.477      0.134      0.000 4
  -1  317      0.480     -0.633      0.000 4
  -1  318      0.481      0.684      0.000 4
 326  319      0.490     -0.466      0.000 4
 315   -2      0.498      0.880      0.000 4
  -1  326      0.500      0.328      0.000 4
 328  320      0.510      0.010      0.000 4
  -1  328      0.517      0.536      0.000 4
 329  321      0.520      0.778      0.000 4
 330  322      0.524     -0.327      0.000 4
 331  323      0.525     -0.646      0.000 4
 332  324      0.536     -1.123      0.000 4
 334   -2      0.556      0.573      0.000 4
 335  330      0.561     -0.769      0.000 4
 336  329      0.561      0.429      0.000 4
 337  327      0.563     -0.498      0.000 4
 343  331      0.566      0.244      0.000 4
  -1   -2      0.574      0.054      0.000 4
 339  333      0.574     -0.819      0.000 4
 340  332      0.577      0.170      0.000 4
 341   -2      0.579      0.707      0.000 4
 344  334      0.583     -0.019      0.000 4
 342   -2      0.584     -1.090      0.000 4
 352   -2      0.598     -1.165      0.000 4
 347  336      0.607      0.594      0.000 4
 348  337      0.612     -0.468      0.000 4
  -1  338      0.616     -0.871      0.000 4
 351  340      0.624      1.085      0.000 4
 350  342      0.626     -1.024      0.000 4
 353  343      0.645      0.839      0.000 4
  -1   -2      0.647     -0.356      0.000 4
  -1  344      0.648      0.664      0.000 4
 355  345      0.649     -0.638      0.000 4
 369   -2      0.655      0.249      0.000 4
 356  346      0.659      0.722      0.000 4
 357  347      0.662     -0.735      0.000 4
 358  350      0.684     -0.937      0.000 4
 359  348      0.684     -0.588      0.000 4
 360  349      0.686     -0.033      0.000 4
 362  351      0.696     -0.210      0.000 4
 363  352      0.705      0.651      0.000 4
 366  353      0.716      0.390      0.000 4
 367   -2      0.718      0.423      0.000 4
 368  354      0.725      0.059      0.000 4
 370  355      0.726     -1.007      0.000 4
 371  356      0.732     -0.783      0.000 4
 373  358      0.740      0.765      0.000 4
 372  357      0.741     -0.410      0.000 4
 374  359      0.753      1.000      0.000 4
  -1  360      0.754     -0.823      0.000 4
 375  361      0.758     -1.056      0.000 4
 376  362      0.759      0.692      0.000 4
 377  363      0.761     -0.135      0.000 4
  -1  364      0.764      0.256      0.000 4
 381  365      0.771     -0.233      0.000 4
 382  366      0.781      0.385      0.000 4
 383  367      0.784      0.910      0.000 4
 384  370      0.790     -0.978      0.000 4
 385  372      0.798      1.012      0.000 4
 386  373      0.815     -0.780      0.000 4
 387  374      0.818     -0.340      0.000 4
 388  375      0.822     -0.598      0.000 4
 389  376      0.825     -1.102      0.000 4
 390   -2      0.831     -0.017      0.000 4
 391  377      0.840     -1.043      0.000 4
 392  379      0.851     -0.849      0.000 4
  -1  378      0.855      0.909      0.000 4
 393   -2      0.873     -1.158      0.000 4
  -1  381      0.875     -1.164      0.000 4
 394  380      0.876      1.093      0.000 4
  -1   -2      0.879      0.197      0.000 4
 395  382      0.880     -0.776      0.000 4
  -1   -2      0.891     -0.042      0.000 4
  -1  384      0.891      0.236      0.000 4
  -1   -2      0.897      0.782      0.000 4
  -1  385      0.904      1.091      0.000 4
  -1   -2      0.912     -0.189      0.000 4
 397  386      0.922     -0.875      0.000 4
  -1  387      0.923     -0.092      0.000 4
 398  390      0.927     -0.603      0.000 4
 399  388      0.929      0.532      0.000 4
  -1  389      0.932     -1.088      0.000 4
 400  391      0.939      0.316      0.000 4
 401  392      0.940      0.272      0.000 4
 402  393      0.942      0.775      0.000 4
 405  394      0.944      0.951      0.000 4
 403  395      0.946     -0.813      0.000 4
 404  396      0.948      1.064      0.000 4
  -1  397      0.952      0.996      0.000 4
 406   -2      0.961     -0.886      0.000 4
 407  399      0.978     -0.061      0.000 4
 408  400      0.988     -0.468      0.000 4
 409  403      0.994     -0.727      0.000 4
 410  402      0.995     -0.560      0.000 4
 420  404      0.997     -0.279      0.000 4
  -1  405      1.002      0.061      0.000 4
 413  406      1.020     -0.309      0.000 4
 412   -2      1.021     -0.177      0.000 4
 414  407      1.029      0.677      0.000 4
  -1   -2      1.035     -1.099      0.000 4
 416  408      1.038      0.621      0.000 4
 415  409      1.041      0.006      0.000 4
 418  410      1.046      0.575      0.000 4
 417   -2      1.052      0.121      0.000 4
 419  411      1.055     -0.944      0.000 4
  -1  414      1.057     -0.348      0.000 4
 421   -2      1.059      0.074      0.000 4
  -1  413      1.059      0.449      0.000 4
 423  415      1.062      0.184      0.000 4
 422  416      1.062      0.726      0.000 4
 426  417      1.070      0.364      0.000 4
 427  418      1.076     -0.644      0.000 4
 428  420      1.080     -0.293      0.000 4
  -1  422      1.104     -1.059      0.000 4
 430   -2      1.105     -1.056      0.000 4
 431  423      1.110      0.188      0.000 4
 437   -2      1.122      0.337      0.000 4
 432  424      1.124     -1.168      0.000 4
 434  426      1.135      0.474      0.000 4
  -1  427      1.136     -0.388      0.000 4
 435  428      1.137     -0.727      0.000 4
  -1  430      1.152      0.404      0.000 4
 438  432      1.161     -0.954      0.000 4
 439  431      1.162     -0.081      0.000 4
 440  434      1.166     -0.873      0.000 4
  -1  433      1.168     -0.656      0.000 4
 441  435      1.176      0.804      0.000 4
 442  436      1.177      1.013      0.000 4
 443  443      1.183      0.629      0.000 4
  -1   -2      1.195      0.321      0.000 4
 445  438      1.198     -0.470      0.000 4
  -1   -2      1.200      0.686      0.000 4
 447  440      1.207     -0.055      0.000 4
 448  441      1.211     -0.648      0.000 4
 450  444      1.245      0.225      0.000 4
 451  446      1.253      0.054      0.000 4
 452   -2      1.258      0.123      0.000 4
 453  447      1.276     -0.615      0.000 4
 455  448      1.283      0.722      0.000 4
  -1  450      1.286     -0.690      0.000 4
 458  451      1.288     -0.341      0.000 4
 459  452      1.292     -0.473      0.000 4
 457  453      1.303     -1.101      0.000 4
 461  454      1.305      1.030      0.000 4
  -1   -2      1.319     -0.276      0.000 4
 462  455      1.322     -0.636      0.000 4
  -1   -2      1.333     -0.139      0.000 4
 463   -2      1.334     -0.584      0.000 4
 464  458      1.354     -0.619      0.000 4
 465  459      1.359     -0.711      0.000 4
 466  461      1.371     -1.094      0.000 4
 467  463      1.374      1.025      0.000 4
 472  460      1.375     -1.157      0.000 4
 469  462      1.376      0.272      0.000 4
  -1  465      1.383      0.591      0.000 4
 473  467      1.413      0.410      0.000 4
 476  476      1.445     -0.393      0.000 4
 481  470      1.452      0.812      0.000 4
 477  472      1.454     -0.622      0.000 4
 478  473      1.457     -0.483      0.000 4
 474  474      1.462      0.468      0.000 4
 479  475      1.464     -0.553      0.000 4
 480   -2      1.467     -0.369      0.000 4
 483  477      1.489      0.060      0.000 4
 484  478      1.489      0.131      0.000 4
 485  479      1.491      0.157      0.000 4
 486  480      1.497     -0.938      0.000 4
  -1  481      1.502     -0.063      0.000 4
 489  483      1.526      0.243      0.000 4
 490  484      1.537      1.139      0.000 4
 492  469      1.540     -1.118      0.000 4
 491  485      1.541      0.597      0.000 4
 493  487      1.561     -0.331      0.000 4
 495  488      1.563      0.949      0.000 4
  -1  489      1.564     -0.808      0.000 4
 496  490      1.567      0.688      0.000 4
 497  491      1.570     -0.134      0.000 4
