497
   0    1     -1.572      0.895      0.000 4
   3    3     -1.543      0.842      0.000 4
   5    5     -1.533      0.230      0.000 4
  -1   -2     -1.531      0.661      0.000 4
   8   -2     -1.520      1.102      0.000 4
   9    8     -1.517      0.290      0.000 4
  11    4     -1.517     -1.083      0.000 4
  10    9     -1.514      0.551      0.000 4
  12   11     -1.506      0.429      0.000 4
  13   10     -1.503      0.684      0.000 4
   1   -2     -1.501     -0.306      0.000 4
  -1   13     -1.492      0.894      0.000 4
  -1   14     -1.488     -0.764      0.000 4
  15   15     -1.488      0.161      0.000 4
  16   16     -1.478      0.600      0.000 4
   2   39     -1.473     -0.093      0.000 4
  17   18     -1.469      1.042      0.000 4
  18   19     -1.461      0.507      0.000 4
  20   20     -1.454      0.356      0.000 4
  22   21     -1.452     -0.632      0.000 4
  23   23     -1.443     -0.361      0.000 4
  26   37     -1.434      1.149      0.000 4
  25   26     -1.432      0.734      0.000 4
  -1   25     -1.427     -1.114      0.000 4
  -1   28     -1.419     -0.732      0.000 4
  28   29     -1.416      0.296      0.000 4
  31   30     -1.408     -0.401      0.000 4
  32   31     -1.407      0.068      0.000 4
  33   32     -1.400      0.661      0.000 4
  -1   -2     -1.400     -0.222      0.000 4
  -1   22     -1.395     -0.308      0.000 4
  27   34     -1.380     -1.121      0.000 4
  -1   36     -1.369     -0.551      0.000 4
  35   -2     -1.362      1.135      0.000 4
  -1   -2     -1.354     -0.694      0.000 4
  37   38     -1.353     -0.919      0.000 4
  36   40     -1.351      0.034      0.000 4
  38   41     -1.340      0.175      0.000 4
  40   42     -1.335     -1.062      0.000 4
  41   43     -1.326      0.946      0.000 4
  42   44     -1.314     -0.349      0.000 4
  45   45     -1.309      0.571      0.000 4
  48   46     -1.302     -0.837      0.000 4
  47   47     -1.299      0.401      0.000 4
  46   57     -1.292     -1.166      0.000 4
  -1   -2     -1.289      0.442      0.000 4
  -1   -2     -1.288     -0.302      0.000 4
  -1   -2     -1.280     -0.445      0.000 4
  49   50     -1.270     -0.644      0.000 4
  50   53     -1.264      0.523      0.000 4
  51   52     -1.262     -1.004      0.000 4
  52   54     -1.260     -0.541      0.000 4
  53   56     -1.244      1.015      0.000 4
  54   59     -1.233     -0.129      0.000 4
  55   58     -1.231     -0.854      0.000 4
  56   61     -1.216      0.847      0.000 4
  57   -2     -1.212     -0.793      0.000 4
  58   62     -1.206     -0.658      0.000 4
  59   63     -1.192      0.739      0.000 4
  60   65     -1.183      0.645      0.000 4
  62   67     -1.169     -1.107      0.000 4
  63   68     -1.167     -0.886      0.000 4
  64   -2     -1.164      1.053      0.000 4
  67   69     -1.164     -0.848      0.000 4
  66   71     -1.160      0.411      0.000 4
  68   70     -1.160     -0.357      0.000 4
  70   72     -1.132     -1.020      0.000 4
  73   73     -1.132     -1.115      0.000 4
  71   74     -1.128      0.661      0.000 4
  72   75     -1.123     -0.108      0.000 4
  74   76     -1.116      1.054      0.000 4
  75   77     -1.108     -0.381      0.000 4
  76   80     -1.093      0.403      0.000 4
  -1   79     -1.093     -0.289      0.000 4
  78   82     -1.092     -1.078      0.000 4
  79   83     -1.074      0.812      0.000 4
  80   84     -1.072      0.486      0.000 4
  82   86     -1.046      0.392      0.000 4
  -1   85     -1.044     -0.738      0.000 4
  -1   -2     -1.043      0.272      0.000 4
  83   87     -1.042      0.585      0.000 4
  84   88     -1.029     -0.223      0.000 4
  86   89     -1.021     -1.074      0.000 4
  87   91     -1.018     -0.873      0.000 4
  88   92     -1.015     -0.437      0.000 4
  90   95     -1.009      0.343      0.000 4
  91   94     -1.006     -0.666      0.000 4
  92   96     -0.999      0.921      0.000 4
  93   97     -0.998      1.035      0.000 4
  -1   99     -0.989      0.440      0.000 4
  -1   -2     -0.977     -0.587      0.000 4
  -1   98     -0.962     -1.160      0.000 4
  97  101     -0.945      0.309      0.000 4
 100  102     -0.938     -0.949      0.000 4
  99  103     -0.938      0.574      0.000 4
 102   -2     -0.929      0.505      0.000 4
 101  105     -0.929     -0.089      0.000 4
 109   -2     -0.917     -1.107      0.000 4
  -1   -2     -0.912      0.605      0.000 4
 103  109     -0.908      1.093      0.000 4
  -1  110     -0.906      0.905      0.000 4
 104  106     -0.905     -1.074      0.000 4
  -1   -2     -0.890      0.693      0.000 4
 105  112     -0.873     -0.135      0.000 4
 106  111     -0.872     -0.744      0.000 4
 107  114     -0.869     -0.615      0.000 4
  -1  113     -0.868     -1.103      0.000 4
 108  116     -0.863     -0.214      0.000 4
 110  115     -0.861     -0.444      0.000 4
  -1   -2     -0.859     -0.054      0.000 4
 111  117     -0.856     -0.693      0.000 4
 115   -2     -0.855      0.330      0.000 4
 112  118     -0.852     -0.010      0.000 4
  -1  119     -0.842     -0.486      0.000 4
 113  120     -0.838      0.445      0.000 4
 119  126     -0.834     -0.943      0.000 4
 116  125     -0.824      1.045      0.000 4
 118   -2     -0.822      1.092      0.000 4
  -1   -2     -0.819      0.265      0.000 4
  -1  123     -0.816      0.316      0.000 4
 120  129     -0.815      0.816      0.000 4
  -1  127     -0.812     -0.909      0.000 4
 126  128     -0.805      0.394      0.000 4
 123  130     -0.791      0.993      0.000 4
  -1  131     -0.789     -0.799      0.000 4
 122  134     -0.789     -0.055      0.000 4
 124  132     -0.787     -0.753      0.000 4
 125  133     -0.786      0.884      0.000 4
 121   -2     -0.783     -0.392      0.000 4
 127  135     -0.777      0.036      0.000 4
  -1  136     -0.773     -0.443      0.000 4
 129   -2     -0.762     -0.600      0.000 4
  -1  137     -0.760     -1.166      0.000 4
 131  138     -0.750     -0.925      0.000 4
 130  146     -0.749      0.640      0.000 4
 132  139     -0.745      0.139      0.000 4
 134  141     -0.738     -0.148      0.000 4
 135   -2     -0.737     -0.962      0.000 4
  -1  142     -0.733      0.975      0.000 4
 136  143     -0.730     -1.008      0.000 4
 137  150     -0.720     -1.153      0.000 4
 138  145     -0.710     -0.103      0.000 4
 141  148     -0.699      0.869      0.000 4
 143   -2     -0.692      0.724      0.000 4
 139  147     -0.692     -0.553      0.000 4
 145  152     -0.686      0.999      0.000 4
 144  151     -0.686      1.056      0.000 4
 147   -2     -0.684     -0.636      0.000 4
  -1  154     -0.668     -1.161      0.000 4
 148  156     -0.648     -0.302      0.000 4
  -1   -2     -0.642      1.138      0.000 4
 152  157     -0.636     -1.071      0.000 4
 153  158     -0.633     -1.111      0.000 4
 154  159     -0.627     -0.758      0.000 4
 155  160     -0.623     -0.998      0.000 4
 156  161     -0.622     -0.428      0.000 4
  -1  162     -0.619      1.067      0.000 4
 157  163     -0.613      0.879      0.000 4
 158  165     -0.613     -0.273      0.000 4
 160  164     -0.608     -0.504      0.000 4
 161  166     -0.601      0.045      0.000 4
  -1  175     -0.595      0.635      0.000 4
 162  167     -0.587     -0.766      0.000 4
 163   -2     -0.581      0.342      0.000 4
 166  171     -0.560      0.474      0.000 4
 165  169     -0.559     -0.966      0.000 4
 169  170     -0.557      1.042      0.000 4
 167  174     -0.557     -0.229      0.000 4
 168  172     -0.556     -0.503      0.000 4
 170   -2     -0.541      0.664      0.000 4
 171  176     -0.539     -1.088      0.000 4
 172  178     -0.516      0.080      0.000 4
 173  177     -0.511      0.185      0.000 4
 175  180     -0.491     -0.046      0.000 4
  -1  179     -0.489      0.956      0.000 4
 176  181     -0.483     -0.666      0.000 4
 179  182     -0.474     -0.123      0.000 4
 181   -2     -0.464      0.128      0.000 4
 180  184     -0.461     -0.279      0.000 4
 183  185     -0.446      0.438      0.000 4
 184  186     -0.440     -0.934      0.000 4
  -1   -2     -0.431     -0.707      0.000 4
 186  187     -0.428     -1.038      0.000 4
 185  188     -0.427     -0.824      0.000 4
 190  189     -0.417     -1.120      0.000 4
 191  190     -0.413      0.735      0.000 4
 189  191     -0.412      0.317      0.000 4
 193  193     -0.404     -0.180      0.000 4
 192  194     -0.402     -0.591      0.000 4
 194  195     -0.400     -0.335      0.000 4
 196  197     -0.382     -0.653      0.000 4
  -1  198     -0.382      0.712      0.000 4
 199  199     -0.378     -0.942      0.000 4
 198  200     -0.375     -0.245      0.000 4
 197  201     -0.371      1.041      0.000 4
  -1   -2     -0.370     -0.726      0.000 4
 200  203     -0.361      0.971      0.000 4
 201   -2     -0.356     -1.130      0.000 4
 202  206     -0.348      0.855      0.000 4
  -1  205     -0.340     -1.168      0.000 4
 203  207     -0.326     -0.557      0.000 4
 206  209     -0.306      0.779      0.000 4
 205  210     -0.306      0.292      0.000 4
 207  208     -0.305     -0.908      0.000 4
  -1  211     -0.299     -0.731      0.000 4
 208  213     -0.291     -0.960      0.000 4
 209  212     -0.290     -0.455      0.000 4
  -1  214     -0.282     -0.182      0.000 4
 210  218     -0.265      0.406      0.000 4
 211  217     -0.262     -1.048      0.000 4
 212  219     -0.256     -0.385      0.000 4
 213  220     -0.246     -0.658      0.000 4
 204   -2     -0.239      0.118      0.000 4
  -1  222     -0.237     -0.845      0.000 4
  -1   -2     -0.215      1.035      0.000 4
 218  226     -0.209      0.689      0.000 4
 220   -2     -0.207     -0.202      0.000 4
 219   -2     -0.206      0.010      0.000 4
 223   -2     -0.182     -0.442      0.000 4
 224   -2     -0.181     -0.120      0.000 4
  -1  238     -0.179     -0.045      0.000 4
 226  228     -0.177      0.072      0.000 4
 221  231     -0.169     -0.758      0.000 4
 227  229     -0.167     -0.251      0.000 4
 246   -2     -0.152     -0.870      0.000 4
 229  232     -0.142     -1.121      0.000 4
 230  234     -0.136     -0.179      0.000 4
  -1  233     -0.136     -0.637      0.000 4
 231  235     -0.132     -0.992      0.000 4
 215   -2     -0.130      0.467      0.000 4
 232  237     -0.128      0.373      0.000 4
 235   -2     -0.116     -0.078      0.000 4
 236  239     -0.115      0.600      0.000 4
  -1   -2     -0.105      1.070      0.000 4
  -1   -2     -0.104     -0.308      0.000 4
 237  241     -0.103      0.317      0.000 4
  -1   -2     -0.088      0.898      0.000 4
 239  243     -0.085      0.217      0.000 4
 240  242     -0.084      1.109      0.000 4
 234  245     -0.080     -0.612      0.000 4
 241  246     -0.078     -0.155      0.000 4
  -1  248     -0.072     -0.481      0.000 4
  -1  250     -0.064     -0.309      0.000 4
 245  251     -0.061      0.337      0.000 4
  -1   -2     -0.061     -1.168      0.000 4
 238  244     -0.057     -1.088      0.000 4
 247  252     -0.052      0.567      0.000 4
  -1   -2     -0.046      1.116      0.000 4
 248   -2     -0.039     -0.007      0.000 4
  -1  253     -0.034      0.902      0.000 4
 250  255      0.001      0.546      0.000 4
 251   -2      0.005      0.301      0.000 4
 252  258      0.013      0.944      0.000 4
  -1  259      0.016      0.828      0.000 4
  -1  260      0.022      0.357      0.000 4
 253  261      0.022      0.043      0.000 4
  -1  262      0.025     -0.222      0.000 4
 254  264      0.038      0.551      0.000 4
 255  265      0.047      0.319      0.000 4
 258  266      0.054     -0.049      0.000 4
 260  269      0.061      0.626      0.000 4
 259  268      0.062      0.869      0.000 4
  -1   -2      0.064     -0.981      0.000 4
 257  270      0.064     -1.048      0.000 4
  -1  267      0.064     -0.288      0.000 4
 256  272      0.071     -0.881      0.000 4
 264  274      0.094      0.144      0.000 4
 263  273      0.094     -0.677      0.000 4
  -1   -2      0.105      0.432      0.000 4
 265  277      0.106      0.101      0.000 4
  -1  279      0.110     -0.151      0.000 4
 267  278      0.118      0.387      0.000 4
 270  281      0.137      0.814      0.000 4
 271  284      0.148     -0.456      0.000 4
 273  285      0.149     -1.166      0.000 4
 272  282      0.151     -0.567      0.000 4
  -1  286      0.154      1.007      0.000 4
 274   -2      0.174     -0.654      0.000 4
 276  288      0.175      0.349      0.000 4
 282   -2      0.199      1.034      0.000 4
 281  292      0.214     -0.977      0.000 4
  -1  291      0.215      0.026      0.000 4
 279  290      0.216      0.536      0.000 4
 283  295      0.239     -0.144      0.000 4
 284  294      0.240     -0.853      0.000 4
  -1  303      0.243      0.673      0.000 4
 295   -2      0.252     -1.147      0.000 4
 278  297      0.256      0.931      0.000 4
  -1  296      0.260     -0.623      0.000 4
  -1  298      0.261      0.126      0.000 4
 288  299      0.261     -0.355      0.000 4
 289  300      0.272      1.150      0.000 4
 291  301      0.278      1.074      0.000 4
 292  302      0.279      0.234      0.000 4
 293  304      0.289      0.143      0.000 4
  -1   -2      0.301     -0.978      0.000 4
 285   -2      0.313     -1.116      0.000 4
 296  306      0.317     -0.186      0.000 4
 298  307      0.321      0.052      0.000 4
  -1   -2      0.322      0.862      0.000 4
 300  309      0.330      0.984      0.000 4
 306   -2      0.357      1.031      0.000 4
 301  313      0.359     -0.387      0.000 4
 302  310      0.366     -1.151      0.000 4
 303  315      0.375      0.232      0.000 4
 304  316      0.378     -0.779      0.000 4
 305  314      0.379      0.055      0.000 4
  -1  318      0.389     -0.944      0.000 4
  -1   -2      0.391     -1.031      0.000 4
 308  319      0.393      0.283      0.000 4
 309  320      0.396     -0.394      0.000 4
 311  321      0.404      0.159      0.000 4
 310   -2      0.404     -0.444      0.000 4
 313  324      0.420     -1.087      0.000 4
 314  323      0.421     -0.858      0.000 4
 316  326      0.429     -0.643      0.000 4
  -1   -2      0.437      0.674      0.000 4
 327  327      0.438     -0.001      0.000 4
 320  328      0.450     -0.573      0.000 4
 318  335      0.457     -1.171      0.000 4
 322  331      0.465     -0.415      0.000 4
 323  322      0.469      0.537      0.000 4
 325  334      0.470      0.305      0.000 4
 324  332      0.471      0.711      0.000 4
  -1  317      0.472      1.143      0.000 4
 329  336      0.491     -0.030      0.000 4
  -1  337      0.491      0.656      0.000 4
 330  338      0.493     -0.770      0.000 4
 331  339      0.503     -0.925      0.000 4
 334  340      0.504      0.872      0.000 4
 335  342      0.509     -0.599      0.000 4
 336  343      0.514      0.738      0.000 4
 338  344      0.546     -0.902      0.000 4
 339  345      0.555     -0.557      0.000 4
 340   -2      0.559      0.819      0.000 4
  -1   -2      0.566      0.209      0.000 4
  -1   -2      0.572     -0.426      0.000 4
 343  347      0.575      0.879      0.000 4
 342  348      0.577     -0.039      0.000 4
  -1   -2      0.580     -1.155      0.000 4
 344  349      0.583      1.007      0.000 4
 345  350      0.589      0.487      0.000 4
 346  351      0.594      0.525      0.000 4
 350  352      0.595      0.310      0.000 4
  -1   -2      0.604      0.087      0.000 4
 348  354      0.605     -0.973      0.000 4
 347  356      0.607     -0.726      0.000 4
 349  355      0.608      0.786      0.000 4
 352   -2      0.624     -1.062      0.000 4
  -1  358      0.627      0.320      0.000 4
 353  360      0.629     -0.816      0.000 4
 354  359      0.629     -0.660      0.000 4
 355  361      0.637     -1.119      0.000 4
 358  363      0.645      0.471      0.000 4
 356   -2      0.645      0.533      0.000 4
 359  369      0.654      1.150      0.000 4
 360  364      0.655      0.909      0.000 4
 362  365      0.660      0.829      0.000 4
 361  366      0.661     -0.462      0.000 4
 366  368      0.702     -0.845      0.000 4
  -1  367      0.706     -0.634      0.000 4
 367   -2      0.708      1.158      0.000 4
 368  370      0.714     -0.441      0.000 4
 370  371      0.720     -0.368      0.000 4
 371  373      0.724      1.049      0.000 4
 369  372      0.725     -0.681      0.000 4
 372  374      0.729      0.250      0.000 4
 374  375      0.730     -1.069      0.000 4
 373  376      0.734     -0.875      0.000 4
 375   -2      0.735      0.289      0.000 4
 377  377      0.761      1.149      0.000 4
 378  378      0.763     -0.632      0.000 4
  -1  383      0.779     -0.145      0.000 4
 381  381      0.779      0.329      0.000 4
  -1   -2      0.779     -1.018      0.000 4
 383  382      0.787      0.620      0.000 4
 384  385      0.801     -0.982      0.000 4
  -1   -2      0.806     -0.461      0.000 4
 386  387      0.808      0.897      0.000 4
  -1  388      0.820     -1.130      0.000 4
  -1   -2      0.829     -0.870      0.000 4
 387  389      0.833     -0.039      0.000 4
 388  390      0.841      0.879      0.000 4
 392  391      0.848     -0.790      0.000 4
 390  392      0.849     -1.062      0.000 4
 394  393      0.863     -0.608      0.000 4
  -1   -2      0.865     -0.202      0.000 4
 397   -2      0.877     -0.266      0.000 4
 396  394      0.879      0.157      0.000 4
  -1   -2      0.885     -0.153      0.000 4
  -1   -2      0.887      0.230      0.000 4
 399  400      0.894      0.635      0.000 4
 401  399      0.895      0.109      0.000 4
 400  410      0.897      1.069      0.000 4
 414   -2      0.898      0.749      0.000 4
 403  404      0.900      0.693      0.000 4
  -1  401      0.900      0.506      0.000 4
 404  403      0.900      0.415      0.000 4
 402  405      0.900     -0.454      0.000 4
 412  395      0.908     -0.289      0.000 4
 408  411      0.919     -0.802      0.000 4
 409  412      0.920      1.156      0.000 4
 410  414      0.923     -0.542      0.000 4
 411  416      0.929     -1.077      0.000 4
 415  413      0.930     -0.871      0.000 4
 413  417      0.937      0.226      0.000 4
 417  418      0.961     -0.256      0.000 4
 418  419      0.968     -0.156      0.000 4
 419  420      0.969      0.516      0.000 4
 420  421      0.978     -1.124      0.000 4
 421  422      0.983      0.446      0.000 4
 423   -2      1.003     -0.295      0.000 4
 424  423      1.007     -0.039      0.000 4
  -1   -2      1.013     -0.244      0.000 4
 425  425      1.020     -0.597      0.000 4
  -1   -2      1.031      1.032      0.000 4
 427  427      1.033      0.659      0.000 4
 428  426      1.042     -0.341      0.000 4
 429  428      1.056     -0.009      0.000 4
 430  433      1.062     -1.167      0.000 4
 431  431      1.066      0.710      0.000 4
  -1  432      1.068     -0.122      0.000 4
 432  434      1.069      0.829      0.000 4
 433  435      1.074      0.966      0.000 4
  -1  436      1.084      0.230      0.000 4
 434  438      1.093     -0.656      0.000 4
  -1  437      1.094      0.158      0.000 4
 436  439      1.095      0.095      0.000 4
 438  440      1.112     -0.981      0.000 4
 439  441      1.115      1.027      0.000 4
 441  443      1.145     -0.786      0.000 4
 442   -2      1.149     -0.873      0.000 4
 443  445      1.151     -1.088      0.000 4
 444  446      1.155     -0.557      0.000 4
 445  447      1.180      0.878      0.000 4
 446  448      1.190      0.254      0.000 4
  -1   -2      1.191     -1.174      0.000 4
 447  449      1.192      0.963      0.000 4
  -1  451      1.205     -0.074      0.000 4
 448   -2      1.214     -0.375      0.000 4
 450  454      1.216     -0.195      0.000 4
 449  453      1.217     -0.505      0.000 4
  -1  444      1.221     -0.917      0.000 4
 452  455      1.227      0.277      0.000 4
 451  456      1.233      0.556      0.000 4
 453  457      1.238     -0.576      0.000 4
 454  458      1.245      0.997      0.000 4
  -1   -2      1.255      0.861      0.000 4
 455  459      1.257     -0.153      0.000 4
 456  460      1.259      0.392      0.000 4
  -1   -2      1.279      0.931      0.000 4
 459  463      1.286     -0.499      0.000 4
 460   -2      1.288     -0.094      0.000 4
 461   -2      1.294     -0.483      0.000 4
 463  464      1.311     -0.971      0.000 4
 464  465      1.316      0.432      0.000 4
 465  466      1.318     -0.572      0.000 4
 467  469      1.346     -1.084      0.000 4
  -1   -2      1.354     -0.728      0.000 4
 466  467      1.354     -1.171      0.000 4
 469  470      1.368      0.168      0.000 4
 468  471      1.369     -0.942      0.000 4
 470  472      1.373      0.094      0.000 4
 471  473      1.383      1.099      0.000 4
 472  474      1.386     -0.998      0.000 4
 473  475      1.391     -0.248      0.000 4
 474  476      1.397     -0.340      0.000 4
 477  477      1.408      0.239      0.000 4
 476  478      1.410     -0.465      0.000 4
 479  480      1.412      0.518      0.000 4
 478  481      1.412     -0.950      0.000 4
 480   -2      1.441     -0.374      0.000 4
  -1   -2      1.442     -0.183      0.000 4
 483  482      1.449      0.591      0.000 4
 487  484      1.473      0.828      0.000 4
 488  483      1.474      0.273      0.000 4
 489  485      1.479     -0.754      0.000 4
  -1  486      1.490     -0.714      0.000 4
 490   -2      1.492     -1.081      0.000 4
 492  487      1.497     -0.058      0.000 4
 491  488      1.501     -0.203      0.000 4
 493  490      1.502     -0.260      0.000 4
  -1  491      1.509     -0.744      0.000 4
 495  492      1.515      0.432      0.000 4
 496  493      1.519      0.070      0.000 4
  -1   -2      1.524     -1.170      0.000 4
  -1   -2      1.524     -0.024      0.000 4
 497  494      1.533      0.669      0.000 4
 498  495      1.537      1.096      0.000 4
 499  496      1.545     -0.619      0.000 4
 500  497      1.547      0.716      0.000 4
 502  498      1.550      0.590      0.000 4
 501  500      1.551     -1.044      0.000 4
 503  499      1.552     -0.926      0.000 4
  -1  501      1.561     -0.817      0.000 4
 505   -2      1.563      0.104      0.000 4
 506  503      1.564      0.382      0.000 4
