509
   1    0     -1.553      0.051      0.000 4
  -1    2     -1.540      0.743      0.000 4
   3    3     -1.538     -1.040      0.000 4
   5    4     -1.527     -0.558      0.000 4
   4    5     -1.519     -0.367      0.000 4
   7    6     -1.517     -0.058      0.000 4
   8    7     -1.515      0.217      0.000 4
  -1   -2     -1.511     -0.851      0.000 4
  -1   -2     -1.510     -0.946      0.000 4
  12   -2     -1.502     -0.756      0.000 4
  11    9     -1.495      0.958      0.000 4
  10   -2     -1.492      1.134      0.000 4
  13   10     -1.491      0.870      0.000 4
  14   11     -1.489     -0.597      0.000 4
  15   12     -1.474      0.535      0.000 4
  16   13     -1.465      1.006      0.000 4
  17   14     -1.461     -0.860      0.000 4
  18   -2     -1.459     -1.001      0.000 4
  26   -2     -1.455     -0.058      0.000 4
  19   18     -1.444      0.742      0.000 4
  22   19     -1.427      0.910      0.000 4
  -1   15     -1.426     -1.166      0.000 4
  23   -2     -1.421     -0.210      0.000 4
  -1   20     -1.416     -0.754      0.000 4
  24   21     -1.405      0.860      0.000 4
  -1   17     -1.401     -0.958      0.000 4
  30   -2     -1.379     -0.621      0.000 4
  25   22     -1.370      0.512      0.000 4
  -1   23     -1.362      0.043      0.000 4
  -1   26     -1.346      0.321      0.000 4
  28   25     -1.342     -0.167      0.000 4
  29   27     -1.334     -0.102      0.000 4
  31   28     -1.326      1.139      0.000 4
  -1   29     -1.324     -0.711      0.000 4
  32   30     -1.319      0.490      0.000 4
  33   31     -1.314      0.787      0.000 4
  -1   32     -1.307     -0.475      0.000 4
  -1   34     -1.299      0.198      0.000 4
  34   33     -1.297     -0.822      0.000 4
  35   35     -1.291      0.886      0.000 4
  37   37     -1.282      0.577      0.000 4
  40   39     -1.280      0.467      0.000 4
  27   -2     -1.279     -1.128      0.000 4
  41   40     -1.277     -0.379      0.000 4
  39   46     -1.269     -0.227      0.000 4
  43   41     -1.266      0.785      0.000 4
  -1   -2     -1.263     -0.875      0.000 4
  42   43     -1.262     -0.489      0.000 4
  45   42     -1.262      1.008      0.000 4
  46   44     -1.258      0.400      0.000 4
  48   45     -1.250     -1.040      0.000 4
  49   48     -1.243     -0.286      0.000 4
  -1   47     -1.239     -0.820      0.000 4
  50   -2     -1.233     -0.713      0.000 4
  51   50     -1.223      0.677      0.000 4
  -1   -2     -1.214     -0.555      0.000 4
  52   52     -1.209      0.349      0.000 4
  53   -2     -1.206     -0.604      0.000 4
  56   53     -1.193     -1.028      0.000 4
  55   -2     -1.188     -0.114      0.000 4
  57   55     -1.181     -0.516      0.000 4
  58   56     -1.157      0.921      0.000 4
  -1   -2     -1.151      0.557      0.000 4
  59   57     -1.147      1.147      0.000 4
  60   58     -1.140      0.632      0.000 4
  63   59     -1.134     -1.003      0.000 4
  61   60     -1.133     -0.159      0.000 4
  65   61     -1.122     -1.042      0.000 4
  62   62     -1.122     -0.020      0.000 4
  -1   -2     -1.116      0.270      0.000 4
  -1   65     -1.105      0.512      0.000 4
  70   66     -1.104     -0.244      0.000 4
  67   64     -1.092      0.334      0.000 4
  -1   -2     -1.091      0.458      0.000 4
  73   68     -1.073     -0.852      0.000 4
  74   69     -1.067     -0.063      0.000 4
  75   70     -1.063      0.035      0.000 4
  77   71     -1.054      1.000      0.000 4
  72   74     -1.050      0.392      0.000 4
  76   73     -1.048      0.736      0.000 4
  -1   72     -1.048      0.581      0.000 4
  -1   75     -1.044      0.796      0.000 4
  80   76     -1.039     -1.092      0.000 4
  79   77     -1.036      0.142      0.000 4
  -1   -2     -1.021     -0.887      0.000 4
  83   78     -1.016     -1.168      0.000 4
  -1   -2     -1.015     -0.239      0.000 4
  84   79     -1.006     -0.152      0.000 4
  85   80     -0.999     -0.986      0.000 4
  86   81     -0.997      1.111      0.000 4
  87   83     -0.981     -0.100      0.000 4
  88   84     -0.979      0.063      0.000 4
  90   85     -0.974     -0.665      0.000 4
  -1   87     -0.968      0.218      0.000 4
  -1   86     -0.967     -0.850      0.000 4
  91   88     -0.954     -0.459      0.000 4
  92   89     -0.947     -0.978      0.000 4
  -1   90     -0.944      0.848      0.000 4
  95   92     -0.934     -0.745      0.000 4
  94   93     -0.928      0.824      0.000 4
  96   94     -0.925     -0.800      0.000 4
  97   95     -0.913     -1.108      0.000 4
  98   -2     -0.903      0.714      0.000 4
  99   96     -0.902     -1.033      0.000 4
 101   97     -0.895      1.134      0.000 4
 102  101     -0.884      0.049      0.000 4
 103  100     -0.883     -0.288      0.000 4
 104   99     -0.883      0.885      0.000 4
 107  102     -0.861      0.743      0.000 4
 108  103     -0.855      0.320      0.000 4
 111  114     -0.854     -0.776      0.000 4
 109  104     -0.853     -0.253      0.000 4
 110  105     -0.852     -0.545      0.000 4
 115  106     -0.845     -1.166      0.000 4
 113  107     -0.845      1.055      0.000 4
 114  108     -0.845      0.989      0.000 4
 117  111     -0.821      1.096      0.000 4
 118   -2     -0.817     -0.396      0.000 4
 121  113     -0.810      0.837      0.000 4
 122  116     -0.806     -0.202      0.000 4
  -1  115     -0.805     -0.628      0.000 4
 123  118     -0.804      0.430      0.000 4
 116  119     -0.796     -0.673      0.000 4
 124  120     -0.795      0.080      0.000 4
  -1  117     -0.793      0.949      0.000 4
 126  121     -0.793      0.174      0.000 4
 125  112     -0.788     -0.506      0.000 4
 127  123     -0.783     -0.469      0.000 4
 128   -2     -0.779      0.485      0.000 4
 129  124     -0.760     -0.029      0.000 4
 130  126     -0.756     -0.945      0.000 4
 132  129     -0.734     -0.096      0.000 4
 131  127     -0.733      0.593      0.000 4
 133  128     -0.733     -0.454      0.000 4
 134  131     -0.728      0.814      0.000 4
  -1  130     -0.727     -0.968      0.000 4
 135  133     -0.721      1.005      0.000 4
  -1   -2     -0.716      0.002      0.000 4
 137  135     -0.713     -0.722      0.000 4
 140  138     -0.695     -1.093      0.000 4
 138  137     -0.694     -0.230      0.000 4
 141  143     -0.689      0.923      0.000 4
 139  139     -0.686      0.385      0.000 4
 142  140     -0.674     -0.714      0.000 4
 143  141     -0.668     -1.171      0.000 4
  -1  142     -0.663     -0.824      0.000 4
  -1   -2     -0.662      0.987      0.000 4
  -1   -2     -0.660      1.023      0.000 4
 144  144     -0.660      0.272      0.000 4
 146  145     -0.648      1.064      0.000 4
 147  147     -0.644     -0.133      0.000 4
 148  146     -0.640      1.163      0.000 4
  -1  148     -0.639      0.146      0.000 4
  -1   -2     -0.637     -0.275      0.000 4
 149  149     -0.627      0.422      0.000 4
 150  150     -0.622     -0.956      0.000 4
 152  151     -0.613      0.939      0.000 4
 151  152     -0.610     -0.581      0.000 4
 154  153     -0.604     -0.197      0.000 4
 155  154     -0.602     -1.031      0.000 4
 156  155     -0.597      1.146      0.000 4
 157  158     -0.586     -0.417      0.000 4
 158  157     -0.584     -0.922      0.000 4
 159  159     -0.582      0.832      0.000 4
 160  160     -0.579      0.616      0.000 4
  -1   -2     -0.573     -0.741      0.000 4
  -1   -2     -0.562     -1.057      0.000 4
 162  162     -0.554     -0.485      0.000 4
 163  163     -0.548      0.586      0.000 4
  -1   -2     -0.547      1.097      0.000 4
  -1   -2     -0.541      0.537      0.000 4
 164  165     -0.539      1.042      0.000 4
 165  167     -0.532      0.241      0.000 4
 167  168     -0.516     -0.533      0.000 4
 168  169     -0.509      0.418      0.000 4
 169  170     -0.507     -0.704      0.000 4
 171  176     -0.486     -1.166      0.000 4
 172  172     -0.481     -0.809      0.000 4
 173  174     -0.479     -0.434      0.000 4
 174  175     -0.473      0.692      0.000 4
 175  177     -0.468      0.320      0.000 4
 177  179     -0.447      0.791      0.000 4
 176  181     -0.444      0.616      0.000 4
 178  180     -0.443      0.863      0.000 4
  -1   -2     -0.437     -0.903      0.000 4
 180  183     -0.433      1.018      0.000 4
 179  184     -0.431     -0.278      0.000 4
  -1  186     -0.424      0.248      0.000 4
 181  185     -0.423     -0.789      0.000 4
 182  188     -0.403     -0.570      0.000 4
 183   -2     -0.392      0.596      0.000 4
 184   -2     -0.387      0.558      0.000 4
 187  191     -0.367      0.076      0.000 4
 186  190     -0.366     -0.491      0.000 4
 188  193     -0.362     -0.728      0.000 4
 189  194     -0.345      0.519      0.000 4
 190  195     -0.343      1.017      0.000 4
 192  197     -0.333     -0.769      0.000 4
 191  196     -0.332     -0.167      0.000 4
 194  198     -0.313     -0.649      0.000 4
 195  192     -0.305     -0.104      0.000 4
 196  200     -0.281     -0.839      0.000 4
 197  201     -0.280      0.280      0.000 4
  -1   -2     -0.279     -0.576      0.000 4
 193   -2     -0.272      0.347      0.000 4
 198  202     -0.271     -0.034      0.000 4
 201  204     -0.254     -0.442      0.000 4
 200  207     -0.251     -1.161      0.000 4
 202  206     -0.249      0.240      0.000 4
 203   -2     -0.244     -0.902      0.000 4
 204  208     -0.240     -0.543      0.000 4
 205  210     -0.238      0.437      0.000 4
  -1   -2     -0.229      0.010      0.000 4
 210  211     -0.228     -1.091      0.000 4
 207  212     -0.228      0.172      0.000 4
 211  213     -0.212     -0.458      0.000 4
 212  217     -0.190     -0.191      0.000 4
 214  215     -0.188      0.968      0.000 4
 213  218     -0.187      0.251      0.000 4
 216  219     -0.182     -0.925      0.000 4
 217  220     -0.168     -0.556      0.000 4
 215  222     -0.166     -0.406      0.000 4
 220  223     -0.165      0.021      0.000 4
 221  224     -0.163     -0.739      0.000 4
 222  225     -0.153      0.406      0.000 4
  -1   -2     -0.144     -1.125      0.000 4
  -1   -2     -0.140     -0.456      0.000 4
 224  227     -0.124      0.969      0.000 4
 226  228     -0.106      0.817      0.000 4
 225  229     -0.105     -0.061      0.000 4
 228  231     -0.097     -0.790      0.000 4
 229  233     -0.092      0.222      0.000 4
 230  234     -0.081     -1.168      0.000 4
 231  235     -0.079     -1.041      0.000 4
 232  236     -0.078      0.388      0.000 4
 233  237     -0.077      0.914      0.000 4
  -1   -2     -0.076     -0.593      0.000 4
 234  238     -0.073      0.055      0.000 4
  -1  239     -0.061      0.259      0.000 4
 235  241     -0.061     -0.210      0.000 4
 238  246     -0.037      0.856      0.000 4
 239  243     -0.028      0.390      0.000 4
 237  244     -0.027      0.236      0.000 4
  -1  242     -0.022      0.891      0.000 4
 240  245     -0.022      0.586      0.000 4
 242  247     -0.021     -0.015      0.000 4
 244  249     -0.016      0.669      0.000 4
 245  251      0.023      0.437      0.000 4
 246  252      0.040      1.042      0.000 4
 243  266      0.042     -1.152      0.000 4
 247  253      0.042      0.609      0.000 4
 248  254      0.045      0.105      0.000 4
  -1   -2      0.047     -0.699      0.000 4
 250  255      0.052      0.534      0.000 4
 251  256      0.052     -0.750      0.000 4
 249  257      0.053     -0.609      0.000 4
 254  259      0.057     -0.446      0.000 4
 256  258      0.059     -0.004      0.000 4
  -1   -2      0.062      0.929      0.000 4
 257  260      0.068      0.308      0.000 4
 258  261      0.074     -1.098      0.000 4
 259  263      0.089      0.278      0.000 4
  -1   -2      0.090     -0.650      0.000 4
  -1  264      0.094      0.794      0.000 4
  -1  265      0.098     -0.157      0.000 4
 260   -2      0.105     -1.165      0.000 4
 261  268      0.116     -0.281      0.000 4
 262  269      0.130      1.062      0.000 4
 264  271      0.135     -1.058      0.000 4
  -1  272      0.137     -0.416      0.000 4
 266  273      0.141      0.569      0.000 4
 267  274      0.145     -0.922      0.000 4
  -1   -2      0.146      0.452      0.000 4
 269  275      0.174      0.714      0.000 4
 268  276      0.174      0.252      0.000 4
 270  277      0.178     -0.434      0.000 4
 271  278      0.186     -0.866      0.000 4
 272  279      0.189     -0.266      0.000 4
 273  280      0.201     -1.085      0.000 4
  -1   -2      0.210     -0.903      0.000 4
 274  281      0.211     -0.696      0.000 4
  -1  284      0.226      0.045      0.000 4
  -1  285      0.228     -0.345      0.000 4
 276  287      0.230     -0.586      0.000 4
  -1  286      0.231     -1.103      0.000 4
 277  288      0.233      0.898      0.000 4
 278  289      0.237      0.658      0.000 4
 279  290      0.241      0.376      0.000 4
  -1  291      0.247     -0.862      0.000 4
 280  292      0.255     -0.070      0.000 4
 281  293      0.266     -0.610      0.000 4
 282  294      0.270     -1.058      0.000 4
 283  295      0.272     -0.411      0.000 4
 284  297      0.282     -0.215      0.000 4
  -1  296      0.284     -1.132      0.000 4
 285  299      0.300      0.107      0.000 4
 287  300      0.309     -0.716      0.000 4
 288  301      0.309      0.656      0.000 4
 289  302      0.311      0.842      0.000 4
  -1  303      0.314      0.988      0.000 4
 290  304      0.320      0.778      0.000 4
  -1  298      0.320     -1.173      0.000 4
  -1   -2      0.322     -1.116      0.000 4
 291  306      0.326      0.177      0.000 4
  -1  307      0.336      0.489      0.000 4
  -1   -2      0.338      0.128      0.000 4
 292  308      0.341     -1.046      0.000 4
 293  333      0.351      1.146      0.000 4
 295  311      0.360     -0.899      0.000 4
 297  318      0.371      0.394      0.000 4
 301  310      0.374     -0.964      0.000 4
 300  315      0.377      0.974      0.000 4
 299  314      0.378     -0.106      0.000 4
 275   -2      0.387      0.050      0.000 4
 303   -2      0.391      0.620      0.000 4
  -1  319      0.394      0.710      0.000 4
  -1   -2      0.405     -0.717      0.000 4
 305  320      0.410     -0.566      0.000 4
  -1   -2      0.418      0.138      0.000 4
 306  322      0.418     -0.257      0.000 4
 308  324      0.432     -1.115      0.000 4
 307  325      0.442      0.808      0.000 4
 309  326      0.449     -0.650      0.000 4
  -1  327      0.453     -1.170      0.000 4
 310  329      0.464     -0.268      0.000 4
 311  330      0.472     -0.309      0.000 4
  -1   -2      0.474      0.266      0.000 4
 315  323      0.482     -0.885      0.000 4
 312  331      0.483      0.643      0.000 4
 316  335      0.492      0.904      0.000 4
  -1  336      0.496     -0.585      0.000 4
 318  337      0.500      0.207      0.000 4
 319  339      0.508      0.732      0.000 4
 320  340      0.513      0.121      0.000 4
 321   -2      0.516      0.619      0.000 4
 322  341      0.516     -0.429      0.000 4
 323  342      0.522      1.145      0.000 4
 326  343      0.541     -0.600      0.000 4
 327  344      0.553      0.006      0.000 4
 328  345      0.553     -0.300      0.000 4
 329  346      0.555      1.004      0.000 4
 330  338      0.561     -1.094      0.000 4
 332  349      0.576     -0.739      0.000 4
 333  348      0.578     -0.464      0.000 4
 336  350      0.591      1.140      0.000 4
 334  360      0.592     -1.161      0.000 4
 335  352      0.595      0.376      0.000 4
 337  351      0.597      0.520      0.000 4
 338  353      0.604      0.429      0.000 4
 340  354      0.610     -0.259      0.000 4
  -1  356      0.616      0.646      0.000 4
 341  357      0.618     -0.983      0.000 4
  -1   -2      0.618      0.771      0.000 4
  -1   -2      0.623     -0.835      0.000 4
 342  358      0.626     -0.020      0.000 4
  -1   -2      0.633      0.474      0.000 4
 346   -2      0.634      1.076      0.000 4
 345  361      0.640     -0.442      0.000 4
 347  363      0.649      0.540      0.000 4
 344   -2      0.657      0.219      0.000 4
 349  366      0.670     -0.609      0.000 4
 350  367      0.678     -0.704      0.000 4
 351  368      0.680      0.775      0.000 4
 353  369      0.689     -0.909      0.000 4
  -1   -2      0.691      0.610      0.000 4
 355  371      0.698     -0.529      0.000 4
 354  370      0.701      0.663      0.000 4
 357  372      0.716      0.922      0.000 4
  -1  378      0.724     -1.077      0.000 4
 358  374      0.726     -0.986      0.000 4
 360  373      0.736     -0.039      0.000 4
 359  375      0.739     -0.204      0.000 4
 361  376      0.745     -0.763      0.000 4
 363  379      0.754      0.600      0.000 4
 362   -2      0.755     -1.036      0.000 4
  -1  377      0.760      0.022      0.000 4
 364  386      0.766      0.942      0.000 4
 366  380      0.771      0.358      0.000 4
 367  382      0.775      0.386      0.000 4
 365   -2      0.775     -0.805      0.000 4
 368  383      0.777     -0.401      0.000 4
 379   -2      0.782      0.100      0.000 4
  -1   -2      0.785      0.043      0.000 4
 369  384      0.785      0.710      0.000 4
 372  387      0.797     -0.618      0.000 4
  -1   -2      0.803      1.024      0.000 4
 374   -2      0.804      0.523      0.000 4
 375  389      0.808      0.642      0.000 4
 380  388      0.812     -0.141      0.000 4
 377  391      0.816      0.857      0.000 4
  -1   -2      0.816     -0.438      0.000 4
 378   -2      0.819      0.955      0.000 4
 376  392      0.821     -1.093      0.000 4
 382  395      0.824     -0.229      0.000 4
  -1   -2      0.836      0.400      0.000 4
 383  393      0.836     -1.035      0.000 4
  -1   -2      0.837     -0.398      0.000 4
 384  394      0.837     -0.765      0.000 4
 385  396      0.842      0.354      0.000 4
 386  397      0.848     -0.591      0.000 4
 387  399      0.860     -0.844      0.000 4
 388  398      0.860     -0.337      0.000 4
  -1  400      0.872     -1.156      0.000 4
 404  381      0.875     -0.895      0.000 4
 392  402      0.891     -0.028      0.000 4
  -1  407      0.896     -1.088      0.000 4
 393  403      0.896     -0.777      0.000 4
 394  404      0.908      1.145      0.000 4
  -1  401      0.916      1.044      0.000 4
  -1   -2      0.930     -0.880      0.000 4
 398  410      0.939      0.665      0.000 4
 397  408      0.946      0.742      0.000 4
 399  409      0.947      0.176      0.000 4
 400  411      0.956     -0.611      0.000 4
 402  415      0.961     -0.049      0.000 4
 403  414      0.965      1.026      0.000 4
 405  416      0.967     -0.214      0.000 4
 406  412      0.972      0.212      0.000 4
  -1   -2      0.973     -0.909      0.000 4
 407  417      0.975      0.913      0.000 4
  -1   -2      0.977      0.960      0.000 4
  -1   -2      0.985     -0.104      0.000 4
 418   -2      0.986     -1.122      0.000 4
 408  419      0.988      0.743      0.000 4
 409  420      0.991      0.505      0.000 4
 410  421      1.008      0.294      0.000 4
 411  422      1.010      0.251      0.000 4
 412  424      1.022     -0.478      0.000 4
 413  423      1.023     -0.575      0.000 4
 414  426      1.041     -0.078      0.000 4
 415  427      1.048     -0.294      0.000 4
  -1   -2      1.069     -0.332      0.000 4
  -1  429      1.073      0.039      0.000 4
  -1  430      1.077     -0.192      0.000 4
 416   -2      1.083      1.152      0.000 4
  -1  431      1.084     -1.173      0.000 4
 419  432      1.087      0.656      0.000 4
 420  434      1.095     -0.670      0.000 4
 421  436      1.101     -1.088      0.000 4
  -1  435      1.102      0.603      0.000 4
 417  440      1.102     -0.371      0.000 4
 422  433      1.108      1.036      0.000 4
 423  438      1.110     -0.478      0.000 4
 424  437      1.110      0.553      0.000 4
 426   -2      1.114     -0.277      0.000 4
  -1  439      1.114      0.103      0.000 4
 427   -2      1.120      0.056      0.000 4
 428  441      1.129     -0.313      0.000 4
 430   -2      1.130      0.432      0.000 4
 431  442      1.141      0.350      0.000 4
 433  443      1.151     -0.761      0.000 4
 434  444      1.155     -0.216      0.000 4
 435  446      1.160     -1.000      0.000 4
 436  445      1.164      0.993      0.000 4
 437  447      1.175     -0.913      0.000 4
 438  450      1.178     -0.417      0.000 4
  -1   -2      1.179      0.924      0.000 4
 439  449      1.180      0.174      0.000 4
 441  452      1.193      0.323      0.000 4
  -1   -2      1.201      0.711      0.000 4
 442  454      1.201      1.005      0.000 4
 443  453      1.203      0.466      0.000 4
 448  457      1.217     -0.692      0.000 4
 445  455      1.220     -0.105      0.000 4
 444  458      1.221      0.802      0.000 4
 446  456      1.221      0.400      0.000 4
 447  459      1.227     -1.085      0.000 4
  -1   -2      1.240      0.632      0.000 4
 451  461      1.257      0.692      0.000 4
  -1   -2      1.263      0.314      0.000 4
 452  463      1.266     -0.081      0.000 4
  -1   -2      1.268      0.245      0.000 4
 454  464      1.287      0.985      0.000 4
 455  465      1.292     -0.666      0.000 4
 456  467      1.300     -0.745      0.000 4
  -1  469      1.303      0.184      0.000 4
 457   -2      1.308      0.211      0.000 4
  -1  472      1.312     -0.325      0.000 4
 458   -2      1.313      0.896      0.000 4
 459  470      1.315      0.034      0.000 4
 460  471      1.320     -0.525      0.000 4
 461  474      1.325      1.048      0.000 4
  -1   -2      1.331      0.734      0.000 4
  -1  475      1.334     -0.694      0.000 4
 463   -2      1.348     -0.054      0.000 4
  -1  476      1.358     -1.166      0.000 4
 464  477      1.370     -0.681      0.000 4
 466  478      1.370     -0.774      0.000 4
  -1   -2      1.374     -0.474      0.000 4
 467  480      1.379      1.009      0.000 4
 469   -2      1.403      0.250      0.000 4
 470  481      1.405      0.709      0.000 4
 473   -2      1.429      0.600      0.000 4
 471  486      1.438      0.273      0.000 4
 476  490      1.468     -0.692      0.000 4
 477  489      1.471      0.420      0.000 4
  -1  491      1.472      0.494      0.000 4
 478  492      1.477     -0.549      0.000 4
 479  493      1.478     -0.622      0.000 4
 481  494      1.490     -0.428      0.000 4
  -1   -2      1.500     -0.398      0.000 4
 482   -2      1.505     -0.976      0.000 4
 486  495      1.508     -1.015      0.000 4
  -1   -2      1.509     -0.602      0.000 4
  -1   -2      1.511     -0.707      0.000 4
  -1  498      1.527      0.040      0.000 4
 484  499      1.533      0.149      0.000 4
 487   -2      1.559     -0.802      0.000 4
 480  496      1.563      0.739      0.000 4
