497
  -1   -2     -1.568      0.376      0.000 4
   0    0     -1.568     -0.865      0.000 4
   1    1     -1.560      0.320      0.000 4
  -1   -2     -1.559      0.731      0.000 4
   3    3     -1.549      0.609      0.000 4
   2    4     -1.549      0.477      0.000 4
   4    2     -1.547      1.060      0.000 4
   6    6     -1.532      0.172      0.000 4
   5    5     -1.531      0.753      0.000 4
   7    7     -1.528     -0.357      0.000 4
  11   -2     -1.511     -0.116      0.000 4
  12   11     -1.503      0.971      0.000 4
  14   12     -1.497      0.389      0.000 4
   8   27     -1.485     -0.985      0.000 4
  17   17     -1.475     -0.414      0.000 4
  19   18     -1.473      0.323      0.000 4
  21   19     -1.462      1.114      0.000 4
  20   20     -1.461     -0.697      0.000 4
  22   -2     -1.459      0.799      0.000 4
  -1   21     -1.458      0.064      0.000 4
  24   23     -1.439     -0.453      0.000 4
  25   24     -1.437      0.849      0.000 4
  26   26     -1.434      0.721      0.000 4
  18   -2     -1.425     -1.070      0.000 4
  28   -2     -1.420     -0.804      0.000 4
  -1   29     -1.412      0.032      0.000 4
  29   30     -1.411     -0.018      0.000 4
  31   31     -1.401      0.186      0.000 4
  32   -2     -1.395     -0.552      0.000 4
  -1   -2     -1.391      0.364      0.000 4
  34   37     -1.358      0.615      0.000 4
  -1   35     -1.358     -0.941      0.000 4
  35   38     -1.356     -0.387      0.000 4
  -1   39     -1.356      0.435      0.000 4
  36   40     -1.338     -0.980      0.000 4
  37   42     -1.333      1.007      0.000 4
  39   -2     -1.329     -1.170      0.000 4
  -1   36     -1.324     -0.016      0.000 4
  38   43     -1.321      0.561      0.000 4
  40   44     -1.305     -1.121      0.000 4
  41   47     -1.296     -0.150      0.000 4
  42   -2     -1.292     -0.894      0.000 4
  45   -2     -1.285     -1.088      0.000 4
  44   48     -1.284     -0.587      0.000 4
  46   49     -1.282     -0.692      0.000 4
  48   -2     -1.273     -0.118      0.000 4
  47   46     -1.270     -0.921      0.000 4
  49   50     -1.262     -0.650      0.000 4
  -1   52     -1.241      1.063      0.000 4
  50   53     -1.240      0.888      0.000 4
  53   54     -1.235     -1.067      0.000 4
  51   55     -1.231      0.434      0.000 4
  52   58     -1.230      0.677      0.000 4
  54   56     -1.230      0.779      0.000 4
  55   57     -1.225     -0.903      0.000 4
  56   59     -1.221     -0.704      0.000 4
  57   -2     -1.212      0.467      0.000 4
  58   60     -1.208     -0.386      0.000 4
  59   61     -1.197     -0.119      0.000 4
  62   -2     -1.185     -1.171      0.000 4
  60   -2     -1.177      0.693      0.000 4
  63   63     -1.169      0.424      0.000 4
  65   64     -1.163      1.059      0.000 4
  64   66     -1.161     -0.405      0.000 4
  66   65     -1.161      1.097      0.000 4
  68   67     -1.157     -0.893      0.000 4
  67   69     -1.156     -0.308      0.000 4
  69   68     -1.156     -0.932      0.000 4
  70   71     -1.142      0.506      0.000 4
  -1   70     -1.135     -0.516      0.000 4
  73   72     -1.131     -0.173      0.000 4
  72   73     -1.130      0.198      0.000 4
  74   74     -1.123      0.408      0.000 4
  75   75     -1.112      1.093      0.000 4
  76   76     -1.111     -1.071      0.000 4
  77   77     -1.105      0.840      0.000 4
  78   78     -1.102      0.609      0.000 4
  79   79     -1.098     -0.234      0.000 4
  -1   80     -1.098     -0.193      0.000 4
  80   81     -1.088      0.354      0.000 4
  82   85     -1.070      0.452      0.000 4
  84   -2     -1.062     -1.087      0.000 4
  83   83     -1.061     -0.454      0.000 4
  85   84     -1.059     -1.124      0.000 4
  87   87     -1.029      0.316      0.000 4
  88   88     -1.021      0.941      0.000 4
  86   -2     -1.017     -0.826      0.000 4
  90   91     -1.013     -0.904      0.000 4
  -1   -2     -1.013     -0.092      0.000 4
  -1   90     -1.013      0.799      0.000 4
  89  110     -1.010     -0.604      0.000 4
  92   92     -1.005      0.584      0.000 4
  93   93     -1.001      1.058      0.000 4
  -1   -2     -0.993     -1.166      0.000 4
  94   94     -0.991     -1.108      0.000 4
  95   96     -0.956     -0.136      0.000 4
  96   97     -0.952     -0.911      0.000 4
  97  103     -0.943     -0.011      0.000 4
  98  101     -0.940     -0.215      0.000 4
  -1   -2     -0.938     -0.045      0.000 4
 100  100     -0.937     -0.975      0.000 4
 101   -2     -0.930     -0.010      0.000 4
  99  102     -0.928      0.917      0.000 4
 102  104     -0.925      1.143      0.000 4
 103  105     -0.917      0.324      0.000 4
 106  107     -0.916      0.437      0.000 4
 105  106     -0.914     -0.447      0.000 4
 107  108     -0.906      1.104      0.000 4
 108   -2     -0.905     -0.622      0.000 4
  -1   -2     -0.902     -0.305      0.000 4
  -1   -2     -0.899      0.397      0.000 4
 111  112     -0.890     -0.759      0.000 4
 110  114     -0.889      0.736      0.000 4
 113  115     -0.880     -0.706      0.000 4
 114  116     -0.876     -0.055      0.000 4
 115  117     -0.864      0.039      0.000 4
 109  131     -0.860      0.379      0.000 4
 116  120     -0.845      0.811      0.000 4
 118  122     -0.833      0.141      0.000 4
 120  121     -0.830      1.047      0.000 4
 121  123     -0.827     -0.441      0.000 4
 123  124     -0.822      1.094      0.000 4
 122  125     -0.819     -0.144      0.000 4
 125  126     -0.816      0.880      0.000 4
 127  128     -0.811      0.986      0.000 4
 126  129     -0.806     -0.754      0.000 4
 128   -2     -0.805     -0.804      0.000 4
 124  127     -0.802     -0.932      0.000 4
 130  130     -0.789     -0.096      0.000 4
 131  132     -0.779      0.065      0.000 4
 133  133     -0.754      0.962      0.000 4
 134  136     -0.749     -0.925      0.000 4
  -1  134     -0.748      0.646      0.000 4
 136  135     -0.745     -0.541      0.000 4
 137   -2     -0.732     -0.963      0.000 4
 138  140     -0.717     -0.290      0.000 4
 140  142     -0.702     -1.168      0.000 4
 142  144     -0.693      1.040      0.000 4
  -1  154     -0.693     -1.093      0.000 4
 169  113     -0.686     -1.133      0.000 4
 143  145     -0.681      0.049      0.000 4
 145  147     -0.676     -0.410      0.000 4
  -1  149     -0.660     -0.888      0.000 4
 146   -2     -0.660      0.332      0.000 4
 147  148     -0.660     -0.488      0.000 4
 144  146     -0.657     -0.268      0.000 4
 148  150     -0.651     -0.743      0.000 4
 149  151     -0.646      0.855      0.000 4
 152  152     -0.640      1.115      0.000 4
 154  153     -0.630      1.040      0.000 4
 155  158     -0.628      0.454      0.000 4
 156  157     -0.626     -0.021      0.000 4
 157  156     -0.622     -1.058      0.000 4
  -1   -2     -0.617      0.512      0.000 4
 159  160     -0.612     -0.745      0.000 4
 160  162     -0.606     -0.481      0.000 4
 162  163     -0.598      0.638      0.000 4
 161  164     -0.597      0.082      0.000 4
 158  168     -0.595     -0.969      0.000 4
 163  166     -0.591      0.180      0.000 4
  -1  161     -0.582      0.768      0.000 4
 166  167     -0.571      1.004      0.000 4
 165  169     -0.569     -0.037      0.000 4
 168  170     -0.548     -0.111      0.000 4
  -1  171     -0.543     -1.088      0.000 4
 171  172     -0.529      1.130      0.000 4
 170  173     -0.527     -0.256      0.000 4
 173  174     -0.517     -0.631      0.000 4
 174  175     -0.513      0.421      0.000 4
  -1   -2     -0.511      0.914      0.000 4
 176  176     -0.494     -1.160      0.000 4
 175  177     -0.480      0.300      0.000 4
 178  178     -0.474     -0.161      0.000 4
  -1   -2     -0.472     -0.673      0.000 4
  -1  179     -0.460     -0.469      0.000 4
 179  183     -0.458      0.692      0.000 4
 181  182     -0.445     -0.782      0.000 4
 183  181     -0.445     -0.892      0.000 4
 182  185     -0.442     -0.549      0.000 4
 180  186     -0.436     -0.219      0.000 4
  -1   -2     -0.425     -0.995      0.000 4
  -1   -2     -0.425      0.667      0.000 4
 185  187     -0.422      1.143      0.000 4
 186  188     -0.409     -0.605      0.000 4
  -1   -2     -0.397     -0.677      0.000 4
 188  189     -0.389      0.986      0.000 4
 189  190     -0.384     -0.890      0.000 4
 190  191     -0.381      0.806      0.000 4
 191  192     -0.376      0.909      0.000 4
 192  193     -0.369      0.272      0.000 4
 193  194     -0.369     -0.511      0.000 4
 195  198     -0.339      0.721      0.000 4
 196  199     -0.337     -0.164      0.000 4
  -1   -2     -0.331     -0.415      0.000 4
  -1  200     -0.319     -0.760      0.000 4
 201  201     -0.317      0.376      0.000 4
 202  202     -0.314     -0.847      0.000 4
 213  196     -0.309     -1.167      0.000 4
 203  203     -0.299     -0.344      0.000 4
 204   -2     -0.298     -1.132      0.000 4
 206  204     -0.295     -0.898      0.000 4
 205  205     -0.295      0.116      0.000 4
 208  206     -0.286      0.682      0.000 4
 209  208     -0.275     -0.597      0.000 4
 210  209     -0.274     -0.487      0.000 4
 212  210     -0.260     -0.980      0.000 4
  -1   -2     -0.253     -0.775      0.000 4
 211  211     -0.251      0.018      0.000 4
 214  213     -0.244      0.631      0.000 4
 215  212     -0.242     -1.094      0.000 4
  -1   -2     -0.236     -1.056      0.000 4
 217  215     -0.226      0.037      0.000 4
 218  217     -0.219     -0.148      0.000 4
 219  219     -0.215     -0.211      0.000 4
 198  252     -0.211     -0.430      0.000 4
 222  223     -0.183     -0.149      0.000 4
 221  234     -0.182      1.119      0.000 4
 223  224     -0.179     -1.090      0.000 4
  -1  225     -0.173     -0.676      0.000 4
 226  226     -0.165      0.426      0.000 4
 225  227     -0.162     -0.568      0.000 4
 227  228     -0.155     -0.058      0.000 4
 220   -2     -0.149      0.963      0.000 4
 228  229     -0.143      0.545      0.000 4
  -1  231     -0.140     -0.270      0.000 4
 224   -2     -0.139      0.292      0.000 4
 229  233     -0.133     -0.911      0.000 4
 230  235     -0.119      0.204      0.000 4
  -1   -2     -0.118     -0.714      0.000 4
 232  237     -0.115     -0.126      0.000 4
 234  238     -0.098     -0.538      0.000 4
  -1  239     -0.098      0.605      0.000 4
 235  241     -0.093      0.308      0.000 4
 236  242     -0.092     -0.269      0.000 4
  -1  240     -0.089     -1.015      0.000 4
 238  243     -0.083      1.015      0.000 4
 233  245     -0.081     -1.160      0.000 4
 240  244     -0.077     -0.975      0.000 4
 239  246     -0.074      0.510      0.000 4
 241  247     -0.071      0.006      0.000 4
 242  248     -0.069      1.127      0.000 4
  -1   -2     -0.051      0.824      0.000 4
 231   -2     -0.034     -0.764      0.000 4
 246  251     -0.034      1.082      0.000 4
 247  253     -0.026     -0.111      0.000 4
  -1  254     -0.020      0.276      0.000 4
 248  255     -0.018      0.487      0.000 4
 249  256      0.001      0.048      0.000 4
 251  257      0.010      0.854      0.000 4
 252   -2      0.012      0.745      0.000 4
 253  259      0.019     -1.106      0.000 4
 254  261      0.021      0.301      0.000 4
 255  260      0.023      0.497      0.000 4
 256  262      0.037     -0.039      0.000 4
  -1   -2      0.043     -0.246      0.000 4
 258  263      0.058      0.552      0.000 4
 259  264      0.061      0.783      0.000 4
  -1   -2      0.064      1.156      0.000 4
 260  265      0.065     -0.950      0.000 4
 261  267      0.072     -0.792      0.000 4
 263  269      0.081      0.138      0.000 4
 264  270      0.087     -0.602      0.000 4
  -1   -2      0.092      1.006      0.000 4
  -1   -2      0.092     -0.037      0.000 4
 267  271      0.092     -1.165      0.000 4
 265  273      0.093      0.101      0.000 4
 268  274      0.098      0.390      0.000 4
 269  275      0.100      1.070      0.000 4
 273  276      0.141      0.735      0.000 4
 274   -2      0.143     -0.395      0.000 4
 271  277      0.146     -0.494      0.000 4
 275  278      0.150      0.590      0.000 4
 266   -2      0.154     -1.104      0.000 4
 277  279      0.159     -0.561      0.000 4
 278  281      0.162      0.913      0.000 4
 279  282      0.176      0.316      0.000 4
 280  283      0.187     -0.585      0.000 4
 281  285      0.192     -1.071      0.000 4
 282  284      0.199     -0.376      0.000 4
 284  286      0.214      1.121      0.000 4
 283  288      0.216     -0.887      0.000 4
 285  287      0.216      0.840      0.000 4
  -1   -2      0.218     -1.099      0.000 4
 286  289      0.219      0.034      0.000 4
 287  290      0.224      0.481      0.000 4
 288  291      0.229     -0.761      0.000 4
 289   -2      0.236     -1.005      0.000 4
 290  294      0.245     -0.117      0.000 4
  -1  296      0.262     -0.780      0.000 4
 291   -2      0.266     -0.548      0.000 4
 292  297      0.270     -0.301      0.000 4
 293  298      0.274      0.838      0.000 4
 294  299      0.283      1.053      0.000 4
 297   -2      0.289      0.685      0.000 4
 295  301      0.291      0.983      0.000 4
 296  302      0.293      0.216      0.000 4
 299  304      0.319     -1.113      0.000 4
 300  305      0.324      0.504      0.000 4
 302  306      0.327     -0.267      0.000 4
 303  307      0.333     -0.319      0.000 4
  -1  308      0.338     -0.157      0.000 4
 304  309      0.340      0.056      0.000 4
 305  311      0.346      0.896      0.000 4
 306  310      0.348     -0.131      0.000 4
 301  317      0.348     -1.156      0.000 4
 307  312      0.355      0.305      0.000 4
 308  313      0.361     -1.072      0.000 4
 309  314      0.373      0.941      0.000 4
 310  315      0.378     -0.342      0.000 4
 311  316      0.386     -0.708      0.000 4
 298   -2      0.390     -0.872      0.000 4
 312  319      0.404      0.574      0.000 4
 314  320      0.404      0.052      0.000 4
 315  321      0.415     -0.347      0.000 4
 316  322      0.420     -1.017      0.000 4
 317  324      0.428     -0.789      0.000 4
 318  325      0.437      0.152      0.000 4
 319  326      0.443      0.816      0.000 4
 321   -2      0.443     -0.583      0.000 4
  -1  327      0.447      0.775      0.000 4
  -1   -2      0.449      0.385      0.000 4
 322  328      0.452      1.098      0.000 4
 323  329      0.468     -0.530      0.000 4
 325  331      0.472      0.615      0.000 4
 324  330      0.472      0.004      0.000 4
  -1   -2      0.480     -1.020      0.000 4
  -1   -2      0.487      0.444      0.000 4
  -1   -2      0.491     -0.110      0.000 4
 335  332      0.491     -0.372      0.000 4
 332  333      0.504      0.277      0.000 4
 328  334      0.505     -0.714      0.000 4
 330  335      0.506      0.654      0.000 4
  -1   -2      0.507      0.542      0.000 4
 331   -2      0.510      0.487      0.000 4
  -1  336      0.514      0.023      0.000 4
 333  337      0.527     -0.559      0.000 4
  -1  339      0.528      0.591      0.000 4
 334  338      0.530     -0.022      0.000 4
 336  340      0.535      0.798      0.000 4
 337  342      0.545     -0.832      0.000 4
  -1  341      0.547      0.277      0.000 4
  -1  343      0.550     -0.140      0.000 4
 338  344      0.552      0.671      0.000 4
 339  346      0.567     -0.886      0.000 4
 340  345      0.571      0.608      0.000 4
 341  347      0.577     -0.516      0.000 4
 342   -2      0.593      0.341      0.000 4
 346  348      0.607      0.933      0.000 4
  -1   -2      0.608     -1.166      0.000 4
 347  349      0.610      0.809      0.000 4
 345  350      0.610     -0.930      0.000 4
  -1   -2      0.617      1.071      0.000 4
 349  351      0.620     -0.034      0.000 4
  -1   -2      0.621     -0.610      0.000 4
 344  352      0.621     -0.682      0.000 4
  -1  353      0.629     -1.073      0.000 4
 352  355      0.643      0.462      0.000 4
 354  357      0.647     -0.781      0.000 4
 356  358      0.649      0.724      0.000 4
 357  356      0.656     -0.628      0.000 4
 358  360      0.670      1.080      0.000 4
 359  361      0.672     -0.364      0.000 4
 350   -2      0.682     -0.981      0.000 4
 362  364      0.690      0.846      0.000 4
 363  365      0.697     -0.439      0.000 4
 364  366      0.699      0.766      0.000 4
 365  367      0.702      0.431      0.000 4
 366  368      0.710     -0.243      0.000 4
 375   -2      0.713     -0.782      0.000 4
 367  371      0.715     -0.819      0.000 4
 368  372      0.726      1.087      0.000 4
 369  373      0.732     -1.041      0.000 4
  -1  383      0.733     -1.136      0.000 4
 370  374      0.736     -0.467      0.000 4
 371  375      0.740     -0.655      0.000 4
 372  376      0.746     -0.855      0.000 4
  -1   -2      0.747     -0.070      0.000 4
 373  378      0.748      0.990      0.000 4
 374  380      0.753     -0.008      0.000 4
 376  382      0.761     -1.084      0.000 4
 377  381      0.761     -0.350      0.000 4
 379   -2      0.772      1.088      0.000 4
  -1  384      0.776      1.164      0.000 4
 380   -2      0.779      0.111      0.000 4
  -1  385      0.783     -1.041      0.000 4
 385  386      0.789      0.225      0.000 4
 381  387      0.790     -0.614      0.000 4
 384  389      0.803     -0.792      0.000 4
  -1   -2      0.835      0.770      0.000 4
 389  392      0.837     -1.115      0.000 4
 391   -2      0.839     -0.859      0.000 4
 392  393      0.842      0.843      0.000 4
 393  395      0.844      0.582      0.000 4
 396  396      0.845      0.352      0.000 4
 395  397      0.848      0.304      0.000 4
 394  399      0.849     -1.057      0.000 4
  -1  398      0.850     -0.080      0.000 4
 398  401      0.863     -0.782      0.000 4
 397  403      0.863      1.158      0.000 4
  -1   -2      0.868     -0.284      0.000 4
 401  405      0.883      0.832      0.000 4
  -1  404      0.886     -1.154      0.000 4
  -1   -2      0.892      1.152      0.000 4
 403  406      0.895     -0.047      0.000 4
 412  394      0.899     -1.005      0.000 4
 406  409      0.915     -0.874      0.000 4
 405  407      0.916      1.018      0.000 4
 409  412      0.930      1.117      0.000 4
 410  414      0.932     -0.805      0.000 4
 411  411      0.932     -0.265      0.000 4
  -1  413      0.936     -1.080      0.000 4
 413  415      0.940     -0.457      0.000 4
 415  420      0.955     -0.545      0.000 4
 417  419      0.957      0.657      0.000 4
 418  421      0.960      0.609      0.000 4
 420   -2      0.968      0.102      0.000 4
 421  422      0.973      0.391      0.000 4
  -1   -2      0.976      0.274      0.000 4
 422  423      0.990      0.761      0.000 4
  -1   -2      0.991      0.012      0.000 4
 424  424      1.012      0.208      0.000 4
 423   -2      1.014     -0.270      0.000 4
  -1   -2      1.019     -0.846      0.000 4
 426  426      1.023      0.356      0.000 4
 427  427      1.027     -0.169      0.000 4
 429  428      1.040      0.495      0.000 4
 430  429      1.046     -0.615      0.000 4
 443  431      1.058     -1.172      0.000 4
 434  430      1.064      0.429      0.000 4
 433  425      1.064     -0.260      0.000 4
  -1   -2      1.074     -0.724      0.000 4
  -1   -2      1.076      0.732      0.000 4
 437  434      1.093      0.639      0.000 4
 438  435      1.104      0.944      0.000 4
 432   -2      1.108      1.024      0.000 4
 442  432      1.110     -0.035      0.000 4
 439  436      1.112     -1.014      0.000 4
 440  438      1.115     -0.685      0.000 4
 441  437      1.116      0.815      0.000 4
  -1   -2      1.148     -1.125      0.000 4
  -1  443      1.149     -1.136      0.000 4
 447  444      1.150      1.019      0.000 4
 452  441      1.153      0.241      0.000 4
 449  446      1.154     -0.823      0.000 4
 450  445      1.156      0.566      0.000 4
 448   -2      1.157     -0.909      0.000 4
 453  449      1.169      0.077      0.000 4
 455  451      1.182     -0.593      0.000 4
 456  453      1.217      0.961      0.000 4
  -1  454      1.223      0.878      0.000 4
 458  455      1.232     -0.287      0.000 4
  -1  459      1.242      1.143      0.000 4
 459  456      1.246     -0.547      0.000 4
 460  457      1.250     -0.414      0.000 4
  -1  461      1.257      0.250      0.000 4
 461   -2      1.261     -0.621      0.000 4
 464   -2      1.274      1.009      0.000 4
  -1  460      1.278      0.663      0.000 4
  -1   -2      1.289     -0.686      0.000 4
 465  462      1.294     -0.563      0.000 4
 466  463      1.297     -1.159      0.000 4
  -1  465      1.310     -1.029      0.000 4
  -1   -2      1.316      0.568      0.000 4
 462   -2      1.326     -0.966      0.000 4
 469  468      1.327     -0.541      0.000 4
 470  467      1.327      0.396      0.000 4
 471  469      1.339     -0.629      0.000 4
 472  470      1.373     -1.007      0.000 4
 474  472      1.385     -1.070      0.000 4
 477  473      1.400      1.134      0.000 4
 478  474      1.415     -1.020      0.000 4
 479  475      1.426      0.167      0.000 4
 502  452      1.427      0.083      0.000 4
 480  476      1.428     -0.399      0.000 4
 481  477      1.430     -0.288      0.000 4
  -1   -2      1.430      0.574      0.000 4
 476  478      1.430     -1.172      0.000 4
 482  479      1.432     -0.532      0.000 4
 483  480      1.437     -0.464      0.000 4
  -1   -2      1.447     -0.764      0.000 4
 485  482      1.454     -1.134      0.000 4
 487  484      1.465      0.239      0.000 4
  -1  486      1.470      0.671      0.000 4
 488  485      1.472      0.550      0.000 4
 489   -2      1.490     -0.795      0.000 4
 491  488      1.494     -0.832      0.000 4
  -1  487      1.496      1.111      0.000 4
 492  489      1.503      0.628      0.000 4
  -1  490      1.512     -1.150      0.000 4
 493  491      1.515      0.878      0.000 4
 495  492      1.523      0.281      0.000 4
 496   -2      1.530     -0.323      0.000 4
 498  493      1.531     -0.083      0.000 4
 497   -2      1.538     -0.266      0.000 4
 499  497      1.549     -0.292      0.000 4
  -1  498      1.553     -1.120      0.000 4
 501  502      1.557     -1.008      0.000 4
