482
   1    1     -1.565      0.873      0.000 4
  -1   -2     -1.560      0.658      0.000 4
   4    2     -1.549     -0.991      0.000 4
   5    3     -1.547      0.379      0.000 4
  -1   -2     -1.533     -0.456      0.000 4
   6    4     -1.526      0.056      0.000 4
   7    5     -1.516     -0.516      0.000 4
   8    6     -1.510     -0.333      0.000 4
  10    7     -1.500     -0.984      0.000 4
  12    9     -1.496      0.006      0.000 4
  11   10     -1.491     -0.043      0.000 4
  14   12     -1.488      0.205      0.000 4
  15   13     -1.482     -0.742      0.000 4
  16   14     -1.481      0.827      0.000 4
  17   15     -1.478     -0.553      0.000 4
  18   16     -1.473      0.786      0.000 4
  -1   17     -1.466     -0.958      0.000 4
  20   19     -1.463      0.962      0.000 4
  19   18     -1.462     -0.814      0.000 4
  -1   -2     -1.460      0.159      0.000 4
  -1   -2     -1.445      0.033      0.000 4
  21   20     -1.444     -0.334      0.000 4
  22   21     -1.443      0.504      0.000 4
  24   23     -1.431     -0.050      0.000 4
  -1   22     -1.427     -1.167      0.000 4
  25   24     -1.424      0.704      0.000 4
  27   27     -1.415     -0.474      0.000 4
  28   28     -1.411     -0.712      0.000 4
  -1   25     -1.407     -0.916      0.000 4
  -1   -2     -1.398     -0.417      0.000 4
  29   30     -1.388     -0.186      0.000 4
  35   26     -1.361      0.925      0.000 4
  -1   -2     -1.356     -0.766      0.000 4
  31   34     -1.334      0.484      0.000 4
  32   33     -1.332      1.102      0.000 4
  36   36     -1.316     -0.674      0.000 4
  -1   -2     -1.310      1.017      0.000 4
  38   -2     -1.305     -0.150      0.000 4
  40   37     -1.301     -1.087      0.000 4
  42   38     -1.298     -0.786      0.000 4
  43   40     -1.296      0.747      0.000 4
  -1   -2     -1.285     -0.736      0.000 4
  45   42     -1.284     -0.447      0.000 4
  41   39     -1.280     -0.116      0.000 4
  47   43     -1.279      0.853      0.000 4
  49   44     -1.265      1.080      0.000 4
  48   45     -1.263     -1.004      0.000 4
  51   46     -1.260      0.974      0.000 4
  50   47     -1.257      0.215      0.000 4
  46   48     -1.255      0.456      0.000 4
  39   -2     -1.252      0.308      0.000 4
  53   49     -1.247     -0.355      0.000 4
  54   52     -1.246      0.757      0.000 4
  52   51     -1.245      0.554      0.000 4
  55   53     -1.241     -0.205      0.000 4
  57   55     -1.236     -0.462      0.000 4
  -1   54     -1.236     -0.785      0.000 4
  59   56     -1.231      1.146      0.000 4
  60   57     -1.213      0.385      0.000 4
  61   61     -1.207     -0.269      0.000 4
  63   58     -1.204      0.781      0.000 4
  64   60     -1.203     -0.993      0.000 4
  65   62     -1.202     -1.163      0.000 4
  66   63     -1.192      0.655      0.000 4
  67   64     -1.190     -0.577      0.000 4
  -1   65     -1.181      0.606      0.000 4
  -1   -2     -1.171      0.537      0.000 4
  69   66     -1.161      0.337      0.000 4
  71   68     -1.147      0.898      0.000 4
  70   -2     -1.143      1.163      0.000 4
  73   69     -1.142     -0.973      0.000 4
  74   71     -1.141     -0.499      0.000 4
  75   72     -1.133     -1.012      0.000 4
  78   74     -1.101      0.616      0.000 4
  79   73     -1.100      1.152      0.000 4
  80   75     -1.086     -0.150      0.000 4
  81   78     -1.080     -0.016      0.000 4
  84   -2     -1.069      0.836      0.000 4
  86   79     -1.069     -0.833      0.000 4
  -1   81     -1.063      0.498      0.000 4
  89   80     -1.063     -1.141      0.000 4
  87   82     -1.062      0.266      0.000 4
  88   83     -1.061     -0.235      0.000 4
  82   84     -1.057      0.335      0.000 4
  91   85     -1.046      0.982      0.000 4
  93   86     -1.042      0.440      0.000 4
  96   91     -1.016     -0.058      0.000 4
  97   94     -1.013      0.037      0.000 4
  98   90     -1.011     -1.165      0.000 4
  99   93     -1.005     -0.963      0.000 4
 100   96     -1.003     -0.468      0.000 4
 104   95     -1.000      1.094      0.000 4
 101   97     -0.997      0.389      0.000 4
 103   98     -0.982      0.140      0.000 4
  -1   99     -0.969     -0.510      0.000 4
 105  100     -0.964      0.753      0.000 4
  90  115     -0.958     -0.650      0.000 4
 106  104     -0.955     -0.147      0.000 4
  -1   -2     -0.948     -1.021      0.000 4
  -1  105     -0.941     -1.165      0.000 4
 109  107     -0.931     -0.100      0.000 4
 111  109     -0.920     -0.451      0.000 4
 112  108     -0.920     -0.732      0.000 4
  -1   -2     -0.919      0.066      0.000 4
 114  110     -0.916     -0.786      0.000 4
  -1   -2     -0.910      0.820      0.000 4
 116  112     -0.909     -1.019      0.000 4
 117  113     -0.902      1.124      0.000 4
 118  114     -0.901     -1.086      0.000 4
 121  116     -0.866      0.880      0.000 4
  -1   -2     -0.848      0.763      0.000 4
 119  117     -0.844     -1.168      0.000 4
 124  118     -0.841     -0.770      0.000 4
 127  119     -0.837      0.987      0.000 4
 125  120     -0.836     -0.285      0.000 4
 128  121     -0.829      0.049      0.000 4
 132  124     -0.823      1.095      0.000 4
 131  125     -0.822     -0.541      0.000 4
 129  122     -0.822      0.695      0.000 4
 133  126     -0.809     -0.252      0.000 4
 134   -2     -0.805     -0.942      0.000 4
 135  127     -0.800      0.320      0.000 4
 136  129     -0.785      0.247      0.000 4
 139  130     -0.780      0.951      0.000 4
 138  131     -0.778     -0.395      0.000 4
 140   -2     -0.776     -0.670      0.000 4
  -1  132     -0.772     -0.633      0.000 4
 141  135     -0.755     -0.202      0.000 4
 142  134     -0.755     -0.512      0.000 4
  -1   -2     -0.752     -1.159      0.000 4
 143  136     -0.751      0.434      0.000 4
 144  137     -0.748     -0.471      0.000 4
 146  133     -0.745     -0.952      0.000 4
 145  138     -0.736      0.078      0.000 4
 147  139     -0.735      0.490      0.000 4
 149   -2     -0.732      0.961      0.000 4
 148  141     -0.731      0.175      0.000 4
 150   -2     -0.712      1.014      0.000 4
 153  143     -0.708     -1.012      0.000 4
 152  144     -0.707     -0.253      0.000 4
 151  146     -0.707     -0.030      0.000 4
 154  145     -0.705      0.824      0.000 4
 155  148     -0.697     -0.460      0.000 4
 156  147     -0.696     -0.725      0.000 4
 157  149     -0.694      0.603      0.000 4
 159  150     -0.688     -1.173      0.000 4
 158  151     -0.681     -0.097      0.000 4
 160   -2     -0.674     -0.874      0.000 4
  -1   -2     -0.670      0.119      0.000 4
 161  152     -0.655     -0.718      0.000 4
  -1  142     -0.652      1.000      0.000 4
 162  154     -0.647     -0.235      0.000 4
 163  153     -0.646      1.073      0.000 4
 164  155     -0.635      0.391      0.000 4
  -1   -2     -0.627     -1.117      0.000 4
 165  156     -0.620     -0.963      0.000 4
 167  157     -0.606     -1.038      0.000 4
 166  158     -0.606      0.274      0.000 4
 168  159     -0.601      0.955      0.000 4
 169  160     -0.589     -0.137      0.000 4
 170  161     -0.583     -0.591      0.000 4
 171  162     -0.582      0.437      0.000 4
  -1   -2     -0.574     -0.939      0.000 4
 172  164     -0.560      0.852      0.000 4
 173  166     -0.555     -0.191      0.000 4
 176   -2     -0.545      0.898      0.000 4
 175  167     -0.543      0.633      0.000 4
 177  168     -0.537      1.061      0.000 4
 178  170     -0.530     -0.669      0.000 4
  -1   -2     -0.526      0.428      0.000 4
 179   -2     -0.520     -0.500      0.000 4
 182  165     -0.515     -1.172      0.000 4
 180  172     -0.511      0.605      0.000 4
 181   -2     -0.507      0.555      0.000 4
 185  175     -0.492      0.256      0.000 4
 184  176     -0.488     -0.722      0.000 4
 189  171     -0.476     -0.548      0.000 4
 187  178     -0.468     -0.830      0.000 4
 188  179     -0.466     -1.109      0.000 4
  -1  184     -0.449     -0.131      0.000 4
  -1   -2     -0.447      0.753      0.000 4
 190  183     -0.445     -0.452      0.000 4
 191  182     -0.444      0.718      0.000 4
 195  185     -0.428      1.053      0.000 4
 193  187     -0.424      0.332      0.000 4
 196  186     -0.422      0.893      0.000 4
 194  188     -0.421      0.820      0.000 4
 209   -2     -0.420     -1.163      0.000 4
 197   -2     -0.418     -0.356      0.000 4
 198  190     -0.411      0.642      0.000 4
 199  191     -0.410     -0.815      0.000 4
 200  192     -0.407      0.112      0.000 4
 201  193     -0.391     -0.291      0.000 4
 202   -2     -0.385      0.259      0.000 4
 186  210     -0.377     -0.596      0.000 4
 203   -2     -0.362      0.619      0.000 4
 205  195     -0.354      0.589      0.000 4
 207  197     -0.347     -0.759      0.000 4
 204  199     -0.346     -1.066      0.000 4
 208  200     -0.338     -0.518      0.000 4
 210  201     -0.332      1.058      0.000 4
  -1  202     -0.322      0.075      0.000 4
 211  203     -0.320     -0.802      0.000 4
 212  204     -0.316      0.548      0.000 4
 214  205     -0.306     -0.180      0.000 4
 216  207     -0.282     -0.365      0.000 4
 217  209     -0.272     -0.876      0.000 4
 219  208     -0.263     -1.165      0.000 4
 220   -2     -0.257     -0.609      0.000 4
 224   -2     -0.247     -0.987      0.000 4
 222  211     -0.245      0.293      0.000 4
 213  212     -0.241      1.144      0.000 4
 225  213     -0.237     -0.040      0.000 4
 223  214     -0.236      0.370      0.000 4
 226  215     -0.220     -1.093      0.000 4
 228  217     -0.218     -0.574      0.000 4
 229  216     -0.215     -0.477      0.000 4
 230  220     -0.208      0.464      0.000 4
 231  222     -0.194      0.182      0.000 4
  -1  223     -0.188     -0.091      0.000 4
 232  224     -0.181      1.022      0.000 4
 233  225     -0.177     -0.972      0.000 4
 234  227     -0.158      0.266      0.000 4
  -1   -2     -0.158      0.230      0.000 4
 235  226     -0.157     -0.209      0.000 4
  -1  228     -0.154     -0.669      0.000 4
 236  230     -0.153     -0.785      0.000 4
  -1  229     -0.150     -0.596      0.000 4
  -1   -2     -0.149      0.646      0.000 4
 237  232     -0.147     -0.443      0.000 4
 238  233     -0.135      0.018      0.000 4
 239  234     -0.131      0.429      0.000 4
 241  235     -0.121      1.026      0.000 4
 240  240     -0.120     -1.132      0.000 4
  -1  236     -0.106     -0.273      0.000 4
 243   -2     -0.103     -0.612      0.000 4
 244  237     -0.096      0.868      0.000 4
  -1  239     -0.081     -0.068      0.000 4
 246  241     -0.081     -0.321      0.000 4
 247  243     -0.077     -1.094      0.000 4
 249  244     -0.071      0.974      0.000 4
 250  245     -0.068      0.236      0.000 4
  -1  246     -0.055      0.416      0.000 4
 252  247     -0.049      0.053      0.000 4
  -1   -2     -0.048      0.874      0.000 4
 253  251     -0.029      0.921      0.000 4
 255  253     -0.021      0.259      0.000 4
 258  252     -0.021     -0.006      0.000 4
 248   -2     -0.020     -1.166      0.000 4
 257  255     -0.014      0.624      0.000 4
  -1  254     -0.011      0.418      0.000 4
 259  256     -0.006      0.718      0.000 4
  -1  258      0.004      0.116      0.000 4
 261  260      0.034      0.472      0.000 4
 267  261      0.038     -1.159      0.000 4
 262  262      0.038      1.108      0.000 4
 263  263      0.049      0.655      0.000 4
 264  265      0.051     -0.655      0.000 4
 266  267      0.057     -0.803      0.000 4
 268  266      0.059     -0.315      0.000 4
 269  268      0.061      0.109      0.000 4
 270   -2      0.067     -0.014      0.000 4
 271  282      0.067     -0.486      0.000 4
 272  271      0.079      0.328      0.000 4
 273  272      0.089     -1.164      0.000 4
 275  274      0.096     -0.162      0.000 4
 274  275      0.098      0.296      0.000 4
 278  276      0.105      0.907      0.000 4
 280  277      0.125     -0.309      0.000 4
 281  279      0.129     -0.395      0.000 4
 283  280      0.135     -1.115      0.000 4
 285  281      0.141      0.611      0.000 4
 287  283      0.148      0.487      0.000 4
 286  285      0.148     -0.956      0.000 4
 289  286      0.171      0.767      0.000 4
 290  287      0.174      0.270      0.000 4
 291   -2      0.180     -0.472      0.000 4
 293  289      0.194     -0.295      0.000 4
 294  290      0.202     -1.141      0.000 4
 296  292      0.213     -0.747      0.000 4
 323  270      0.223      0.042      0.000 4
 298  294      0.226     -0.375      0.000 4
 299  295      0.228      0.960      0.000 4
  -1  298      0.229      0.793      0.000 4
 300  296      0.230     -0.631      0.000 4
 301   -2      0.233     -1.157      0.000 4
 302  299      0.238      0.402      0.000 4
 304  302      0.252     -0.081      0.000 4
  -1  303      0.272     -0.446      0.000 4
 305  304      0.272     -1.113      0.000 4
 306  305      0.279     -0.235      0.000 4
 307  308      0.284      1.120      0.000 4
 308  307      0.297      0.705      0.000 4
 310  309      0.299     -0.611      0.000 4
 311  310      0.301      0.899      0.000 4
 313  311      0.306     -0.764      0.000 4
 314  312      0.309      0.833      0.000 4
  -1  315      0.316      0.575      0.000 4
 315  314      0.317      0.188      0.000 4
 309  316      0.317     -1.170      0.000 4
 316   -2      0.322      0.516      0.000 4
 320  319      0.358     -0.946      0.000 4
  -1  320      0.364     -0.120      0.000 4
  -1  322      0.368      1.032      0.000 4
  -1  323      0.371      0.056      0.000 4
 325  324      0.373     -1.013      0.000 4
 324   -2      0.378      0.760      0.000 4
 326  325      0.388      0.264      0.000 4
 327  326      0.401     -0.602      0.000 4
 328  327      0.407     -0.279      0.000 4
 329   -2      0.407      0.803      0.000 4
 330  328      0.420     -0.902      0.000 4
 331   -2      0.427      0.858      0.000 4
 332  329      0.442     -0.687      0.000 4
 333  330      0.444     -1.162      0.000 4
 334  331      0.450     -0.287      0.000 4
 335  333      0.456     -0.329      0.000 4
  -1  334      0.470     -0.500      0.000 4
 337  336      0.476      0.220      0.000 4
 339  335      0.478      1.139      0.000 4
 338  337      0.479      0.960      0.000 4
  -1   -2      0.479     -1.120      0.000 4
 341   -2      0.486     -0.619      0.000 4
  -1  340      0.489      0.779      0.000 4
 342  341      0.489      0.130      0.000 4
 344  342      0.498     -0.454      0.000 4
  -1  343      0.517     -0.777      0.000 4
 345  344      0.522      0.009      0.000 4
  -1  345      0.529      0.759      0.000 4
 346  346      0.531     -0.629      0.000 4
 348  347      0.532     -0.318      0.000 4
 350   -2      0.534     -1.104      0.000 4
 349  348      0.548      1.058      0.000 4
 354  350      0.565     -0.487      0.000 4
 353  351      0.568     -0.766      0.000 4
 355  353      0.569      0.556      0.000 4
 358  352      0.569      0.403      0.000 4
 356   -2      0.575      0.457      0.000 4
 359  358      0.581      0.237      0.000 4
  -1  356      0.583      0.163      0.000 4
 360   -2      0.591      0.684      0.000 4
  -1  357      0.591     -0.270      0.000 4
 364  359      0.597     -1.168      0.000 4
 362  360      0.597     -0.019      0.000 4
 363  362      0.605      0.510      0.000 4
 366  363      0.618      0.575      0.000 4
 367  364      0.619     -0.460      0.000 4
 365  365      0.619     -0.860      0.000 4
 369  367      0.626      1.063      0.000 4
 370  368      0.627     -1.009      0.000 4
 372  366      0.629      1.118      0.000 4
  -1  374      0.646      0.367      0.000 4
 375  372      0.654      0.531      0.000 4
 373  370      0.655     -0.627      0.000 4
 374  371      0.658      0.817      0.000 4
 376  373      0.668     -0.726      0.000 4
 377   -2      0.673      0.702      0.000 4
 378   -2      0.684     -0.929      0.000 4
 379  375      0.691     -0.580      0.000 4
 381  376      0.700     -0.035      0.000 4
 382   -2      0.715     -1.090      0.000 4
 384  377      0.724      0.629      0.000 4
 383  378      0.727     -0.997      0.000 4
  -1   -2      0.731     -1.167      0.000 4
 387  379      0.735      0.397      0.000 4
 386  380      0.736     -0.775      0.000 4
 388  381      0.742     -0.346      0.000 4
  -1   -2      0.746      0.060      0.000 4
 389  382      0.748      0.984      0.000 4
 392  383      0.753     -0.407      0.000 4
 390  385      0.755     -1.050      0.000 4
 391  384      0.757      0.747      0.000 4
 394  386      0.776      0.673      0.000 4
 395  387      0.776     -0.628      0.000 4
 396  388      0.778     -0.142      0.000 4
 397  389      0.789     -0.232      0.000 4
  -1   -2      0.789      1.064      0.000 4
  -1   -2      0.791      0.991      0.000 4
 399  390      0.795      0.893      0.000 4
 400  392      0.801      0.373      0.000 4
 398  391      0.803     -0.982      0.000 4
 401  394      0.822     -1.103      0.000 4
 402  395      0.827     -0.776      0.000 4
 403  396      0.829     -0.595      0.000 4
 404  397      0.832     -0.339      0.000 4
 405  398      0.838     -1.042      0.000 4
  -1  400      0.855     -0.847      0.000 4
 407  402      0.876     -1.157      0.000 4
 409  404      0.879      1.075      0.000 4
  -1   -2      0.879     -1.164      0.000 4
 411  405      0.884     -0.775      0.000 4
  -1   -2      0.895     -0.072      0.000 4
 413   -2      0.906      1.077      0.000 4
 414  406      0.907      0.195      0.000 4
 415  408      0.925     -0.877      0.000 4
 416  407      0.925      0.699      0.000 4
 418  410      0.932     -1.082      0.000 4
 417  409      0.933     -0.608      0.000 4
 420  411      0.950      0.521      0.000 4
 419  412      0.951     -0.815      0.000 4
 421  413      0.953      1.051      0.000 4
 422  414      0.955      0.764      0.000 4
 423  418      0.958      0.956      0.000 4
 425  416      0.962      0.309      0.000 4
 426  417      0.963      0.265      0.000 4
 424  419      0.963     -0.889      0.000 4
 410  439      0.987     -1.122      0.000 4
 427  420      0.992     -0.063      0.000 4
 428  421      0.997     -0.474      0.000 4
  -1   -2      1.000     -0.732      0.000 4
 429  422      1.004     -0.565      0.000 4
 430  423      1.013     -0.287      0.000 4
  -1  424      1.029      0.050      0.000 4
 435   -2      1.048      0.668      0.000 4
  -1   -2      1.056     -0.949      0.000 4
 431  429      1.057     -0.354      0.000 4
 432  430      1.064      0.617      0.000 4
 433  431      1.067      0.566      0.000 4
 434  432      1.069      0.115      0.000 4
  -1  435      1.083      0.182      0.000 4
 436  436      1.083     -0.653      0.000 4
 438  437      1.095      0.359      0.000 4
 439   -2      1.102     -1.067      0.000 4
  -1   -2      1.111     -1.109      0.000 4
 444  433      1.122     -0.202      0.000 4
 440  441      1.128     -1.173      0.000 4
 442  442      1.132      0.184      0.000 4
 443  444      1.142     -0.738      0.000 4
 445  445      1.151     -0.397      0.000 4
 446  446      1.156      0.470      0.000 4
 448   -2      1.159      0.929      0.000 4
 447  447      1.160     -0.977      0.000 4
 449  449      1.169     -0.887      0.000 4
 450  450      1.175      0.403      0.000 4
 451  451      1.182     -0.089      0.000 4
  -1  452      1.186      1.009      0.000 4
 452  454      1.195      0.803      0.000 4
 462  448      1.202      0.632      0.000 4
 457  455      1.216     -0.661      0.000 4
 459  456      1.218      0.317      0.000 4
 456   -2      1.221      0.689      0.000 4
  -1  458      1.225     -1.058      0.000 4
 460  457      1.227     -0.063      0.000 4
 458  459      1.234     -0.458      0.000 4
 463  460      1.267      0.225      0.000 4
 465   -2      1.276      0.982      0.000 4
 464  461      1.277      0.046      0.000 4
 466  462      1.279      0.123      0.000 4
 467  464      1.284     -0.629      0.000 4
 469  465      1.289      0.889      0.000 4
 472  468      1.302     -1.126      0.000 4
  -1  469      1.304     -0.353      0.000 4
 473  467      1.305     -0.492      0.000 4
 474  470      1.312      1.034      0.000 4
  -1  472      1.319     -0.045      0.000 4
 475  474      1.344     -0.646      0.000 4
 471   -2      1.360     -1.163      0.000 4
 476  477      1.361      0.989      0.000 4
 477  476      1.362     -0.732      0.000 4
  -1  475      1.365      0.251      0.000 4
 479  479      1.374     -0.902      0.000 4
 478  483      1.385     -1.120      0.000 4
 480  481      1.400      0.276      0.000 4
  -1   -2      1.412      0.605      0.000 4
 483  484      1.431      0.408      0.000 4
 484   -2      1.437     -0.391      0.000 4
 493  480      1.450     -1.172      0.000 4
 487  487      1.461     -0.644      0.000 4
 488  488      1.464     -0.505      0.000 4
 489  489      1.469     -0.576      0.000 4
 490  490      1.474     -0.387      0.000 4
 482  482      1.475      0.003      0.000 4
 491  491      1.480      0.476      0.000 4
  -1   -2      1.481     -1.076      0.000 4
 492  493      1.498     -0.963      0.000 4
 494  495      1.505      0.155      0.000 4
 495  496      1.511     -0.317      0.000 4
 496  497      1.543      0.243      0.000 4
 497   -2      1.543      1.150      0.000 4
 499  500      1.555      0.612      0.000 4
 500  501      1.561     -0.425      0.000 4
 501  502      1.565     -0.347      0.000 4
