502
  -1    0     -1.566      0.387      0.000 4
   0    1     -1.558      0.816      0.000 4
  -1   -2     -1.550     -1.019      0.000 4
   1    2     -1.550     -0.010      0.000 4
  -1    4     -1.541     -0.049      0.000 4
   2    6     -1.539      0.248      0.000 4
   3    5     -1.535      0.904      0.000 4
  -1   -2     -1.527     -1.132      0.000 4
  -1   -2     -1.524      1.024      0.000 4
  -1   -2     -1.501     -0.106      0.000 4
  -1   -2     -1.500      0.600      0.000 4
   5   11     -1.483      0.213      0.000 4
  -1   12     -1.480      0.306      0.000 4
   6   13     -1.473      0.825      0.000 4
   8   14     -1.471      0.497      0.000 4
   9   16     -1.468      0.624      0.000 4
   7   17     -1.468      0.264      0.000 4
  10   15     -1.467     -1.127      0.000 4
  12   19     -1.463      0.971      0.000 4
  11   20     -1.461     -0.262      0.000 4
  -1   -2     -1.460     -0.934      0.000 4
  13   21     -1.457      0.388      0.000 4
  -1   -2     -1.442      1.076      0.000 4
  15   22     -1.438     -0.569      0.000 4
  -1   23     -1.436     -0.474      0.000 4
  14   24     -1.436      0.151      0.000 4
  16   25     -1.416     -0.674      0.000 4
  17   27     -1.405     -0.318      0.000 4
  18   30     -1.397      0.325      0.000 4
  -1   32     -1.385     -0.817      0.000 4
  21   33     -1.385      0.725      0.000 4
  -1   34     -1.373     -1.129      0.000 4
  23   35     -1.372      1.075      0.000 4
  22   38     -1.370     -0.357      0.000 4
  25   39     -1.364     -0.858      0.000 4
  -1   -2     -1.361     -0.769      0.000 4
  27   44     -1.356      0.271      0.000 4
  29   43     -1.355      0.610      0.000 4
  -1   41     -1.355     -0.499      0.000 4
  30   47     -1.346      0.068      0.000 4
  -1   45     -1.345     -0.195      0.000 4
  31   46     -1.339     -1.101      0.000 4
  -1   49     -1.335      0.580      0.000 4
  -1   48     -1.333      0.990      0.000 4
  37   51     -1.327      0.029      0.000 4
  34   52     -1.314      0.892      0.000 4
  35   -2     -1.303     -0.785      0.000 4
  36   54     -1.290     -0.000      0.000 4
  -1   53     -1.288     -0.812      0.000 4
  39   55     -1.285     -0.954      0.000 4
  40   57     -1.271      0.165      0.000 4
  41   59     -1.269     -0.321      0.000 4
  -1   -2     -1.262     -0.651      0.000 4
  42   -2     -1.257      0.633      0.000 4
  43   60     -1.254      0.531      0.000 4
  44   61     -1.250     -0.598      0.000 4
  45   62     -1.237      0.965      0.000 4
  46   63     -1.233     -0.805      0.000 4
  47   64     -1.225     -0.500      0.000 4
  -1   66     -1.223      0.377      0.000 4
  -1   -2     -1.217     -0.561      0.000 4
  48   65     -1.215     -1.095      0.000 4
  51   68     -1.189      0.803      0.000 4
  52   69     -1.184     -0.617      0.000 4
  38   82     -1.184     -1.169      0.000 4
  55   70     -1.168     -0.841      0.000 4
  57   71     -1.164     -0.806      0.000 4
  56   73     -1.161     -0.113      0.000 4
  58   74     -1.155      0.994      0.000 4
  -1   -2     -1.155     -0.249      0.000 4
  59   76     -1.148      0.703      0.000 4
  54   84     -1.129      0.614      0.000 4
  60   78     -1.118     -1.034      0.000 4
  61   79     -1.114      1.017      0.000 4
  63   80     -1.102     -0.336      0.000 4
  64   83     -1.083      0.390      0.000 4
  62   91     -1.075      0.633      0.000 4
  -1   -2     -1.074     -0.796      0.000 4
  67   -2     -1.057     -0.671      0.000 4
  66   86     -1.054     -0.364      0.000 4
  68   -2     -1.050     -1.170      0.000 4
  69   89     -1.043     -0.103      0.000 4
  70   88     -1.042     -1.036      0.000 4
  71   90     -1.036      0.789      0.000 4
  73   92     -1.029     -0.713      0.000 4
  72   93     -1.028     -0.276      0.000 4
  74   94     -1.016     -0.845      0.000 4
  75   95     -1.014      0.389      0.000 4
  76   98     -0.998      0.470      0.000 4
  78   97     -0.992     -1.095      0.000 4
  77   99     -0.990      1.012      0.000 4
  81  100     -0.979      0.898      0.000 4
  79  101     -0.979     -0.157      0.000 4
  -1  103     -0.977      0.571      0.000 4
  -1   87     -0.976     -0.652      0.000 4
  87  102     -0.967     -0.985      0.000 4
  82  104     -0.964      0.381      0.000 4
  83   -2     -0.963      1.042      0.000 4
  84  105     -0.961     -0.426      0.000 4
  85  106     -0.958      0.183      0.000 4
  86  107     -0.954     -0.216      0.000 4
  88  108     -0.948     -0.177      0.000 4
  90  109     -0.944     -0.926      0.000 4
  89   -2     -0.937      0.776      0.000 4
  91  111     -0.921      0.335      0.000 4
  -1  113     -0.910      0.434      0.000 4
  92   -2     -0.910      1.075      0.000 4
  93  112     -0.908     -0.763      0.000 4
  -1   -2     -0.904     -1.167      0.000 4
  94  114     -0.901     -1.082      0.000 4
  96  115     -0.878      0.898      0.000 4
  95  120     -0.874     -1.166      0.000 4
  97  116     -0.873      0.566      0.000 4
  98  118     -0.856      0.304      0.000 4
  99  117     -0.850     -0.740      0.000 4
  -1  119     -0.846     -0.090      0.000 4
  -1  125     -0.837     -0.934      0.000 4
 100  121     -0.834      0.692      0.000 4
 101  122     -0.834     -0.611      0.000 4
 102  123     -0.832     -0.690      0.000 4
 103  124     -0.822      1.088      0.000 4
 106  126     -0.817      1.044      0.000 4
 107  127     -0.806     -0.443      0.000 4
  -1   -2     -0.804     -0.936      0.000 4
 108  128     -0.793     -0.139      0.000 4
 105   -2     -0.788     -1.160      0.000 4
 111  132     -0.783     -0.218      0.000 4
 113  133     -0.780      0.995      0.000 4
  -1  134     -0.777     -0.800      0.000 4
 115   -2     -0.768      0.816      0.000 4
 116  136     -0.767     -0.754      0.000 4
 117  139     -0.761     -0.011      0.000 4
 118  140     -0.757      0.890      0.000 4
 125   -2     -0.756     -0.247      0.000 4
  -1  138     -0.755     -0.931      0.000 4
  -1  137     -0.751      0.325      0.000 4
 124  142     -0.741     -1.011      0.000 4
 119  144     -0.740      0.259      0.000 4
 120  143     -0.739     -0.963      0.000 4
 121  145     -0.735      0.397      0.000 4
  -1   -2     -0.728     -0.032      0.000 4
 127  148     -0.717     -0.453      0.000 4
 126  131     -0.717      0.576      0.000 4
  -1   -2     -0.715     -0.929      0.000 4
 128  147     -0.714      0.987      0.000 4
 129  149     -0.706     -0.061      0.000 4
 130  151     -0.696      0.385      0.000 4
 131  152     -0.688      0.032      0.000 4
 135  154     -0.684     -1.114      0.000 4
 133  153     -0.678      1.073      0.000 4
  -1  156     -0.669      0.888      0.000 4
 136   -2     -0.668      1.021      0.000 4
 137  159     -0.659     -0.157      0.000 4
 139  160     -0.659     -0.570      0.000 4
 134  155     -0.656     -1.172      0.000 4
 140  158     -0.655     -1.083      0.000 4
 138  161     -0.654      0.141      0.000 4
 141  162     -0.648      0.742      0.000 4
  -1  163     -0.638      1.129      0.000 4
 143  166     -0.630     -0.111      0.000 4
 144  165     -0.629     -1.011      0.000 4
 114  194     -0.607     -0.779      0.000 4
 147  170     -0.585      0.908      0.000 4
 149  169     -0.582     -1.122      0.000 4
 150  171     -0.569     -0.309      0.000 4
 151  172     -0.568     -0.944      0.000 4
 152  173     -0.567     -0.792      0.000 4
 154  174     -0.563     -0.532      0.000 4
 156  175     -0.550      1.076      0.000 4
  -1   -2     -0.533      0.646      0.000 4
 159  178     -0.519      0.040      0.000 4
 160  181     -0.509      0.360      0.000 4
 161  180     -0.508     -0.533      0.000 4
  -1  179     -0.508      0.831      0.000 4
  -1  182     -0.499     -1.165      0.000 4
 162  183     -0.492      0.696      0.000 4
 163  184     -0.491      0.495      0.000 4
 165  185     -0.486     -0.252      0.000 4
  -1  187     -0.480      0.274      0.000 4
 166  188     -0.472      1.000      0.000 4
 168  189     -0.457     -0.703      0.000 4
 169  192     -0.439      0.076      0.000 4
  -1  190     -0.439     -1.082      0.000 4
 171  191     -0.438     -0.979      0.000 4
 170  193     -0.436      0.190      0.000 4
 172   -2     -0.431     -0.802      0.000 4
 173  195     -0.421     -0.058      0.000 4
 174  196     -0.413     -0.872      0.000 4
 175  197     -0.406     -0.144      0.000 4
 176  198     -0.401     -0.310      0.000 4
  -1   -2     -0.391      0.123      0.000 4
 177  199     -0.385      0.463      0.000 4
  -1  200     -0.382     -0.025      0.000 4
  -1   -2     -0.379     -1.170      0.000 4
 182  203     -0.378      1.106      0.000 4
 178  201     -0.377     -0.995      0.000 4
 179  205     -0.370     -0.545      0.000 4
 180  204     -0.368     -0.637      0.000 4
 181  202     -0.367      0.776      0.000 4
 183  209     -0.365      0.663      0.000 4
 187  206     -0.355     -0.704      0.000 4
 184   -2     -0.355      0.539      0.000 4
 185  207     -0.349      1.032      0.000 4
 186  208     -0.345      0.335      0.000 4
 188  210     -0.342     -0.202      0.000 4
 189  212     -0.328      0.914      0.000 4
  -1   -2     -0.326      0.707      0.000 4
 190  213     -0.322     -0.290      0.000 4
  -1  214     -0.307     -0.458      0.000 4
 191  215     -0.300     -0.974      0.000 4
 192  217     -0.291     -0.615      0.000 4
 193  216     -0.290     -1.028      0.000 4
 195  218     -0.279     -0.797      0.000 4
 194  219     -0.278      0.840      0.000 4
 196  220     -0.271     -1.115      0.000 4
  -1   -2     -0.270      0.563      0.000 4
 197  221     -0.269     -1.171      0.000 4
 198  222     -0.259      0.320      0.000 4
  -1   -2     -0.237      0.514      0.000 4
 201  225     -0.234     -0.917      0.000 4
 204  226     -0.228     -0.215      0.000 4
 205  228     -0.222     -0.723      0.000 4
 202   -2     -0.221      0.793      0.000 4
 200  234     -0.220      0.438      0.000 4
 208  230     -0.214     -0.437      0.000 4
 210  231     -0.188      0.122      0.000 4
 212  223     -0.187      0.565      0.000 4
 211  232     -0.184      0.754      0.000 4
  -1   -2     -0.148     -0.550      0.000 4
 213  233     -0.145      0.002      0.000 4
 215  236     -0.140     -0.829      0.000 4
 217  237     -0.137     -0.148      0.000 4
 218  238     -0.131     -1.077      0.000 4
 220  241     -0.119     -0.713      0.000 4
 223  242     -0.105     -1.158      0.000 4
 221  244     -0.101      0.512      0.000 4
 222  243     -0.099     -0.216      0.000 4
  -1  245     -0.095     -0.886      0.000 4
 224  247     -0.091      0.661      0.000 4
 226  249     -0.079     -0.104      0.000 4
 227  251     -0.072      0.345      0.000 4
 230  254     -0.052      0.233      0.000 4
 232  255     -0.048     -0.188      0.000 4
  -1  256     -0.043     -0.329      0.000 4
 233   -2     -0.036     -0.367      0.000 4
 234  257     -0.035      0.369      0.000 4
 235  258     -0.033      0.626      0.000 4
 238  261     -0.003      0.119      0.000 4
 240  262      0.001      0.791      0.000 4
 239  270      0.008     -1.159      0.000 4
 242  265      0.011      1.037      0.000 4
  -1   -2      0.022     -0.161      0.000 4
  -1   -2      0.023     -1.110      0.000 4
 244  268      0.024      0.327      0.000 4
  -1  269      0.038      0.388      0.000 4
 246  271      0.044      0.032      0.000 4
 245  273      0.045      0.612      0.000 4
  -1   -2      0.050     -0.970      0.000 4
 247  274      0.059      0.351      0.000 4
 248  276      0.061      0.961      0.000 4
 249  277      0.064      0.696      0.000 4
 250   -2      0.069      0.843      0.000 4
 252  279      0.077     -0.978      0.000 4
  -1  280      0.088     -1.032      0.000 4
 254  281      0.098     -0.770      0.000 4
 255  282      0.103      0.148      0.000 4
 256  284      0.110      0.477      0.000 4
 257  285      0.114      0.101      0.000 4
  -1   -2      0.119      0.531      0.000 4
 259  286      0.133      0.902      0.000 4
 262  287      0.146      1.104      0.000 4
 261  288      0.148      0.200      0.000 4
  -1   -2      0.151      0.027      0.000 4
 263  290      0.152     -0.527      0.000 4
 264  289      0.153     -0.647      0.000 4
 266  292      0.172     -0.115      0.000 4
 267  291      0.174     -0.293      0.000 4
 268  294      0.175      0.383      0.000 4
 269  293      0.186     -0.750      0.000 4
  -1  295      0.202     -1.165      0.000 4
 272  296      0.206      0.591      0.000 4
 284   -2      0.208      1.104      0.000 4
 273  297      0.210      0.014      0.000 4
 274  298      0.213     -1.070      0.000 4
 276  301      0.226     -0.937      0.000 4
 278  300      0.234     -0.177      0.000 4
 279  303      0.248      0.129      0.000 4
 280  302      0.250      1.016      0.000 4
 281  304      0.253     -0.696      0.000 4
 282  305      0.256     -0.411      0.000 4
  -1   -2      0.257     -0.954      0.000 4
  -1   -2      0.262      0.766      0.000 4
 283  306      0.265      0.251      0.000 4
  -1   -2      0.275     -0.898      0.000 4
  -1  307      0.278      0.480      0.000 4
 285  308      0.280      0.130      0.000 4
  -1  310      0.285      0.617      0.000 4
 288  314      0.305      0.045      0.000 4
  -1  315      0.311     -0.225      0.000 4
 290  316      0.311     -1.172      0.000 4
 292  319      0.328     -0.639      0.000 4
 291   -2      0.344      1.120      0.000 4
  -1   -2      0.345     -0.443      0.000 4
  -1   -2      0.349     -0.319      0.000 4
 293  323      0.357      0.048      0.000 4
 295  324      0.363      0.244      0.000 4
 294  325      0.364      0.308      0.000 4
 296  327      0.371     -0.855      0.000 4
 298  328      0.376      0.171      0.000 4
 297  326      0.379     -0.446      0.000 4
 299  330      0.389     -0.497      0.000 4
  -1  331      0.389     -1.023      0.000 4
 302  333      0.406     -0.011      0.000 4
 304  335      0.416     -0.711      0.000 4
 305  336      0.417     -0.931      0.000 4
 307  338      0.433     -0.640      0.000 4
  -1  340      0.434      1.155      0.000 4
  -1   -2      0.438      0.217      0.000 4
 309  342      0.439      0.331      0.000 4
  -1   -2      0.442      1.044      0.000 4
 303  349      0.444      0.778      0.000 4
 310  344      0.445     -0.463      0.000 4
 311  345      0.446     -0.837      0.000 4
 318  346      0.455     -1.157      0.000 4
 312  347      0.457     -0.041      0.000 4
 315  348      0.477      0.949      0.000 4
 314  350      0.481      0.453      0.000 4
 317  351      0.484     -0.833      0.000 4
 322  352      0.492     -0.659      0.000 4
 319   -2      0.494      0.330      0.000 4
 323  355      0.534     -0.049      0.000 4
 324  356      0.534     -0.600      0.000 4
 325  354      0.535      0.886      0.000 4
 326  357      0.542     -0.955      0.000 4
  -1  360      0.547     -0.464      0.000 4
 327  361      0.548      0.950      0.000 4
 330  359      0.550      0.573      0.000 4
 329   -2      0.553      0.159      0.000 4
 333  362      0.563      0.347      0.000 4
 328   -2      0.564     -0.275      0.000 4
 332  363      0.564      1.082      0.000 4
 334  365      0.577      0.852      0.000 4
 335  367      0.591     -0.771      0.000 4
 336  366      0.594      0.515      0.000 4
 339  368      0.608     -1.023      0.000 4
 338  370      0.615     -0.702      0.000 4
 340  371      0.623     -0.862      0.000 4
 342  372      0.625      0.893      0.000 4
 341  373      0.625      0.979      0.000 4
 343  374      0.632     -0.493      0.000 4
 344  375      0.642     -1.166      0.000 4
  -1   -2      0.643     -0.003      0.000 4
 345  376      0.673      0.271      0.000 4
  -1   -2      0.675     -0.516      0.000 4
  -1  377      0.678     -0.068      0.000 4
 347  378      0.683     -0.387      0.000 4
 346   -2      0.686      0.310      0.000 4
 349  380      0.694     -0.879      0.000 4
  -1  381      0.701     -0.714      0.000 4
 351  384      0.714      0.409      0.000 4
 350  383      0.715      0.356      0.000 4
 353  386      0.729      0.668      0.000 4
 352  385      0.730     -0.901      0.000 4
  -1   -2      0.733     -0.798      0.000 4
 354  388      0.736     -0.077      0.000 4
 355  389      0.738     -0.210      0.000 4
 356  390      0.741     -0.654      0.000 4
  -1  392      0.769      1.057      0.000 4
 357  393      0.770      0.947      0.000 4
 358  394      0.775     -0.038      0.000 4
 359  396      0.779     -0.826      0.000 4
 360  395      0.779      0.102      0.000 4
 361  397      0.785     -1.036      0.000 4
 362  398      0.805      0.924      0.000 4
 367  399      0.812      0.172      0.000 4
 363  400      0.819     -1.138      0.000 4
 365  401      0.823     -0.883      0.000 4
 368  403      0.826     -0.153      0.000 4
 369  406      0.830      0.441      0.000 4
 371  407      0.837      0.675      0.000 4
 370  409      0.839     -0.803      0.000 4
 377  404      0.844     -0.275      0.000 4
 372  410      0.845      0.728      0.000 4
  -1   -2      0.847      0.787      0.000 4
 374  411      0.852     -1.072      0.000 4
 375   -2      0.855     -0.848      0.000 4
 378  415      0.862     -0.456      0.000 4
 379  416      0.865      0.245      0.000 4
 380  414      0.874      1.103      0.000 4
 384  421      0.890     -0.220      0.000 4
  -1  417      0.892      0.825      0.000 4
 383  418      0.893     -0.543      0.000 4
 382  420      0.894      1.130      0.000 4
  -1   -2      0.897     -0.876      0.000 4
 387  419      0.898      0.543      0.000 4
 386  422      0.901     -1.006      0.000 4
  -1  412      0.902     -1.134      0.000 4
 388  424      0.904     -0.942      0.000 4
  -1  423      0.904     -0.800      0.000 4
 390  425      0.907     -0.154      0.000 4
 391   -2      0.909     -0.253      0.000 4
 392   -2      0.910      0.466      0.000 4
 381   -2      0.912      0.593      0.000 4
 394  428      0.931     -1.001      0.000 4
 395  429      0.934     -0.699      0.000 4
 393  427      0.936     -0.865      0.000 4
  -1   -2      0.939     -1.077      0.000 4
 398  432      0.950     -0.032      0.000 4
 397  426      0.951      0.364      0.000 4
 389   -2      0.953     -0.732      0.000 4
 399  434      0.954     -0.234      0.000 4
  -1  435      0.964      0.779      0.000 4
  -1   -2      0.974     -0.765      0.000 4
 400  436      0.977      0.696      0.000 4
 402  438      0.981     -1.114      0.000 4
 401  437      0.981     -0.074      0.000 4
 404  439      0.988      0.002      0.000 4
 403  440      0.988     -0.326      0.000 4
 405  441      0.991     -0.586      0.000 4
  -1   -2      0.992     -0.441      0.000 4
  -1   -2      0.998      0.077      0.000 4
 406  442      1.011      0.268      0.000 4
 407  445      1.012      0.604      0.000 4
 408  447      1.021      0.846      0.000 4
 409  448      1.023      0.107      0.000 4
 410  449      1.035     -0.679      0.000 4
 411   -2      1.044      0.981      0.000 4
  -1  459      1.061      0.365      0.000 4
 413   -2      1.070     -1.168      0.000 4
 412  450      1.071     -0.630      0.000 4
  -1   -2      1.076     -0.342      0.000 4
 415  451      1.096     -0.557      0.000 4
 416  452      1.102      1.034      0.000 4
 417  453      1.112     -0.952      0.000 4
 420  454      1.128     -0.533      0.000 4
 421  456      1.137     -0.752      0.000 4
 422  455      1.139      0.878      0.000 4
 423  457      1.144     -0.836      0.000 4
 425  462      1.161     -1.052      0.000 4
 426  463      1.166      0.557      0.000 4
 427  464      1.171     -0.342      0.000 4
 428   -2      1.184     -0.274      0.000 4
 429  466      1.186     -0.466      0.000 4
 430  465      1.190      0.392      0.000 4
  -1   -2      1.195      0.440      0.000 4
 431   -2      1.199     -1.144      0.000 4
 432   -2      1.202      0.021      0.000 4
 433   -2      1.213     -0.532      0.000 4
 434  467      1.217      0.987      0.000 4
  -1  468      1.230     -0.073      0.000 4
  -1   -2      1.236      0.834      0.000 4
 436   -2      1.243     -0.470      0.000 4
  -1   -2      1.244      0.917      0.000 4
 437  469      1.252      0.422      0.000 4
  -1   -2      1.255      1.060      0.000 4
 438  470      1.270     -0.441      0.000 4
 439  471      1.279      0.723      0.000 4
 440  474      1.293     -0.519      0.000 4
  -1   -2      1.301     -0.915      0.000 4
 442  475      1.308      0.174      0.000 4
 443  476      1.313      0.109      0.000 4
  -1   -2      1.338     -0.663      0.000 4
 445  477      1.342     -1.022      0.000 4
 447  478      1.350      0.499      0.000 4
 448  481      1.353     -0.200      0.000 4
 449  480      1.355      0.236      0.000 4
 444  479      1.355     -1.164      0.000 4
 450  482      1.357      1.069      0.000 4
 451  483      1.359     -0.295      0.000 4
 452  484      1.364     -0.876      0.000 4
 454   -2      1.382     -0.349      0.000 4
 453  485      1.382     -0.408      0.000 4
 455  486      1.383     -0.932      0.000 4
 456  487      1.390      0.556      0.000 4
 458   -2      1.400     -0.144      0.000 4
 459  490      1.407     -0.880      0.000 4
  -1  488      1.411     -0.320      0.000 4
 462  492      1.418      0.267      0.000 4
 457  491      1.420     -1.160      0.000 4
 463  493      1.427      0.784      0.000 4
 464   -2      1.444      1.017      0.000 4
  -1  494      1.445     -0.390      0.000 4
 465  496      1.450     -0.995      0.000 4
 468  497      1.459     -0.029      0.000 4
 467  495      1.461     -1.108      0.000 4
 469  498      1.463      0.408      0.000 4
 472  499      1.467     -0.160      0.000 4
 470  500      1.467     -0.679      0.000 4
 473  501      1.478     -0.199      0.000 4
 474  502      1.479      0.086      0.000 4
 477  503      1.498      0.665      0.000 4
 478  504      1.501      0.547      0.000 4
 479  505      1.512      1.039      0.000 4
 480  506      1.517      0.359      0.000 4
  -1   -2      1.521     -1.133      0.000 4
 481  507      1.531     -0.542      0.000 4
 482  508      1.534      0.744      0.000 4
 484  511      1.545     -0.962      0.000 4
 483  510      1.545     -0.845      0.000 4
 486  513      1.550      0.425      0.000 4
 485  514      1.550      1.080      0.000 4
 487  515      1.552     -0.736      0.000 4
