526
   1    1     -1.560     -0.419      0.000 4
   4    0     -1.557     -0.947      0.000 4
   2   -2     -1.555      0.830      0.000 4
   3    2     -1.548      0.436      0.000 4
  -1    3     -1.542      0.151      0.000 4
   5    7     -1.521      0.359      0.000 4
  -1   -2     -1.510      0.666      0.000 4
   8   10     -1.506     -0.478      0.000 4
   7   11     -1.504      0.059      0.000 4
   9    9     -1.501      1.046      0.000 4
  12   13     -1.483      0.871      0.000 4
  -1   -2     -1.477     -0.915      0.000 4
  -1   -2     -1.475     -1.125      0.000 4
  13   17     -1.467     -0.033      0.000 4
  14   14     -1.467     -0.516      0.000 4
  15   16     -1.467      0.788      0.000 4
  17   15     -1.464     -0.771      0.000 4
  -1   -2     -1.462     -1.060      0.000 4
  16   19     -1.460      0.197      0.000 4
  18   18     -1.459      0.019      0.000 4
  24    4     -1.458      0.747      0.000 4
  -1   -2     -1.456      0.921      0.000 4
  11   38     -1.424     -0.300      0.000 4
  -1   -2     -1.417     -0.874      0.000 4
  20   26     -1.415      0.475      0.000 4
  -1   25     -1.415      1.012      0.000 4
  10   -2     -1.409     -0.672      0.000 4
  -1   28     -1.408     -0.829      0.000 4
  22   29     -1.406      0.670      0.000 4
  23   27     -1.405     -0.042      0.000 4
  25   32     -1.394     -0.442      0.000 4
  26   -2     -1.384      0.271      0.000 4
  29   33     -1.376      0.784      0.000 4
  -1   34     -1.374      0.610      0.000 4
  30   36     -1.359     -0.171      0.000 4
  32   -2     -1.347     -0.543      0.000 4
  -1   -2     -1.346     -1.012      0.000 4
  33   37     -1.336      1.070      0.000 4
  35   40     -1.315     -1.047      0.000 4
  36   41     -1.308     -0.640      0.000 4
  37   42     -1.299      0.463      0.000 4
  38   43     -1.293     -0.751      0.000 4
  40   46     -1.273      0.728      0.000 4
  41   49     -1.273     -0.966      0.000 4
  42   47     -1.270     -0.135      0.000 4
  43   48     -1.262      0.826      0.000 4
  45   52     -1.260     -0.422      0.000 4
  44   -2     -1.260     -0.080      0.000 4
  -1   51     -1.258     -1.145      0.000 4
  46   50     -1.256      0.942      0.000 4
  47   53     -1.245      0.451      0.000 4
  48   54     -1.236      1.112      0.000 4
  49   55     -1.232     -0.754      0.000 4
  50   56     -1.225      0.734      0.000 4
  52   57     -1.216     -0.336      0.000 4
  -1   61     -1.213      0.203      0.000 4
  -1   58     -1.213     -1.119      0.000 4
  55   -2     -1.212     -0.963      0.000 4
  54   59     -1.211     -0.441      0.000 4
  53   60     -1.211      0.535      0.000 4
  51   64     -1.208     -1.150      0.000 4
  -1   62     -1.204     -0.193      0.000 4
  56   63     -1.200      0.434      0.000 4
  59   66     -1.178      0.598      0.000 4
  60   67     -1.172      0.371      0.000 4
  58   -2     -1.172     -0.211      0.000 4
  62   -2     -1.171     -0.553      0.000 4
  -1   -2     -1.171     -0.503      0.000 4
  61   68     -1.170     -0.255      0.000 4
  63   69     -1.162      0.635      0.000 4
  65   70     -1.157      1.097      0.000 4
  66   72     -1.150     -0.945      0.000 4
  -1   74     -1.149      0.481      0.000 4
  67   73     -1.142     -0.983      0.000 4
  68   75     -1.134      0.876      0.000 4
  69   77     -1.119      0.329      0.000 4
  70   78     -1.112     -0.482      0.000 4
  71   79     -1.106      1.132      0.000 4
  72   80     -1.098     -0.099      0.000 4
  -1   -2     -1.076     -1.106      0.000 4
  73   82     -1.072      0.606      0.000 4
  75   81     -1.069     -1.113      0.000 4
  74   83     -1.067     -0.806      0.000 4
  -1   -2     -1.053      0.822      0.000 4
  80   85     -1.044     -1.168      0.000 4
  -1   -2     -1.043     -0.378      0.000 4
  76   87     -1.043     -0.144      0.000 4
  77   86     -1.039      0.969      0.000 4
  -1   -2     -1.030      0.343      0.000 4
  78   88     -1.027     -0.016      0.000 4
  -1   -2     -1.026     -0.050      0.000 4
  79   89     -1.018     -0.227      0.000 4
  82   90     -1.015     -0.846      0.000 4
  84   92     -1.010     -0.943      0.000 4
  85   91     -1.002      0.458      0.000 4
  86   94     -1.001      1.082      0.000 4
  87   97     -0.995      0.714      0.000 4
  81   96     -0.994      0.301      0.000 4
  83   95     -0.992      0.317      0.000 4
  88   98     -0.991      0.410      0.000 4
  -1   -2     -0.979     -0.777      0.000 4
  -1   99     -0.972     -0.460      0.000 4
  89  100     -0.967     -0.056      0.000 4
  92  102     -0.960     -0.817      0.000 4
  90  101     -0.960      0.040      0.000 4
  -1  105     -0.957      0.793      0.000 4
  93  104     -0.937     -0.639      0.000 4
  94   -2     -0.936      0.746      0.000 4
  95  106     -0.931      0.141      0.000 4
  97  107     -0.916     -1.003      0.000 4
  98  111     -0.909     -0.145      0.000 4
  99  108     -0.908     -0.722      0.000 4
 100  109     -0.907     -0.775      0.000 4
  96  110     -0.905      1.116      0.000 4
 103  112     -0.891     -1.164      0.000 4
 104  113     -0.889     -0.447      0.000 4
 106  114     -0.886      0.815      0.000 4
 105  115     -0.882     -0.096      0.000 4
  -1   -2     -0.874     -0.343      0.000 4
 108  117     -0.849      0.878      0.000 4
 109  118     -0.839      1.050      0.000 4
 111  120     -0.827      0.986      0.000 4
 110  119     -0.827     -0.764      0.000 4
 112  121     -0.822      1.095      0.000 4
  -1   -2     -0.821     -0.812      0.000 4
 113  122     -0.805     -0.940      0.000 4
 114  130     -0.802      0.278      0.000 4
 115  124     -0.796     -0.538      0.000 4
 116  125     -0.794     -0.285      0.000 4
  -1   -2     -0.791      0.511      0.000 4
  -1  123     -0.790      0.697      0.000 4
 118  127     -0.776      0.050      0.000 4
 120  126     -0.772      0.956      0.000 4
 121  128     -0.763     -0.252      0.000 4
 122  129     -0.758     -0.672      0.000 4
 123  131     -0.755     -0.936      0.000 4
 124   -2     -0.753      0.328      0.000 4
 126  133     -0.740     -0.402      0.000 4
 128  132     -0.735      0.251      0.000 4
  -1   -2     -0.723     -1.081      0.000 4
 130   -2     -0.717      0.971      0.000 4
 129   -2     -0.716     -0.474      0.000 4
 131  135     -0.713     -0.204      0.000 4
 132  134     -0.712     -1.012      0.000 4
 133  137     -0.707      0.439      0.000 4
 134  136     -0.706      1.023      0.000 4
  -1  138     -0.692      0.496      0.000 4
 135  140     -0.689      0.080      0.000 4
 138  142     -0.683      0.832      0.000 4
 137  143     -0.682      0.175      0.000 4
 139  144     -0.679     -0.731      0.000 4
 141  146     -0.665     -0.463      0.000 4
 142  145     -0.664     -0.259      0.000 4
 143  147     -0.658      0.614      0.000 4
 144  148     -0.657     -0.032      0.000 4
  -1  150     -0.643      1.016      0.000 4
 145  151     -0.641      1.090      0.000 4
 146  152     -0.639     -0.726      0.000 4
 148  154     -0.633     -0.104      0.000 4
  -1   -2     -0.631     -1.118      0.000 4
 149  155     -0.630      0.640      0.000 4
 136  164     -0.627     -1.169      0.000 4
  -1   -2     -0.626      0.119      0.000 4
 155  156     -0.619     -0.968      0.000 4
 151  157     -0.611     -1.046      0.000 4
 152  158     -0.602     -0.239      0.000 4
 153  159     -0.592      0.399      0.000 4
 157  160     -0.589      0.976      0.000 4
 158  163     -0.564      0.287      0.000 4
  -1  161     -0.562     -0.928      0.000 4
 159  162     -0.560     -0.603      0.000 4
 161  166     -0.546     -0.143      0.000 4
 162  168     -0.541      0.448      0.000 4
 154  167     -0.541      0.875      0.000 4
 164  170     -0.529      1.090      0.000 4
 160  177     -0.524     -1.169      0.000 4
 166  171     -0.517      0.549      0.000 4
  -1  172     -0.516     -0.437      0.000 4
 165  173     -0.513     -0.199      0.000 4
 167  174     -0.511      0.652      0.000 4
  -1   -2     -0.509     -0.164      0.000 4
  -1  176     -0.494     -0.516      0.000 4
  -1   -2     -0.492      0.100      0.000 4
  -1  183     -0.492     -0.628      0.000 4
 171  178     -0.480      0.626      0.000 4
 175  169     -0.477     -1.132      0.000 4
 173  179     -0.472     -0.742      0.000 4
 176  180     -0.459     -0.851      0.000 4
 174  181     -0.449     -0.564      0.000 4
 177  182     -0.441      0.259      0.000 4
  -1   -2     -0.434     -0.953      0.000 4
 179  184     -0.423      1.085      0.000 4
 180  186     -0.418      0.745      0.000 4
 181  187     -0.415     -0.470      0.000 4
 183  188     -0.412      0.921      0.000 4
 182  189     -0.411     -0.141      0.000 4
 184  190     -0.403      0.849      0.000 4
  -1   -2     -0.401      0.409      0.000 4
 186  191     -0.399     -0.841      0.000 4
 187  193     -0.386      0.347      0.000 4
 188  192     -0.385      0.668      0.000 4
  -1   -2     -0.365      0.111      0.000 4
 190  195     -0.357     -0.309      0.000 4
 191  196     -0.352     -1.081      0.000 4
 192  207     -0.345     -0.705      0.000 4
 194  197     -0.336      0.648      0.000 4
 193  198     -0.334      1.098      0.000 4
 195  199     -0.333     -0.789      0.000 4
  -1  200     -0.326      0.614      0.000 4
 196  201     -0.314     -0.543      0.000 4
  -1   -2     -0.312      0.438      0.000 4
 198  202     -0.309     -0.835      0.000 4
 199  203     -0.304      0.030      0.000 4
 197   -2     -0.301      0.317      0.000 4
 200  211     -0.289     -1.170      0.000 4
 201  204     -0.286      0.574      0.000 4
 202  206     -0.285      0.074      0.000 4
 203   -2     -0.278     -0.712      0.000 4
 204  208     -0.272      0.833      0.000 4
 205  209     -0.266     -0.911      0.000 4
  -1  210     -0.255     -1.128      0.000 4
 207  213     -0.246     -1.026      0.000 4
  -1  214     -0.240      0.879      0.000 4
  -1   -2     -0.237     -0.981      0.000 4
  -1  216     -0.227     -0.129      0.000 4
 208  217     -0.222     -1.095      0.000 4
 210  219     -0.215      0.386      0.000 4
 209  218     -0.214      0.311      0.000 4
 211  220     -0.205     -0.044      0.000 4
 212  222     -0.198     -0.502      0.000 4
 214  225     -0.187      0.266      0.000 4
 217  223     -0.186     -1.016      0.000 4
 215  224     -0.186     -0.232      0.000 4
 216   -2     -0.181      0.493      0.000 4
 218  226     -0.176      1.075      0.000 4
 220  227     -0.167      0.190      0.000 4
  -1  229     -0.147     -0.073      0.000 4
  -1   -2     -0.143     -0.709      0.000 4
 221  230     -0.143     -0.827      0.000 4
 222  233     -0.142     -1.119      0.000 4
 223  231     -0.141     -0.201      0.000 4
 224  232     -0.137     -0.634      0.000 4
 226  235     -0.133     -0.230      0.000 4
 225  234     -0.133      0.280      0.000 4
 228  236     -0.130     -0.475      0.000 4
 227  238     -0.130      0.734      0.000 4
  -1   -2     -0.129      0.994      0.000 4
  -1  237     -0.129      0.544      0.000 4
 229  239     -0.120      1.079      0.000 4
  -1   -2     -0.113      0.016      0.000 4
 230  241     -0.108      0.456      0.000 4
 232  242     -0.092      0.919      0.000 4
  -1  245     -0.091     -0.648      0.000 4
 234  244     -0.086     -0.888      0.000 4
 233  246     -0.082     -0.295      0.000 4
 235  243     -0.081     -1.155      0.000 4
  -1   -2     -0.071      0.748      0.000 4
 236  247     -0.069      1.028      0.000 4
 237   -2     -0.060     -0.337      0.000 4
 239  248     -0.051      0.248      0.000 4
  -1   -2     -0.048     -0.679      0.000 4
 240  249     -0.043      0.434      0.000 4
 241  250     -0.031      0.052      0.000 4
 243  251     -0.028      0.973      0.000 4
 238  270     -0.011     -0.147      0.000 4
 247  254     -0.003      0.273      0.000 4
 244  255     -0.001      0.765      0.000 4
 245  257      0.002      0.445      0.000 4
 246  256      0.002      0.116      0.000 4
 248   -2      0.006     -0.026      0.000 4
 249  258      0.014     -0.995      0.000 4
  -1   -2      0.018     -1.118      0.000 4
  -1   -2      0.024     -0.699      0.000 4
 251  259      0.043      0.502      0.000 4
 253  261      0.054      0.305      0.000 4
 252  260      0.056      0.699      0.000 4
 254  262      0.059     -0.855      0.000 4
 256  263      0.062     -0.703      0.000 4
 257  264      0.063      0.131      0.000 4
  -1   -2      0.065     -1.091      0.000 4
  -1  265      0.068     -0.362      0.000 4
 258  267      0.073     -0.016      0.000 4
 259   -2      0.076     -0.524      0.000 4
 261  268      0.080     -0.663      0.000 4
 260  266      0.087      0.090      0.000 4
 262  269      0.088      0.349      0.000 4
 263  271      0.105      0.966      0.000 4
 264  272      0.105      0.314      0.000 4
 265  273      0.107     -1.091      0.000 4
 266  274      0.110     -1.165      0.000 4
 267  275      0.119     -0.137      0.000 4
 270  278      0.141     -0.959      0.000 4
 271  277      0.142      0.655      0.000 4
 272   -2      0.150     -0.171      0.000 4
 273  279      0.150      0.519      0.000 4
 269  292      0.164      0.816      0.000 4
 276  282      0.174      0.286      0.000 4
 277  280      0.185     -0.509      0.000 4
 278  283      0.188     -0.975      0.000 4
 279  284      0.197     -0.320      0.000 4
 280  285      0.213     -0.794      0.000 4
  -1   -2      0.214     -1.093      0.000 4
 283  286      0.221      1.019      0.000 4
 282  288      0.222     -1.008      0.000 4
 284  287      0.223      0.042      0.000 4
  -1   -2      0.225     -0.407      0.000 4
 287  289      0.230     -0.675      0.000 4
 288  291      0.232      0.430      0.000 4
  -1  293      0.234     -0.309      0.000 4
  -1  294      0.245     -0.971      0.000 4
 302  295      0.249     -0.092      0.000 4
 291   -2      0.262     -0.695      0.000 4
 292  297      0.270     -0.486      0.000 4
 293  298      0.274     -0.261      0.000 4
 294  300      0.282      0.116      0.000 4
 295   -2      0.290     -0.639      0.000 4
 286   -2      0.293      0.750      0.000 4
 297  302      0.295      0.952      0.000 4
  -1   -2      0.298      1.103      0.000 4
 298  303      0.302      0.883      0.000 4
 300   -2      0.304     -1.161      0.000 4
 299  304      0.306     -0.809      0.000 4
 301  305      0.308      0.198      0.000 4
 303  307      0.320      0.139      0.000 4
 305  308      0.343     -0.230      0.000 4
 306   -2      0.351      0.457      0.000 4
 318  306      0.353     -1.156      0.000 4
  -1  309      0.356     -0.452      0.000 4
 304   -2      0.359     -0.128      0.000 4
 308  312      0.360     -0.992      0.000 4
 309  311      0.360      0.056      0.000 4
  -1  321      0.362      1.089      0.000 4
  -1   -2      0.362      0.548      0.000 4
 311  314      0.367      0.806      0.000 4
 312  316      0.375     -1.057      0.000 4
 327  313      0.390     -1.088      0.000 4
 313  318      0.396     -0.636      0.000 4
 315  319      0.398     -0.298      0.000 4
 316  322      0.416      0.907      0.000 4
 319  324      0.434      0.055      0.000 4
 321  325      0.437     -0.306      0.000 4
 320  326      0.437     -0.723      0.000 4
 322  327      0.445     -0.350      0.000 4
 323  332      0.446      0.736      0.000 4
 314   -2      0.448     -0.765      0.000 4
 324  328      0.456      0.234      0.000 4
 325  331      0.469      1.010      0.000 4
 326  330      0.469      0.136      0.000 4
  -1   -2      0.476      0.701      0.000 4
 328  333      0.476     -0.649      0.000 4
 317  335      0.480     -0.949      0.000 4
 329  336      0.488     -0.477      0.000 4
 330   -2      0.493     -0.441      0.000 4
  -1   -2      0.493      0.900      0.000 4
 332  337      0.505      0.010      0.000 4
 334  338      0.517     -0.335      0.000 4
 335  339      0.522     -0.659      0.000 4
 333   -2      0.538      0.583      0.000 4
 337  340      0.539      1.107      0.000 4
 339  342      0.549     -0.508      0.000 4
 341   -2      0.551      0.487      0.000 4
 342  343      0.556      0.249      0.000 4
 343  344      0.558     -0.783      0.000 4
 344  346      0.566      0.172      0.000 4
  -1   -2      0.567      0.051      0.000 4
 345  347      0.567     -0.275      0.000 4
  -1  345      0.568      0.725      0.000 4
 346  348      0.572     -0.019      0.000 4
 336   -2      0.572     -1.164      0.000 4
  -1  349      0.574     -0.834      0.000 4
  -1  341      0.576      0.537      0.000 4
 347  350      0.595      0.607      0.000 4
 348  351      0.596      0.250      0.000 4
 349  353      0.605     -0.477      0.000 4
 350  354      0.615     -0.880      0.000 4
  -1   -2      0.616      1.064      0.000 4
 351  356      0.623      1.106      0.000 4
 353  357      0.626     -1.034      0.000 4
 354  359      0.637      0.858      0.000 4
 355  360      0.644     -0.647      0.000 4
 356  361      0.649      0.739      0.000 4
  -1   -2      0.655     -0.070      0.000 4
 357  362      0.658     -0.743      0.000 4
  -1  363      0.673     -0.033      0.000 4
 358  364      0.677     -0.596      0.000 4
 359   -2      0.682     -0.945      0.000 4
 360   -2      0.687      1.006      0.000 4
 361  366      0.699      0.662      0.000 4
 362  365      0.701      0.419      0.000 4
 369  368      0.714      0.255      0.000 4
 363  369      0.715      0.066      0.000 4
 364   -2      0.719     -1.108      0.000 4
 365  370      0.728     -0.787      0.000 4
 367  371      0.728     -0.414      0.000 4
 366  373      0.729     -1.015      0.000 4
 368  372      0.731      0.782      0.000 4
 370  374      0.737      1.023      0.000 4
 372  375      0.746     -0.100      0.000 4
 373  376      0.747      0.707      0.000 4
 374  377      0.756     -0.587      0.000 4
  -1  379      0.759     -1.062      0.000 4
 376  378      0.763     -0.233      0.000 4
  -1  382      0.765     -0.640      0.000 4
 377  380      0.766      0.394      0.000 4
  -1   -2      0.774     -0.163      0.000 4
 379  383      0.777      0.923      0.000 4
  -1   -2      0.783      1.100      0.000 4
 380   -2      0.790      1.027      0.000 4
 381  385      0.790     -0.981      0.000 4
 383  386      0.806     -0.342      0.000 4
  -1  387      0.813      0.882      0.000 4
 384  389      0.814     -0.782      0.000 4
 386   -2      0.816     -0.013      0.000 4
 385  388      0.816     -0.601      0.000 4
 387  390      0.826     -1.104      0.000 4
 388  391      0.842     -1.043      0.000 4
 390   -2      0.851     -0.851      0.000 4
 393  393      0.872      0.244      0.000 4
 392  395      0.873      1.104      0.000 4
  -1  396      0.876     -0.776      0.000 4
 395   -2      0.884      0.794      0.000 4
 407  381      0.888     -1.158      0.000 4
  -1   -2      0.890      0.726      0.000 4
 401  397      0.912      0.541      0.000 4
 400  398      0.913     -0.088      0.000 4
 404   -2      0.919      0.323      0.000 4
 402   -2      0.919     -0.875      0.000 4
 405  400      0.922      0.279      0.000 4
 403   -2      0.922     -0.602      0.000 4
 406  402      0.929      0.789      0.000 4
 408  405      0.939      0.963      0.000 4
 409  406      0.944      1.074      0.000 4
 410  407      0.944     -0.811      0.000 4
 411  404      0.944      1.007      0.000 4
 412  401      0.960     -0.886      0.000 4
 413  409      0.963     -0.057      0.000 4
 414  410      0.978     -0.465      0.000 4
  -1   -2      0.986     -0.917      0.000 4
 415  411      0.986     -0.277      0.000 4
 416  413      0.987     -0.557      0.000 4
 417  412      0.990      0.064      0.000 4
  -1   -2      0.996     -0.667      0.000 4
  -1  416      1.013      0.959      0.000 4
 419  414      1.014      0.683      0.000 4
 420  419      1.023      0.627      0.000 4
 421  418      1.024      0.125      0.000 4
 422  420      1.027      0.576      0.000 4
 425   -2      1.041      0.081      0.000 4
 424   -2      1.042      0.453      0.000 4
 427  421      1.046     -0.349      0.000 4
 426  422      1.048      0.731      0.000 4
 428  423      1.051      0.369      0.000 4
  -1   -2      1.056     -0.938      0.000 4
 430  424      1.068     -0.284      0.000 4
 431  425      1.070     -0.637      0.000 4
 433  426      1.088     -0.187      0.000 4
 435  427      1.089      0.193      0.000 4
  -1   -2      1.103     -0.497      0.000 4
 436  429      1.107     -1.049      0.000 4
 437  430      1.115      0.477      0.000 4
  -1  432      1.128     -0.380      0.000 4
 440  434      1.132     -0.718      0.000 4
 442  433      1.134      0.412      0.000 4
 441  441      1.136      1.005      0.000 4
 443  437      1.139     -1.160      0.000 4
 444  435      1.140      0.935      0.000 4
 446  438      1.161     -0.949      0.000 4
 449   -2      1.163      0.634      0.000 4
 448  440      1.165      0.806      0.000 4
 447  442      1.170     -0.863      0.000 4
 462  415      1.173      1.013      0.000 4
  -1   -2      1.180      0.324      0.000 4
 451  443      1.188     -0.462      0.000 4
 452  444      1.189      0.690      0.000 4
 454  445      1.190     -0.049      0.000 4
 455  446      1.205     -0.636      0.000 4
 457   -2      1.211      0.223      0.000 4
  -1  447      1.219      1.109      0.000 4
  -1  439      1.224      0.562      0.000 4
  -1  448      1.238      0.166      0.000 4
 458  450      1.240      0.057      0.000 4
 461  451      1.269     -0.602      0.000 4
  -1  452      1.278     -0.329      0.000 4
 459   -2      1.280      0.990      0.000 4
 463  453      1.281     -0.678      0.000 4
 464  454      1.286     -0.463      0.000 4
 467   -2      1.292     -0.953      0.000 4
 465  455      1.299      1.026      0.000 4
 466  456      1.302     -1.090      0.000 4
 472  458      1.315     -0.621      0.000 4
 468  471      1.344     -1.155      0.000 4
 474  463      1.353      0.573      0.000 4
 473  464      1.355     -0.693      0.000 4
 475  457      1.356     -0.225      0.000 4
  -1  465      1.358     -0.598      0.000 4
 476  467      1.366      0.270      0.000 4
 477   -2      1.372     -1.078      0.000 4
  -1   -2      1.373      1.021      0.000 4
  -1  468      1.373     -0.861      0.000 4
 481  466      1.391     -0.166      0.000 4
 482  472      1.400      0.408      0.000 4
 484  473      1.408      0.466      0.000 4
 483  474      1.409      0.097      0.000 4
  -1   -2      1.415     -0.352      0.000 4
 485  470      1.415     -1.093      0.000 4
 487  462      1.432      0.801      0.000 4
 488  475      1.444      0.462      0.000 4
 490  476      1.451     -0.602      0.000 4
 491  477      1.451     -0.466      0.000 4
  -1   -2      1.452     -1.175      0.000 4
 493  478      1.458     -0.535      0.000 4
 495  479      1.463     -0.343      0.000 4
 511   -2      1.478      0.158      0.000 4
 497   -2      1.493     -1.082      0.000 4
 498  481      1.494     -0.916      0.000 4
 500  482      1.515      0.243      0.000 4
 501  483      1.528      0.587      0.000 4
 502  469      1.537      1.131      0.000 4
  -1   -2      1.545     -0.624      0.000 4
 506  486      1.552     -0.309      0.000 4
 507  487      1.554      0.936      0.000 4
 508  485      1.555      0.678      0.000 4
 509  488      1.561     -1.092      0.000 4
 510  489      1.563     -0.123      0.000 4
  -1   -2      1.572      1.003      0.000 4
 504   -2      1.572     -0.347      0.000 4
