502
  -1   -2     -1.572      0.764      0.000 4
   0    1     -1.564      0.497      0.000 4
   2    0     -1.563     -0.900      0.000 4
   1    2     -1.563      0.636      0.000 4
   3    3     -1.549      0.177      0.000 4
   5    5     -1.541     -0.381      0.000 4
   6    4     -1.541      0.784      0.000 4
   7    7     -1.521      0.410      0.000 4
   9   -2     -1.519      0.585      0.000 4
  -1   -2     -1.512     -0.707      0.000 4
  10    9     -1.493      0.338      0.000 4
   8   10     -1.489     -0.439      0.000 4
  -1   -2     -1.489     -1.167      0.000 4
  14   11     -1.478      0.063      0.000 4
  -1   12     -1.468      0.827      0.000 4
  15   13     -1.463     -0.726      0.000 4
  17   14     -1.456      1.144      0.000 4
  18   15     -1.450     -0.477      0.000 4
  19   16     -1.450      0.747      0.000 4
  20   17     -1.446      0.878      0.000 4
  21   19     -1.434      0.024      0.000 4
  22   20     -1.432     -0.023      0.000 4
  -1   -2     -1.431      0.646      0.000 4
  23   21     -1.426      0.190      0.000 4
  -1   24     -1.416     -0.821      0.000 4
  25   23     -1.413     -1.099      0.000 4
  -1   27     -1.401     -1.165      0.000 4
  27   26     -1.390      0.795      0.000 4
  28   28     -1.379      0.453      0.000 4
  29   29     -1.378      0.636      0.000 4
  30   30     -1.372     -0.409      0.000 4
  31   32     -1.362     -0.032      0.000 4
  32   31     -1.361     -0.770      0.000 4
  -1   -2     -1.359     -0.971      0.000 4
  33   33     -1.350      0.748      0.000 4
  -1   34     -1.344      0.582      0.000 4
  35   35     -1.333      1.030      0.000 4
  36   37     -1.329     -0.510      0.000 4
  37   36     -1.327     -1.007      0.000 4
  38   38     -1.323     -0.157      0.000 4
  -1   -2     -1.297     -0.538      0.000 4
  39   39     -1.295     -0.609      0.000 4
  41   40     -1.289     -0.717      0.000 4
  42   43     -1.286     -1.162      0.000 4
  43   42     -1.281     -0.933      0.000 4
  44   -2     -1.275     -1.105      0.000 4
  -1   -2     -1.271     -0.763      0.000 4
  46   -2     -1.260      0.043      0.000 4
  45   44     -1.258      0.447      0.000 4
  47   45     -1.251      0.698      0.000 4
  -1   -2     -1.246      0.696      0.000 4
  48   46     -1.243      0.918      0.000 4
  -1   47     -1.242      1.086      0.000 4
  49   48     -1.242      0.798      0.000 4
  -1   -2     -1.241      0.480      0.000 4
  51   49     -1.230     -0.397      0.000 4
  53   50     -1.227     -0.718      0.000 4
  52   52     -1.226     -0.125      0.000 4
  54   51     -1.224     -1.083      0.000 4
  55   53     -1.221     -0.925      0.000 4
  -1   56     -1.203     -0.476      0.000 4
  -1   -2     -1.201     -0.627      0.000 4
  57   58     -1.199      0.433      0.000 4
  58   57     -1.198      0.709      0.000 4
  60   60     -1.183     -0.416      0.000 4
  61   62     -1.180     -0.318      0.000 4
  62   61     -1.179     -0.990      0.000 4
  63   -2     -1.179      0.600      0.000 4
  65   64     -1.168      0.517      0.000 4
  64   63     -1.165     -1.161      0.000 4
  66   67     -1.163      0.204      0.000 4
  50   -2     -1.155      1.114      0.000 4
  69   69     -1.155      0.418      0.000 4
  -1   68     -1.155     -0.913      0.000 4
  -1   71     -1.153     -0.530      0.000 4
  70   70     -1.150     -0.952      0.000 4
  67   72     -1.146     -0.188      0.000 4
  73   74     -1.128      0.617      0.000 4
  71   73     -1.127     -0.241      0.000 4
  74   75     -1.122      0.362      0.000 4
  75   76     -1.115      0.855      0.000 4
  76   66     -1.111      1.107      0.000 4
  -1   -2     -1.097      0.457      0.000 4
  78   79     -1.082     -0.465      0.000 4
  79   81     -1.079     -1.093      0.000 4
  81   80     -1.063      0.321      0.000 4
  82   82     -1.056     -0.785      0.000 4
  86   77     -1.056     -1.159      0.000 4
  83   83     -1.046     -0.094      0.000 4
  84   85     -1.030      0.591      0.000 4
  85   87     -1.028      0.951      0.000 4
  87   -2     -1.016     -0.833      0.000 4
  88   88     -1.010     -0.917      0.000 4
  89   89     -1.001      1.069      0.000 4
  90   86     -0.995     -0.458      0.000 4
  91   90     -0.989     -0.138      0.000 4
  92   91     -0.981     -1.123      0.000 4
  93   94     -0.972     -0.016      0.000 4
  94   95     -0.971     -0.220      0.000 4
  95   96     -0.962      0.704      0.000 4
  97   92     -0.957      0.330      0.000 4
  98   97     -0.955      0.453      0.000 4
  -1   99     -0.950      0.265      0.000 4
 101   98     -0.940      0.921      0.000 4
 100   -2     -0.939     -0.452      0.000 4
  96  100     -0.935     -0.985      0.000 4
  -1  102     -0.925      1.156      0.000 4
 104  103     -0.916     -0.625      0.000 4
 112   -2     -0.915     -0.306      0.000 4
  -1  105     -0.912     -0.492      0.000 4
 107  104     -0.912      0.742      0.000 4
 105  106     -0.911     -0.053      0.000 4
  -1  107     -0.906      1.107      0.000 4
 102  112     -0.902      0.383      0.000 4
 108  109     -0.901      0.040      0.000 4
 110  110     -0.897     -0.765      0.000 4
 111  111     -0.892     -0.712      0.000 4
 113  108     -0.888     -1.165      0.000 4
 114  114     -0.870      0.141      0.000 4
 115  115     -0.860      0.810      0.000 4
 116  117     -0.853     -0.142      0.000 4
 117  118     -0.852     -0.442      0.000 4
 118  119     -0.834      1.049      0.000 4
 119  123     -0.830     -0.095      0.000 4
 120  121     -0.829      0.879      0.000 4
 121  122     -0.822      1.095      0.000 4
  -1   -2     -0.818      0.066      0.000 4
 123  124     -0.816      0.990      0.000 4
 124  125     -0.816     -0.755      0.000 4
 125  131     -0.815     -0.913      0.000 4
  -1   -2     -0.811     -0.805      0.000 4
  -1  127     -0.780      0.653      0.000 4
 128  130     -0.769     -1.127      0.000 4
 126  128     -0.765     -0.539      0.000 4
 127  129     -0.762      0.958      0.000 4
 129   -2     -0.754     -0.933      0.000 4
 130  133     -0.747     -0.287      0.000 4
  -1  132     -0.746      0.851      0.000 4
 132  135     -0.732     -0.674      0.000 4
  -1  136     -0.728     -0.545      0.000 4
 133  139     -0.718      0.050      0.000 4
 136  140     -0.715     -1.012      0.000 4
 135  141     -0.714     -0.256      0.000 4
 137  142     -0.700      0.332      0.000 4
 138  143     -0.696      1.032      0.000 4
 139  144     -0.693     -1.171      0.000 4
  -1   -2     -0.686      0.293      0.000 4
 140  146     -0.681     -0.479      0.000 4
  -1  147     -0.670      0.255      0.000 4
 142  150     -0.661     -0.211      0.000 4
 144  148     -0.661     -0.737      0.000 4
 145  149     -0.660      0.845      0.000 4
 146  152     -0.655     -0.883      0.000 4
 143  151     -0.655      1.152      0.000 4
 147  153     -0.649      0.449      0.000 4
 150  154     -0.640      1.106      0.000 4
 152  155     -0.634      1.029      0.000 4
 151  158     -0.632      0.081      0.000 4
 153  157     -0.630      0.175      0.000 4
 154  156     -0.627     -0.473      0.000 4
 155  159     -0.621     -0.736      0.000 4
 157  160     -0.617     -0.975      0.000 4
 156  161     -0.617     -1.053      0.000 4
 158  162     -0.614      0.638      0.000 4
 159  163     -0.604     -0.034      0.000 4
  -1  175     -0.582     -1.171      0.000 4
  -1  167     -0.579     -0.105      0.000 4
 161  166     -0.576      0.994      0.000 4
  -1   -2     -0.565      0.127      0.000 4
 162  168     -0.564     -0.940      0.000 4
 164  169     -0.556     -0.249      0.000 4
 165  170     -0.545      0.413      0.000 4
 160   -2     -0.539     -1.087      0.000 4
 166  172     -0.534     -0.618      0.000 4
 168  173     -0.526      1.114      0.000 4
 169  174     -0.524      0.897      0.000 4
 167   -2     -0.519     -1.159      0.000 4
 170  176     -0.515      0.297      0.000 4
 171  177     -0.502     -0.154      0.000 4
  -1  178     -0.495      0.464      0.000 4
  -1   -2     -0.491      0.820      0.000 4
  -1  179     -0.488     -0.706      0.000 4
 175  183     -0.477     -0.243      0.000 4
  -1  182     -0.473      0.984      0.000 4
 174  184     -0.465      0.667      0.000 4
 176  185     -0.465     -0.210      0.000 4
 177  186     -0.462     -0.535      0.000 4
 178   -2     -0.458     -1.108      0.000 4
 179  188     -0.455     -0.764      0.000 4
 180  189     -0.449     -0.874      0.000 4
 183  190     -0.431     -0.592      0.000 4
  -1  191     -0.428     -0.367      0.000 4
 184  192     -0.421      1.118      0.000 4
 194  187     -0.413     -1.122      0.000 4
 186  193     -0.411     -0.659      0.000 4
 187  196     -0.396      0.268      0.000 4
 189  195     -0.393      0.776      0.000 4
 193  198     -0.389      0.889      0.000 4
 191  197     -0.389     -0.870      0.000 4
 190  200     -0.388      0.470      0.000 4
 188  199     -0.387      0.958      0.000 4
 192  201     -0.385     -0.495      0.000 4
 195  202     -0.363     -0.151      0.000 4
 196  204     -0.357      0.699      0.000 4
  -1  205     -0.352     -0.399      0.000 4
 199   -2     -0.350     -1.082      0.000 4
 198  206     -0.345     -1.126      0.000 4
 200  207     -0.342      0.361      0.000 4
 201   -2     -0.336     -0.651      0.000 4
 202  208     -0.329      1.141      0.000 4
 203  209     -0.326     -0.739      0.000 4
 205  211     -0.322     -0.328      0.000 4
 206  212     -0.321     -0.824      0.000 4
 207  214     -0.308      0.682      0.000 4
 208  216     -0.300      0.648      0.000 4
 209  215     -0.299     -0.871      0.000 4
 197  230     -0.298     -0.457      0.000 4
 210  217     -0.288     -0.575      0.000 4
  -1   -2     -0.288     -1.167      0.000 4
 211  226     -0.279      0.022      0.000 4
  -1   -2     -0.279      0.462      0.000 4
  -1  219     -0.267     -0.747      0.000 4
 214  221     -0.261     -0.951      0.000 4
 213  222     -0.259      0.606      0.000 4
 216  224     -0.246      0.074      0.000 4
 218  225     -0.240     -1.076      0.000 4
 220  231     -0.229      0.925      0.000 4
 219  227     -0.225     -0.200      0.000 4
 223  228     -0.219      0.377      0.000 4
 225  229     -0.206     -0.140      0.000 4
 227  234     -0.186     -0.646      0.000 4
 228  232     -0.184      0.408      0.000 4
 229  235     -0.182     -1.061      0.000 4
 231  236     -0.177      1.124      0.000 4
 232  238     -0.172     -0.053      0.000 4
 230  237     -0.170     -0.542      0.000 4
 234  239     -0.158      0.523      0.000 4
 235  240     -0.157      0.281      0.000 4
 245   -2     -0.141     -1.123      0.000 4
 238  241     -0.135     -0.876      0.000 4
 237  242     -0.135      0.198      0.000 4
 233   -2     -0.132     -0.331      0.000 4
 239  243     -0.132     -0.113      0.000 4
 236  258     -0.123      0.731      0.000 4
 244  246     -0.119      1.138      0.000 4
 246  247     -0.110     -0.251      0.000 4
  -1  245     -0.109     -1.166      0.000 4
 249  248     -0.108     -0.512      0.000 4
 247  249     -0.107      0.296      0.000 4
 253  250     -0.093     -0.993      0.000 4
 251  251     -0.088      0.490      0.000 4
 252  253     -0.084      0.977      0.000 4
  -1  254     -0.084      0.011      0.000 4
 255  256     -0.067      1.087      0.000 4
 254  257     -0.067     -0.323      0.000 4
  -1   -2     -0.062      0.793      0.000 4
  -1   -2     -0.045     -0.398      0.000 4
  -1   -2     -0.040     -0.369      0.000 4
 260  260     -0.030      0.265      0.000 4
 262  261     -0.025      0.473      0.000 4
 263  263     -0.012      0.051      0.000 4
 264  265     -0.009      0.311      0.000 4
 267  266      0.001     -1.169      0.000 4
 265   -2      0.004      0.116      0.000 4
 266  268      0.009      0.817      0.000 4
 268  269      0.015      0.476      0.000 4
 269  270      0.021      0.282      0.000 4
 270  271      0.055      0.537      0.000 4
 271  272      0.058      0.748      0.000 4
  -1   -2      0.058      0.310      0.000 4
  -1  273      0.061      0.997      0.000 4
 272  275      0.064     -0.912      0.000 4
 273  276      0.069     -0.755      0.000 4
 275  277      0.075      0.136      0.000 4
 276  289      0.083     -0.568      0.000 4
  -1   -2      0.083     -0.659      0.000 4
 277  279      0.088      0.100      0.000 4
 279  280      0.093     -1.164      0.000 4
  -1   -2      0.095     -0.162      0.000 4
  -1   -2      0.095      0.966      0.000 4
  -1  281      0.103      1.027      0.000 4
 280  283      0.136      0.803      0.000 4
  -1   -2      0.139     -0.952      0.000 4
 281  284      0.141     -0.369      0.000 4
 283  285      0.144      0.702      0.000 4
 282   -2      0.144     -0.465      0.000 4
 284  287      0.151     -1.067      0.000 4
 285  286      0.155      0.559      0.000 4
 286  288      0.165      0.874      0.000 4
 287  290      0.180      0.306      0.000 4
 297  282      0.184     -0.552      0.000 4
 289  291      0.191     -1.032      0.000 4
 290  292      0.200     -0.353      0.000 4
 291  293      0.215     -0.849      0.000 4
 293   -2      0.215     -1.063      0.000 4
 292  294      0.217      1.080      0.000 4
 295  295      0.221      0.037      0.000 4
  -1  297      0.229     -0.725      0.000 4
 299  298      0.231      0.460      0.000 4
 300   -2      0.238     -1.012      0.000 4
 301  299      0.247     -0.106      0.000 4
 296  311      0.272     -0.286      0.000 4
 304  303      0.276      0.806      0.000 4
  -1  302      0.278      0.121      0.000 4
 305  304      0.289      1.012      0.000 4
 306  305      0.295      0.941      0.000 4
 307  307      0.300      0.208      0.000 4
 308   -2      0.304     -0.858      0.000 4
 310  308      0.332     -1.170      0.000 4
 311  310      0.339     -0.256      0.000 4
 314  313      0.349      0.056      0.000 4
  -1   -2      0.357     -0.699      0.000 4
 317  316      0.358      0.860      0.000 4
 318  317      0.359      1.150      0.000 4
 319  319      0.360     -1.042      0.000 4
 320  320      0.366      0.290      0.000 4
 321  321      0.381     -1.107      0.000 4
 322  323      0.385     -0.324      0.000 4
 323  325      0.390     -0.678      0.000 4
  -1   -2      0.394     -0.845      0.000 4
 326  329      0.418     -0.985      0.000 4
 327  328      0.420      0.056      0.000 4
 328  330      0.425     -0.329      0.000 4
 329  331      0.432     -0.762      0.000 4
 330  332      0.437      0.249      0.000 4
 331  333      0.450      0.146      0.000 4
 332  334      0.451     -0.560      0.000 4
  -1   -2      0.458     -0.166      0.000 4
 334  336      0.459      1.063      0.000 4
  -1  338      0.470     -0.683      0.000 4
 337   -2      0.476     -0.507      0.000 4
 339  341      0.486      0.007      0.000 4
 346  344      0.499      0.434      0.000 4
 341  343      0.499      0.586      0.000 4
 340  345      0.502     -0.357      0.000 4
  -1  346      0.510     -0.844      0.000 4
 343  347      0.513     -0.691      0.000 4
 344  348      0.523      0.621      0.000 4
 345   -2      0.524      0.518      0.000 4
 349  349      0.527      0.268      0.000 4
  -1  350      0.535      1.159      0.000 4
  -1  342      0.540     -1.168      0.000 4
 348  351      0.542     -0.538      0.000 4
 350  352      0.547     -0.020      0.000 4
 352  355      0.552     -0.813      0.000 4
 353  356      0.558      0.576      0.000 4
 354  357      0.568      0.645      0.000 4
  -1  358      0.569     -0.866      0.000 4
 355   -2      0.574      0.176      0.000 4
 357  360      0.588     -0.499      0.000 4
  -1   -2      0.593     -1.134      0.000 4
 356  367      0.604      1.151      0.000 4
 358  364      0.611     -0.909      0.000 4
 361  366      0.618      0.904      0.000 4
 362  368      0.624      0.780      0.000 4
  -1  369      0.628     -1.059      0.000 4
 363  370      0.632     -0.669      0.000 4
  -1  372      0.643     -0.033      0.000 4
 365  373      0.651     -0.762      0.000 4
  -1  365      0.661     -1.164      0.000 4
 366  375      0.662     -0.614      0.000 4
 367  376      0.666      0.446      0.000 4
 369  377      0.668      0.698      0.000 4
  -1  371      0.675      0.273      0.000 4
 372  382      0.706      0.820      0.000 4
 373  383      0.708     -0.417      0.000 4
 374   -2      0.710      0.281      0.000 4
 376  385      0.718      0.742      0.000 4
 377  386      0.720     -0.806      0.000 4
 378  388      0.726      1.059      0.000 4
 379  387      0.728      0.418      0.000 4
 364  407      0.729     -1.123      0.000 4
 391  380      0.733     -1.027      0.000 4
 381  389      0.738     -0.234      0.000 4
  -1  391      0.745     -0.843      0.000 4
 382  392      0.747     -0.648      0.000 4
 383  394      0.758     -1.077      0.000 4
 384  393      0.761      0.966      0.000 4
 385  395      0.765     -0.414      0.000 4
 386  396      0.767      1.059      0.000 4
  -1   -2      0.772      0.652      0.000 4
 390  397      0.780     -0.010      0.000 4
 389  398      0.781     -0.347      0.000 4
  -1  400      0.783     -1.035      0.000 4
 394  399      0.792     -0.989      0.000 4
 392  401      0.794      0.912      0.000 4
 393  402      0.800     -0.608      0.000 4
 395  404      0.807     -0.788      0.000 4
 396  405      0.821      0.216      0.000 4
 399  406      0.832      0.256      0.000 4
 397   -2      0.832     -1.112      0.000 4
 398   -2      0.838      0.664      0.000 4
  -1  408      0.842      0.610      0.000 4
 400  409      0.853     -0.850      0.000 4
 410   -2      0.862      0.747      0.000 4
  -1  413      0.867      1.135      0.000 4
 402  414      0.868     -0.779      0.000 4
 403  410      0.868     -0.202      0.000 4
 404  416      0.873      0.563      0.000 4
 406  417      0.876      0.340      0.000 4
 407  418      0.877      0.294      0.000 4
 405   -2      0.895      1.133      0.000 4
 411   -2      0.905     -0.600      0.000 4
 408  419      0.907     -1.158      0.000 4
 412  424      0.913     -0.875      0.000 4
 414  420      0.920     -0.050      0.000 4
 415  421      0.927      1.002      0.000 4
  -1  422      0.933      1.034      0.000 4
 417  423      0.935      1.100      0.000 4
 418   -2      0.936     -0.806      0.000 4
 419  426      0.945      0.071      0.000 4
 420  428      0.953     -0.270      0.000 4
 421  427      0.958     -0.460      0.000 4
 422  429      0.968     -0.549      0.000 4
 423   -2      0.974     -0.168      0.000 4
 424  430      0.978      0.700      0.000 4
 429  434      0.984      0.136      0.000 4
 426  432      0.985      0.644      0.000 4
 427  433      0.989      0.597      0.000 4
  -1   -2      0.998      0.468      0.000 4
 431  436      1.004      0.381      0.000 4
  -1   -2      1.011      0.261      0.000 4
 432   -2      1.015      0.746      0.000 4
 434  438      1.034     -0.259      0.000 4
 435  439      1.046      0.201      0.000 4
 436  440      1.053     -0.176      0.000 4
 437  441      1.055     -0.620      0.000 4
 438   -2      1.065      1.001      0.000 4
 439  442      1.071      0.487      0.000 4
  -1   -2      1.074     -0.313      0.000 4
  -1   -2      1.082     -0.733      0.000 4
 433   -2      1.084     -0.865      0.000 4
 442  445      1.088      0.421      0.000 4
 441  446      1.090     -0.269      0.000 4
  -1  461      1.096     -0.436      0.000 4
 443   -2      1.099     -0.365      0.000 4
 444  448      1.111     -1.026      0.000 4
 446  449      1.116      0.937      0.000 4
 447  450      1.117      1.016      0.000 4
 448  451      1.122     -0.696      0.000 4
  -1  452      1.125      0.642      0.000 4
  -1   -2      1.129     -0.136      0.000 4
 451  447      1.134     -0.044      0.000 4
 449  453      1.135      0.810      0.000 4
  -1  454      1.137      0.269      0.000 4
 450  455      1.142     -1.143      0.000 4
 454  458      1.159      1.017      0.000 4
 455  459      1.166     -0.840      0.000 4
 456  460      1.174      0.563      0.000 4
 458  464      1.192     -0.610      0.000 4
  -1  462      1.192      0.238      0.000 4
 459   -2      1.199      0.144      0.000 4
 460  465      1.200      0.068      0.000 4
 461  469      1.242      0.876      0.000 4
 464  471      1.251     -0.301      0.000 4
 465  472      1.255     -0.569      0.000 4
 469  473      1.265     -0.430      0.000 4
 470   -2      1.270     -0.642      0.000 4
  -1   -2      1.276     -1.091      0.000 4
 472  474      1.285      0.250      0.000 4
 471  475      1.285      1.012      0.000 4
 473  476      1.287     -0.112      0.000 4
 462  479      1.291     -0.916      0.000 4
 475  477      1.305     -0.586      0.000 4
 478   -2      1.317     -1.169      0.000 4
 477  478      1.322      0.275      0.000 4
 479  480      1.336     -0.565      0.000 4
  -1  481      1.344      0.576      0.000 4
 480  482      1.345     -0.654      0.000 4
 481  484      1.361      0.403      0.000 4
 482  487      1.373     -1.035      0.000 4
  -1  486      1.385     -1.092      0.000 4
  -1  488      1.403      0.784      0.000 4
 487  489      1.408      1.145      0.000 4
 488   -2      1.409      0.452      0.000 4
 485   -2      1.417     -1.048      0.000 4
 490  490      1.438     -0.558      0.000 4
 491  491      1.438     -0.425      0.000 4
 492  492      1.442     -0.318      0.000 4
 493  494      1.446     -0.491      0.000 4
 494  493      1.447      0.158      0.000 4
 495  498      1.453     -1.167      0.000 4
  -1  500      1.474     -0.459      0.000 4
 497  501      1.478      0.670      0.000 4
 498  502      1.485      0.242      0.000 4
  -1   -2      1.487     -0.564      0.000 4
 499  504      1.491     -0.866      0.000 4
 501  503      1.494      0.563      0.000 4
  -1   -2      1.495     -1.044      0.000 4
  -1  506      1.499     -0.829      0.000 4
 502  505      1.502      1.128      0.000 4
  -1   -2      1.525      1.098      0.000 4
 503  507      1.525      0.648      0.000 4
 505  508      1.532      0.901      0.000 4
 504  509      1.536     -0.577      0.000 4
 507   -2      1.540     -0.277      0.000 4
 508  511      1.543      0.286      0.000 4
  -1   -2      1.543      0.099      0.000 4
 509  513      1.545     -0.098      0.000 4
 512  516      1.558     -1.045      0.000 4
 511  515      1.560     -0.733      0.000 4
 510  514      1.560     -0.308      0.000 4
