511
   3   -2     -1.562      0.983      0.000 4
   1    1     -1.561      0.180      0.000 4
  -1    0     -1.560     -0.927      0.000 4
   2    3     -1.550     -0.404      0.000 4
  -1    4     -1.550      0.809      0.000 4
  -1    2     -1.549     -1.140      0.000 4
   0   14     -1.546      1.021      0.000 4
   4    6     -1.531      0.420      0.000 4
   5    7     -1.527      0.606      0.000 4
   6    8     -1.510      0.349      0.000 4
  -1   10     -1.501      0.652      0.000 4
   9   11     -1.498     -0.460      0.000 4
  10   12     -1.482      0.059      0.000 4
  -1   -2     -1.480     -0.899      0.000 4
  12   13     -1.479     -0.292      0.000 4
  14   15     -1.463     -0.751      0.000 4
  15   17     -1.459     -0.499      0.000 4
  16   16     -1.457      0.770      0.000 4
  13   25     -1.451      0.904      0.000 4
  11   20     -1.450      0.020      0.000 4
  19   19     -1.449      0.732      0.000 4
  17   21     -1.449     -0.028      0.000 4
  20   22     -1.445      0.194      0.000 4
  23   24     -1.420     -0.293      0.000 4
  -1   -2     -1.420     -1.123      0.000 4
  25   -2     -1.400      0.465      0.000 4
  -1   27     -1.398      0.819      0.000 4
  27   26     -1.393     -1.152      0.000 4
  28   29     -1.393      0.656      0.000 4
  29   30     -1.385     -0.426      0.000 4
  -1   31     -1.370     -0.029      0.000 4
  30   32     -1.366      0.769      0.000 4
  31   34     -1.360      0.597      0.000 4
  -1   36     -1.349     -0.992      0.000 4
  32   38     -1.344     -0.167      0.000 4
  -1   35     -1.344      0.181      0.000 4
  -1   -2     -1.343      0.885      0.000 4
  36   39     -1.339     -0.530      0.000 4
  34   37     -1.335      1.054      0.000 4
  35   40     -1.319     -1.032      0.000 4
  37   41     -1.302     -0.627      0.000 4
  38   42     -1.292     -0.736      0.000 4
  22   -2     -1.289     -0.802      0.000 4
  -1   50     -1.287     -1.164      0.000 4
  39   43     -1.283      0.455      0.000 4
  44   44     -1.277     -0.952      0.000 4
  -1   46     -1.267      0.047      0.000 4
  43   47     -1.262      0.710      0.000 4
  -1   -2     -1.260     -1.100      0.000 4
  45   49     -1.254      0.815      0.000 4
  47   48     -1.250      0.932      0.000 4
  46   51     -1.250     -0.132      0.000 4
  48   52     -1.247     -0.413      0.000 4
  50   54     -1.245     -0.077      0.000 4
  -1   53     -1.238      1.101      0.000 4
  -1   -2     -1.231      0.289      0.000 4
  51   55     -1.230     -0.741      0.000 4
  52   56     -1.226      0.443      0.000 4
  53   57     -1.216     -0.945      0.000 4
  55   -2     -1.215     -1.110      0.000 4
  54   59     -1.212      0.721      0.000 4
  56   -2     -1.209     -0.642      0.000 4
  58   60     -1.200     -0.328      0.000 4
  59   61     -1.200     -0.430      0.000 4
  61   77     -1.193      0.529      0.000 4
  60   62     -1.192      0.208      0.000 4
  63   71     -1.184     -0.187      0.000 4
  62   63     -1.182      0.427      0.000 4
  64   65     -1.171      0.738      0.000 4
  65   -2     -1.169     -0.539      0.000 4
  68   68     -1.155      1.111      0.000 4
  69   70     -1.152     -0.930      0.000 4
  67   72     -1.152     -0.249      0.000 4
  66   73     -1.149      0.366      0.000 4
  71   74     -1.146     -0.969      0.000 4
  70   75     -1.145      0.626      0.000 4
  72   76     -1.128      0.867      0.000 4
  75   78     -1.108      1.120      0.000 4
  -1   67     -1.107     -0.573      0.000 4
  76   79     -1.103     -0.473      0.000 4
  77   80     -1.095      0.325      0.000 4
  78   81     -1.087     -1.101      0.000 4
  79   -2     -1.076     -0.097      0.000 4
  80   85     -1.061     -1.166      0.000 4
  81   82     -1.059     -0.795      0.000 4
  82   83     -1.052      0.596      0.000 4
  83   -2     -1.045     -1.110      0.000 4
  84   -2     -1.033      0.960      0.000 4
  86   86     -1.020     -0.142      0.000 4
  88   87     -1.010     -0.934      0.000 4
  -1   -2     -1.007     -0.051      0.000 4
  87   90     -1.005     -0.009      0.000 4
  92   89     -1.001      1.076      0.000 4
  91   93     -0.999      0.485      0.000 4
  89   91     -0.999     -0.223      0.000 4
  93   92     -0.986      0.265      0.000 4
  95   94     -0.982      0.711      0.000 4
  96   -2     -0.981      0.456      0.000 4
  94   95     -0.976      0.323      0.000 4
  -1   -2     -0.976      0.427      0.000 4
  98   -2     -0.972     -1.138      0.000 4
  -1  102     -0.972     -0.646      0.000 4
  97   96     -0.964      0.397      0.000 4
  99   97     -0.956     -0.457      0.000 4
  -1   -2     -0.955     -0.990      0.000 4
 102   -2     -0.950      0.927      0.000 4
 101   99     -0.947     -0.056      0.000 4
  -1   98     -0.942     -1.066      0.000 4
 103  100     -0.939      0.620      0.000 4
 104  101     -0.934      0.039      0.000 4
 105   -2     -0.927     -0.631      0.000 4
  -1   -2     -0.927     -0.499      0.000 4
 106  103     -0.925      0.746      0.000 4
 107  104     -0.918     -0.996      0.000 4
 108  105     -0.917      1.158      0.000 4
 110  106     -0.911     -1.068      0.000 4
 109  109     -0.906      0.140      0.000 4
 111  107     -0.905      1.114      0.000 4
 112  108     -0.903     -0.770      0.000 4
 113  110     -0.901     -0.717      0.000 4
 114  111     -0.885     -0.145      0.000 4
 116  113     -0.876      0.811      0.000 4
 115  112     -0.875     -1.165      0.000 4
 117  114     -0.873     -0.444      0.000 4
 118  115     -0.858     -0.098      0.000 4
  -1  116     -0.855     -0.342      0.000 4
  -1   -2     -0.852      0.536      0.000 4
 119  119     -0.842      0.879      0.000 4
  -1   -2     -0.839      0.219      0.000 4
 120  120     -0.837      1.050      0.000 4
 121  121     -0.824     -0.762      0.000 4
 122  122     -0.822      1.095      0.000 4
 124  123     -0.816      0.989      0.000 4
  -1   -2     -0.787      0.774      0.000 4
 128  125     -0.782     -0.539      0.000 4
 129  127     -0.775     -0.285      0.000 4
 130  128     -0.768      0.956      0.000 4
  -1   -2     -0.752     -1.155      0.000 4
 131  129     -0.752      0.050      0.000 4
 134  131     -0.744     -0.666      0.000 4
 133  132     -0.744     -0.255      0.000 4
 127  130     -0.743     -0.948      0.000 4
 135  133     -0.728      0.330      0.000 4
 139  134     -0.713     -1.012      0.000 4
 138   -2     -0.704      0.255      0.000 4
 141  135     -0.701      1.026      0.000 4
 140  136     -0.701     -0.476      0.000 4
  -1  137     -0.698      0.590      0.000 4
 142  139     -0.690     -0.206      0.000 4
  -1   -2     -0.686     -1.118      0.000 4
  -1  138     -0.686     -1.171      0.000 4
 144  140     -0.684      0.440      0.000 4
 146  141     -0.674      0.836      0.000 4
 145   -2     -0.673      0.499      0.000 4
 147  142     -0.672     -0.733      0.000 4
 148  144     -0.665      0.080      0.000 4
 150  143     -0.662      1.149      0.000 4
 149  145     -0.659      0.176      0.000 4
 151  146     -0.653     -0.261      0.000 4
 152  147     -0.649     -0.466      0.000 4
 154   -2     -0.641      1.097      0.000 4
 155  149     -0.633      0.626      0.000 4
 158  150     -0.633     -0.032      0.000 4
 159  151     -0.630     -0.728      0.000 4
 161  152     -0.618     -0.971      0.000 4
 163  153     -0.613     -1.049      0.000 4
 162  154     -0.609     -0.104      0.000 4
  -1   -2     -0.600     -1.090      0.000 4
 165   -2     -0.588      0.003      0.000 4
 166  156     -0.584     -0.242      0.000 4
 167  155     -0.582      0.983      0.000 4
 168  157     -0.571      0.407      0.000 4
 169  159     -0.558     -0.930      0.000 4
 171  158     -0.554     -1.168      0.000 4
 172  161     -0.545     -0.609      0.000 4
 173  163     -0.544      0.290      0.000 4
  -1  162     -0.540     -1.086      0.000 4
 174  166     -0.529     -0.150      0.000 4
 176  165     -0.528      1.100      0.000 4
 177  167     -0.520      0.454      0.000 4
  -1   -2     -0.513      0.061      0.000 4
  -1  168     -0.506      0.560      0.000 4
 180  170     -0.497      0.661      0.000 4
 181  169     -0.494     -0.214      0.000 4
  -1  171     -0.493     -0.687      0.000 4
 182  174     -0.483     -1.135      0.000 4
 183   -2     -0.479     -0.522      0.000 4
 184  176     -0.465      0.635      0.000 4
 185  175     -0.464     -0.751      0.000 4
 186  178     -0.454     -0.860      0.000 4
 187  179     -0.440     -0.572      0.000 4
  -1  182     -0.423     -0.644      0.000 4
 189  183     -0.421      0.264      0.000 4
 190  181     -0.420      1.099      0.000 4
 191  177     -0.415     -1.121      0.000 4
  -1   -2     -0.413      0.460      0.000 4
 193  184     -0.407      0.758      0.000 4
 188  185     -0.405      0.941      0.000 4
 194  186     -0.402     -0.479      0.000 4
 195  187     -0.398      0.867      0.000 4
 197  188     -0.394     -0.853      0.000 4
 198  189     -0.389     -0.141      0.000 4
  -1   -2     -0.389      0.416      0.000 4
 199  190     -0.370      0.681      0.000 4
 200  192     -0.368      0.352      0.000 4
 202  193     -0.355     -1.078      0.000 4
 203  194     -0.353     -0.628      0.000 4
  -1   -2     -0.348     -1.103      0.000 4
  -1  195     -0.346      0.111      0.000 4
 205  196     -0.341     -0.317      0.000 4
 206  197     -0.334      1.117      0.000 4
 207  198     -0.327     -0.804      0.000 4
 208   -2     -0.324      0.656      0.000 4
 209  199     -0.315      0.629      0.000 4
 211  200     -0.304     -0.850      0.000 4
 210  201     -0.304     -0.556      0.000 4
 219   -2     -0.303     -0.449      0.000 4
 213  203     -0.301      0.029      0.000 4
  -1   -2     -0.276      0.321      0.000 4
 214  206     -0.276      0.589      0.000 4
 218  205     -0.273     -1.161      0.000 4
  -1   -2     -0.270     -0.725      0.000 4
 215   -2     -0.269      0.074      0.000 4
  -1  207     -0.264      0.848      0.000 4
 216  208     -0.263     -0.928      0.000 4
 230  202     -0.248     -1.043      0.000 4
  -1   -2     -0.237     -0.189      0.000 4
 212   -2     -0.237      0.510      0.000 4
 221  212     -0.234      0.899      0.000 4
 224  213     -0.228     -1.092      0.000 4
  -1   -2     -0.227     -0.654      0.000 4
 223  214     -0.221     -0.135      0.000 4
 225  215     -0.204      0.394      0.000 4
 226  216     -0.202      0.319      0.000 4
 229   -2     -0.192     -0.625      0.000 4
 227  217     -0.192     -0.045      0.000 4
 228  218     -0.187     -0.518      0.000 4
 236   -2     -0.184      0.791      0.000 4
 232  219     -0.175      1.099      0.000 4
 231  221     -0.173      0.273      0.000 4
 233  222     -0.173      0.504      0.000 4
  -1   -2     -0.157      0.622      0.000 4
 234  223     -0.151      0.193      0.000 4
 235  224     -0.139     -0.848      0.000 4
  -1  229     -0.134     -0.205      0.000 4
  -1   -2     -0.132     -0.657      0.000 4
 237   -2     -0.123     -0.239      0.000 4
 238  230     -0.122      0.287      0.000 4
 240  231     -0.119      1.104      0.000 4
 239   -2     -0.117      0.560      0.000 4
  -1   -2     -0.117      0.916      0.000 4
 243  233     -0.099      0.470      0.000 4
 242  234     -0.098      0.014      0.000 4
 244  238     -0.094     -1.160      0.000 4
 245  235     -0.087      0.943      0.000 4
 246  236     -0.079     -0.907      0.000 4
 251   -2     -0.079     -0.313      0.000 4
 248  239     -0.066      1.054      0.000 4
  -1  240     -0.053      0.768      0.000 4
  -1  258     -0.045     -0.699      0.000 4
 252  242     -0.042      0.257      0.000 4
  -1   -2     -0.034      0.955      0.000 4
 254  245     -0.032      1.007      0.000 4
  -1  243     -0.032      0.454      0.000 4
 256  244     -0.029     -1.082      0.000 4
 255  246     -0.023      0.051      0.000 4
  -1   -2     -0.014      0.987      0.000 4
  -1   -2      0.004      0.686      0.000 4
 258  250      0.004      0.786      0.000 4
 259  248      0.004      0.116      0.000 4
 260  251      0.008      0.458      0.000 4
 257   -2      0.012      0.274      0.000 4
  -1   -2      0.023     -0.220      0.000 4
 264  255      0.047      0.519      0.000 4
 268  257      0.055     -0.871      0.000 4
  -1  249      0.056      0.308      0.000 4
 267  256      0.057      0.719      0.000 4
  -1   -2      0.057     -1.063      0.000 4
 262   -2      0.066     -0.725      0.000 4
 270  259      0.069      0.134      0.000 4
 263   -2      0.076     -0.371      0.000 4
 271  260      0.078     -0.541      0.000 4
 272   -2      0.083      0.099      0.000 4
 275   -2      0.092      0.358      0.000 4
 276  264      0.099     -1.170      0.000 4
 278   -2      0.107     -1.115      0.000 4
 279  265      0.107      0.989      0.000 4
 277   -2      0.110      0.322      0.000 4
 284  269      0.130      0.504      0.000 4
 280   -2      0.131     -0.442      0.000 4
 281  266      0.137     -0.349      0.000 4
  -1  267      0.138     -0.948      0.000 4
 283  268      0.143      0.674      0.000 4
  -1   -2      0.152     -1.018      0.000 4
  -1   -2      0.152     -0.177      0.000 4
 286  270      0.168      0.840      0.000 4
 285  271      0.169     -0.519      0.000 4
 287  272      0.177      0.295      0.000 4
 288   -2      0.189     -0.999      0.000 4
 289  274      0.199     -0.334      0.000 4
 290  275      0.212     -0.816      0.000 4
 295  273      0.214     -1.031      0.000 4
 291  276      0.221      1.043      0.000 4
 292  278      0.223      0.040      0.000 4
 293  280      0.229     -0.696      0.000 4
 294   -2      0.230      0.318      0.000 4
  -1  283      0.230      0.854      0.000 4
  -1  281      0.231      0.442      0.000 4
  -1  282      0.233     -0.317      0.000 4
 296  285      0.249     -0.099      0.000 4
 298  286      0.275     -0.274      0.000 4
 299  288      0.282      0.776      0.000 4
 300  289      0.292      0.979      0.000 4
 302  290      0.299      0.908      0.000 4
 301  291      0.300      1.129      0.000 4
 303   -2      0.305     -0.830      0.000 4
 304  292      0.305      0.202      0.000 4
 305  293      0.312      0.575      0.000 4
 306  294      0.319     -1.169      0.000 4
 307  295      0.337     -0.237      0.000 4
 309  297      0.354     -0.131      0.000 4
 310  298      0.356      0.056      0.000 4
 312  299      0.359     -0.677      0.000 4
 313  301      0.361     -1.011      0.000 4
 315  302      0.364      0.830      0.000 4
 317  304      0.377     -1.077      0.000 4
  -1   -2      0.383     -0.905      0.000 4
  -1   -2      0.388      0.873      0.000 4
 318  305      0.392     -0.306      0.000 4
 319  306      0.393     -0.656      0.000 4
 322  309      0.418     -0.959      0.000 4
 323  310      0.419      0.520      0.000 4
 325  312      0.428      0.054      0.000 4
 326  313      0.432     -0.316      0.000 4
 327  314      0.435     -0.738      0.000 4
 328  315      0.442     -0.359      0.000 4
 329  316      0.447      0.241      0.000 4
 330  317      0.454     -0.543      0.000 4
 331  318      0.461      0.140      0.000 4
 332  319      0.465      1.029      0.000 4
 342   -2      0.469      0.718      0.000 4
  -1  320      0.474     -0.665      0.000 4
 334  321      0.483     -0.491      0.000 4
 335   -2      0.492      0.987      0.000 4
 337  323      0.497      0.008      0.000 4
 338  324      0.509     -0.344      0.000 4
 339   -2      0.514     -0.823      0.000 4
 341  325      0.518     -0.672      0.000 4
 343  328      0.538      1.132      0.000 4
 344  329      0.538      0.257      0.000 4
 340  336      0.542      0.451      0.000 4
 345  330      0.551     -0.519      0.000 4
 346  331      0.559     -0.804      0.000 4
  -1  333      0.560     -0.291      0.000 4
 347  335      0.561      0.743      0.000 4
 348  334      0.561     -0.019      0.000 4
 352   -2      0.585      0.257      0.000 4
 358   -2      0.592     -1.164      0.000 4
 353  340      0.596     -0.487      0.000 4
 354  341      0.598     -0.994      0.000 4
 355  342      0.610     -0.894      0.000 4
 356  344      0.616     -1.047      0.000 4
  -1   -2      0.619     -0.342      0.000 4
  -1  345      0.621      1.128      0.000 4
 351   -2      0.626      0.699      0.000 4
 359  346      0.630      0.877      0.000 4
 361  348      0.639      0.757      0.000 4
 360  350      0.640     -0.656      0.000 4
 362  347      0.643     -1.042      0.000 4
 363  351      0.656     -0.751      0.000 4
 365   -2      0.661     -0.033      0.000 4
  -1   -2      0.668     -0.216      0.000 4
 366  355      0.685      0.677      0.000 4
 367  354      0.686      0.413      0.000 4
 368  356      0.689      0.445      0.000 4
 370   -2      0.718     -0.402      0.000 4
 371  361      0.720      0.796      0.000 4
 373  358      0.721      0.269      0.000 4
 372  360      0.723     -0.794      0.000 4
 374  362      0.729     -1.019      0.000 4
 375  365      0.730      1.038      0.000 4
 377  363      0.735      0.720      0.000 4
 378  367      0.750      0.404      0.000 4
  -1  368      0.750     -0.591      0.000 4
 380  370      0.755     -0.643      0.000 4
 381  371      0.759     -1.067      0.000 4
 383  388      0.762     -0.165      0.000 4
  -1  373      0.766     -0.454      0.000 4
 384  372      0.771      0.942      0.000 4
  -1   -2      0.773      1.039      0.000 4
  -1   -2      0.776     -0.739      0.000 4
 385  376      0.791     -0.983      0.000 4
 393  359      0.796     -0.344      0.000 4
 391  378      0.809      0.895      0.000 4
 387  379      0.810     -0.603      0.000 4
  -1  380      0.813     -0.782      0.000 4
 389  383      0.829      0.100      0.000 4
 388  381      0.830     -1.110      0.000 4
  -1   -2      0.834      0.512      0.000 4
 390  382      0.843     -1.048      0.000 4
 392  384      0.848     -0.852      0.000 4
  -1   -2      0.857     -0.814      0.000 4
  -1  387      0.868     -0.283      0.000 4
 394   -2      0.871     -0.444      0.000 4
 395  390      0.876      0.805      0.000 4
 397  389      0.878      0.733      0.000 4
 396  391      0.878      1.117      0.000 4
 400  393      0.891     -0.085      0.000 4
 399  394      0.893      0.552      0.000 4
 402  395      0.902      0.329      0.000 4
 403  396      0.904      0.285      0.000 4
  -1   -2      0.913     -0.602      0.000 4
  -1   -2      0.913     -0.946      0.000 4
  -1  399      0.918      0.799      0.000 4
 401  406      0.919     -1.140      0.000 4
  -1   -2      0.925     -0.658      0.000 4
 406  402      0.931      0.972      0.000 4
 407  401      0.936     -1.084      0.000 4
 408  403      0.939      1.085      0.000 4
 405   -2      0.943      1.017      0.000 4
 410  405      0.946     -0.056      0.000 4
 411  407      0.969     -0.464      0.000 4
  -1   -2      0.970     -1.158      0.000 4
 412  408      0.973     -0.273      0.000 4
 413  409      0.980     -0.555      0.000 4
 415  411      0.983      0.070      0.000 4
 414  410      0.989     -0.170      0.000 4
 433  386      0.999      0.692      0.000 4
 416  413      1.007      0.634      0.000 4
  -1  416      1.008      0.960      0.000 4
 418  414      1.011      0.131      0.000 4
 417  415      1.012      0.586      0.000 4
 420   -2      1.026      0.459      0.000 4
 422  419      1.032      0.374      0.000 4
 425  422      1.052     -0.343      0.000 4
  -1  421      1.055     -0.277      0.000 4
 427  423      1.063     -0.630      0.000 4
 428  424      1.070      0.196      0.000 4
 429   -2      1.087     -0.745      0.000 4
 430  427      1.095      0.481      0.000 4
 431  430      1.107     -1.039      0.000 4
 432  431      1.115      0.415      0.000 4
 426  429      1.115     -0.375      0.000 4
 434  436      1.129     -0.707      0.000 4
 435  435      1.130     -0.069      0.000 4
 438  438      1.151      0.633      0.000 4
 439  439      1.153      0.806      0.000 4
  -1  426      1.155      0.320      0.000 4
 440  440      1.161     -0.940      0.000 4
 442  441      1.166      1.015      0.000 4
 443  442      1.168     -0.854      0.000 4
 445   -2      1.172      0.691      0.000 4
 444  444      1.173     -0.458      0.000 4
 446  443      1.173     -0.043      0.000 4
  -1  445      1.189      0.226      0.000 4
 447  446      1.200     -0.627      0.000 4
  -1   -2      1.203      0.566      0.000 4
 448  447      1.220      0.231      0.000 4
 449  448      1.223      0.061      0.000 4
 451  450      1.255      0.888      0.000 4
  -1   -2      1.257      0.714      0.000 4
  -1  452      1.266     -0.585      0.000 4
 453  451      1.266     -0.319      0.000 4
 454  454      1.277     -0.449      0.000 4
 456  455      1.293      1.024      0.000 4
 460  457      1.305     -0.263      0.000 4
 458  458      1.306     -1.079      0.000 4
 459   -2      1.310      0.250      0.000 4
  -1  460      1.314     -0.607      0.000 4
 475   -2      1.322      0.676      0.000 4
 461   -2      1.327     -0.398      0.000 4
 455  470      1.327     -0.555      0.000 4
 466  462      1.341      0.569      0.000 4
 462   -2      1.345     -0.587      0.000 4
  -1   -2      1.346     -0.215      0.000 4
 464  461      1.350      0.272      0.000 4
 465  463      1.352     -0.678      0.000 4
  -1   -2      1.363      0.589      0.000 4
 467  465      1.373     -1.059      0.000 4
 463  464      1.382     -0.157      0.000 4
  -1   -2      1.382     -0.567      0.000 4
 471  467      1.384      0.406      0.000 4
 469  468      1.386     -1.119      0.000 4
  -1   -2      1.399      0.098      0.000 4
 488   -2      1.410      1.156      0.000 4
 474  469      1.415     -1.075      0.000 4
 470  474      1.423     -1.169      0.000 4
 476  471      1.430      0.459      0.000 4
  -1   -2      1.438     -0.153      0.000 4
  -1   -2      1.441     -0.765      0.000 4
 477  472      1.447     -0.449      0.000 4
 478  473      1.447     -0.585      0.000 4
 480  475      1.455     -0.515      0.000 4
 481  476      1.455     -0.327      0.000 4
 482  478      1.465      0.068      0.000 4
 483  477      1.469      0.152      0.000 4
  -1   -2      1.491     -1.069      0.000 4
 485  479      1.493     -0.895      0.000 4
 487  480      1.501     -0.268      0.000 4
 489  481      1.504      0.242      0.000 4
  -1   -2      1.507     -0.584      0.000 4
 490  482      1.515      0.577      0.000 4
 491  483      1.542      0.665      0.000 4
  -1  485      1.545     -0.604      0.000 4
 492  486      1.545      0.920      0.000 4
 494   -2      1.550      0.025      0.000 4
 493  487      1.550     -0.300      0.000 4
  -1  484      1.551     -0.367      0.000 4
 495  488      1.557     -0.112      0.000 4
 497  490      1.558     -1.073      0.000 4
 496  489      1.559      0.290      0.000 4
