519
   0    1     -1.544      0.235      0.000 4
   2    2     -1.540      0.349      0.000 4
   4    3     -1.528      0.299      0.000 4
   5    4     -1.523      0.565      0.000 4
   6    5     -1.518      0.441      0.000 4
   7    6     -1.511      0.701      0.000 4
   8    8     -1.511     -0.321      0.000 4
   9    7     -1.507     -1.100      0.000 4
  10    9     -1.500      0.164      0.000 4
  11    0     -1.495      0.914      0.000 4
  15   13     -1.468      0.367      0.000 4
  17   11     -1.467      1.060      0.000 4
  23   12     -1.466      0.524      0.000 4
  16   -2     -1.463     -0.548      0.000 4
  21   16     -1.454     -0.375      0.000 4
  20   15     -1.453     -0.649      0.000 4
  -1   -2     -1.449      0.226      0.000 4
  22   18     -1.441      0.751      0.000 4
  24   19     -1.435      0.304      0.000 4
  -1   17     -1.433     -1.025      0.000 4
  28   14     -1.430     -0.287      0.000 4
  25   20     -1.423      0.803      0.000 4
  26   22     -1.421      0.069      0.000 4
  -1   -2     -1.420     -0.754      0.000 4
  27   21     -1.417     -0.414      0.000 4
  29   24     -1.409      0.678      0.000 4
  13   -2     -1.401      0.016      0.000 4
  30   -2     -1.395      0.643      0.000 4
  32   26     -1.379     -0.899      0.000 4
  -1   -2     -1.375     -0.509      0.000 4
  31   27     -1.369     -0.009      0.000 4
  34   29     -1.357      0.177      0.000 4
  -1   31     -1.352      0.729      0.000 4
  36   -2     -1.349      0.332      0.000 4
  37   30     -1.347     -0.934      0.000 4
  -1   -2     -1.332     -1.164      0.000 4
  38   33     -1.330      0.965      0.000 4
  39   34     -1.324     -0.357      0.000 4
  41   32     -1.323     -1.087      0.000 4
  42   35     -1.321      0.923      0.000 4
  35   43     -1.315      1.122      0.000 4
  40   36     -1.312      0.587      0.000 4
  43   -2     -1.310      0.404      0.000 4
  44   38     -1.300     -0.854      0.000 4
  -1   -2     -1.294     -1.173      0.000 4
  -1   -2     -1.292     -0.457      0.000 4
  47   40     -1.272     -0.655      0.000 4
  48   41     -1.267     -0.551      0.000 4
  49   42     -1.255     -1.018      0.000 4
  50   -2     -1.250     -0.130      0.000 4
  52   -2     -1.246      1.028      0.000 4
  53   44     -1.230     -0.868      0.000 4
  46   52     -1.227     -1.173      0.000 4
  55   46     -1.223      0.858      0.000 4
  58   47     -1.209     -0.670      0.000 4
  -1   48     -1.203     -1.089      0.000 4
  59   49     -1.201      0.749      0.000 4
  -1   50     -1.192      0.657      0.000 4
  60   51     -1.179      0.415      0.000 4
  62   -2     -1.175     -1.163      0.000 4
  61   -2     -1.170     -0.362      0.000 4
  64   53     -1.165     -0.897      0.000 4
  65   54     -1.163     -0.859      0.000 4
  66   56     -1.162      1.049      0.000 4
  67   55     -1.161     -1.116      0.000 4
  68   59     -1.144     -0.111      0.000 4
  63   58     -1.141      0.670      0.000 4
  70   60     -1.124     -0.387      0.000 4
  72   61     -1.116      1.062      0.000 4
  71   62     -1.114      0.410      0.000 4
  74   63     -1.110     -0.490      0.000 4
  73   64     -1.109     -0.292      0.000 4
  75   65     -1.089      0.489      0.000 4
  77   66     -1.084     -1.089      0.000 4
  76   67     -1.082      0.819      0.000 4
  -1   68     -1.075     -0.165      0.000 4
  78   70     -1.067      0.197      0.000 4
  79   71     -1.067      0.398      0.000 4
  81   69     -1.067     -1.162      0.000 4
  -1   72     -1.056     -0.677      0.000 4
  80   73     -1.055      0.589      0.000 4
  82   75     -1.047     -0.225      0.000 4
  83   74     -1.045     -0.749      0.000 4
  85   77     -1.029      0.345      0.000 4
  86   76     -1.028     -0.441      0.000 4
  87   78     -1.016     -0.884      0.000 4
  88   79     -1.012     -1.080      0.000 4
  90   80     -1.006      0.926      0.000 4
  91   81     -0.999      1.041      0.000 4
  -1   82     -0.995     -0.681      0.000 4
  92   84     -0.984     -0.590      0.000 4
  -1   83     -0.983      0.786      0.000 4
  94   88     -0.967      0.311      0.000 4
  95   87     -0.966      1.069      0.000 4
  96   89     -0.958      0.580      0.000 4
  -1   -2     -0.957     -1.020      0.000 4
  97   -2     -0.952     -0.089      0.000 4
  -1   90     -0.946      0.507      0.000 4
  98   91     -0.938     -0.960      0.000 4
  -1   93     -0.912      0.908      0.000 4
  99   94     -0.907      1.094      0.000 4
 100   95     -0.903      0.695      0.000 4
 102   96     -0.900     -1.158      0.000 4
 101   97     -0.897     -0.135      0.000 4
 104   99     -0.883     -0.216      0.000 4
 108  100     -0.879     -0.748      0.000 4
 107  101     -0.877     -0.617      0.000 4
  -1  102     -0.874     -0.049      0.000 4
  -1   -2     -0.874     -1.119      0.000 4
 106  104     -0.871     -0.007      0.000 4
 111  105     -0.863     -0.697      0.000 4
 110  107     -0.859      0.446      0.000 4
 115  103     -0.856      0.323      0.000 4
  -1   -2     -0.854      0.419      0.000 4
 113  106     -0.851      0.735      0.000 4
 112  108     -0.846      0.262      0.000 4
 114  109     -0.837      0.390      0.000 4
  -1   -2     -0.837     -0.307      0.000 4
  -1  110     -0.832     -1.086      0.000 4
 116  111     -0.826      1.046      0.000 4
 119  113     -0.824      0.815      0.000 4
 117  112     -0.822      1.093      0.000 4
 120  114     -0.812     -0.056      0.000 4
 118  127     -0.804     -0.949      0.000 4
 122  115     -0.799     -0.795      0.000 4
 123  118     -0.798      0.037      0.000 4
 124  117     -0.796      0.991      0.000 4
 125  119     -0.794      0.882      0.000 4
 126  120     -0.793     -0.753      0.000 4
 109  150     -0.788     -0.443      0.000 4
 129  122     -0.768      0.139      0.000 4
 130  124     -0.759     -0.144      0.000 4
  -1   -2     -0.758     -0.346      0.000 4
 132  130     -0.750     -1.166      0.000 4
 134  126     -0.739      0.972      0.000 4
  -1  125     -0.735     -0.962      0.000 4
 135  129     -0.731     -0.100      0.000 4
 147   -2     -0.728     -1.008      0.000 4
 138   -2     -0.728      0.762      0.000 4
 139  132     -0.715      0.074      0.000 4
 140   -2     -0.714      0.669      0.000 4
 141  133     -0.712     -0.547      0.000 4
 148  128     -0.706      0.865      0.000 4
 142  135     -0.705      0.720      0.000 4
 144  142     -0.700     -0.678      0.000 4
 133   -2     -0.688      0.427      0.000 4
  -1  139     -0.688      0.999      0.000 4
 146  137     -0.687      1.052      0.000 4
 149  140     -0.683     -1.128      0.000 4
 150  141     -0.675     -0.557      0.000 4
  -1   -2     -0.664     -0.820      0.000 4
  -1  144     -0.660      1.085      0.000 4
 154   -2     -0.655     -1.169      0.000 4
 167  143     -0.653     -0.287      0.000 4
 156  145     -0.641      1.133      0.000 4
 155  148     -0.641     -1.110      0.000 4
 159   -2     -0.634     -0.425      0.000 4
 158  146     -0.633     -0.754      0.000 4
 160  147     -0.632     -1.067      0.000 4
 162  154     -0.622     -0.497      0.000 4
 163  152     -0.621      0.873      0.000 4
 166  151     -0.621     -0.992      0.000 4
 153  164     -0.620      1.061      0.000 4
 164  155     -0.619      0.048      0.000 4
 168  157     -0.603      0.341      0.000 4
 169  158     -0.591     -0.757      0.000 4
 170  160     -0.578      0.265      0.000 4
  -1   -2     -0.577     -1.168      0.000 4
 157   -2     -0.576     -0.224      0.000 4
  -1  159     -0.576     -1.114      0.000 4
 173  161     -0.568     -0.496      0.000 4
  -1  162     -0.568      0.527      0.000 4
 172  163     -0.568      0.468      0.000 4
 174   -2     -0.560      1.035      0.000 4
 176  165     -0.555     -0.965      0.000 4
 175  166     -0.554      0.657      0.000 4
 179  168     -0.537      0.081      0.000 4
  -1   -2     -0.536     -1.084      0.000 4
 181  170     -0.533      0.186      0.000 4
 182  169     -0.533      1.154      0.000 4
 183  172     -0.512     -0.043      0.000 4
 184  171     -0.494     -1.170      0.000 4
 185  175     -0.493     -0.120      0.000 4
 186  174     -0.491     -0.658      0.000 4
  -1  177     -0.482      0.127      0.000 4
 187  178     -0.479     -0.271      0.000 4
 189  179     -0.463      0.431      0.000 4
 190  180     -0.456     -0.748      0.000 4
 191  181     -0.441     -0.922      0.000 4
 192  182     -0.433     -0.811      0.000 4
 193  183     -0.429      0.313      0.000 4
  -1  184     -0.425      0.724      0.000 4
 194   -2     -0.425     -0.491      0.000 4
 196  186     -0.422     -0.173      0.000 4
 195  188     -0.418      0.612      0.000 4
 199  185     -0.414     -1.116      0.000 4
 198  187     -0.411     -0.579      0.000 4
 200   -2     -0.402     -0.271      0.000 4
 202  189     -0.393     -0.237      0.000 4
 197   -2     -0.392      0.699      0.000 4
 203  190     -0.391     -0.640      0.000 4
 204  191     -0.378      1.029      0.000 4
 205  192     -0.378     -0.928      0.000 4
  -1  193     -0.368      0.874      0.000 4
 206  194     -0.363      0.954      0.000 4
  -1   -2     -0.362     -1.162      0.000 4
 208  195     -0.357      0.838      0.000 4
 210  196     -0.335     -0.544      0.000 4
 207  198     -0.326      0.512      0.000 4
 211  199     -0.326      0.296      0.000 4
 215   -2     -0.323     -0.753      0.000 4
 212  201     -0.313      0.763      0.000 4
 214  203     -0.307     -0.893      0.000 4
 216   -2     -0.301     -0.806      0.000 4
 217  204     -0.299     -0.449      0.000 4
 218  206     -0.295     -0.176      0.000 4
 220  205     -0.291     -0.944      0.000 4
  -1   -2     -0.288     -1.113      0.000 4
 221  207     -0.280      0.396      0.000 4
  -1  208     -0.269      0.745      0.000 4
 222  210     -0.266     -0.375      0.000 4
 223  211     -0.262     -1.029      0.000 4
 225  209     -0.256     -1.166      0.000 4
  -1   -2     -0.256     -1.139      0.000 4
  -1   -2     -0.256      0.699      0.000 4
 226  212     -0.252     -0.641      0.000 4
  -1  213     -0.249      0.120      0.000 4
 227  214     -0.242     -0.825      0.000 4
  -1   -2     -0.240      0.319      0.000 4
  -1  215     -0.227      0.510      0.000 4
 228   -2     -0.225     -1.091      0.000 4
 230  217     -0.219      0.674      0.000 4
 229  219     -0.217     -0.196      0.000 4
 233  216     -0.213      0.022      0.000 4
  -1  224     -0.188     -0.501      0.000 4
 236  227     -0.179     -0.240      0.000 4
 238  228     -0.162     -0.725      0.000 4
 239  229     -0.149     -0.168      0.000 4
 240  230     -0.134      0.457      0.000 4
 241  231     -0.134      0.364      0.000 4
 242  232     -0.130     -0.970      0.000 4
  -1  233     -0.125      0.731      0.000 4
 245  234     -0.125     -0.611      0.000 4
 243  235     -0.125     -0.074      0.000 4
 246  236     -0.121      0.585      0.000 4
 259   -2     -0.100     -0.767      0.000 4
 252  238     -0.093      0.214      0.000 4
 253  239     -0.084      1.085      0.000 4
 254  240     -0.082     -0.155      0.000 4
  -1   -2     -0.078     -1.038      0.000 4
 268  237     -0.073     -1.167      0.000 4
 256  243     -0.071     -0.302      0.000 4
 248  244     -0.068      0.330      0.000 4
 260  245     -0.058      0.551      0.000 4
 262  246     -0.047     -0.002      0.000 4
  -1   -2     -0.019     -0.472      0.000 4
 265   -2     -0.017     -0.121      0.000 4
  -1  249     -0.016     -0.436      0.000 4
 266   -2     -0.004      0.532      0.000 4
  -1   -2     -0.003     -0.118      0.000 4
 267  251     -0.001      0.292      0.000 4
 269  252      0.012      0.920      0.000 4
 271  254      0.017      0.806      0.000 4
 270  255      0.021      0.046      0.000 4
 273  256      0.035      0.539      0.000 4
 274  257      0.036      0.323      0.000 4
 277  259      0.051      1.114      0.000 4
 276  258      0.051     -0.041      0.000 4
 278  260      0.062      0.846      0.000 4
 279  261      0.064      0.612      0.000 4
 280  262      0.066     -1.020      0.000 4
  -1   -2      0.070     -0.957      0.000 4
 282  263      0.076     -0.860      0.000 4
 285  266      0.091      0.143      0.000 4
 283  267      0.092     -0.658      0.000 4
 286  269      0.102      0.102      0.000 4
 288   -2      0.103     -0.464      0.000 4
  -1  270      0.105      0.421      0.000 4
 289   -2      0.108     -0.146      0.000 4
 290  271      0.120      0.379      0.000 4
 291  272      0.139      0.794      0.000 4
 292  273      0.141     -0.544      0.000 4
 296   -2      0.141     -1.131      0.000 4
 293  274      0.147     -0.439      0.000 4
 294   -2      0.148      0.627      0.000 4
 295  275      0.157      0.982      0.000 4
 297  276      0.157     -0.619      0.000 4
  -1   -2      0.158     -1.162      0.000 4
  -1  268      0.170     -0.080      0.000 4
 298  277      0.179      0.343      0.000 4
 309   -2      0.186     -0.641      0.000 4
  -1  278      0.199     -0.417      0.000 4
  -1   -2      0.203      1.016      0.000 4
 300  280      0.211      0.906      0.000 4
 301  282      0.216     -0.954      0.000 4
 302  281      0.216      0.028      0.000 4
 303  283      0.219      0.519      0.000 4
  -1   -2      0.224      0.985      0.000 4
  -1   -2      0.227     -0.513      0.000 4
 306  285      0.229     -0.822      0.000 4
 307  286      0.241     -0.136      0.000 4
 310  288      0.259     -0.844      0.000 4
 311  287      0.260      0.908      0.000 4
  -1  291      0.264     -0.339      0.000 4
 313   -2      0.270     -0.309      0.000 4
 314  293      0.275      1.124      0.000 4
 312  297      0.278      0.140      0.000 4
 316  294      0.280      1.049      0.000 4
 317  296      0.282      0.229      0.000 4
  -1  298      0.302     -0.955      0.000 4
  -1  300      0.316      0.553      0.000 4
 318  292      0.319     -0.298      0.000 4
 320  295      0.323      0.656      0.000 4
 319  302      0.323     -1.170      0.000 4
 321   -2      0.326      0.840      0.000 4
 322  303      0.327      0.054      0.000 4
 323   -2      0.327     -0.179      0.000 4
  -1  305      0.336      0.959      0.000 4
  -1   -2      0.360      0.681      0.000 4
 327  308      0.366     -1.131      0.000 4
 328  310      0.381     -0.757      0.000 4
 330  311      0.385      0.050      0.000 4
 329  313      0.389     -0.931      0.000 4
 331   -2      0.395     -1.176      0.000 4
  -1   -2      0.400      0.871      0.000 4
 333  314      0.401      0.277      0.000 4
 332  315      0.403     -0.390      0.000 4
 335  317      0.412      0.157      0.000 4
 336  318      0.420     -1.068      0.000 4
 337  319      0.423     -0.840      0.000 4
 339  320      0.426      0.833      0.000 4
 340  321      0.432     -0.626      0.000 4
 345  323      0.454     -0.567      0.000 4
 341  338      0.456      1.048      0.000 4
 351  322      0.457      0.004      0.000 4
  -1  326      0.471     -0.402      0.000 4
 348  328      0.474      0.696      0.000 4
  -1   -2      0.479      0.577      0.000 4
  -1  327      0.479      0.525      0.000 4
 350   -2      0.480      0.298      0.000 4
  -1   -2      0.480     -1.121      0.000 4
  -1   -2      0.486      0.199      0.000 4
 349  324      0.489     -1.151      0.000 4
 352  332      0.497     -0.756      0.000 4
  -1  334      0.501     -0.912      0.000 4
 354  333      0.502     -0.026      0.000 4
 357  335      0.514     -0.587      0.000 4
 361  331      0.516      0.298      0.000 4
 355  337      0.521      0.642      0.000 4
  -1  336      0.521      0.718      0.000 4
 353   -2      0.543     -0.874      0.000 4
 360   -2      0.550      0.672      0.000 4
 362  340      0.560     -0.546      0.000 4
  -1  341      0.564     -0.921      0.000 4
  -1   -2      0.575      0.165      0.000 4
 364  342      0.584      0.860      0.000 4
 366  343      0.588     -0.037      0.000 4
 365  344      0.589      0.988      0.000 4
 363   -2      0.603      0.475      0.000 4
 369  347      0.606     -0.960      0.000 4
 370  348      0.607     -0.712      0.000 4
 371  346      0.609      0.511      0.000 4
  -1  353      0.614      0.302      0.000 4
 367  350      0.617      0.772      0.000 4
  -1  349      0.625      0.079      0.000 4
  -1  352      0.626     -1.072      0.000 4
 372  351      0.626     -0.607      0.000 4
 375   -2      0.633     -1.170      0.000 4
 374  355      0.636     -0.808      0.000 4
 373  354      0.636     -1.106      0.000 4
 377   -2      0.652      0.531      0.000 4
  -1   -2      0.658      1.132      0.000 4
 378  359      0.661      0.462      0.000 4
 379  360      0.663      0.894      0.000 4
 381  361      0.671      0.813      0.000 4
 380  362      0.671     -0.454      0.000 4
 382   -2      0.682     -1.008      0.000 4
 383  358      0.684     -0.248      0.000 4
 396   -2      0.706     -0.059      0.000 4
 384  363      0.707     -0.837      0.000 4
 388  364      0.710     -0.004      0.000 4
 386  369      0.713     -0.627      0.000 4
 389  366      0.721      1.133      0.000 4
 390  367      0.723     -0.433      0.000 4
 391   -2      0.728     -0.675      0.000 4
 393  370      0.730      1.038      0.000 4
 394  368      0.732     -0.361      0.000 4
 395  371      0.742     -0.867      0.000 4
 398  372      0.747      0.247      0.000 4
 397   -2      0.750     -0.774      0.000 4
 392  373      0.759     -1.089      0.000 4
  -1   -2      0.766      1.133      0.000 4
 401  375      0.771     -0.627      0.000 4
  -1   -2      0.775      0.656      0.000 4
  -1   -2      0.791      0.441      0.000 4
  -1   -2      0.791      0.274      0.000 4
 403  378      0.793     -0.809      0.000 4
 405  377      0.796      0.323      0.000 4
  -1  379      0.796      0.371      0.000 4
 406  380      0.800      0.611      0.000 4
  -1  381      0.800      1.021      0.000 4
 409  382      0.814      0.882      0.000 4
 412  386      0.843     -1.122      0.000 4
 414  385      0.848     -0.041      0.000 4
 413  387      0.848     -1.060      0.000 4
  -1  390      0.852      1.100      0.000 4
 416  389      0.853      0.866      0.000 4
 411   -2      0.854     -0.822      0.000 4
 415  391      0.854     -0.787      0.000 4
  -1   -2      0.861     -1.160      0.000 4
  -1  392      0.866      0.086      0.000 4
 418  394      0.890     -0.666      0.000 4
 423  396      0.897      0.154      0.000 4
 422  395      0.902     -0.268      0.000 4
 420  397      0.903      1.057      0.000 4
 424  399      0.911     -0.454      0.000 4
  -1   -2      0.912      0.740      0.000 4
 427  401      0.912      0.109      0.000 4
 426  400      0.913      0.629      0.000 4
 428  402      0.919      0.680      0.000 4
 431  403      0.920      0.408      0.000 4
 429  405      0.922      1.147      0.000 4
 430  404      0.923     -0.801      0.000 4
  -1  412      0.928      0.025      0.000 4
 419   -2      0.931     -1.001      0.000 4
  -1  409      0.931     -1.080      0.000 4
 433  408      0.933     -0.543      0.000 4
  -1  407      0.946     -0.867      0.000 4
 435  411      0.956      0.782      0.000 4
 436  410      0.959      0.222      0.000 4
  -1  413      0.972     -0.249      0.000 4
  -1   -2      0.973      1.027      0.000 4
  -1   -2      0.976      0.013      0.000 4
 437  414      0.979     -1.122      0.000 4
 439  415      0.985     -0.164      0.000 4
 440  417      0.989      0.509      0.000 4
 442  418      1.001      0.438      0.000 4
 443  419      1.015     -0.297      0.000 4
 444  420      1.025     -0.599      0.000 4
 446  422      1.031     -0.042      0.000 4
  -1   -2      1.034      0.746      0.000 4
 447  425      1.051     -0.341      0.000 4
 449  426      1.060      0.652      0.000 4
 448  429      1.063     -1.171      0.000 4
 460   -2      1.073     -0.013      0.000 4
  -1  434      1.076      0.246      0.000 4
 452  433      1.077      1.156      0.000 4
 453  432      1.078      0.825      0.000 4
 455  430      1.081      0.706      0.000 4
 454  431      1.082      0.960      0.000 4
 456  439      1.097      1.028      0.000 4
 457  436      1.099     -0.663      0.000 4
 458   -2      1.110      0.254      0.000 4
 459  437      1.114     -0.988      0.000 4
 462  438      1.119      0.088      0.000 4
  -1   -2      1.122     -0.587      0.000 4
 463  440      1.124     -0.348      0.000 4
 464   -2      1.134      1.025      0.000 4
 465  441      1.148     -0.796      0.000 4
 467  442      1.150     -1.102      0.000 4
 468  444      1.163     -0.567      0.000 4
 469  451      1.165      0.704      0.000 4
 470  445      1.192      0.879      0.000 4
 471   -2      1.202      0.964      0.000 4
 474  447      1.219     -0.327      0.000 4
 476   -2      1.224     -0.384      0.000 4
 477  450      1.225     -0.516      0.000 4
 479  468      1.239      1.148      0.000 4
 480  454      1.245     -0.586      0.000 4
  -1  452      1.254      0.558      0.000 4
 482  455      1.256      0.999      0.000 4
 483  456      1.266     -0.162      0.000 4
 485  458      1.284      0.398      0.000 4
 487  457      1.293     -0.513      0.000 4
  -1  463      1.315     -0.983      0.000 4
 490  464      1.323     -0.585      0.000 4
 488  480      1.341     -1.170      0.000 4
 491  466      1.342     -1.101      0.000 4
 492   -2      1.348      0.746      0.000 4
  -1   -2      1.357     -0.743      0.000 4
 494  467      1.371     -0.959      0.000 4
 495  471      1.387     -1.016      0.000 4
 496  470      1.388      1.108      0.000 4
 497  469      1.389      0.166      0.000 4
  -1   -2      1.395      0.097      0.000 4
 499  472      1.404     -0.251      0.000 4
 498  473      1.405     -0.357      0.000 4
 500  475      1.414     -0.965      0.000 4
 502  476      1.416     -0.483      0.000 4
 504  477      1.418     -0.418      0.000 4
 505  478      1.426      0.238      0.000 4
 506  479      1.429      0.526      0.000 4
 507  481      1.443     -0.757      0.000 4
  -1   -2      1.449     -0.194      0.000 4
  -1  483      1.452     -1.120      0.000 4
 508   -2      1.452     -1.078      0.000 4
 510   -2      1.463      0.599      0.000 4
 512  484      1.481     -0.773      0.000 4
 513  485      1.486      0.842      0.000 4
 514  486      1.487      0.275      0.000 4
  -1  487      1.489     -0.733      0.000 4
 509  488      1.490     -1.144      0.000 4
 511   -2      1.498      1.036      0.000 4
 516  489      1.507     -0.062      0.000 4
 517   -2      1.508     -0.214      0.000 4
  -1   -2      1.529     -0.511      0.000 4
 520  491      1.530      0.440      0.000 4
 521  492      1.531      0.065      0.000 4
 519   -2      1.532     -0.559      0.000 4
 515  490      1.536     -0.243      0.000 4
 522  494      1.545      1.109      0.000 4
 523  495      1.552     -0.638      0.000 4
 524  496      1.553     -1.062      0.000 4
 525  497      1.555     -0.949      0.000 4
 526  498      1.558      0.729      0.000 4
 527  499      1.566      0.600      0.000 4
 528  500      1.566     -0.843      0.000 4
  -1   -2      1.568      0.019      0.000 4
  -1  501      1.571      0.100      0.000 4
