518
  -1   -2     -1.569      0.895      0.000 4
  -1   -2     -1.564      0.681      0.000 4
  -1    1     -1.559      0.391      0.000 4
  -1   -2     -1.550     -0.697      0.000 4
   0    2     -1.547     -1.016      0.000 4
   1    3     -1.537      0.052      0.000 4
   2    0     -1.536      0.727      0.000 4
   3    4     -1.521     -0.536      0.000 4
   4    5     -1.517     -0.353      0.000 4
  -1   -2     -1.514      0.461      0.000 4
   7    6     -1.506      1.113      0.000 4
   5    7     -1.503      0.211      0.000 4
   6   -2     -1.502      0.008      0.000 4
   8    8     -1.501     -0.048      0.000 4
  -1   14     -1.495     -1.171      0.000 4
   9    9     -1.494      0.934      0.000 4
  -1   -2     -1.494     -0.730      0.000 4
  10   10     -1.487      0.849      0.000 4
  11   11     -1.483     -0.575      0.000 4
  -1   13     -1.481      0.807      0.000 4
  12   15     -1.465      0.982      0.000 4
  13   16     -1.463     -0.836      0.000 4
  15   18     -1.457      0.517      0.000 4
  14   25     -1.455     -0.971      0.000 4
  17   19     -1.447     -0.055      0.000 4
  -1   -2     -1.435     -0.391      0.000 4
  18   20     -1.428      0.722      0.000 4
  -1   -2     -1.428     -1.116      0.000 4
  19   21     -1.421     -0.488      0.000 4
  -1   -2     -1.418     -0.733      0.000 4
  23   24     -1.412      0.656      0.000 4
  20   -2     -1.399      0.841      0.000 4
  28   -2     -1.392      0.277      0.000 4
  -1   -2     -1.382     -1.119      0.000 4
  30   29     -1.355      0.042      0.000 4
  29   27     -1.352      0.499      0.000 4
  -1   28     -1.348     -1.169      0.000 4
  -1   -2     -1.333     -0.611      0.000 4
  31   30     -1.330      1.122      0.000 4
  -1   31     -1.328     -1.071      0.000 4
  32   33     -1.324     -0.158      0.000 4
  33   32     -1.322     -0.691      0.000 4
  -1   -2     -1.319     -0.095      0.000 4
  34   -2     -1.305      0.769      0.000 4
  35   36     -1.299      0.478      0.000 4
  36   35     -1.298     -0.804      0.000 4
  37   37     -1.296     -0.462      0.000 4
  38   38     -1.291     -1.106      0.000 4
  39   39     -1.283      0.872      0.000 4
  40   40     -1.279      0.221      0.000 4
  42   44     -1.264     -0.367      0.000 4
  41   43     -1.264      0.564      0.000 4
  43   41     -1.262     -1.019      0.000 4
  46   45     -1.261      0.991      0.000 4
  44   46     -1.261      0.457      0.000 4
  45   47     -1.258      0.772      0.000 4
  47   48     -1.249     -0.474      0.000 4
  50   50     -1.239     -0.802      0.000 4
  49   52     -1.237      0.392      0.000 4
  51   51     -1.235     -1.127      0.000 4
  52   53     -1.230     -0.701      0.000 4
  54   54     -1.229      1.161      0.000 4
  53   55     -1.224     -0.278      0.000 4
  55   56     -1.214     -0.493      0.000 4
  -1   62     -1.210      0.500      0.000 4
  -1   57     -1.210      0.789      0.000 4
  56   58     -1.207      0.665      0.000 4
  60   59     -1.201     -1.168      0.000 4
  57   61     -1.198     -0.935      0.000 4
  58   60     -1.197     -1.010      0.000 4
  59   65     -1.190      0.344      0.000 4
  62   67     -1.153      0.910      0.000 4
  -1   -2     -1.151      1.135      0.000 4
  63   68     -1.150     -0.512      0.000 4
  65   71     -1.131     -1.011      0.000 4
  66   72     -1.118      0.622      0.000 4
  67   73     -1.110     -0.155      0.000 4
  -1   -2     -1.108     -0.801      0.000 4
  -1   75     -1.104     -0.016      0.000 4
  -1   -2     -1.101     -0.016      0.000 4
  70   74     -1.096      1.163      0.000 4
  69   -2     -1.094     -0.017      0.000 4
  74   77     -1.085      0.343      0.000 4
  71   76     -1.082     -0.238      0.000 4
  73   78     -1.070     -0.845      0.000 4
  -1   79     -1.065     -0.656      0.000 4
  -1   81     -1.058      0.408      0.000 4
  75   82     -1.049      0.990      0.000 4
  76   84     -1.046     -0.062      0.000 4
  78   83     -1.042     -1.086      0.000 4
  77   86     -1.038      0.792      0.000 4
  80   87     -1.037      0.731      0.000 4
  79   88     -1.036      0.035      0.000 4
  81   91     -1.020      0.388      0.000 4
  -1   85     -1.020     -1.164      0.000 4
  -1   90     -1.019     -0.882      0.000 4
  83   92     -1.016     -0.477      0.000 4
  84   93     -1.011      0.141      0.000 4
  85   94     -1.002     -0.974      0.000 4
  86   95     -0.999      1.103      0.000 4
  88   96     -0.980     -0.150      0.000 4
  89   97     -0.974      0.755      0.000 4
  90   -2     -0.974      0.945      0.000 4
  91   98     -0.965     -0.654      0.000 4
  92   -2     -0.965      1.122      0.000 4
  93  101     -0.957     -0.099      0.000 4
  94   -2     -0.952      0.064      0.000 4
  95  102     -0.951     -0.977      0.000 4
  -1   -2     -0.942      0.217      0.000 4
  97  103     -0.938     -0.456      0.000 4
  98  104     -0.927     -0.738      0.000 4
  99  105     -0.922     -0.794      0.000 4
 100  107     -0.916      0.822      0.000 4
  -1   -2     -0.906     -0.032      0.000 4
 103  108     -0.906     -1.026      0.000 4
 104  110     -0.899      1.127      0.000 4
 101  109     -0.886     -1.096      0.000 4
 105  111     -0.874      0.882      0.000 4
 106  112     -0.869     -1.169      0.000 4
 107  113     -0.860     -0.287      0.000 4
 108  114     -0.855      0.049      0.000 4
  -1   -2     -0.852     -0.086      0.000 4
 111  116     -0.844      1.054      0.000 4
 109  115     -0.843      0.699      0.000 4
 110  117     -0.843     -0.772      0.000 4
 112  118     -0.840      0.377      0.000 4
 113  119     -0.837     -0.543      0.000 4
 116  120     -0.836      0.990      0.000 4
 115  121     -0.830     -0.252      0.000 4
 118  123     -0.821      1.095      0.000 4
 119  125     -0.814      0.246      0.000 4
  -1  137     -0.807     -0.934      0.000 4
 114  126     -0.800      0.839      0.000 4
 121  127     -0.797     -0.399      0.000 4
 122  128     -0.791     -0.626      0.000 4
 123  130     -0.787      0.950      0.000 4
 124  131     -0.786     -0.673      0.000 4
 125  132     -0.780     -0.202      0.000 4
 126  133     -0.776      0.430      0.000 4
  -1   -2     -0.773     -0.507      0.000 4
  -1  124     -0.768      0.559      0.000 4
 128  135     -0.766     -0.469      0.000 4
 127  134     -0.762      0.077      0.000 4
 129  136     -0.762      0.173      0.000 4
  -1   -2     -0.760      0.486      0.000 4
 131   -2     -0.756     -0.944      0.000 4
  -1   -2     -0.753     -1.160      0.000 4
 133   -2     -0.739      0.956      0.000 4
 132  138     -0.735     -0.030      0.000 4
  -1  139     -0.728     -0.968      0.000 4
  -1   -2     -0.720     -1.168      0.000 4
 135  141     -0.718      0.816      0.000 4
 137  140     -0.717      1.009      0.000 4
 136  142     -0.716     -0.455      0.000 4
 138  143     -0.714      0.598      0.000 4
 139  145     -0.706     -0.101      0.000 4
 141  144     -0.705     -0.723      0.000 4
 142   -2     -0.687      0.002      0.000 4
  -1  153     -0.684      0.928      0.000 4
 145  149     -0.670     -0.231      0.000 4
 143  148     -0.667     -1.171      0.000 4
 147  150     -0.665     -0.717      0.000 4
 148  152     -0.661      0.379      0.000 4
 149  155     -0.647      1.068      0.000 4
 150  156     -0.640      0.277      0.000 4
  -1   -2     -0.624     -0.048      0.000 4
 152  157     -0.621     -0.959      0.000 4
 151  158     -0.620     -0.139      0.000 4
 153  159     -0.609      0.427      0.000 4
 154  161     -0.607      0.950      0.000 4
 155  160     -0.604     -1.033      0.000 4
 167  146     -0.600     -1.084      0.000 4
 156  162     -0.596     -0.586      0.000 4
  -1  163     -0.580     -0.221      0.000 4
 157  164     -0.578     -0.188      0.000 4
 159  167     -0.571     -0.423      0.000 4
 160  166     -0.567      0.841      0.000 4
 158  165     -0.567     -0.903      0.000 4
 162  168     -0.560      0.625      0.000 4
 163   -2     -0.548      0.423      0.000 4
 164  169     -0.543      0.764      0.000 4
 166  171     -0.537      1.053      0.000 4
 168  173     -0.529      0.595      0.000 4
  -1   -2     -0.522      0.327      0.000 4
 170  175     -0.510      0.245      0.000 4
 172  178     -0.501     -0.710      0.000 4
 171  176     -0.501     -0.541      0.000 4
 173  177     -0.493     -1.172      0.000 4
  -1  179     -0.490      0.424      0.000 4
 174  180     -0.475     -0.819      0.000 4
  -1  181     -0.472     -0.605      0.000 4
 175  182     -0.470     -0.127      0.000 4
 176  183     -0.463     -0.442      0.000 4
 177  185     -0.457      0.710      0.000 4
 169   -2     -0.450     -0.295      0.000 4
 179  186     -0.447      0.325      0.000 4
 181  187     -0.438     -0.345      0.000 4
 178  188     -0.434      0.878      0.000 4
 182  189     -0.433      0.804      0.000 4
 184  190     -0.429      1.035      0.000 4
 183  192     -0.429      0.108      0.000 4
 185  191     -0.428      0.628      0.000 4
 187  193     -0.416     -0.802      0.000 4
 188  196     -0.410     -0.284      0.000 4
 191  197     -0.404      0.254      0.000 4
 193  198     -0.390     -0.581      0.000 4
 194  201     -0.374      0.592      0.000 4
  -1   -2     -0.358     -0.404      0.000 4
 195  204     -0.354     -0.743      0.000 4
 196  205     -0.353     -0.503      0.000 4
  -1   -2     -0.343     -0.070      0.000 4
 197  206     -0.343      0.073      0.000 4
 198  207     -0.339      1.038      0.000 4
 192  212     -0.338     -1.043      0.000 4
 199  208     -0.333      0.534      0.000 4
 200  209     -0.326     -0.787      0.000 4
  -1   -2     -0.322     -0.178      0.000 4
  -1  210     -0.301     -0.661      0.000 4
  -1  211     -0.293      0.784      0.000 4
  -1   -2     -0.290      0.758      0.000 4
 201  213     -0.286     -0.108      0.000 4
 202   -2     -0.280     -1.120      0.000 4
 203  214     -0.276     -0.856      0.000 4
 204  217     -0.265      0.282      0.000 4
 205  215     -0.261     -1.167      0.000 4
  -1  219     -0.252      1.004      0.000 4
 207  220     -0.252     -0.034      0.000 4
 208  221     -0.249     -0.968      0.000 4
 212  223     -0.240     -0.454      0.000 4
 211  222     -0.232      0.247      0.000 4
 210  225     -0.229     -1.085      0.000 4
 214  216     -0.226     -0.558      0.000 4
 213  224     -0.223      0.449      0.000 4
  -1   -2     -0.217     -0.211      0.000 4
 215  226     -0.211      0.175      0.000 4
 216   -2     -0.203     -0.087      0.000 4
  -1   -2     -0.201     -0.471      0.000 4
 218  227     -0.184      0.994      0.000 4
  -1   -2     -0.181      0.807      0.000 4
 219   -2     -0.178     -0.949      0.000 4
 222  229     -0.174     -0.199      0.000 4
 221  228     -0.173      0.258      0.000 4
 226  231     -0.160     -0.427      0.000 4
 224  236     -0.160      0.496      0.000 4
 225  232     -0.157     -0.762      0.000 4
 227  233     -0.148      0.019      0.000 4
 229   -2     -0.140      0.417      0.000 4
 230  235     -0.137     -1.115      0.000 4
 231  237     -0.123      0.996      0.000 4
 234  239     -0.101      0.842      0.000 4
 235  240     -0.090     -0.814      0.000 4
 236  241     -0.090     -0.312      0.000 4
 237  242     -0.081      0.231      0.000 4
 238  243     -0.076     -1.075      0.000 4
 239  245     -0.073      0.944      0.000 4
  -1  244     -0.061     -1.162      0.000 4
 242  246     -0.061      0.054      0.000 4
 244  238     -0.052     -0.222      0.000 4
  -1  248     -0.050      0.513      0.000 4
  -1  250     -0.038      0.897      0.000 4
 247  251     -0.022      0.890      0.000 4
 248  252     -0.019      0.404      0.000 4
 245  253     -0.018      0.243      0.000 4
  -1  254     -0.014     -0.016      0.000 4
  -1   -2     -0.014     -1.121      0.000 4
 250  255     -0.011      0.692      0.000 4
 253  258      0.028      0.452      0.000 4
 254   -2      0.038      1.074      0.000 4
 255  261      0.045      0.632      0.000 4
 256  263      0.050      0.109      0.000 4
 257  264      0.054     -0.776      0.000 4
  -1  265      0.056     -1.074      0.000 4
  -1   -2      0.059     -0.305      0.000 4
 259  262      0.059     -0.636      0.000 4
 260  266      0.059     -0.008      0.000 4
 261  267      0.063     -0.466      0.000 4
 263  269      0.091     -1.153      0.000 4
 264  270      0.094      0.821      0.000 4
 265  271      0.098     -0.163      0.000 4
 267  272      0.116      0.052      0.000 4
  -1  273      0.118     -0.373      0.000 4
 268  274      0.126     -0.294      0.000 4
 270  276      0.128     -1.085      0.000 4
 269  275      0.129      1.087      0.000 4
  -1  280      0.140     -0.438      0.000 4
 272  277      0.141      0.591      0.000 4
 273  278      0.145     -0.936      0.000 4
  -1   -2      0.154     -0.036      0.000 4
 274  279      0.158      0.474      0.000 4
 275  282      0.170      0.259      0.000 4
 276  281      0.173      0.740      0.000 4
 277   -2      0.181     -0.453      0.000 4
 278  283      0.187     -0.897      0.000 4
 279  284      0.196     -0.282      0.000 4
 280  285      0.202     -1.107      0.000 4
 281  286      0.212     -0.723      0.000 4
  -1   -2      0.219     -1.003      0.000 4
 283  289      0.225      0.043      0.000 4
 282   -2      0.228     -0.360      0.000 4
 284  291      0.230     -0.606      0.000 4
 285  290      0.231      0.930      0.000 4
 287  294      0.237      0.676      0.000 4
 288   -2      0.239      0.389      0.000 4
 286  292      0.244      0.756      0.000 4
 289  295      0.254     -0.076      0.000 4
 290   -2      0.264     -0.630      0.000 4
 291  296      0.271     -1.089      0.000 4
  -1  297      0.271     -0.424      0.000 4
 292  298      0.280     -0.224      0.000 4
 293  299      0.285     -1.158      0.000 4
 297   -2      0.297      0.684      0.000 4
 294  301      0.299     -0.588      0.000 4
 296  303      0.307      0.871      0.000 4
 298  305      0.308     -0.744      0.000 4
 295  304      0.312      0.995      0.000 4
 300  306      0.316      0.805      0.000 4
 301  307      0.322      0.182      0.000 4
 302  308      0.328      0.505      0.000 4
 314  302      0.329      0.666      0.000 4
 303  309      0.337      0.122      0.000 4
 305  310      0.343     -1.073      0.000 4
 307  313      0.358     -0.202      0.000 4
 306  312      0.358     -0.923      0.000 4
 311   -2      0.368     -0.597      0.000 4
 310  314      0.372      0.413      0.000 4
 312  315      0.373     -0.990      0.000 4
 313  316      0.381      0.050      0.000 4
 317  318      0.404     -0.584      0.000 4
 318   -2      0.405      0.248      0.000 4
 315   -2      0.413      0.780      0.000 4
 319  320      0.414     -0.267      0.000 4
 320  321      0.420     -0.879      0.000 4
 322  322      0.428     -1.136      0.000 4
 321  323      0.436      0.830      0.000 4
 324  324      0.448     -0.669      0.000 4
 325  325      0.457     -0.278      0.000 4
  -1   -2      0.462      0.468      0.000 4
 326  328      0.476     -0.489      0.000 4
  -1   -2      0.476     -1.114      0.000 4
  -1  327      0.477      1.103      0.000 4
 327  330      0.484      0.929      0.000 4
 329  329      0.486      0.213      0.000 4
  -1  331      0.488     -0.605      0.000 4
 330  332      0.490     -0.899      0.000 4
 334  334      0.501      0.126      0.000 4
 333  335      0.502     -1.166      0.000 4
 331   -2      0.504      0.013      0.000 4
 335   -2      0.506     -0.442      0.000 4
 336   -2      0.515      0.825      0.000 4
  -1  336      0.516     -0.409      0.000 4
 337  337      0.536     -0.616      0.000 4
 328   -2      0.539      0.734      0.000 4
 339  339      0.541      0.007      0.000 4
 340  340      0.541     -0.309      0.000 4
  -1   -2      0.553     -1.166      0.000 4
 341  341      0.555      1.034      0.000 4
 342  349      0.561      0.362      0.000 4
 343  342      0.569     -0.741      0.000 4
 344  343      0.570     -0.474      0.000 4
  -1  346      0.584     -0.791      0.000 4
 346  347      0.585      0.536      0.000 4
 347  348      0.589      0.446      0.000 4
 348   -2      0.592      0.399      0.000 4
 351  351      0.595      0.227      0.000 4
 349  350      0.600     -0.255      0.000 4
  -1  352      0.606      0.665      0.000 4
  -1   -2      0.608      0.790      0.000 4
 350  354      0.612     -0.019      0.000 4
 352  355      0.619     -0.992      0.000 4
  -1  357      0.627      1.087      0.000 4
 353  356      0.628     -0.452      0.000 4
 355  360      0.637      1.036      0.000 4
  -1  361      0.641      0.226      0.000 4
 356  359      0.652     -1.169      0.000 4
 358  362      0.662     -0.618      0.000 4
 360  363      0.669      0.796      0.000 4
 361  364      0.674     -0.713      0.000 4
 362   -2      0.677      0.629      0.000 4
 363  366      0.685     -0.920      0.000 4
 364  365      0.687      0.682      0.000 4
 388   -2      0.709      0.282      0.000 4
 366  367      0.710      0.942      0.000 4
 368  368      0.717     -0.037      0.000 4
  -1   -2      0.726     -0.211      0.000 4
 369  369      0.727     -0.990      0.000 4
 370  371      0.741     -0.770      0.000 4
 371  370      0.743      0.613      0.000 4
  -1  372      0.751     -0.338      0.000 4
 372  373      0.752      0.369      0.000 4
 374  374      0.754      0.398      0.000 4
 373  375      0.754     -1.042      0.000 4
 387   -2      0.764     -0.405      0.000 4
 377  378      0.768      0.959      0.000 4
 378  379      0.769      0.727      0.000 4
 380  381      0.789     -0.623      0.000 4
 381  382      0.791      0.660      0.000 4
 382   -2      0.793      0.534      0.000 4
 384   -2      0.794     -0.141      0.000 4
 394   -2      0.795     -0.722      0.000 4
 386  391      0.804     -0.980      0.000 4
 385  384      0.805     -0.231      0.000 4
 389  385      0.806      0.875      0.000 4
  -1  386      0.811      0.973      0.000 4
  -1  388      0.821     -0.167      0.000 4
 391  389      0.822     -1.095      0.000 4
 393  387      0.823      0.362      0.000 4
 395   -2      0.838     -1.038      0.000 4
 396  390      0.838     -0.592      0.000 4
 398  392      0.845      0.671      0.000 4
 397  393      0.845     -0.337      0.000 4
 399  395      0.858     -0.845      0.000 4
  -1  396      0.865     -1.125      0.000 4
 401  397      0.872     -0.025      0.000 4
 402  399      0.876     -0.432      0.000 4
 400  398      0.879     -1.165      0.000 4
 403  400      0.884      1.061      0.000 4
 404  401      0.890     -0.776      0.000 4
 405  402      0.906      1.160      0.000 4
  -1   -2      0.917     -0.449      0.000 4
  -1  403      0.927     -0.050      0.000 4
  -1   -2      0.927     -1.096      0.000 4
  -1  411      0.930     -0.878      0.000 4
 406  404      0.932      0.198      0.000 4
  -1   -2      0.935      0.682      0.000 4
 408  406      0.936      0.757      0.000 4
 409   -2      0.943     -0.607      0.000 4
 410  407      0.954     -0.817      0.000 4
 411  408      0.959      1.037      0.000 4
 413  409      0.966      0.925      0.000 4
  -1  410      0.967     -0.099      0.000 4
 414  412      0.969      0.972      0.000 4
 416  413      0.970      0.513      0.000 4
 415  414      0.971     -0.042      0.000 4
 417   -2      0.972      0.755      0.000 4
 418  415      0.983      0.304      0.000 4
  -1  405      0.985     -1.122      0.000 4
 419  416      0.986      0.259      0.000 4
  -1  418      1.005     -0.736      0.000 4
 420  417      1.011     -0.475      0.000 4
 421  419      1.013     -0.568      0.000 4
 422  420      1.020     -0.074      0.000 4
 424  422      1.032     -0.288      0.000 4
 423   -2      1.032     -0.882      0.000 4
  -1  424      1.054      0.045      0.000 4
 426   -2      1.068      0.653      0.000 4
 428  426      1.081      1.162      0.000 4
 429  425      1.082      0.607      0.000 4
 433  427      1.089     -1.172      0.000 4
 431  429      1.089      0.559      0.000 4
 430  431      1.089     -0.660      0.000 4
 432  430      1.090      0.109      0.000 4
 427   -2      1.098      0.059      0.000 4
  -1   -2      1.100     -0.471      0.000 4
 434  433      1.101     -1.076      0.000 4
  -1   -2      1.108      0.437      0.000 4
 435  435      1.113     -0.306      0.000 4
 436  436      1.118      0.354      0.000 4
 437   -2      1.128      0.235      0.000 4
  -1   -2      1.131     -0.955      0.000 4
 439  432      1.135      0.661      0.000 4
 440  437      1.138     -0.207      0.000 4
 441  438      1.147     -0.750      0.000 4
 442  439      1.155      0.177      0.000 4
 443  441      1.160     -0.987      0.000 4
 444  442      1.163     -0.406      0.000 4
  -1   -2      1.164     -0.942      0.000 4
 445  444      1.170     -0.901      0.000 4
 446  443      1.170      0.926      0.000 4
  -1   -2      1.176     -0.454      0.000 4
 447  445      1.179      0.468      0.000 4
  -1   -2      1.182      0.324      0.000 4
  -1   -2      1.182      0.711      0.000 4
  -1  446      1.194      1.006      0.000 4
 450  447      1.200      0.405      0.000 4
 451  448      1.202     -0.096      0.000 4
 452  450      1.209      0.802      0.000 4
 453  451      1.221     -0.678      0.000 4
 454   -2      1.222      0.632      0.000 4
  -1   -2      1.233     -0.438      0.000 4
 456  454      1.239      0.691      0.000 4
  -1   -2      1.241      1.032      0.000 4
 462   -2      1.247     -0.072      0.000 4
  -1   -2      1.276      0.733      0.000 4
 449   -2      1.284      0.985      0.000 4
 463  459      1.291     -0.645      0.000 4
 469  458      1.292     -1.164      0.000 4
  -1   -2      1.297     -0.728      0.000 4
 466  456      1.298      0.212      0.000 4
 465  462      1.298      0.039      0.000 4
 464  452      1.299     -1.087      0.000 4
 467  463      1.314     -0.508      0.000 4
 471  464      1.318      0.728      0.000 4
 470  466      1.319      1.038      0.000 4
 472  468      1.332     -0.674      0.000 4
 474  471      1.365     -0.659      0.000 4
 475  473      1.366     -0.753      0.000 4
 476  472      1.366     -0.162      0.000 4
 477  474      1.370     -1.135      0.000 4
 478  475      1.378      0.251      0.000 4
 479   -2      1.395     -0.266      0.000 4
 482  479      1.416      0.274      0.000 4
 480  478      1.416     -1.166      0.000 4
 483  477      1.431      0.615      0.000 4
 484  481      1.449      0.419      0.000 4
 487  483      1.464     -0.670      0.000 4
 488  484      1.469     -0.524      0.000 4
  -1  485      1.474      0.833      0.000 4
 489  486      1.476     -0.599      0.000 4
  -1   -2      1.485     -1.080      0.000 4
 490  487      1.485     -0.396      0.000 4
 492  482      1.495      0.485      0.000 4
 493   -2      1.499     -0.988      0.000 4
  -1  491      1.516      0.046      0.000 4
 496  492      1.520      0.152      0.000 4
 497  490      1.531     -0.337      0.000 4
  -1  489      1.532     -0.993      0.000 4
  -1   -2      1.537     -1.106      0.000 4
 499  495      1.570     -0.365      0.000 4
