512
  -1   -2     -1.563      1.005      0.000 4
   0    0     -1.560     -0.423      0.000 4
   1    2     -1.555      0.834      0.000 4
   2    3     -1.550      0.438      0.000 4
   3    1     -1.542     -0.953      0.000 4
   5    5     -1.524      0.359      0.000 4
  -1   -2     -1.508     -0.367      0.000 4
   9    8     -1.505      0.056      0.000 4
   7    7     -1.504     -0.481      0.000 4
   8    9     -1.498      1.048      0.000 4
  10   26     -1.490     -0.670      0.000 4
  11   22     -1.486     -0.307      0.000 4
  12   10     -1.482      0.874      0.000 4
  15   13     -1.469     -0.035      0.000 4
  17   14     -1.467     -0.519      0.000 4
  16   15     -1.466      0.791      0.000 4
  18   18     -1.463      0.197      0.000 4
  19   16     -1.462     -0.775      0.000 4
  -1   19     -1.459      0.019      0.000 4
  14   -2     -1.449     -1.165      0.000 4
  24   24     -1.417      0.476      0.000 4
  -1   -2     -1.410     -0.676      0.000 4
  26   28     -1.405      0.672      0.000 4
  23   29     -1.405     -0.042      0.000 4
  31   20     -1.404      0.838      0.000 4
  27   30     -1.396     -0.445      0.000 4
  28   31     -1.387      0.275      0.000 4
  -1   -2     -1.384     -0.380      0.000 4
  -1   -2     -1.383     -0.626      0.000 4
  -1   32     -1.377      0.788      0.000 4
  30   34     -1.362     -0.177      0.000 4
  -1   -2     -1.361      0.745      0.000 4
  -1   35     -1.351     -0.547      0.000 4
  33   37     -1.335      1.072      0.000 4
  32   -2     -1.331     -0.330      0.000 4
  34   38     -1.313     -1.051      0.000 4
  35   39     -1.308     -0.646      0.000 4
  36   40     -1.302      0.465      0.000 4
  37   41     -1.292     -0.753      0.000 4
  -1   -2     -1.281     -0.816      0.000 4
  38   42     -1.277      0.723      0.000 4
  40   43     -1.276     -0.966      0.000 4
  39   44     -1.272     -0.136      0.000 4
  41   45     -1.264      0.827      0.000 4
  -1   47     -1.262     -0.081      0.000 4
  42   46     -1.262     -0.426      0.000 4
  43   49     -1.257      0.945      0.000 4
  45   50     -1.247      0.452      0.000 4
  46   51     -1.239      1.120      0.000 4
  47   52     -1.232     -0.756      0.000 4
  49   53     -1.226      0.735      0.000 4
  48   60     -1.225     -1.148      0.000 4
  51   54     -1.219     -0.338      0.000 4
  52   59     -1.213      0.535      0.000 4
  53   58     -1.213     -0.443      0.000 4
  56   57     -1.211     -0.965      0.000 4
  57   62     -1.204      0.432      0.000 4
  -1   -2     -1.203      0.796      0.000 4
  55   65     -1.193     -0.202      0.000 4
  58   63     -1.179      0.599      0.000 4
  59   64     -1.176      0.372      0.000 4
  60   68     -1.173     -0.256      0.000 4
  61   66     -1.172     -0.556      0.000 4
  62   69     -1.165      0.637      0.000 4
  63   -2     -1.156      1.093      0.000 4
  64   70     -1.151      1.142      0.000 4
  66   71     -1.149     -0.947      0.000 4
  67   73     -1.140     -0.987      0.000 4
  69   74     -1.134      0.877      0.000 4
  70   75     -1.122      0.329      0.000 4
  71   76     -1.113     -0.484      0.000 4
  73   77     -1.105      1.134      0.000 4
  74   78     -1.102     -0.100      0.000 4
  75   80     -1.073      0.608      0.000 4
  77   82     -1.065     -0.810      0.000 4
  76   81     -1.059     -1.112      0.000 4
  78   86     -1.046     -0.144      0.000 4
  80   87     -1.038      0.969      0.000 4
  81   89     -1.023     -0.013      0.000 4
  82   91     -1.022     -0.226      0.000 4
  83   84     -1.020     -1.168      0.000 4
  84   97     -1.016      0.262      0.000 4
  -1   92     -1.014     -0.846      0.000 4
  85   98     -1.011      0.329      0.000 4
  86   93     -1.009     -0.947      0.000 4
  87   94     -1.004      0.458      0.000 4
  88   95     -1.000      1.083      0.000 4
  89   96     -0.997      0.714      0.000 4
  90   99     -0.993      0.408      0.000 4
  93  102     -0.970     -0.055      0.000 4
  94  104     -0.963      0.040      0.000 4
  95   -2     -0.958      0.383      0.000 4
  97  103     -0.954     -0.819      0.000 4
 100  106     -0.938     -0.640      0.000 4
 102  107     -0.938      0.746      0.000 4
 101  108     -0.936      0.140      0.000 4
  -1  113     -0.914      1.162      0.000 4
 103  109     -0.914     -1.003      0.000 4
 104  110     -0.913     -0.144      0.000 4
 105  111     -0.908     -0.723      0.000 4
 106  112     -0.907     -0.776      0.000 4
 107   -2     -0.907     -1.075      0.000 4
 108   -2     -0.904      1.116      0.000 4
 114  114     -0.891     -1.163      0.000 4
 109  115     -0.891     -0.447      0.000 4
 110  117     -0.889     -0.097      0.000 4
 111  116     -0.887      0.816      0.000 4
 112   -2     -0.876      0.068      0.000 4
 115  119     -0.850      0.879      0.000 4
 117  120     -0.839      1.051      0.000 4
 118  122     -0.828     -0.764      0.000 4
 119  121     -0.828      0.987      0.000 4
 120  123     -0.822      1.095      0.000 4
 121  125     -0.804     -0.942      0.000 4
  -1  126     -0.804      0.278      0.000 4
 124  127     -0.797     -0.539      0.000 4
 123  128     -0.797     -0.285      0.000 4
  -1   -2     -0.786      0.048      0.000 4
 126  131     -0.783      0.048      0.000 4
  -1   -2     -0.783     -0.783      0.000 4
 127  132     -0.773      0.955      0.000 4
 128  133     -0.765     -0.251      0.000 4
 129  134     -0.761     -0.669      0.000 4
 130  135     -0.755     -0.936      0.000 4
  -1  136     -0.753      0.323      0.000 4
  -1   -2     -0.744     -0.359      0.000 4
 132  137     -0.743     -0.401      0.000 4
 133   -2     -0.729     -0.966      0.000 4
  -1  138     -0.727      0.252      0.000 4
 134  141     -0.719     -0.473      0.000 4
 136  140     -0.717      0.970      0.000 4
 135  142     -0.715     -0.203      0.000 4
 138  143     -0.711     -1.013      0.000 4
 137  144     -0.711      0.439      0.000 4
 139  145     -0.705      1.022      0.000 4
 140  147     -0.693      0.081      0.000 4
 131  161     -0.688     -1.173      0.000 4
 142  149     -0.686      0.175      0.000 4
 143  148     -0.685      0.832      0.000 4
 145  150     -0.680     -0.730      0.000 4
 147   -2     -0.670     -0.879      0.000 4
 148  151     -0.667     -0.463      0.000 4
 146  152     -0.665     -0.259      0.000 4
 150  153     -0.661      0.614      0.000 4
 149  154     -0.660     -0.033      0.000 4
 151  156     -0.640      1.087      0.000 4
 152  157     -0.640     -0.726      0.000 4
  -1   -2     -0.636      0.736      0.000 4
 153  158     -0.636     -0.103      0.000 4
 156  160     -0.632      0.640      0.000 4
  -1   -2     -0.616     -0.003      0.000 4
 157  164     -0.610     -1.045      0.000 4
 158  165     -0.606     -0.239      0.000 4
  -1  166     -0.606      0.422      0.000 4
  -1  173     -0.597      0.840      0.000 4
 160  163     -0.596     -0.952      0.000 4
 159   -2     -0.595      0.392      0.000 4
 162  167     -0.588      0.974      0.000 4
 163  168     -0.569      0.287      0.000 4
 165  170     -0.561     -0.603      0.000 4
 167  175     -0.554     -1.170      0.000 4
 166  171     -0.549     -0.142      0.000 4
 168  172     -0.546      0.445      0.000 4
  -1   -2     -0.533     -1.082      0.000 4
 173  174     -0.528      1.088      0.000 4
  -1  178     -0.523     -0.231      0.000 4
  -1  176     -0.520      0.550      0.000 4
 175  179     -0.513      0.651      0.000 4
 174   -2     -0.513     -0.199      0.000 4
  -1   -2     -0.508     -0.702      0.000 4
  -1   -2     -0.492      0.100      0.000 4
 177  184     -0.482      0.623      0.000 4
 179   -2     -0.478     -1.126      0.000 4
 178  186     -0.474     -0.739      0.000 4
 180  188     -0.462     -0.565      0.000 4
 182  185     -0.459     -1.173      0.000 4
 181  187     -0.459     -0.848      0.000 4
 183  189     -0.443      0.258      0.000 4
  -1   -2     -0.433     -0.951      0.000 4
 187  191     -0.423      1.082      0.000 4
 188  192     -0.420      0.743      0.000 4
 189  193     -0.416     -0.468      0.000 4
 190  195     -0.410     -0.140      0.000 4
 191  194     -0.409      0.921      0.000 4
 192  196     -0.404      0.846      0.000 4
 185   -2     -0.403      0.411      0.000 4
 194  198     -0.399     -0.838      0.000 4
 195  199     -0.388      0.346      0.000 4
 196  200     -0.387      0.667      0.000 4
 198   -2     -0.361     -0.618      0.000 4
 197  202     -0.360     -0.306      0.000 4
 199  203     -0.348     -1.084      0.000 4
  -1  204     -0.346     -0.704      0.000 4
 204  206     -0.334      1.095      0.000 4
 203  205     -0.334      0.629      0.000 4
 202  207     -0.333     -0.786      0.000 4
 206  209     -0.315     -0.541      0.000 4
 205  213     -0.313      0.357      0.000 4
 208  211     -0.309     -0.831      0.000 4
 207  212     -0.308      0.030      0.000 4
 214  214     -0.290     -1.167      0.000 4
 211  215     -0.288      0.572      0.000 4
 210  216     -0.287      0.074      0.000 4
 212  217     -0.279     -0.707      0.000 4
 213  218     -0.271      0.841      0.000 4
 215  219     -0.266     -0.908      0.000 4
 217   -2     -0.262     -0.379      0.000 4
 218  221     -0.246     -1.022      0.000 4
 220  225     -0.224     -1.094      0.000 4
 221  227     -0.217      0.311      0.000 4
 222  226     -0.213      0.384      0.000 4
 223  228     -0.207     -0.043      0.000 4
 224  229     -0.207     -0.497      0.000 4
 225   -2     -0.200     -0.605      0.000 4
 226  230     -0.190      0.266      0.000 4
 227  232     -0.186     -0.232      0.000 4
 228  233     -0.184      0.489      0.000 4
 230  231     -0.178     -1.009      0.000 4
 229  234     -0.177      1.070      0.000 4
 232   -2     -0.170     -0.515      0.000 4
 231  235     -0.169      0.188      0.000 4
 234  238     -0.143     -0.824      0.000 4
 240  239     -0.143     -1.119      0.000 4
  -1  240     -0.141     -0.200      0.000 4
 237  241     -0.140     -0.638      0.000 4
 239  243     -0.135      0.279      0.000 4
 238  242     -0.135     -0.228      0.000 4
  -1  245     -0.131      0.737      0.000 4
 241  244     -0.130     -0.472      0.000 4
 242  248     -0.119      1.074      0.000 4
 243  250     -0.110      0.455      0.000 4
  -1   -2     -0.098     -0.929      0.000 4
 244  251     -0.091      0.915      0.000 4
 246  254     -0.084     -0.296      0.000 4
 248  253     -0.082     -0.880      0.000 4
 245  255     -0.081     -1.153      0.000 4
 250  257     -0.069      1.022      0.000 4
 251  258     -0.061     -0.334      0.000 4
  -1  264     -0.060     -0.079      0.000 4
 253  259     -0.051      0.250      0.000 4
 252  261     -0.045      0.435      0.000 4
 254  262     -0.031      0.051      0.000 4
  -1   -2     -0.028      0.564      0.000 4
 255  263     -0.028      0.968      0.000 4
 259  266      0.001      0.760      0.000 4
 258  267      0.002      0.442      0.000 4
 261  268      0.003      0.116      0.000 4
 260  265      0.004      0.265      0.000 4
 262  269      0.006     -0.026      0.000 4
  -1  270      0.022     -0.990      0.000 4
  -1   -2      0.037      1.159      0.000 4
 263  273      0.043      0.499      0.000 4
 264  275      0.054      0.693      0.000 4
  -1  274      0.055      0.306      0.000 4
 265  276      0.056     -0.854      0.000 4
 266   -2      0.062      0.925      0.000 4
 267  277      0.062     -0.700      0.000 4
 268  278      0.063      0.131      0.000 4
 270  281      0.073     -0.016      0.000 4
  -1  282      0.076     -0.520      0.000 4
 271  284      0.079      0.096      0.000 4
  -1  283      0.081     -0.662      0.000 4
 272  285      0.088      0.348      0.000 4
 276  286      0.105      0.959      0.000 4
  -1  287      0.105      0.311      0.000 4
 274  288      0.106     -1.088      0.000 4
 275  289      0.108     -1.163      0.000 4
 273  290      0.118     -0.136      0.000 4
 278   -2      0.135     -0.334      0.000 4
  -1  295      0.137      0.746      0.000 4
 279  291      0.141     -0.957      0.000 4
 280  292      0.142      0.652      0.000 4
 281  293      0.149     -0.170      0.000 4
  -1  294      0.151      0.518      0.000 4
  -1   -2      0.156     -1.005      0.000 4
 283   -2      0.169      0.814      0.000 4
 284  296      0.177      0.286      0.000 4
 282  297      0.184     -0.507      0.000 4
 286  298      0.189     -0.970      0.000 4
 287  299      0.197     -0.317      0.000 4
 289  300      0.212     -0.789      0.000 4
  -1   -2      0.214     -1.089      0.000 4
 290  303      0.216     -1.003      0.000 4
 292  302      0.222      1.012      0.000 4
 291  304      0.222      0.040      0.000 4
 294   -2      0.227      0.307      0.000 4
 295  316      0.229      0.745      0.000 4
 296  306      0.231     -0.670      0.000 4
 297  307      0.237      0.434      0.000 4
 298   -2      0.250     -0.092      0.000 4
  -1   -2      0.257      0.078      0.000 4
 299  311      0.265     -0.690      0.000 4
 300  312      0.274     -0.468      0.000 4
 301  313      0.277     -0.254      0.000 4
  -1  314      0.283      0.116      0.000 4
 304  315      0.291     -0.641      0.000 4
 303   -2      0.293      0.750      0.000 4
 305  317      0.300      0.948      0.000 4
 307  319      0.306      0.878      0.000 4
  -1  321      0.306     -0.805      0.000 4
 306  320      0.308     -1.156      0.000 4
 308  322      0.310      0.197      0.000 4
 309  310      0.310     -0.090      0.000 4
 302  323      0.323      0.138      0.000 4
 310  328      0.337     -0.038      0.000 4
 312  324      0.341     -0.227      0.000 4
 313  325      0.354      0.454      0.000 4
 314   -2      0.355     -0.130      0.000 4
 315  329      0.359     -0.987      0.000 4
 317  330      0.362      0.056      0.000 4
  -1   -2      0.368      0.543      0.000 4
  -1  333      0.369      0.802      0.000 4
 319  334      0.375     -1.053      0.000 4
 320  336      0.396     -0.633      0.000 4
 321  344      0.397     -0.797      0.000 4
 322  337      0.398     -0.296      0.000 4
  -1  338      0.417      0.903      0.000 4
 323  350      0.418     -0.938      0.000 4
  -1  326      0.431     -1.167      0.000 4
 326  339      0.436      0.053      0.000 4
 325  341      0.437     -0.719      0.000 4
 327  340      0.439     -0.305      0.000 4
 329  342      0.446     -0.349      0.000 4
 332  343      0.446      0.733      0.000 4
 330  345      0.458      0.233      0.000 4
 333  346      0.470      1.006      0.000 4
 334  347      0.472      0.135      0.000 4
 331  335      0.473     -1.124      0.000 4
 335  349      0.478     -0.646      0.000 4
 338  351      0.488     -0.475      0.000 4
 339  352      0.493     -0.441      0.000 4
  -1   -2      0.496     -1.160      0.000 4
 341  354      0.508      0.008      0.000 4
  -1  357      0.512      0.550      0.000 4
 343  355      0.519     -0.334      0.000 4
 344  356      0.522     -0.656      0.000 4
 345  368      0.537     -1.133      0.000 4
 346  358      0.541      1.104      0.000 4
 348   -2      0.544      0.399      0.000 4
 349  359      0.550     -0.506      0.000 4
 350   -2      0.551      0.578      0.000 4
 352  360      0.557      0.434      0.000 4
 355  361      0.557      0.248      0.000 4
 353  362      0.563     -0.791      0.000 4
 357  363      0.569      0.167      0.000 4
 356  365      0.570     -0.282      0.000 4
 360  367      0.576     -0.019      0.000 4
 361  371      0.597      0.605      0.000 4
  -1  372      0.598      0.248      0.000 4
 363  373      0.607     -0.476      0.000 4
 364  374      0.615     -0.879      0.000 4
 365  376      0.625      1.100      0.000 4
  -1   -2      0.626      1.156      0.000 4
 366  377      0.627     -1.030      0.000 4
 367  378      0.640      0.855      0.000 4
 368  379      0.645     -0.645      0.000 4
 369  380      0.652      0.734      0.000 4
 370  382      0.659     -0.741      0.000 4
  -1  384      0.679     -0.594      0.000 4
 373  385      0.683     -0.943      0.000 4
  -1  386      0.690      1.002      0.000 4
 374  387      0.700      0.659      0.000 4
 375  388      0.704      0.416      0.000 4
 378  390      0.717      0.061      0.000 4
  -1  391      0.721     -1.109      0.000 4
 380  392      0.729     -0.786      0.000 4
 379  394      0.731     -1.009      0.000 4
 382  393      0.733     -0.416      0.000 4
 381  395      0.734      0.778      0.000 4
 384  389      0.737      0.259      0.000 4
 383  396      0.737      1.020      0.000 4
  -1   -2      0.745      0.494      0.000 4
 387  397      0.747     -0.100      0.000 4
 386  398      0.751      0.703      0.000 4
 389  399      0.757     -0.586      0.000 4
 377   -2      0.759     -1.062      0.000 4
 392  401      0.767     -0.233      0.000 4
 393  403      0.771      0.391      0.000 4
 395   -2      0.776     -0.450      0.000 4
 396  405      0.779      0.923      0.000 4
 398  407      0.782      1.020      0.000 4
 397  408      0.791     -0.981      0.000 4
 394   -2      0.792     -1.159      0.000 4
 399  409      0.810     -0.342      0.000 4
 400  411      0.815     -0.782      0.000 4
 401  413      0.816     -0.602      0.000 4
 402  412      0.818     -0.013      0.000 4
 403  414      0.828     -1.105      0.000 4
 404  415      0.842     -1.044      0.000 4
 405   -2      0.852     -0.850      0.000 4
  -1  416      0.868     -0.899      0.000 4
  -1   -2      0.869      0.206      0.000 4
 406  418      0.874      1.103      0.000 4
 409  417      0.880      0.240      0.000 4
  -1   -2      0.885     -0.446      0.000 4
  -1  420      0.888      0.792      0.000 4
 410   -2      0.894      0.956      0.000 4
  -1   -2      0.898      0.730      0.000 4
  -1   -2      0.899     -1.006      0.000 4
  -1   -2      0.902      1.101      0.000 4
  -1  424      0.916     -0.089      0.000 4
 412  423      0.917      0.539      0.000 4
  -1  426      0.922     -0.875      0.000 4
 413  428      0.922     -0.602      0.000 4
 414  425      0.923      0.321      0.000 4
 415  427      0.926      0.278      0.000 4
 417  429      0.934      0.785      0.000 4
  -1  421      0.935     -1.085      0.000 4
 418  430      0.940      0.960      0.000 4
 420  431      0.944      1.072      0.000 4
 419  432      0.945     -0.812      0.000 4
 421  433      0.947      1.003      0.000 4
 422  434      0.962     -0.886      0.000 4
 423  435      0.970     -0.059      0.000 4
 425  436      0.981     -0.465      0.000 4
 429  438      0.989     -0.277      0.000 4
 426  439      0.989     -0.559      0.000 4
 427  440      0.993      0.063      0.000 4
 430   -2      1.003     -0.175      0.000 4
 431  443      1.016      0.682      0.000 4
 432  444      1.027      0.626      0.000 4
 433  445      1.028      0.124      0.000 4
 434  446      1.032      0.578      0.000 4
  -1   -2      1.043      0.192      0.000 4
 435  448      1.045      0.451      0.000 4
 436  447      1.046      0.081      0.000 4
  -1  450      1.052      0.732      0.000 4
 437  449      1.052     -0.348      0.000 4
 438  451      1.056      0.368      0.000 4
  -1   -2      1.059      0.419      0.000 4
 441  453      1.071     -0.283      0.000 4
 440  454      1.071     -0.641      0.000 4
  -1   -2      1.076     -1.175      0.000 4
 443  455      1.093     -0.189      0.000 4
  -1   -2      1.093      0.895      0.000 4
 444  456      1.095      0.190      0.000 4
 445  458      1.108     -1.050      0.000 4
 448  459      1.120      0.477      0.000 4
 447   -2      1.122     -0.286      0.000 4
  -1   -2      1.124      0.527      0.000 4
 450  461      1.134     -0.719      0.000 4
  -1  463      1.137      1.005      0.000 4
 451  462      1.139      0.412      0.000 4
 449  464      1.139     -1.162      0.000 4
 452  465      1.143      0.935      0.000 4
 453   -2      1.150     -0.076      0.000 4
 454  466      1.161     -0.953      0.000 4
 456  469      1.169     -0.864      0.000 4
 457  468      1.170      0.806      0.000 4
 458  467      1.172      0.630      0.000 4
 455   -2      1.174      1.013      0.000 4
 459  472      1.183     -0.459      0.000 4
 461  473      1.188      0.687      0.000 4
  -1   -2      1.192     -0.142      0.000 4
 462  474      1.199     -0.048      0.000 4
 463  475      1.207     -0.639      0.000 4
  -1   -2      1.223      0.566      0.000 4
 465  476      1.230      0.226      0.000 4
 466  480      1.241      0.057      0.000 4
  -1  483      1.242      0.972      0.000 4
  -1   -2      1.246      0.133      0.000 4
 467  481      1.273     -0.601      0.000 4
 478  470      1.277      0.864      0.000 4
 468  484      1.281     -0.680      0.000 4
 470  485      1.287     -0.465      0.000 4
 472  487      1.300      1.027      0.000 4
 474  488      1.303     -1.094      0.000 4
 473  486      1.304     -0.963      0.000 4
  -1  490      1.320     -1.171      0.000 4
  -1   -2      1.322     -0.132      0.000 4
  -1   -2      1.327     -1.026      0.000 4
 477   -2      1.327      0.250      0.000 4
 479  489      1.336     -0.615      0.000 4
 480  492      1.357     -0.698      0.000 4
  -1  491      1.358      0.573      0.000 4
 481  493      1.359     -0.228      0.000 4
 482  495      1.369      0.272      0.000 4
 484  496      1.373     -1.081      0.000 4
  -1   -2      1.375      0.964      0.000 4
  -1   -2      1.377      0.516      0.000 4
 483   -2      1.386     -1.138      0.000 4
 486  499      1.394     -0.167      0.000 4
 487  500      1.403      0.408      0.000 4
 488  502      1.409      0.096      0.000 4
  -1  501      1.409      0.466      0.000 4
  -1  504      1.416     -1.097      0.000 4
  -1   -2      1.433     -0.205      0.000 4
 489  505      1.433      0.800      0.000 4
 491  506      1.448      0.465      0.000 4
  -1   -2      1.449     -1.171      0.000 4
 490  507      1.450     -0.610      0.000 4
 492  508      1.452     -0.469      0.000 4
 496   -2      1.457      0.013      0.000 4
 493  510      1.459     -0.538      0.000 4
 494   -2      1.462     -0.357      0.000 4
 495  511      1.470     -0.328      0.000 4
 497   -2      1.481      0.150      0.000 4
 498  513      1.492     -1.084      0.000 4
 499  514      1.496     -0.920      0.000 4
 500   -2      1.498     -0.065      0.000 4
 502  515      1.518      0.242      0.000 4
 503  516      1.531      0.590      0.000 4
 504  517      1.537      1.129      0.000 4
  -1   -2      1.540      0.741      0.000 4
 507  525      1.552     -0.386      0.000 4
 510   -2      1.553     -0.790      0.000 4
 506  519      1.554     -0.312      0.000 4
 508  520      1.556      0.938      0.000 4
  -1  521      1.557      0.678      0.000 4
 509  522      1.561     -1.099      0.000 4
 511  523      1.565     -0.125      0.000 4
 512  512      1.570      0.088      0.000 4
