506
  -1   -2     -1.571      0.464      0.000 4
   0    0     -1.567      0.884      0.000 4
  -1    2     -1.566      0.670      0.000 4
   2    3     -1.553      0.385      0.000 4
   3    4     -1.549     -1.004      0.000 4
   5    5     -1.531      0.054      0.000 4
   4    7     -1.520     -0.526      0.000 4
  19    8     -1.513     -0.344      0.000 4
  -1   10     -1.507      0.007      0.000 4
  -1   11     -1.505     -0.988      0.000 4
  10   12     -1.496     -0.047      0.000 4
   8   -2     -1.496     -0.719      0.000 4
   9   13     -1.495      0.208      0.000 4
  11   14     -1.492      0.924      0.000 4
  13   15     -1.483      0.838      0.000 4
  12   16     -1.482     -0.564      0.000 4
  14    9     -1.481     -0.754      0.000 4
  15   17     -1.478      0.796      0.000 4
  16   19     -1.465      0.973      0.000 4
  17   20     -1.463     -0.825      0.000 4
  18   18     -1.463     -0.965      0.000 4
  21   22     -1.450     -0.060      0.000 4
  24   25     -1.418     -0.482      0.000 4
  -1   -2     -1.412     -0.721      0.000 4
  26   26     -1.407      0.648      0.000 4
  27   27     -1.407     -0.928      0.000 4
  23   -2     -1.395      0.831      0.000 4
  28   29     -1.394     -0.191      0.000 4
  30   -2     -1.389      0.275      0.000 4
  -1   39     -1.384      0.376      0.000 4
  -1   -2     -1.344      0.051      0.000 4
  31   31     -1.343      0.491      0.000 4
  -1   -2     -1.333     -1.163      0.000 4
  34   32     -1.331      1.112      0.000 4
  -1   -2     -1.322      0.526      0.000 4
  35   33     -1.319      0.936      0.000 4
  36   34     -1.318     -0.682      0.000 4
  37   35     -1.315     -0.155      0.000 4
  38   36     -1.301      0.754      0.000 4
  39   38     -1.298     -0.794      0.000 4
  40   37     -1.296     -1.096      0.000 4
  42   40     -1.290     -0.455      0.000 4
  41   41     -1.290      0.473      0.000 4
  43   42     -1.281      0.864      0.000 4
  -1   43     -1.273     -1.003      0.000 4
  44   46     -1.268      0.217      0.000 4
  46   45     -1.265      0.979      0.000 4
  -1   -2     -1.263     -0.651      0.000 4
  47   49     -1.254     -0.361      0.000 4
  48   48     -1.253      0.559      0.000 4
  49   50     -1.252      0.764      0.000 4
  51   -2     -1.251     -0.211      0.000 4
  50   51     -1.250      0.454      0.000 4
  45   52     -1.243     -1.027      0.000 4
  52   53     -1.239     -0.470      0.000 4
  55   55     -1.230      1.154      0.000 4
  54   57     -1.227      0.387      0.000 4
  56   54     -1.221     -0.226      0.000 4
  58   58     -1.217     -0.274      0.000 4
  -1   -2     -1.205      0.793      0.000 4
  60   -2     -1.203     -0.935      0.000 4
  59   60     -1.201     -1.000      0.000 4
  -1   61     -1.199      0.660      0.000 4
  63   63     -1.175      0.342      0.000 4
  64   -2     -1.154     -0.108      0.000 4
  -1   64     -1.153      1.126      0.000 4
  65   65     -1.150      0.904      0.000 4
  66   67     -1.142     -0.507      0.000 4
  67   66     -1.141     -0.980      0.000 4
  68   68     -1.130     -1.017      0.000 4
  69   70     -1.111      0.618      0.000 4
  71   71     -1.098      1.154      0.000 4
  70   73     -1.098     -0.152      0.000 4
  72   74     -1.085     -0.022      0.000 4
  -1   75     -1.077      0.840      0.000 4
  73   79     -1.076      0.266      0.000 4
  75   77     -1.072     -0.834      0.000 4
  74   78     -1.072     -0.235      0.000 4
  76   80     -1.069      0.336      0.000 4
  78   83     -1.055      0.437      0.000 4
  80   84     -1.048      0.987      0.000 4
  79   85     -1.044      0.408      0.000 4
  81   89     -1.038     -0.060      0.000 4
  82   88     -1.030      0.727      0.000 4
  84   92     -1.025     -1.158      0.000 4
  83   90     -1.022      0.037      0.000 4
  -1   -2     -1.017     -0.237      0.000 4
  86   94     -1.009      0.388      0.000 4
  87   93     -1.008     -0.472      0.000 4
  89   95     -1.003     -0.968      0.000 4
  90   96     -1.001      1.100      0.000 4
  88   97     -0.995      0.140      0.000 4
  92   98     -0.969      0.754      0.000 4
  93   99     -0.969      0.941      0.000 4
  91  100     -0.969     -0.148      0.000 4
  -1  101     -0.962     -0.652      0.000 4
  -1   -2     -0.955     -0.970      0.000 4
  97  103     -0.946     -0.099      0.000 4
  -1   -2     -0.941      0.063      0.000 4
  99  105     -0.929     -0.453      0.000 4
 100   -2     -0.923      0.636      0.000 4
 101  106     -0.922     -0.735      0.000 4
 102  107     -0.919     -0.790      0.000 4
 103  108     -0.913      0.817      0.000 4
 104  109     -0.907     -1.022      0.000 4
 105  110     -0.904     -1.094      0.000 4
 106  111     -0.899      1.127      0.000 4
 107  113     -0.874     -1.168      0.000 4
  95   -2     -0.873     -0.616      0.000 4
 109  114     -0.870      0.881      0.000 4
  -1  116     -0.848     -0.286      0.000 4
 112  120     -0.844      0.048      0.000 4
 114  117     -0.842      1.054      0.000 4
 115  118     -0.842     -0.771      0.000 4
 113   -2     -0.842      0.742      0.000 4
 116  119     -0.838      0.987      0.000 4
 117  130     -0.832      0.832      0.000 4
  -1  121     -0.831      0.694      0.000 4
 118  122     -0.830     -0.541      0.000 4
 120  124     -0.821      1.095      0.000 4
 119  125     -0.819     -0.253      0.000 4
 121  126     -0.814      0.321      0.000 4
 128  127     -0.804     -0.945      0.000 4
  -1  128     -0.801      0.280      0.000 4
 123   -2     -0.794      0.839      0.000 4
 122  129     -0.792      0.247      0.000 4
 124  131     -0.787     -0.399      0.000 4
 125  132     -0.784      0.951      0.000 4
  -1  133     -0.782     -0.672      0.000 4
 126  134     -0.769     -0.203      0.000 4
  -1  135     -0.764      0.432      0.000 4
 127  137     -0.756     -0.470      0.000 4
  -1  136     -0.755     -0.942      0.000 4
 130  139     -0.753      0.080      0.000 4
 134  138     -0.753     -1.158      0.000 4
 131  140     -0.748      0.172      0.000 4
 129   -2     -0.747      0.486      0.000 4
  -1  142     -0.728     -0.967      0.000 4
 132  143     -0.721     -0.030      0.000 4
 133  145     -0.716     -0.252      0.000 4
 135  144     -0.714      1.012      0.000 4
 136  146     -0.712      0.819      0.000 4
 137  148     -0.706     -0.457      0.000 4
 141  150     -0.703      0.600      0.000 4
 142  151     -0.700     -0.724      0.000 4
  -1  152     -0.693     -0.097      0.000 4
 143  153     -0.674     -0.873      0.000 4
 144  154     -0.671     -1.171      0.000 4
  -1   -2     -0.660     -0.826      0.000 4
 146  155     -0.659     -0.716      0.000 4
 145  156     -0.658     -0.232      0.000 4
  -1   -2     -0.656      1.031      0.000 4
 148  157     -0.654      0.999      0.000 4
 147  158     -0.648      0.382      0.000 4
 149  159     -0.646      1.073      0.000 4
 150  161     -0.619      0.274      0.000 4
 151  160     -0.618     -0.958      0.000 4
 152  164     -0.608     -0.140      0.000 4
 153  162     -0.606     -1.036      0.000 4
 154  165     -0.603      0.953      0.000 4
  -1   -2     -0.596      1.154      0.000 4
 156  166     -0.590     -0.590      0.000 4
  -1   -2     -0.580     -0.945      0.000 4
  -1  167     -0.568     -0.222      0.000 4
 160  169     -0.564      0.846      0.000 4
 157  170     -0.564     -0.190      0.000 4
 161  168     -0.561     -0.900      0.000 4
 159  173     -0.560     -0.421      0.000 4
 162  171     -0.551      0.628      0.000 4
  -1   -2     -0.541      0.765      0.000 4
 164  172     -0.534      1.060      0.000 4
 163   -2     -0.533     -0.667      0.000 4
 165   -2     -0.529     -0.496      0.000 4
 166  174     -0.520      0.600      0.000 4
  -1  177     -0.507     -1.172      0.000 4
 168  180     -0.498      0.247      0.000 4
 169   -2     -0.496     -1.171      0.000 4
  -1  179     -0.493     -0.545      0.000 4
 170  178     -0.493     -0.716      0.000 4
 172  182     -0.472     -0.826      0.000 4
 173  184     -0.465     -0.608      0.000 4
 174   -2     -0.459     -0.130      0.000 4
  -1  185     -0.454     -0.446      0.000 4
 176  186     -0.450      0.712      0.000 4
 178   -2     -0.443     -0.925      0.000 4
 177  187     -0.437      0.330      0.000 4
 179  188     -0.431      0.886      0.000 4
 180  190     -0.431      0.815      0.000 4
 181  189     -0.428      1.044      0.000 4
 182  191     -0.419      0.636      0.000 4
 183  192     -0.419      0.109      0.000 4
 184  193     -0.412     -0.809      0.000 4
 185  194     -0.400     -0.288      0.000 4
 187   -2     -0.384     -0.588      0.000 4
 188  195     -0.370      0.610      0.000 4
 190   -2     -0.363      0.578      0.000 4
  -1   -2     -0.353      0.028      0.000 4
 192  198     -0.349     -0.751      0.000 4
 193  199     -0.345     -0.511      0.000 4
 196  200     -0.334      1.048      0.000 4
 195   -2     -0.333      0.073      0.000 4
 194   -2     -0.332     -0.073      0.000 4
  -1  213     -0.327     -0.010      0.000 4
 198  202     -0.324      0.541      0.000 4
 197  201     -0.323     -0.794      0.000 4
  -1  204     -0.290      0.792      0.000 4
  -1   -2     -0.287      0.766      0.000 4
  -1  208     -0.279     -1.120      0.000 4
 200  207     -0.276     -0.112      0.000 4
 201  206     -0.274     -0.866      0.000 4
 202   -2     -0.261     -0.600      0.000 4
 205  209     -0.259     -1.169      0.000 4
 204   -2     -0.255      0.822      0.000 4
 203  210     -0.255      0.289      0.000 4
 208   -2     -0.243     -0.041      0.000 4
 209   -2     -0.239      1.135      0.000 4
 212  214     -0.229     -1.088      0.000 4
 213  215     -0.224     -0.566      0.000 4
 210   -2     -0.224      0.251      0.000 4
 211  218     -0.222     -0.469      0.000 4
 215  216     -0.218     -0.211      0.000 4
 216  217     -0.216      0.457      0.000 4
 217  219     -0.202      0.179      0.000 4
 218  220     -0.196     -0.089      0.000 4
 219  221     -0.182      1.007      0.000 4
 220  211     -0.177     -0.960      0.000 4
 221  224     -0.165      0.262      0.000 4
 222  223     -0.165     -0.203      0.000 4
 225  227     -0.154     -0.773      0.000 4
  -1   -2     -0.152      0.502      0.000 4
 223  228     -0.146     -0.430      0.000 4
 227  230     -0.141      0.019      0.000 4
 229  231     -0.136      0.423      0.000 4
 230  232     -0.122      1.012      0.000 4
  -1  233     -0.116     -0.263      0.000 4
 231  235     -0.099      0.856      0.000 4
  -1  236     -0.090     -0.827      0.000 4
 228  239     -0.088     -1.161      0.000 4
 232  237     -0.085     -0.305      0.000 4
 233  240     -0.077     -1.087      0.000 4
 236  241     -0.072      0.957      0.000 4
 235  242     -0.071      0.234      0.000 4
 238  243     -0.061      0.405      0.000 4
 240  245     -0.056      0.055      0.000 4
 243  247     -0.030      0.906      0.000 4
 244   -2     -0.020      1.144      0.000 4
 245  248     -0.015      0.410      0.000 4
 247  249     -0.014      0.247      0.000 4
 246  251     -0.011     -0.014      0.000 4
 226   -2     -0.009      0.704      0.000 4
 248   -2      0.006     -0.113      0.000 4
  -1   -2      0.007     -0.943      0.000 4
 249  252      0.034      0.460      0.000 4
  -1   -2      0.037     -1.168      0.000 4
  -1   -2      0.041      0.124      0.000 4
 250  253      0.043      1.090      0.000 4
 251  254      0.047      0.644      0.000 4
 253  255      0.054     -0.645      0.000 4
 254  256      0.055     -0.792      0.000 4
 252  257      0.057      0.109      0.000 4
 255  260      0.062     -0.007      0.000 4
  -1  263      0.076      0.323      0.000 4
  -1  265      0.092     -0.652      0.000 4
 258  266      0.092     -1.157      0.000 4
 259  267      0.095     -0.165      0.000 4
  -1  268      0.096      0.288      0.000 4
  -1  269      0.105     -1.025      0.000 4
 260  270      0.106      0.893      0.000 4
 261   -2      0.118      0.051      0.000 4
 262  271      0.120     -0.382      0.000 4
  -1  272      0.127     -0.301      0.000 4
 265  273      0.135     -1.102      0.000 4
 267  275      0.142      0.601      0.000 4
 270  274      0.144     -0.444      0.000 4
 268  277      0.145     -0.950      0.000 4
 269  276      0.148      0.474      0.000 4
 271  278      0.172      0.753      0.000 4
 272  279      0.175      0.266      0.000 4
  -1  280      0.186     -0.910      0.000 4
  -1   -2      0.187     -0.465      0.000 4
  -1  282      0.194     -0.287      0.000 4
 274  283      0.202     -1.125      0.000 4
 275  285      0.212     -0.735      0.000 4
 278  292      0.219     -1.156      0.000 4
  -1  281      0.222     -0.500      0.000 4
 277  286      0.224      0.042      0.000 4
  -1  287      0.227     -0.368      0.000 4
 279  288      0.228      0.944      0.000 4
 280  289      0.229     -0.620      0.000 4
 282  293      0.238      0.396      0.000 4
 273  291      0.238     -0.290      0.000 4
 284  290      0.247      0.757      0.000 4
 285  294      0.253     -0.078      0.000 4
 287  295      0.270     -0.437      0.000 4
 286  296      0.271     -1.101      0.000 4
 288  297      0.279     -0.231      0.000 4
 291  307      0.292      0.112      0.000 4
 289  300      0.294     -1.170      0.000 4
 281   -2      0.302      0.693      0.000 4
 293  302      0.304      0.884      0.000 4
 294  303      0.307     -0.754      0.000 4
 296  304      0.313      0.818      0.000 4
 297  305      0.319      0.185      0.000 4
  -1  306      0.320      0.567      0.000 4
 299   -2      0.324      0.512      0.000 4
 302  308      0.344     -1.083      0.000 4
 303  309      0.348     -0.032      0.000 4
  -1  310      0.356     -0.206      0.000 4
  -1  318      0.356      0.326      0.000 4
 304  311      0.358     -0.936      0.000 4
 306  313      0.368      0.421      0.000 4
 295  314      0.371      1.019      0.000 4
 307  315      0.373     -1.001      0.000 4
 308  316      0.376      0.053      0.000 4
  -1  327      0.377      0.646      0.000 4
 311  317      0.383      0.747      0.000 4
 312  319      0.401     -0.593      0.000 4
 314  320      0.409     -0.273      0.000 4
 315  321      0.422     -0.891      0.000 4
 316  322      0.430      0.845      0.000 4
 317  323      0.445     -0.678      0.000 4
 318   -2      0.447     -1.162      0.000 4
 319  324      0.454     -0.282      0.000 4
 320  325      0.457      0.051      0.000 4
 321  326      0.462     -0.323      0.000 4
 322   -2      0.473     -0.491      0.000 4
 323  329      0.473      1.117      0.000 4
 332  330      0.481      0.945      0.000 4
 325  332      0.482      0.217      0.000 4
 330  336      0.495      0.127      0.000 4
 331  338      0.502     -0.448      0.000 4
 346  331      0.503     -1.167      0.000 4
  -1  347      0.519     -0.767      0.000 4
 333  339      0.527      0.009      0.000 4
 334  341      0.534     -0.623      0.000 4
 336  342      0.536     -0.314      0.000 4
 335  343      0.537     -1.096      0.000 4
 337  344      0.551      1.043      0.000 4
  -1  345      0.551     -0.083      0.000 4
 338  346      0.556      0.365      0.000 4
 339  348      0.562     -0.482      0.000 4
 340   -2      0.566     -0.746      0.000 4
 341  349      0.577      0.546      0.000 4
  -1   -2      0.578      0.015      0.000 4
 343  352      0.581      0.451      0.000 4
 342  350      0.581     -0.797      0.000 4
 344  353      0.587      0.403      0.000 4
 348  355      0.596      0.676      0.000 4
 347   -2      0.604     -0.251      0.000 4
 349  356      0.605     -0.019      0.000 4
 356  354      0.607      0.231      0.000 4
  -1   -2      0.618      0.503      0.000 4
 351  358      0.618     -0.999      0.000 4
  -1  359      0.620     -0.854      0.000 4
 352  361      0.625     -0.456      0.000 4
 354  360      0.626      0.566      0.000 4
 355  362      0.626      1.109      0.000 4
 353  363      0.627      1.055      0.000 4
  -1   -2      0.634     -1.168      0.000 4
 358   -2      0.645      0.504      0.000 4
 357  364      0.658     -0.623      0.000 4
 359  365      0.663      0.806      0.000 4
 360  367      0.670     -0.719      0.000 4
 361  366      0.671      0.638      0.000 4
 362  368      0.680      0.692      0.000 4
 363  369      0.684     -0.925      0.000 4
  -1   -2      0.686     -0.539      0.000 4
  -1  370      0.697     -0.575      0.000 4
 364  372      0.709     -0.036      0.000 4
  -1  379      0.715     -0.463      0.000 4
  -1   -2      0.722      1.029      0.000 4
 366  374      0.728     -0.996      0.000 4
 367  375      0.735      0.620      0.000 4
 368  376      0.739     -0.772      0.000 4
 369  377      0.743      0.393      0.000 4
 370  378      0.751     -1.052      0.000 4
 371   -2      0.753      0.974      0.000 4
 373  382      0.763      0.738      0.000 4
  -1  380      0.763      0.060      0.000 4
 372   -2      0.765     -0.412      0.000 4
 374   -2      0.770     -0.814      0.000 4
 375   -2      0.775     -0.575      0.000 4
 376  383      0.782      0.666      0.000 4
 386   -2      0.785     -0.141      0.000 4
 377   -2      0.785     -0.625      0.000 4
 379  385      0.790     -0.973      0.000 4
  -1  391      0.793     -0.725      0.000 4
 380  384      0.795     -0.231      0.000 4
 383  381      0.795      0.976      0.000 4
 382  386      0.801      0.884      0.000 4
 384  388      0.811      0.369      0.000 4
  -1   -2      0.817     -0.398      0.000 4
  -1  390      0.822     -1.096      0.000 4
  -1   -2      0.828     -0.774      0.000 4
 388  392      0.834     -0.593      0.000 4
  -1  394      0.838     -1.040      0.000 4
 390  393      0.839     -0.338      0.000 4
 391  395      0.856     -0.846      0.000 4
  -1  396      0.866     -1.126      0.000 4
 392   -2      0.869     -1.164      0.000 4
 393  397      0.886     -0.775      0.000 4
 394  398      0.892      1.068      0.000 4
 396   -2      0.913      0.925      0.000 4
 398  399      0.923      0.206      0.000 4
 399  408      0.927      0.693      0.000 4
  -1  400      0.937     -0.608      0.000 4
 401  403      0.952     -0.816      0.000 4
 400   -2      0.956     -0.096      0.000 4
 402  406      0.957      1.046      0.000 4
 419   -2      0.957      0.761      0.000 4
 404  405      0.959      0.517      0.000 4
 403  407      0.961      0.930      0.000 4
 406  409      0.964     -0.890      0.000 4
 408  410      0.964      0.976      0.000 4
 405  412      0.974      0.305      0.000 4
 409   -2      0.975      0.261      0.000 4
 412  413      1.003     -0.476      0.000 4
 411  401      1.004     -0.732      0.000 4
 410  414      1.007     -0.070      0.000 4
 413  415      1.008     -0.568      0.000 4
 415  416      1.023     -0.289      0.000 4
 417   -2      1.026     -0.232      0.000 4
 416  418      1.030     -0.883      0.000 4
  -1   -2      1.040      0.047      0.000 4
 420  421      1.052     -0.332      0.000 4
 418  422      1.056     -0.954      0.000 4
  -1  423      1.056      0.665      0.000 4
  -1  425      1.070      1.160      0.000 4
 421  424      1.073      0.614      0.000 4
 423  426      1.078      0.564      0.000 4
 422  427      1.081      0.113      0.000 4
 424  428      1.086     -0.656      0.000 4
  -1  430      1.089      0.065      0.000 4
 425  429      1.089      0.713      0.000 4
 426  432      1.095     -0.228      0.000 4
  -1   -2      1.098     -0.268      0.000 4
 427  439      1.101     -0.772      0.000 4
  -1  433      1.101     -1.071      0.000 4
 430  434      1.106     -0.298      0.000 4
 431  435      1.106      0.357      0.000 4
 429  436      1.108     -1.174      0.000 4
 432  437      1.130     -0.205      0.000 4
 434  438      1.144      0.180      0.000 4
 445   -2      1.145     -0.743      0.000 4
 435  441      1.154      1.144      0.000 4
 436  440      1.154     -0.303      0.000 4
 438  442      1.158     -0.403      0.000 4
 437  443      1.161     -0.984      0.000 4
 439  444      1.164      0.927      0.000 4
 441  445      1.167      0.469      0.000 4
 440  446      1.168     -0.894      0.000 4
 443  447      1.187      0.404      0.000 4
 444  449      1.190      1.007      0.000 4
  -1  448      1.191     -0.093      0.000 4
 446  450      1.201      0.802      0.000 4
 447   -2      1.208     -0.485      0.000 4
  -1  451      1.214      0.633      0.000 4
 448  452      1.220     -0.673      0.000 4
 450  453      1.227      1.124      0.000 4
  -1  454      1.228     -0.200      0.000 4
 451  455      1.229      0.689      0.000 4
 452  456      1.236     -0.068      0.000 4
 456  461      1.273      0.975      0.000 4
  -1  458      1.277      0.220      0.000 4
 460   -2      1.281     -0.312      0.000 4
 457   -2      1.282      0.236      0.000 4
 464  464      1.286      0.044      0.000 4
 458  465      1.287     -0.638      0.000 4
 463   -2      1.292     -0.942      0.000 4
  -1  467      1.294      0.892      0.000 4
  -1  469      1.300     -1.135      0.000 4
 461  470      1.306     -0.498      0.000 4
 462  471      1.315      1.037      0.000 4
  -1  472      1.324     -0.046      0.000 4
  -1  473      1.330     -0.666      0.000 4
  -1  478      1.357     -1.165      0.000 4
 466  475      1.362     -0.649      0.000 4
 467  476      1.363     -0.741      0.000 4
 468   -2      1.367      0.993      0.000 4
 469   -2      1.370     -1.125      0.000 4
 470  477      1.372      0.251      0.000 4
  -1   -2      1.374     -0.910      0.000 4
  -1  479      1.393      0.416      0.000 4
 472  480      1.407      0.275      0.000 4
  -1  481      1.416      0.033      0.000 4
 474   -2      1.430      0.188      0.000 4
 475  482      1.440      0.410      0.000 4
 476   -2      1.454     -1.001      0.000 4
 477  487      1.463     -0.657      0.000 4
 478  488      1.467     -0.515      0.000 4
 479  489      1.467      0.830      0.000 4
 480  490      1.471     -0.586      0.000 4
 486   -2      1.476      0.007      0.000 4
 481  491      1.482     -0.387      0.000 4
  -1  492      1.487      0.481      0.000 4
 484  493      1.499     -0.977      0.000 4
 491   -2      1.500     -0.942      0.000 4
 485   -2      1.505     -0.322      0.000 4
 487  494      1.512      0.154      0.000 4
  -1   -2      1.518     -0.078      0.000 4
  -1  496      1.537     -0.669      0.000 4
  -1  495      1.538     -1.156      0.000 4
  -1   -2      1.545      0.737      0.000 4
 489  497      1.549      0.246      0.000 4
 490  498      1.564      0.617      0.000 4
 492  500      1.568     -0.356      0.000 4
