491
   1   13     -1.559     -0.943      0.000 4
   0    1     -1.557     -0.415      0.000 4
   3    5     -1.546      0.433      0.000 4
   4    4     -1.542      0.148      0.000 4
  20   -2     -1.541      0.619      0.000 4
  -1    8     -1.539      1.136      0.000 4
  -1   -2     -1.533     -0.529      0.000 4
   5    7     -1.519      0.355      0.000 4
  -1   -2     -1.516     -0.853      0.000 4
   9   -2     -1.504      1.045      0.000 4
   7    9     -1.503     -0.472      0.000 4
   8   10     -1.498      0.057      0.000 4
  -1   11     -1.487     -0.301      0.000 4
  10   12     -1.482      0.866      0.000 4
  14   17     -1.465     -0.513      0.000 4
  16   15     -1.464     -0.767      0.000 4
  15   16     -1.464      0.785      0.000 4
  13   18     -1.462     -0.031      0.000 4
  19   19     -1.458      0.019      0.000 4
  18   20     -1.457      0.197      0.000 4
  -1   -2     -1.456      0.745      0.000 4
  -1   -2     -1.455      0.398      0.000 4
  -1   22     -1.455      0.682      0.000 4
  -1   23     -1.427     -0.300      0.000 4
  -1   -2     -1.418     -0.300      0.000 4
  25   -2     -1.415      1.011      0.000 4
  24   -2     -1.413      0.475      0.000 4
  29   25     -1.413     -0.047      0.000 4
  27   -2     -1.412     -0.832      0.000 4
  28   27     -1.404      0.667      0.000 4
  -1   26     -1.402      0.830      0.000 4
  -1   24     -1.402     -0.670      0.000 4
  30   28     -1.393     -0.436      0.000 4
  32   -2     -1.375      0.783      0.000 4
  33   31     -1.373      0.607      0.000 4
  -1   -2     -1.355      0.744      0.000 4
  34   33     -1.354     -0.167      0.000 4
  37   35     -1.335      1.066      0.000 4
  22   56     -1.328     -0.328      0.000 4
  -1   -2     -1.319     -1.165      0.000 4
  38   37     -1.315     -1.045      0.000 4
  39   38     -1.307     -0.638      0.000 4
  40   40     -1.296      0.461      0.000 4
  41   39     -1.293     -0.747      0.000 4
  -1   43     -1.283     -0.952      0.000 4
  -1   41     -1.276     -0.803      0.000 4
  42   44     -1.275      0.726      0.000 4
  44   45     -1.266     -0.135      0.000 4
  45   46     -1.261      0.825      0.000 4
  43   -2     -1.260     -0.980      0.000 4
  49   47     -1.258      0.938      0.000 4
  48   55     -1.258     -1.143      0.000 4
  46   49     -1.257     -0.421      0.000 4
  50   51     -1.238      0.449      0.000 4
  51   50     -1.237      1.111      0.000 4
  52   52     -1.232     -0.753      0.000 4
  53   53     -1.221      0.729      0.000 4
  54   -2     -1.213     -0.334      0.000 4
  56   -2     -1.209     -1.115      0.000 4
  58   57     -1.208     -0.439      0.000 4
  59   59     -1.207      0.533      0.000 4
  55   58     -1.206      0.211      0.000 4
  61   60     -1.201     -0.191      0.000 4
  62   61     -1.198      0.429      0.000 4
  60   -2     -1.195     -1.161      0.000 4
  -1   -2     -1.191     -1.078      0.000 4
  63   -2     -1.177      0.596      0.000 4
  64   63     -1.169      0.370      0.000 4
  68   64     -1.167     -0.253      0.000 4
  69   66     -1.160      0.634      0.000 4
  70   65     -1.157      1.091      0.000 4
  -1   67     -1.153      1.138      0.000 4
  71   68     -1.152     -0.941      0.000 4
  73   69     -1.143     -0.982      0.000 4
  72   -2     -1.140      0.470      0.000 4
  74   70     -1.133      0.874      0.000 4
  -1   -2     -1.129     -0.437      0.000 4
  75   71     -1.113      0.329      0.000 4
  76   72     -1.110     -0.481      0.000 4
  77   73     -1.108      1.127      0.000 4
  78   74     -1.093     -0.097      0.000 4
  81   75     -1.065     -1.116      0.000 4
  80   77     -1.064      0.600      0.000 4
  82   -2     -1.062     -0.801      0.000 4
  -1   -2     -1.051      0.822      0.000 4
  84   78     -1.046     -1.169      0.000 4
  87   79     -1.038      0.967      0.000 4
  86   80     -1.038     -0.142      0.000 4
  89   83     -1.029     -0.014      0.000 4
  91   85     -1.016     -0.225      0.000 4
  92   76     -1.014     -0.845      0.000 4
  94   84     -1.014      0.490      0.000 4
  93   86     -1.010     -0.940      0.000 4
  -1   -2     -1.009     -0.709      0.000 4
  95   87     -1.001      1.081      0.000 4
  98   90     -0.996      0.305      0.000 4
  97   81     -0.995      0.323      0.000 4
  96   89     -0.994      0.713      0.000 4
  99   91     -0.982      0.397      0.000 4
 101   92     -0.969     -0.460      0.000 4
 102   93     -0.963     -0.056      0.000 4
 104   96     -0.954      0.039      0.000 4
 103   -2     -0.953     -0.818      0.000 4
  -1   97     -0.941     -0.500      0.000 4
 106   98     -0.935     -0.638      0.000 4
 105   99     -0.932      0.747      0.000 4
 108  100     -0.925      0.140      0.000 4
 109  101     -0.916     -1.001      0.000 4
 111  104     -0.907     -0.721      0.000 4
 112  103     -0.906     -0.774      0.000 4
 113  105     -0.904      1.115      0.000 4
 110  106     -0.903     -0.144      0.000 4
 114  107     -0.892     -1.164      0.000 4
 115  108     -0.886     -0.447      0.000 4
 116  109     -0.884      0.814      0.000 4
 117  110     -0.878     -0.095      0.000 4
  -1   -2     -0.866      0.070      0.000 4
 119  113     -0.848      0.878      0.000 4
 120  114     -0.839      1.050      0.000 4
 122  115     -0.827     -0.764      0.000 4
 121  116     -0.827      0.987      0.000 4
 123  117     -0.822      1.095      0.000 4
 125  119     -0.807     -0.939      0.000 4
 130   -2     -0.806      0.724      0.000 4
 127  120     -0.793     -0.539      0.000 4
 128  121     -0.790     -0.285      0.000 4
 132  122     -0.772      0.956      0.000 4
 131  123     -0.771      0.050      0.000 4
 133  124     -0.760     -0.251      0.000 4
 134  126     -0.757     -0.672      0.000 4
 126   -2     -0.748      0.327      0.000 4
 135  128     -0.744     -0.949      0.000 4
 138  130     -0.722      0.253      0.000 4
 137  133     -0.713     -0.475      0.000 4
 143  132     -0.712     -1.012      0.000 4
 142  135     -0.707     -0.203      0.000 4
 145  134     -0.704      1.024      0.000 4
 144  136     -0.698      0.438      0.000 4
 146  138     -0.688      0.495      0.000 4
  -1  137     -0.686     -1.170      0.000 4
 147  141     -0.683      0.081      0.000 4
  -1   -2     -0.683     -0.788      0.000 4
 148  139     -0.681      0.834      0.000 4
 149  142     -0.678      0.176      0.000 4
 150  140     -0.677     -0.731      0.000 4
 152   -2     -0.664     -0.261      0.000 4
 151  143     -0.661     -0.463      0.000 4
 153  144     -0.655      0.614      0.000 4
 154  146     -0.649     -0.031      0.000 4
  -1  145     -0.647      1.054      0.000 4
 155  148     -0.641      1.017      0.000 4
 156  147     -0.641      1.092      0.000 4
 157  149     -0.637     -0.727      0.000 4
  -1  150     -0.633      0.740      0.000 4
 158  151     -0.628     -0.103      0.000 4
 160   -2     -0.627      0.641      0.000 4
 163  152     -0.618     -0.968      0.000 4
 164   -2     -0.612     -1.047      0.000 4
 165  154     -0.599     -0.240      0.000 4
 166  156     -0.588      0.400      0.000 4
 167  155     -0.587      0.978      0.000 4
 169  157     -0.562     -0.928      0.000 4
 170  160     -0.559     -0.605      0.000 4
 168  158     -0.557      0.285      0.000 4
 161  169     -0.553     -1.166      0.000 4
  -1   -2     -0.548     -0.053      0.000 4
 171  162     -0.540     -0.143      0.000 4
 173  161     -0.539      0.877      0.000 4
 172   -2     -0.536      0.449      0.000 4
 185  153     -0.533     -1.081      0.000 4
 174  163     -0.529      1.091      0.000 4
 176   -2     -0.519      0.553      0.000 4
 177  164     -0.513     -0.441      0.000 4
 178  166     -0.509     -0.200      0.000 4
 179  165     -0.508      0.655      0.000 4
  -1  167     -0.505     -0.684      0.000 4
 181  168     -0.490     -0.516      0.000 4
 175   -2     -0.481     -1.128      0.000 4
 184  170     -0.476      0.627      0.000 4
 186  171     -0.470     -0.743      0.000 4
 187  172     -0.457     -0.853      0.000 4
 188  173     -0.447     -0.566      0.000 4
 189  175     -0.444      0.266      0.000 4
 183  176     -0.440     -0.631      0.000 4
 191  179     -0.423      1.087      0.000 4
  -1   -2     -0.423      0.783      0.000 4
 192  180     -0.416      0.748      0.000 4
 193  181     -0.412     -0.473      0.000 4
 194  185     -0.409      0.929      0.000 4
 195  183     -0.403     -0.140      0.000 4
 196  184     -0.400      0.853      0.000 4
 198  186     -0.398     -0.843      0.000 4
 200  188     -0.382      0.671      0.000 4
 199  187     -0.382      0.348      0.000 4
  -1  198     -0.369     -1.161      0.000 4
 202  191     -0.355     -0.310      0.000 4
 203  190     -0.349     -1.085      0.000 4
 205   -2     -0.335      0.648      0.000 4
 206  192     -0.334      1.102      0.000 4
 207  193     -0.332     -0.792      0.000 4
 208  194     -0.325      0.620      0.000 4
 209  195     -0.312     -0.546      0.000 4
 211  196     -0.308     -0.839      0.000 4
 212   -2     -0.300      0.031      0.000 4
 215  202     -0.284      0.577      0.000 4
  -1   -2     -0.283     -0.082      0.000 4
 216  199     -0.283      0.074      0.000 4
 204  203     -0.278     -0.715      0.000 4
 218  204     -0.271      0.834      0.000 4
 219  205     -0.266     -0.915      0.000 4
 220   -2     -0.262     -1.119      0.000 4
 214  201     -0.262     -1.167      0.000 4
  -1   -2     -0.259     -0.383      0.000 4
 221  207     -0.246     -1.030      0.000 4
 222  208     -0.238      0.882      0.000 4
  -1  209     -0.230     -0.130      0.000 4
 224  210     -0.227     -0.127      0.000 4
 225  211     -0.221     -1.097      0.000 4
 227  212     -0.213      0.310      0.000 4
 226  213     -0.212      0.387      0.000 4
 228  215     -0.203     -0.049      0.000 4
  -1  214     -0.203      0.903      0.000 4
 229  219     -0.194     -0.507      0.000 4
 231   -2     -0.189     -1.015      0.000 4
 232  228     -0.185     -0.230      0.000 4
 230  216     -0.185      0.268      0.000 4
 234  218     -0.177      1.079      0.000 4
 235  220     -0.165      0.190      0.000 4
  -1  222     -0.157     -0.103      0.000 4
 236   -2     -0.146     -0.071      0.000 4
 238  224     -0.142     -0.832      0.000 4
 240   -2     -0.139     -0.201      0.000 4
 241  225     -0.139     -0.641      0.000 4
 239  223     -0.137     -1.112      0.000 4
 243  226     -0.131      0.282      0.000 4
 242   -2     -0.130     -0.231      0.000 4
 244   -2     -0.128     -0.477      0.000 4
 247  230     -0.127      0.547      0.000 4
 245  227     -0.127      0.735      0.000 4
 248  229     -0.119      1.085      0.000 4
  -1   -2     -0.108     -0.532      0.000 4
 250  233     -0.107      0.459      0.000 4
 251  235     -0.091      0.923      0.000 4
 255  234     -0.091     -1.155      0.000 4
 253  237     -0.086     -0.891      0.000 4
 252   -2     -0.085     -0.656      0.000 4
 254  238     -0.085     -0.298      0.000 4
 257  239     -0.069      1.033      0.000 4
 259  242     -0.050      0.250      0.000 4
 261   -2     -0.039      0.445      0.000 4
 262  244     -0.029      0.051      0.000 4
 263  245     -0.028      0.971      0.000 4
  -1   -2     -0.028     -1.073      0.000 4
  -1  246     -0.011     -0.148      0.000 4
 265  247     -0.002      0.276      0.000 4
 266  249      0.001      0.769      0.000 4
 268  248      0.002      0.116      0.000 4
 267  250      0.003      0.447      0.000 4
 270  252      0.014     -1.007      0.000 4
 273  253      0.043      0.502      0.000 4
 275  255      0.054      0.702      0.000 4
 274  254      0.056      0.305      0.000 4
 276  256      0.056     -0.861      0.000 4
 277  257      0.063     -0.707      0.000 4
 278  258      0.064      0.132      0.000 4
 280  269      0.071     -0.360      0.000 4
 284  261      0.078      0.099      0.000 4
 281  260      0.078     -0.021      0.000 4
 283   -2      0.083     -0.663      0.000 4
 285  262      0.088      0.351      0.000 4
 264   -2      0.096     -0.168      0.000 4
 286  267      0.106      0.970      0.000 4
 287  264      0.106      0.316      0.000 4
 288  265      0.108     -1.095      0.000 4
 289  266      0.112     -1.166      0.000 4
 290   -2      0.119     -0.138      0.000 4
  -1   -2      0.127      0.048      0.000 4
 292  272      0.143      0.660      0.000 4
 291  271      0.143     -0.965      0.000 4
 294  273      0.150      0.522      0.000 4
 297  275      0.167     -0.502      0.000 4
  -1  274      0.167      0.821      0.000 4
 296  276      0.178      0.287      0.000 4
 298  277      0.187     -0.982      0.000 4
 299   -2      0.198     -0.327      0.000 4
 300  278      0.214     -0.800      0.000 4
 302  280      0.220      1.023      0.000 4
 304  281      0.221      0.040      0.000 4
 303   -2      0.222     -1.010      0.000 4
 306  282      0.229     -0.679      0.000 4
  -1  283      0.230      0.314      0.000 4
 307  284      0.232      0.432      0.000 4
 295   -2      0.233      0.837      0.000 4
 308   -2      0.234     -0.304      0.000 4
 309  286      0.245     -0.979      0.000 4
 310  287      0.249     -0.094      0.000 4
  -1  288      0.256      0.078      0.000 4
 312  289      0.270     -0.488      0.000 4
 313  290      0.274     -0.262      0.000 4
  -1  291      0.277     -0.235      0.000 4
 314  292      0.282      0.116      0.000 4
  -1  293      0.288      0.756      0.000 4
 317  294      0.294      0.958      0.000 4
 319  295      0.302      0.888      0.000 4
 321   -2      0.303     -0.814      0.000 4
 322  297      0.308      0.199      0.000 4
 326  296      0.308     -1.163      0.000 4
 323  299      0.323      0.140      0.000 4
 324  302      0.345     -0.241      0.000 4
 327  303      0.355     -0.453      0.000 4
  -1  304      0.358     -0.128      0.000 4
 330  305      0.359      0.056      0.000 4
 329  306      0.360     -0.996      0.000 4
 335  300      0.361     -1.075      0.000 4
 333  308      0.367      0.811      0.000 4
  -1  310      0.375      0.278      0.000 4
 334  311      0.384     -1.052      0.000 4
  -1   -2      0.391      0.858      0.000 4
 336  312      0.393     -0.641      0.000 4
 337  313      0.395     -0.300      0.000 4
  -1  314      0.397     -0.803      0.000 4
 331   -2      0.398      1.092      0.000 4
 338  315      0.414      0.912      0.000 4
  -1  316      0.417     -0.945      0.000 4
 339  318      0.432      0.054      0.000 4
 340  319      0.436     -0.309      0.000 4
 341  320      0.436     -0.726      0.000 4
 342  321      0.445     -0.351      0.000 4
 345  322      0.455      0.236      0.000 4
  -1  323      0.459     -0.529      0.000 4
 347  325      0.467      0.137      0.000 4
 346  326      0.467      1.010      0.000 4
 343   -2      0.471      0.834      0.000 4
 349  327      0.474     -0.655      0.000 4
  -1   -2      0.480      0.426      0.000 4
 350   -2      0.481     -0.955      0.000 4
 351  330      0.487     -0.473      0.000 4
 354  331      0.504      0.009      0.000 4
 355  333      0.515     -0.337      0.000 4
 356  334      0.521     -0.661      0.000 4
 358  335      0.540      1.113      0.000 4
 370  336      0.546      0.591      0.000 4
 359  337      0.548     -0.510      0.000 4
 361   -2      0.551      0.251      0.000 4
 362  339      0.557     -0.784      0.000 4
 366   -2      0.566      0.729      0.000 4
 363  341      0.568      0.171      0.000 4
 365  342      0.569     -0.274      0.000 4
 367  343      0.570     -0.019      0.000 4
 369  344      0.573     -0.836      0.000 4
 371  345      0.590      0.611      0.000 4
 372  340      0.594      0.250      0.000 4
  -1   -2      0.598      1.135      0.000 4
 373  348      0.603     -0.479      0.000 4
 374  349      0.613     -0.885      0.000 4
  -1   -2      0.622     -0.791      0.000 4
 376  352      0.622      1.109      0.000 4
 377  353      0.624     -1.038      0.000 4
  -1   -2      0.635      0.684      0.000 4
 378  355      0.636      0.862      0.000 4
 379  356      0.642     -0.649      0.000 4
 380  357      0.647      0.742      0.000 4
 382  358      0.657     -0.745      0.000 4
 383  359      0.670     -0.033      0.000 4
 384  360      0.677     -0.597      0.000 4
 388  362      0.694      0.406      0.000 4
 387  363      0.696      0.665      0.000 4
  -1  364      0.699      0.436      0.000 4
 389  369      0.712      0.255      0.000 4
 390  365      0.714      0.067      0.000 4
 392  366      0.726     -0.784      0.000 4
 393  367      0.727     -0.414      0.000 4
 395  368      0.729      0.785      0.000 4
 394  370      0.731     -1.015      0.000 4
 396  371      0.733      1.029      0.000 4
 397   -2      0.744     -0.141      0.000 4
 398  372      0.745      0.709      0.000 4
 399  373      0.754     -0.588      0.000 4
 401  376      0.758     -0.235      0.000 4
 400  375      0.760     -1.062      0.000 4
 403  374      0.760      0.396      0.000 4
 421  350      0.762     -1.159      0.000 4
 402  377      0.767     -0.638      0.000 4
 405  378      0.774      0.926      0.000 4
  -1   -2      0.783      1.104      0.000 4
 408  381      0.789     -0.982      0.000 4
 409  382      0.804     -0.342      0.000 4
 410  386      0.810      0.884      0.000 4
 413  383      0.814     -0.600      0.000 4
 411   -2      0.814     -0.781      0.000 4
 414  384      0.826     -1.105      0.000 4
 415  385      0.841     -1.046      0.000 4
  -1   -2      0.851     -0.850      0.000 4
 417  388      0.860      0.206      0.000 4
  -1  390      0.870      0.588      0.000 4
 418   -2      0.872      1.107      0.000 4
 419  391      0.876     -0.776      0.000 4
 423  398      0.907      0.545      0.000 4
 424  399      0.910     -0.087      0.000 4
  -1  401      0.913     -0.947      0.000 4
 427  403      0.918      0.280      0.000 4
 434  387      0.920     -0.875      0.000 4
 429  407      0.927      0.792      0.000 4
  -1  408      0.931     -1.088      0.000 4
 433   -2      0.935      1.021      0.000 4
 430  409      0.936      0.964      0.000 4
 431  410      0.943      1.077      0.000 4
 432  411      0.943     -0.811      0.000 4
  -1  412      0.950      1.001      0.000 4
 435  413      0.960     -0.057      0.000 4
 436  416      0.977     -0.464      0.000 4
 438  419      0.983     -0.276      0.000 4
 440   -2      0.985      0.064      0.000 4
 439  417      0.986     -0.557      0.000 4
 443  420      1.011      0.685      0.000 4
 470  393      1.013      1.094      0.000 4
 442  421      1.014      0.961      0.000 4
  -1  418      1.015      0.010      0.000 4
 445  422      1.019      0.125      0.000 4
 444  423      1.022      0.628      0.000 4
 446  424      1.025      0.581      0.000 4
 449   -2      1.046     -0.346      0.000 4
 450  427      1.046      0.732      0.000 4
 451  426      1.047      0.369      0.000 4
 453  429      1.067     -0.279      0.000 4
 454  430      1.069     -0.636      0.000 4
 455   -2      1.085     -0.186      0.000 4
 456  431      1.086      0.194      0.000 4
  -1   -2      1.089     -1.163      0.000 4
 458  433      1.108     -1.046      0.000 4
 459  432      1.111      0.478      0.000 4
  -1  434      1.113     -0.281      0.000 4
 460  435      1.124     -0.376      0.000 4
 462  436      1.130      0.413      0.000 4
 461  438      1.132     -0.716      0.000 4
 465  439      1.139      0.936      0.000 4
  -1  440      1.142     -0.073      0.000 4
 464  441      1.142     -1.160      0.000 4
 466  442      1.160     -0.946      0.000 4
 478  437      1.162      0.633      0.000 4
 468  444      1.163      0.806      0.000 4
 463  445      1.165      1.013      0.000 4
 469  446      1.168     -0.861      0.000 4
 472  447      1.178     -0.456      0.000 4
 473  448      1.184      0.686      0.000 4
 474  449      1.188     -0.048      0.000 4
 475  450      1.204     -0.634      0.000 4
 477  451      1.221      1.125      0.000 4
 479  452      1.224      0.223      0.000 4
  -1  453      1.224     -0.032      0.000 4
 480  454      1.237      0.058      0.000 4
 481  457      1.270     -0.595      0.000 4
 482  458      1.273     -0.329      0.000 4
 484  459      1.280     -0.675      0.000 4
 485  461      1.286     -0.460      0.000 4
 487   -2      1.298      1.025      0.000 4
 488  465      1.303     -1.089      0.000 4
 493   -2      1.309     -0.266      0.000 4
 489  467      1.314     -0.618      0.000 4
  -1   -2      1.327     -0.404      0.000 4
  -1   -2      1.327     -1.021      0.000 4
  -1   -2      1.332     -0.565      0.000 4
 505  464      1.346      0.902      0.000 4
 491  477      1.350      0.576      0.000 4
 492  471      1.355     -0.691      0.000 4
 494  473      1.358     -0.594      0.000 4
 499  460      1.359     -0.066      0.000 4
 495  468      1.363      0.271      0.000 4
 498  476      1.372     -0.859      0.000 4
 517   -2      1.381      1.147      0.000 4
 504  475      1.386     -1.080      0.000 4
 490  483      1.393     -1.151      0.000 4
 500  480      1.398      0.407      0.000 4
 501   -2      1.404      0.465      0.000 4
 502   -2      1.406      0.098      0.000 4
 506   -2      1.442      0.462      0.000 4
 507  484      1.450     -0.599      0.000 4
 508  485      1.450     -0.463      0.000 4
 510  487      1.457     -0.533      0.000 4
 511  486      1.458     -0.350      0.000 4
  -1  488      1.475      0.158      0.000 4
 514  491      1.495     -0.911      0.000 4
 515  492      1.514      0.242      0.000 4
 516  493      1.525      0.585      0.000 4
  -1  495      1.549     -0.377      0.000 4
 521  494      1.551      0.674      0.000 4
 519  496      1.551     -0.307      0.000 4
 520  497      1.552      0.932      0.000 4
 522  500      1.560     -1.092      0.000 4
 523  498      1.562     -0.121      0.000 4
  -1   -2      1.564     -0.781      0.000 4
