504
  -1   -2     -1.569     -0.453      0.000 4
   0    0     -1.564      0.869      0.000 4
   2    2     -1.549     -0.988      0.000 4
   3    3     -1.546      0.378      0.000 4
   5    4     -1.526      0.056      0.000 4
   6    5     -1.515     -0.512      0.000 4
   7   -2     -1.508     -0.327      0.000 4
   8    6     -1.500     -0.983      0.000 4
  -1   -2     -1.496     -0.704      0.000 4
   9    7     -1.492      0.008      0.000 4
  10    9     -1.490     -0.042      0.000 4
  -1    8     -1.490      0.909      0.000 4
  11   10     -1.487      0.205      0.000 4
  12   11     -1.482     -0.742      0.000 4
  13   12     -1.478      0.823      0.000 4
  14   13     -1.477     -0.550      0.000 4
  15   14     -1.472      0.782      0.000 4
  16   -2     -1.467     -0.956      0.000 4
  18   16     -1.464     -0.811      0.000 4
  17   17     -1.462      0.957      0.000 4
  21   19     -1.448     -0.322      0.000 4
  22   20     -1.439      0.501      0.000 4
  24   22     -1.433     -1.170      0.000 4
  23   21     -1.430     -0.050      0.000 4
  25   23     -1.424      0.699      0.000 4
  28   27     -1.416     -0.911      0.000 4
  31   -2     -1.415      0.868      0.000 4
  26   28     -1.411     -0.467      0.000 4
  27   24     -1.409     -0.708      0.000 4
  -1   29     -1.398      0.637      0.000 4
  30   30     -1.386     -0.187      0.000 4
  -1   -2     -1.357     -0.766      0.000 4
  -1   34     -1.342      0.037      0.000 4
  34   31     -1.332      1.100      0.000 4
  33   33     -1.332      0.485      0.000 4
  -1   -2     -1.318      0.925      0.000 4
  35   35     -1.316     -0.670      0.000 4
  38   36     -1.302     -1.085      0.000 4
  39   38     -1.298     -0.782      0.000 4
  43   37     -1.298     -0.144      0.000 4
  40   39     -1.296      0.745      0.000 4
  -1   -2     -1.289     -1.173      0.000 4
  42   41     -1.282     -0.445      0.000 4
  44   42     -1.278      0.852      0.000 4
  45   44     -1.265      1.078      0.000 4
  46   43     -1.264     -1.000      0.000 4
  47   -2     -1.263      0.968      0.000 4
  48   50     -1.255      0.217      0.000 4
  49   46     -1.252      0.455      0.000 4
  51   48     -1.244     -0.353      0.000 4
  -1   45     -1.243      0.992      0.000 4
  53   49     -1.243      0.552      0.000 4
  52   47     -1.242      0.754      0.000 4
  54   53     -1.239     -0.206      0.000 4
  56   51     -1.236     -0.782      0.000 4
  55   54     -1.235     -0.460      0.000 4
  57   52     -1.233      1.144      0.000 4
  58   56     -1.210      0.384      0.000 4
  60   59     -1.204      0.775      0.000 4
  -1   -2     -1.204     -0.923      0.000 4
  61   57     -1.203     -0.992      0.000 4
  59   60     -1.203     -0.267      0.000 4
  62   55     -1.202     -1.162      0.000 4
  63   62     -1.190      0.654      0.000 4
  64   63     -1.188     -0.573      0.000 4
  65   -2     -1.182      0.606      0.000 4
  67   -2     -1.157      0.336      0.000 4
  -1   64     -1.154      1.122      0.000 4
  68   66     -1.146      0.894      0.000 4
  70   -2     -1.144     -0.968      0.000 4
  -1   68     -1.139     -0.106      0.000 4
  71   69     -1.136     -0.500      0.000 4
  72   67     -1.136     -1.008      0.000 4
  74   71     -1.102      1.148      0.000 4
  73   72     -1.098      0.615      0.000 4
  75   73     -1.082     -0.149      0.000 4
  -1   76     -1.079     -0.071      0.000 4
  -1   -2     -1.074     -0.791      0.000 4
  76   75     -1.072     -0.010      0.000 4
  78   74     -1.068     -0.831      0.000 4
  80   77     -1.064     -1.138      0.000 4
  79   81     -1.059      0.497      0.000 4
  81   -2     -1.058      0.266      0.000 4
  82   78     -1.057     -0.233      0.000 4
  83   79     -1.056      0.339      0.000 4
  84   80     -1.046      0.981      0.000 4
  85   -2     -1.042      0.447      0.000 4
  -1   -2     -1.035     -1.169      0.000 4
  -1   -2     -1.029      0.408      0.000 4
  -1   84     -1.021      0.722      0.000 4
  88   85     -1.012     -1.166      0.000 4
  86   87     -1.012     -0.058      0.000 4
  -1   -2     -1.009     -0.232      0.000 4
  89   88     -1.006     -0.960      0.000 4
  87   89     -1.004      0.039      0.000 4
  91   90     -1.001      1.094      0.000 4
  90   91     -1.000     -0.467      0.000 4
  92   86     -0.995      0.387      0.000 4
  93   92     -0.977      0.140      0.000 4
  94   93     -0.966     -0.509      0.000 4
  95   94     -0.961      0.744      0.000 4
  -1   95     -0.957     -0.832      0.000 4
  -1   96     -0.955     -0.649      0.000 4
  -1   -2     -0.952      0.573      0.000 4
  97   98     -0.951     -0.146      0.000 4
  99  100     -0.943     -1.163      0.000 4
  -1   -2     -0.933     -1.082      0.000 4
 100  101     -0.927     -0.099      0.000 4
 102  102     -0.918     -0.730      0.000 4
 101  103     -0.918     -0.451      0.000 4
 104  105     -0.916     -0.785      0.000 4
  -1   -2     -0.911      0.219      0.000 4
 106  106     -0.909     -1.017      0.000 4
 107  108     -0.902      1.122      0.000 4
 108  110     -0.899     -1.091      0.000 4
  96   -2     -0.866     -0.609      0.000 4
 109  112     -0.865      0.880      0.000 4
 111  111     -0.849     -1.166      0.000 4
 112  116     -0.840     -0.769      0.000 4
 113  117     -0.836      0.987      0.000 4
 114  118     -0.833     -0.286      0.000 4
 115  122     -0.826      0.049      0.000 4
 118  120     -0.825      0.699      0.000 4
  -1   -2     -0.822      0.829      0.000 4
 116  119     -0.822      1.095      0.000 4
 117  121     -0.820     -0.540      0.000 4
 119  125     -0.806     -0.252      0.000 4
 121  126     -0.798      0.323      0.000 4
  -1   -2     -0.789      0.839      0.000 4
 122   -2     -0.782      0.247      0.000 4
 123  128     -0.781      0.952      0.000 4
 124  129     -0.776     -0.400      0.000 4
 126  130     -0.772     -0.653      0.000 4
 132  131     -0.755     -0.942      0.000 4
 128  132     -0.752     -0.512      0.000 4
 127  134     -0.752     -0.203      0.000 4
 130  137     -0.746      0.434      0.000 4
 131  136     -0.745     -0.471      0.000 4
 133  138     -0.731      0.078      0.000 4
 134  139     -0.731      0.488      0.000 4
  -1   -2     -0.730     -0.966      0.000 4
 136  140     -0.729      0.173      0.000 4
 150  141     -0.711      1.014      0.000 4
 138  142     -0.709     -1.014      0.000 4
 139  143     -0.705     -0.253      0.000 4
 141  144     -0.702      0.826      0.000 4
 140  145     -0.702     -0.030      0.000 4
 143  146     -0.694     -0.726      0.000 4
 142  147     -0.694     -0.459      0.000 4
 144  148     -0.690      0.604      0.000 4
 145  149     -0.681     -1.171      0.000 4
 146  151     -0.675     -0.099      0.000 4
 149  153     -0.654     -0.720      0.000 4
 152  154     -0.645      1.074      0.000 4
 151  155     -0.643     -0.233      0.000 4
 153  156     -0.632      0.393      0.000 4
 155  158     -0.620     -0.963      0.000 4
 156  159     -0.607     -1.039      0.000 4
 157  160     -0.604      0.278      0.000 4
 158  161     -0.601      0.959      0.000 4
 159  163     -0.592     -0.141      0.000 4
 160  164     -0.581     -0.592      0.000 4
 161  166     -0.576      0.437      0.000 4
  -1   -2     -0.573     -0.938      0.000 4
 163  167     -0.558      0.854      0.000 4
 171  168     -0.556     -1.168      0.000 4
 164  169     -0.548     -0.193      0.000 4
 166  172     -0.539      0.636      0.000 4
 167  173     -0.537      1.063      0.000 4
  -1   -2     -0.535      0.774      0.000 4
 168  174     -0.528     -0.670      0.000 4
 176   -2     -0.524     -0.498      0.000 4
 172  176     -0.508      0.608      0.000 4
  -1   -2     -0.501     -0.336      0.000 4
  -1   -2     -0.491      0.096      0.000 4
 174  180     -0.487      0.257      0.000 4
 175  178     -0.486     -0.723      0.000 4
  -1  179     -0.483     -0.552      0.000 4
 177  181     -0.467     -0.832      0.000 4
 178  182     -0.466     -1.111      0.000 4
  -1  183     -0.464      0.434      0.000 4
  -1  184     -0.458     -0.614      0.000 4
 182  185     -0.442      0.721      0.000 4
 181  186     -0.442     -0.455      0.000 4
 179  187     -0.437     -0.133      0.000 4
 183  189     -0.427      1.054      0.000 4
 185  191     -0.425      0.897      0.000 4
 184  192     -0.420      0.333      0.000 4
 186  190     -0.420      0.823      0.000 4
  -1   -2     -0.411     -1.157      0.000 4
 189  194     -0.409      0.645      0.000 4
 190  195     -0.408     -0.817      0.000 4
 191   -2     -0.403      0.111      0.000 4
 192  196     -0.388     -0.294      0.000 4
  -1  199     -0.375     -0.597      0.000 4
 196  200     -0.355      0.606      0.000 4
  -1  201     -0.355      0.026      0.000 4
 197  202     -0.345     -0.761      0.000 4
  -1  197     -0.344      0.420      0.000 4
 198   -2     -0.344     -1.068      0.000 4
 199  203     -0.336     -0.521      0.000 4
 200  204     -0.332      1.062      0.000 4
 201  206     -0.319      0.074      0.000 4
 202  205     -0.318     -0.806      0.000 4
 203  207     -0.313      0.550      0.000 4
 204   -2     -0.304     -0.191      0.000 4
  -1  208     -0.289     -0.681      0.000 4
 205  220     -0.279     -0.369      0.000 4
 207  209     -0.275     -1.168      0.000 4
 206  210     -0.271     -0.879      0.000 4
 194   -2     -0.254     -0.607      0.000 4
 210  215     -0.243      0.298      0.000 4
 211   -2     -0.238      1.154      0.000 4
 212  217     -0.234     -0.038      0.000 4
 213  218     -0.233      0.371      0.000 4
 214  216     -0.229     -1.095      0.000 4
 216   -2     -0.223     -0.474      0.000 4
 215  219     -0.216     -0.575      0.000 4
  -1  222     -0.213      0.255      0.000 4
  -1  221     -0.213     -0.208      0.000 4
 217  224     -0.206      0.467      0.000 4
  -1  223     -0.202     -1.061      0.000 4
 218  225     -0.191      0.182      0.000 4
 219  226     -0.187     -0.092      0.000 4
 220  227     -0.181      1.026      0.000 4
 221  228     -0.180     -0.977      0.000 4
 224  229     -0.156     -0.207      0.000 4
 222  230     -0.156      0.267      0.000 4
 225  231     -0.154     -0.667      0.000 4
 227  233     -0.152     -0.608      0.000 4
 226  232     -0.151     -0.788      0.000 4
  -1   -2     -0.147      0.515      0.000 4
 229  235     -0.146     -0.445      0.000 4
 230   -2     -0.133      0.016      0.000 4
 231  236     -0.127      0.435      0.000 4
 232  237     -0.121      1.029      0.000 4
 234  238     -0.105     -0.273      0.000 4
 236  239     -0.096      0.873      0.000 4
  -1  240     -0.088     -0.843      0.000 4
 237  242     -0.080     -0.069      0.000 4
 233  241     -0.080     -1.105      0.000 4
 238  243     -0.079     -0.323      0.000 4
  -1   -2     -0.078     -1.165      0.000 4
 239   -2     -0.078     -1.103      0.000 4
 240  244     -0.071      0.979      0.000 4
 241  245     -0.065      0.236      0.000 4
 242  246     -0.055      0.418      0.000 4
 243  248     -0.046      0.054      0.000 4
  -1   -2     -0.043      0.539      0.000 4
  -1   -2     -0.043      0.277      0.000 4
  -1   -2     -0.029     -0.128      0.000 4
 245  249     -0.028      0.923      0.000 4
 247  253     -0.021     -0.006      0.000 4
 246  250     -0.010      0.253      0.000 4
 250  251     -0.010      0.420      0.000 4
 249   -2     -0.007      0.634      0.000 4
 251  252     -0.006      0.722      0.000 4
  -1   -2     -0.000     -0.023      0.000 4
 252  259      0.003      0.113      0.000 4
  -1   -2      0.009     -0.961      0.000 4
 253  256      0.034      0.470      0.000 4
 254   -2      0.036     -1.166      0.000 4
 255  247      0.042      1.104      0.000 4
 256  257      0.050      0.658      0.000 4
  -1  261      0.058      0.886      0.000 4
 257  258      0.058     -0.661      0.000 4
 259   -2      0.060     -0.313      0.000 4
 258  260      0.061     -0.811      0.000 4
 260  263      0.062      0.109      0.000 4
  -1   -2      0.064     -0.982      0.000 4
 280   -2      0.066     -0.015      0.000 4
 263  264      0.081      0.329      0.000 4
 264  254      0.082     -1.164      0.000 4
  -1   -2      0.092     -0.657      0.000 4
 265  265      0.098     -0.164      0.000 4
 266  266      0.101      0.299      0.000 4
 267   -2      0.105      0.914      0.000 4
 268  267      0.124     -0.310      0.000 4
  -1   -2      0.125      1.125      0.000 4
 269  268      0.132     -0.396      0.000 4
 270   -2      0.135     -1.118      0.000 4
 271  269      0.142      0.615      0.000 4
 262   -2      0.144     -0.458      0.000 4
 272  271      0.146      0.487      0.000 4
  -1   -2      0.146     -1.177      0.000 4
 273  272      0.148     -0.959      0.000 4
 274  273      0.171      0.771      0.000 4
 275  274      0.175      0.273      0.000 4
  -1   -2      0.188     -0.926      0.000 4
 277  276      0.194     -0.295      0.000 4
 278  277      0.202     -1.146      0.000 4
  -1   -2      0.208     -0.961      0.000 4
 279  278      0.214     -0.754      0.000 4
  -1  279      0.223      0.044      0.000 4
 281   -2      0.224     -0.378      0.000 4
 282  280      0.226      0.965      0.000 4
 284  281      0.229     -0.635      0.000 4
  -1   -2      0.232      0.708      0.000 4
 283   -2      0.235      0.787      0.000 4
 286  282      0.236      0.407      0.000 4
  -1   -2      0.238     -0.295      0.000 4
  -1  283      0.251      0.330      0.000 4
 287  284      0.252     -0.083      0.000 4
 288  286      0.271     -0.448      0.000 4
 289  285      0.272     -1.117      0.000 4
 290  287      0.278     -0.237      0.000 4
  -1   -2      0.286     -1.170      0.000 4
 292  289      0.291      0.713      0.000 4
 291   -2      0.292      1.134      0.000 4
 293  288      0.295     -0.617      0.000 4
 294  290      0.300      0.904      0.000 4
 295  303      0.307     -0.768      0.000 4
 296  291      0.309      0.837      0.000 4
  -1   -2      0.314     -0.898      0.000 4
 298  292      0.316      0.188      0.000 4
 297  293      0.316      0.578      0.000 4
 299  294      0.332     -1.172      0.000 4
  -1   -2      0.345     -1.101      0.000 4
  -1   -2      0.354      0.335      0.000 4
 301  295      0.358     -0.951      0.000 4
 302  298      0.362     -0.120      0.000 4
  -1  296      0.364      0.430      0.000 4
 303  297      0.367      1.038      0.000 4
 304  299      0.369      0.057      0.000 4
 305  300      0.373     -1.017      0.000 4
 307   -2      0.395      0.257      0.000 4
 308  301      0.401     -0.606      0.000 4
 309  305      0.406     -0.280      0.000 4
 311  306      0.418     -0.904      0.000 4
 313  308      0.441     -0.690      0.000 4
 314  317      0.443     -1.163      0.000 4
 315  309      0.449     -0.288      0.000 4
  -1   -2      0.451      0.050      0.000 4
 316  310      0.456     -0.330      0.000 4
 317  313      0.470     -0.502      0.000 4
 319  315      0.475      1.140      0.000 4
 318  314      0.475      0.222      0.000 4
 320  316      0.478      0.964      0.000 4
  -1  318      0.479     -0.923      0.000 4
  -1  320      0.481      0.669      0.000 4
 323   -2      0.485      0.782      0.000 4
 324  319      0.487      0.131      0.000 4
 325  321      0.495     -0.456      0.000 4
 326   -2      0.520     -0.779      0.000 4
 327  323      0.520      0.009      0.000 4
 328  324      0.527      0.763      0.000 4
 329  325      0.529     -0.631      0.000 4
 330  326      0.532     -0.319      0.000 4
 332  328      0.546      1.064      0.000 4
  -1   -2      0.549     -0.100      0.000 4
 333  329      0.563     -0.489      0.000 4
 334  330      0.563     -0.756      0.000 4
 336  333      0.564      0.393      0.000 4
 335  331      0.567      0.558      0.000 4
  -1   -2      0.573     -1.132      0.000 4
  -1  335      0.576     -0.808      0.000 4
 339  338      0.578      0.168      0.000 4
 341  336      0.585     -0.272      0.000 4
 338  334      0.589      0.238      0.000 4
 342   -2      0.594     -1.164      0.000 4
 343  340      0.595     -0.019      0.000 4
  -1   -2      0.600     -0.982      0.000 4
 344  332      0.602      0.510      0.000 4
 345  341      0.617      0.577      0.000 4
 346  343      0.618     -0.461      0.000 4
 347  344      0.619     -0.860      0.000 4
 350  348      0.624      1.130      0.000 4
 348  347      0.626      1.067      0.000 4
 349  342      0.626     -1.015      0.000 4
  -1  349      0.629     -1.169      0.000 4
 353  351      0.655     -0.629      0.000 4
 354  350      0.657      0.821      0.000 4
 352   -2      0.658      0.539      0.000 4
 355  352      0.667     -0.728      0.000 4
 351  355      0.672      0.289      0.000 4
 358   -2      0.686     -0.535      0.000 4
 359  357      0.700     -0.034      0.000 4
 361  359      0.723      0.632      0.000 4
 362  361      0.726     -0.998      0.000 4
 364  362      0.732      0.399      0.000 4
 365  363      0.736     -0.775      0.000 4
 366   -2      0.741     -0.346      0.000 4
 368  365      0.748      0.988      0.000 4
 369  366      0.748     -0.408      0.000 4
 371  369      0.753      0.750      0.000 4
 370  368      0.753     -1.056      0.000 4
 372  371      0.772      0.677      0.000 4
 373  373      0.775     -0.629      0.000 4
 374  358      0.776     -0.137      0.000 4
 375  374      0.786     -0.231      0.000 4
 378  377      0.792      0.898      0.000 4
 380  375      0.792     -0.977      0.000 4
 379  378      0.798      0.375      0.000 4
  -1   -2      0.803      0.995      0.000 4
 381  380      0.820     -1.101      0.000 4
 382  381      0.826     -0.776      0.000 4
 383  383      0.828     -0.595      0.000 4
 384  382      0.830     -0.338      0.000 4
 385  384      0.839     -1.042      0.000 4
  -1  392      0.848     -0.019      0.000 4
 386  385      0.854     -0.848      0.000 4
  -1   -2      0.867     -0.901      0.000 4
 387  388      0.873     -1.156      0.000 4
  -1  387      0.875      0.091      0.000 4
 388  389      0.878      1.078      0.000 4
 390  390      0.883     -0.776      0.000 4
 393  391      0.901      0.197      0.000 4
 395   -2      0.920      0.702      0.000 4
 394  394      0.927     -0.876      0.000 4
 397  395      0.933     -0.608      0.000 4
 396  386      0.934     -1.087      0.000 4
 398  396      0.946      0.525      0.000 4
 399  397      0.950     -0.814      0.000 4
 400  399      0.951      1.053      0.000 4
 401  398      0.953      0.766      0.000 4
  -1  401      0.955      0.938      0.000 4
 403  400      0.958      0.310      0.000 4
 404  402      0.958      0.267      0.000 4
 402  403      0.960      0.983      0.000 4
 405  404      0.963     -0.890      0.000 4
 407  405      0.991     -0.064      0.000 4
 408  406      0.996     -0.473      0.000 4
 410  408      1.003     -0.564      0.000 4
 411  409      1.013     -0.286      0.000 4
 412  410      1.024      0.051      0.000 4
  -1   -2      1.032      0.528      0.000 4
  -1  417      1.036     -0.179      0.000 4
  -1   -2      1.037     -0.319      0.000 4
  -1  411      1.044      0.669      0.000 4
 415  413      1.056     -0.353      0.000 4
 416  412      1.057      0.616      0.000 4
 417  415      1.063      0.567      0.000 4
 418  414      1.065      0.115      0.000 4
 424   -2      1.074     -0.122      0.000 4
  -1   -2      1.079      0.073      0.000 4
 419  418      1.081      0.181      0.000 4
 420  419      1.082     -0.649      0.000 4
 421  420      1.092      0.360      0.000 4
  -1  421      1.095     -0.298      0.000 4
 406   -2      1.102     -1.065      0.000 4
  -1  423      1.117     -0.201      0.000 4
 425  425      1.121     -1.172      0.000 4
 426  426      1.127      0.184      0.000 4
  -1  427      1.132     -0.019      0.000 4
 427  428      1.141     -0.736      0.000 4
 428   -2      1.144     -0.297      0.000 4
 429  432      1.153      0.471      0.000 4
 431  434      1.160     -0.974      0.000 4
 437   -2      1.163      0.714      0.000 4
 432  437      1.169     -0.885      0.000 4
 433  436      1.172      0.405      0.000 4
 434  439      1.179     -0.088      0.000 4
 435  441      1.185      1.010      0.000 4
  -1  442      1.193      0.804      0.000 4
 436   -2      1.199      0.632      0.000 4
 438  445      1.216     -0.658      0.000 4
 439   -2      1.218      0.318      0.000 4
 442  446      1.224     -0.063      0.000 4
 441  447      1.226     -1.056      0.000 4
 443   -2      1.233     -0.458      0.000 4
 444  448      1.265      0.222      0.000 4
 446  449      1.274      0.047      0.000 4
 447  450      1.275      0.124      0.000 4
  -1  452      1.282     -1.169      0.000 4
 448  451      1.283     -0.626      0.000 4
 449  453      1.288      0.884      0.000 4
  -1  461      1.294     -0.985      0.000 4
 452  458      1.300     -0.486      0.000 4
 450  459      1.302     -1.123      0.000 4
 451  457      1.303     -0.346      0.000 4
 453  460      1.311      1.034      0.000 4
  -1   -2      1.313     -0.429      0.000 4
 454   -2      1.315     -0.042      0.000 4
  -1   -2      1.319     -0.966      0.000 4
 455  462      1.344     -0.644      0.000 4
 459  463      1.360      0.249      0.000 4
 458  464      1.361     -0.729      0.000 4
 457   -2      1.361      0.988      0.000 4
  -1  465      1.371     -1.110      0.000 4
 460  466      1.373     -0.900      0.000 4
 466   -2      1.395     -1.170      0.000 4
 462  470      1.398      0.274      0.000 4
 471   -2      1.406     -0.070      0.000 4
 461  471      1.413     -1.129      0.000 4
 464  473      1.430      0.413      0.000 4
  -1  472      1.447     -0.231      0.000 4
  -1   -2      1.458      0.822      0.000 4
 467  474      1.460     -0.641      0.000 4
 468  475      1.462     -0.502      0.000 4
 469  476      1.469     -0.574      0.000 4
 470  477      1.474     -0.386      0.000 4
 472   -2      1.476      0.475      0.000 4
  -1   -2      1.481     -0.356      0.000 4
 474  478      1.498     -0.959      0.000 4
  -1   -2      1.499     -0.922      0.000 4
 475  479      1.502      0.156      0.000 4
 476  480      1.509     -0.314      0.000 4
 477  483      1.540      0.243      0.000 4
  -1  484      1.542      0.738      0.000 4
  -1  482      1.548     -0.676      0.000 4
 479  485      1.554      0.608      0.000 4
 480   -2      1.560     -0.422      0.000 4
 481  487      1.563     -0.341      0.000 4
  -1  486      1.567     -1.136      0.000 4
