504
   0    1     -1.561      0.857      0.000 4
   2    2     -1.552     -0.976      0.000 4
   1    3     -1.549      0.646      0.000 4
   4    5     -1.538      0.371      0.000 4
   7    7     -1.514      0.052      0.000 4
  -1    9     -1.512     -0.318      0.000 4
   9    8     -1.511     -0.500      0.000 4
  10   -2     -1.507     -0.975      0.000 4
  14   -2     -1.488      0.009      0.000 4
  12   -2     -1.486      0.897      0.000 4
  13   11     -1.483     -0.039      0.000 4
  15   12     -1.480      0.203      0.000 4
  16   13     -1.475      0.812      0.000 4
  17   14     -1.474     -0.540      0.000 4
  20   -2     -1.472     -0.945      0.000 4
  22   15     -1.464     -0.798      0.000 4
  23   17     -1.460      0.946      0.000 4
  -1   18     -1.433      0.496      0.000 4
  28   22     -1.428     -0.910      0.000 4
  19   38     -1.424     -1.165      0.000 4
  24   -2     -1.419     -0.047      0.000 4
  25   19     -1.417      0.692      0.000 4
  29   21     -1.405     -0.462      0.000 4
  -1   -2     -1.404     -0.697      0.000 4
  31   23     -1.396      0.275      0.000 4
  36   10     -1.389     -0.642      0.000 4
  26   27     -1.386      0.805      0.000 4
  33   26     -1.378     -0.183      0.000 4
  -1   28     -1.341     -1.036      0.000 4
  38   -2     -1.340      0.038      0.000 4
  39   29     -1.333      1.091      0.000 4
  40   30     -1.319      0.474      0.000 4
  -1   -2     -1.318      0.921      0.000 4
  41   31     -1.314     -0.661      0.000 4
  42   32     -1.310      1.011      0.000 4
  43   33     -1.305     -1.072      0.000 4
  44   35     -1.295     -0.771      0.000 4
  45   37     -1.293     -0.146      0.000 4
  47   36     -1.290      0.738      0.000 4
  -1   -2     -1.283      0.296      0.000 4
  51   -2     -1.273     -0.437      0.000 4
  49   -2     -1.273     -0.121      0.000 4
  52   40     -1.272      0.845      0.000 4
  53   41     -1.267      0.461      0.000 4
  50   43     -1.266     -0.990      0.000 4
  55   42     -1.261      0.962      0.000 4
  -1   -2     -1.238      0.215      0.000 4
  57   44     -1.237      0.747      0.000 4
  58   47     -1.236     -0.348      0.000 4
  60   46     -1.235     -0.774      0.000 4
  61   45     -1.234      1.136      0.000 4
  59   48     -1.233      0.545      0.000 4
  63   49     -1.228     -0.454      0.000 4
  62   50     -1.227     -0.201      0.000 4
  64   51     -1.226      0.442      0.000 4
  65   -2     -1.222     -0.673      0.000 4
  66   52     -1.209     -0.981      0.000 4
  67   -2     -1.208     -1.159      0.000 4
  68   53     -1.206     -0.917      0.000 4
  69   54     -1.200      0.380      0.000 4
  70   55     -1.196     -0.218      0.000 4
  71   56     -1.193     -0.261      0.000 4
  72   57     -1.184     -0.570      0.000 4
  -1   -2     -1.181     -1.092      0.000 4
  -1   59     -1.181      0.647      0.000 4
  76   60     -1.156      1.116      0.000 4
  78   61     -1.145      1.155      0.000 4
  79   62     -1.145     -0.962      0.000 4
  77   65     -1.144      0.333      0.000 4
  80   64     -1.141      0.890      0.000 4
  81   66     -1.137     -1.000      0.000 4
  83   67     -1.128     -0.493      0.000 4
  85   68     -1.102      1.143      0.000 4
  86   71     -1.092      0.612      0.000 4
  84   69     -1.087     -1.172      0.000 4
  -1   72     -1.078     -0.038      0.000 4
  -1   -2     -1.071      0.829      0.000 4
  87   76     -1.068     -0.146      0.000 4
  89   75     -1.068     -0.824      0.000 4
  90   74     -1.067     -1.133      0.000 4
  88   -2     -1.065     -0.069      0.000 4
  -1   82     -1.061      0.348      0.000 4
  91   77     -1.061     -0.009      0.000 4
  -1   -2     -1.050     -1.054      0.000 4
  -1   81     -1.049      0.259      0.000 4
  94   79     -1.044     -0.229      0.000 4
  95   78     -1.042      0.978      0.000 4
  97   73     -1.030      0.793      0.000 4
  96   -2     -1.022      0.323      0.000 4
 100   85     -1.016     -1.167      0.000 4
  -1   86     -1.013      0.405      0.000 4
  -1   87     -1.011      0.719      0.000 4
 101   88     -1.006     -0.957      0.000 4
 103   89     -1.001      1.091      0.000 4
 102   90     -0.997     -0.055      0.000 4
 104   92     -0.991      0.039      0.000 4
 105   91     -0.991     -0.466      0.000 4
  -1   -2     -0.988     -0.231      0.000 4
  99   93     -0.980      0.385      0.000 4
 107   95     -0.963      0.140      0.000 4
 108   94     -0.962      0.935      0.000 4
 110   97     -0.950     -0.646      0.000 4
 109  108     -0.944      0.792      0.000 4
  -1  106     -0.943     -1.085      0.000 4
 112   98     -0.938     -0.146      0.000 4
 113   99     -0.927     -0.946      0.000 4
 116  100     -0.915     -0.727      0.000 4
 115  103     -0.914     -0.098      0.000 4
  -1  101     -0.913     -0.780      0.000 4
 119  102     -0.910     -1.013      0.000 4
 118  104     -0.908     -0.450      0.000 4
 120  105     -0.905      0.070      0.000 4
  -1   -2     -0.903     -1.082      0.000 4
 122  107     -0.901      1.124      0.000 4
 124   -2     -0.899      0.816      0.000 4
 128  109     -0.877     -1.165      0.000 4
  -1   -2     -0.865     -0.614      0.000 4
 127  110     -0.859      0.880      0.000 4
 129   -2     -0.839      1.052      0.000 4
 130  112     -0.835     -0.766      0.000 4
 131  113     -0.832      0.987      0.000 4
  -1  114     -0.826     -0.815      0.000 4
 139  117     -0.823      0.772      0.000 4
 132  116     -0.822     -0.285      0.000 4
 133  115     -0.821      1.095      0.000 4
 134   -2     -0.819      0.702      0.000 4
 135  118     -0.813     -0.540      0.000 4
  -1  128     -0.811      0.510      0.000 4
 137  119     -0.811     -0.930      0.000 4
 136  120     -0.807      0.050      0.000 4
 138  121     -0.791     -0.253      0.000 4
  -1   -2     -0.783      0.321      0.000 4
 140  122     -0.778      0.954      0.000 4
 143  123     -0.771     -0.669      0.000 4
 144  124     -0.767     -0.400      0.000 4
  -1  125     -0.766      0.248      0.000 4
 145  126     -0.756     -0.941      0.000 4
 146   -2     -0.747     -0.512      0.000 4
 147  127     -0.736     -0.204      0.000 4
 148  129     -0.736     -0.472      0.000 4
 149  130     -0.734      0.436      0.000 4
  -1  132     -0.727      0.963      0.000 4
 151  133     -0.721      0.079      0.000 4
 153  134     -0.715      0.174      0.000 4
 155  135     -0.709     -1.013      0.000 4
 154  136     -0.709      1.017      0.000 4
 157  137     -0.696      0.827      0.000 4
 156  138     -0.695     -0.253      0.000 4
 162  139     -0.693     -1.173      0.000 4
 159  140     -0.689     -0.728      0.000 4
 158  141     -0.688     -0.030      0.000 4
 160  142     -0.684     -0.461      0.000 4
 161  143     -0.681      0.606      0.000 4
 163  144     -0.671     -0.877      0.000 4
 164  145     -0.663     -0.101      0.000 4
 167  147     -0.649     -0.721      0.000 4
 166  146     -0.649      1.040      0.000 4
 168  148     -0.642      1.082      0.000 4
  -1  151     -0.638     -1.167      0.000 4
 169  150     -0.630     -0.235      0.000 4
 171  154     -0.620     -0.965      0.000 4
 170  152     -0.620      0.397      0.000 4
 172  153     -0.608     -1.042      0.000 4
 174  155     -0.597      0.964      0.000 4
 173  156     -0.593      0.281      0.000 4
 176  159     -0.579     -0.142      0.000 4
 178  158     -0.574     -0.596      0.000 4
 187   -2     -0.566     -0.926      0.000 4
 193   -2     -0.566      0.440      0.000 4
 182  160     -0.556     -1.169      0.000 4
 181   -2     -0.555      0.860      0.000 4
 177   -2     -0.549      1.129      0.000 4
 184  165     -0.537     -0.195      0.000 4
 186  164     -0.533     -0.422      0.000 4
 188  166     -0.531      1.074      0.000 4
  -1  167     -0.531      0.640      0.000 4
 189   -2     -0.529      0.777      0.000 4
  -1  157     -0.525      0.032      0.000 4
 190   -2     -0.522     -0.675      0.000 4
 192  168     -0.510     -0.505      0.000 4
 191  169     -0.499      0.612      0.000 4
 194  171     -0.483     -0.727      0.000 4
 195  172     -0.476     -0.555      0.000 4
 196  173     -0.468      0.251      0.000 4
 197  174     -0.465     -0.837      0.000 4
 198   -2     -0.455      0.440      0.000 4
  -1  176     -0.439      0.763      0.000 4
 200   -2     -0.438     -0.324      0.000 4
 201  178     -0.435      0.727      0.000 4
 202  177     -0.434     -0.458      0.000 4
 203  179     -0.432     -0.133      0.000 4
  -1   -2     -0.429     -0.936      0.000 4
 204  180     -0.426      1.066      0.000 4
  -1  181     -0.421     -1.167      0.000 4
 205  183     -0.417      0.904      0.000 4
 206  182     -0.415      0.831      0.000 4
 207  184     -0.409      0.338      0.000 4
 208  185     -0.406     -0.824      0.000 4
 209  186     -0.402      0.651      0.000 4
 211  188     -0.378     -0.298      0.000 4
 214  191     -0.356     -0.688      0.000 4
 215  192     -0.351      0.631      0.000 4
 218  193     -0.346     -1.074      0.000 4
 217  194     -0.344      0.598      0.000 4
 219  195     -0.343      0.026      0.000 4
 220  196     -0.340     -0.770      0.000 4
  -1   -2     -0.334      0.426      0.000 4
 216   -2     -0.334     -1.129      0.000 4
 221  198     -0.330      1.074      0.000 4
 222  199     -0.327     -0.525      0.000 4
 223  200     -0.316     -0.814      0.000 4
 225  202     -0.307      0.074      0.000 4
 226  203     -0.303      0.558      0.000 4
 227  205     -0.287     -0.695      0.000 4
 231  208     -0.286     -1.166      0.000 4
 229   -2     -0.280      0.820      0.000 4
 230  207     -0.270     -0.889      0.000 4
  -1  210     -0.249     -0.116      0.000 4
 232  211     -0.249      0.853      0.000 4
 234  212     -0.248     -1.002      0.000 4
 236   -2     -0.234      0.300      0.000 4
 238  215     -0.227     -0.039      0.000 4
 239  214     -0.226      0.376      0.000 4
 240  217     -0.220     -0.579      0.000 4
 237  216     -0.219     -1.093      0.000 4
 241  218     -0.208     -0.487      0.000 4
 242  220     -0.204      0.258      0.000 4
 243  221     -0.199      0.474      0.000 4
  -1   -2     -0.199      0.956      0.000 4
 244  222     -0.184      0.183      0.000 4
 247   -2     -0.178     -0.095      0.000 4
 245  223     -0.178      1.043      0.000 4
 246  224     -0.176     -0.988      0.000 4
 249  225     -0.149     -0.213      0.000 4
 251  226     -0.149     -0.800      0.000 4
 250  227     -0.149      0.271      0.000 4
  -1  228     -0.145     -0.617      0.000 4
 252  231     -0.140     -0.454      0.000 4
 248  233     -0.122      0.438      0.000 4
 254  232     -0.121      1.046      0.000 4
 257  237     -0.102     -0.279      0.000 4
 255  235     -0.101     -0.904      0.000 4
 256  238     -0.094      0.888      0.000 4
 260  234     -0.083     -1.162      0.000 4
 259  239     -0.080     -1.114      0.000 4
 263  240     -0.070      0.993      0.000 4
 265  242     -0.059      0.240      0.000 4
 264   -2     -0.055      1.106      0.000 4
 267  244     -0.041      0.053      0.000 4
 270  245     -0.028      0.935      0.000 4
 271  246     -0.012      0.263      0.000 4
 274  250     -0.003      0.734      0.000 4
 272  251     -0.001     -0.008      0.000 4
 277  255      0.038      1.125      0.000 4
 288  247      0.039      0.479      0.000 4
  -1  258      0.042     -1.120      0.000 4
  -1  257      0.046     -0.647      0.000 4
 279  259      0.051      0.672      0.000 4
 280  261      0.056      0.128      0.000 4
 282  260      0.058     -0.824      0.000 4
 287   -2      0.061      0.306      0.000 4
 281  263      0.066     -0.673      0.000 4
 283  264      0.068     -0.016      0.000 4
  -1  267      0.070     -0.347      0.000 4
 285  266      0.071      0.097      0.000 4
 286  265      0.072     -0.498      0.000 4
  -1   -2      0.077     -0.723      0.000 4
 290  268      0.099     -0.164      0.000 4
 292  270      0.100     -1.157      0.000 4
 293  271      0.105      0.929      0.000 4
 295  272      0.116     -0.131      0.000 4
 296  273      0.130     -0.319      0.000 4
 297  274      0.133     -0.405      0.000 4
 298  276      0.142      0.626      0.000 4
  -1  275      0.147     -0.954      0.000 4
 301  277      0.160     -0.475      0.000 4
 302  278      0.170      0.785      0.000 4
 303  279      0.176      0.277      0.000 4
 300   -2      0.180      0.512      0.000 4
 304  280      0.186     -0.944      0.000 4
 306  281      0.195     -0.303      0.000 4
 307  283      0.210     -0.763      0.000 4
 299   -2      0.223     -0.972      0.000 4
 309  285      0.223      0.043      0.000 4
 310  286      0.225      0.982      0.000 4
  -1   -2      0.227     -0.388      0.000 4
 311  287      0.229     -0.648      0.000 4
 312  288      0.232      0.721      0.000 4
 314  290      0.235      0.412      0.000 4
  -1   -2      0.248      0.332      0.000 4
 315  291      0.251     -0.086      0.000 4
  -1   -2      0.258      0.081      0.000 4
  -1   -2      0.263     -0.673      0.000 4
 316  292      0.271     -0.456      0.000 4
 317   -2      0.275     -1.130      0.000 4
 318  293      0.277     -0.243      0.000 4
 334   -2      0.288      1.142      0.000 4
 320  295      0.294      0.722      0.000 4
 319   -2      0.294     -0.622      0.000 4
 321  296      0.299      0.919      0.000 4
 323  299      0.308      0.851      0.000 4
 324  300      0.314      0.192      0.000 4
 326  301      0.322      0.538      0.000 4
 327  294      0.327     -1.167      0.000 4
 328  303      0.343     -1.115      0.000 4
 329  304      0.347     -0.219      0.000 4
 330  305      0.352     -0.258      0.000 4
 331  306      0.358     -0.964      0.000 4
 333   -2      0.360      0.437      0.000 4
 332  321      0.361     -0.124      0.000 4
 335  307      0.366      0.057      0.000 4
  -1   -2      0.369      0.676      0.000 4
 337  308      0.375      0.776      0.000 4
 336  309      0.376     -1.028      0.000 4
 339   -2      0.396      0.151      0.000 4
  -1   -2      0.400     -0.776      0.000 4
 338  312      0.400     -0.614      0.000 4
 341  313      0.403     -0.285      0.000 4
 342  314      0.419     -0.914      0.000 4
  -1  315      0.423      0.877      0.000 4
 343  316      0.440     -0.699      0.000 4
  -1   -2      0.444      0.051      0.000 4
 344  319      0.446     -0.293      0.000 4
  -1   -2      0.449      0.500      0.000 4
 345  322      0.466     -0.509      0.000 4
 346  310      0.470      0.227      0.000 4
 347  324      0.474      1.151      0.000 4
 348  323      0.476      0.977      0.000 4
 359  317      0.481     -1.119      0.000 4
  -1   -2      0.482     -0.628      0.000 4
 352  325      0.482      0.132      0.000 4
 351  320      0.483      0.675      0.000 4
  -1   -2      0.488     -1.152      0.000 4
 353  326      0.492     -0.456      0.000 4
 354  336      0.494      0.409      0.000 4
  -1   -2      0.503      0.871      0.000 4
  -1   -2      0.509      0.938      0.000 4
 355  328      0.513      0.010      0.000 4
 358  330      0.526     -0.323      0.000 4
 357  331      0.526     -0.639      0.000 4
  -1  333      0.544      1.075      0.000 4
 361  334      0.561      0.567      0.000 4
 360  335      0.562     -0.764      0.000 4
 362  337      0.565     -0.497      0.000 4
  -1   -2      0.566     -1.173      0.000 4
 365   -2      0.568      0.465      0.000 4
 368  338      0.574     -0.261      0.000 4
 366   -2      0.574      0.241      0.000 4
 367  339      0.576     -0.816      0.000 4
 370  340      0.576      0.166      0.000 4
 372  341      0.585      0.697      0.000 4
 373  344      0.588     -0.019      0.000 4
 374  346      0.597     -0.984      0.000 4
 380  347      0.611      0.585      0.000 4
 377  343      0.615      0.241      0.000 4
 376  348      0.615     -0.466      0.000 4
 378   -2      0.617     -0.864      0.000 4
 382  349      0.625      1.136      0.000 4
  -1  350      0.626     -1.020      0.000 4
 381  351      0.627      1.079      0.000 4
 385  353      0.650      0.833      0.000 4
 386  355      0.651     -0.634      0.000 4
  -1   -2      0.651      0.660      0.000 4
 389  356      0.663      0.716      0.000 4
 388  357      0.664     -0.733      0.000 4
 390  358      0.684     -0.935      0.000 4
  -1  359      0.687     -0.586      0.000 4
 391  360      0.693     -0.034      0.000 4
 393  361      0.695      0.979      0.000 4
 394  362      0.704     -0.213      0.000 4
  -1   -2      0.714     -1.097      0.000 4
 396  363      0.714      0.641      0.000 4
 397  367      0.725      0.405      0.000 4
  -1   -2      0.727     -0.920      0.000 4
  -1  368      0.730      0.063      0.000 4
 400  370      0.731     -1.004      0.000 4
 401  371      0.733     -0.779      0.000 4
 403  372      0.744     -0.410      0.000 4
 404  373      0.747      0.758      0.000 4
 406  375      0.756     -1.056      0.000 4
 405  374      0.756      0.996      0.000 4
 408  376      0.765      0.687      0.000 4
 409  377      0.766     -0.140      0.000 4
 407  369      0.769      0.254      0.000 4
 410  379      0.775      0.437      0.000 4
 411  380      0.778     -0.630      0.000 4
 412  381      0.779     -0.233      0.000 4
 413   -2      0.785     -0.446      0.000 4
 417  383      0.788      0.905      0.000 4
 415  382      0.789      0.382      0.000 4
 416  384      0.791     -0.977      0.000 4
 418  385      0.800      1.007      0.000 4
  -1   -2      0.803     -1.160      0.000 4
 419  389      0.822     -1.102      0.000 4
 420  387      0.822     -0.340      0.000 4
 422  388      0.824     -0.597      0.000 4
 421  386      0.825     -0.778      0.000 4
 423  391      0.840     -1.043      0.000 4
 424  392      0.853     -0.849      0.000 4
  -1   -2      0.862     -0.433      0.000 4
  -1  396      0.867      0.094      0.000 4
 426  393      0.868     -1.156      0.000 4
 427  394      0.876      1.085      0.000 4
 428  395      0.881     -0.776      0.000 4
 430   -2      0.897      0.235      0.000 4
 432  397      0.921     -0.877      0.000 4
  -1  398      0.930     -0.604      0.000 4
 434  399      0.934      0.530      0.000 4
 435  402      0.946      0.772      0.000 4
 437  400      0.946      0.314      0.000 4
 436  403      0.947     -0.814      0.000 4
 440  401      0.948      0.270      0.000 4
 438  404      0.949      1.059      0.000 4
 439  405      0.954      0.956      0.000 4
 442  406      0.961     -0.887      0.000 4
 443  407      0.983     -0.063      0.000 4
 444  408      0.990     -0.468      0.000 4
  -1  412      0.996     -0.221      0.000 4
 446  410      0.998     -0.561      0.000 4
 447  411      1.011     -0.291      0.000 4
 448   -2      1.014      0.055      0.000 4
  -1   -2      1.024      0.947      0.000 4
 449  414      1.035      0.673      0.000 4
 450  416      1.045      0.618      0.000 4
 451  418      1.053      0.571      0.000 4
 452  417      1.056      0.119      0.000 4
  -1   -2      1.062     -0.217      0.000 4
 454  422      1.065      0.724      0.000 4
  -1   -2      1.066      0.446      0.000 4
 456  423      1.067      0.182      0.000 4
  -1  421      1.067      0.072      0.000 4
 457  424      1.068     -0.119      0.000 4
  -1  432      1.071     -1.174      0.000 4
 459  426      1.079      0.363      0.000 4
 458  427      1.080     -0.646      0.000 4
 460  428      1.088     -0.293      0.000 4
 463  430      1.104     -1.060      0.000 4
 462  429      1.109     -0.195      0.000 4
 464  431      1.117      0.187      0.000 4
  -1   -2      1.124     -0.015      0.000 4
 483   -2      1.131      0.331      0.000 4
 468  433      1.135     -0.293      0.000 4
 465   -2      1.135     -1.169      0.000 4
 467  435      1.138     -0.731      0.000 4
 470  434      1.143      0.472      0.000 4
 471  420      1.145     -0.391      0.000 4
 469   -2      1.147      1.009      0.000 4
 472  436      1.150      0.928      0.000 4
 480   -2      1.153      0.715      0.000 4
 473  438      1.160     -0.965      0.000 4
 475   -2      1.162      0.407      0.000 4
 477  439      1.169     -0.083      0.000 4
 476  440      1.172     -0.878      0.000 4
 479  441      1.182      0.804      0.000 4
  -1   -2      1.183     -0.044      0.000 4
 478  442      1.183      1.009      0.000 4
  -1  437      1.192      0.437      0.000 4
 485  448      1.214     -0.653      0.000 4
 486  447      1.215     -0.059      0.000 4
 487  450      1.252      0.226      0.000 4
 488  451      1.261      0.051      0.000 4
 489  452      1.266      0.124      0.000 4
 491  456      1.276      0.891      0.000 4
 490  453      1.277     -0.620      0.000 4
  -1  455      1.285      0.726      0.000 4
  -1  458      1.292     -0.344      0.000 4
 502   -2      1.292     -0.916      0.000 4
 492  459      1.295     -0.479      0.000 4
  -1  460      1.304     -1.114      0.000 4
 494  461      1.308      1.032      0.000 4
 496  462      1.325     -0.644      0.000 4
 493  471      1.338     -0.142      0.000 4
 499  464      1.356     -0.626      0.000 4
  -1   -2      1.358      0.987      0.000 4
 498   -2      1.359     -1.157      0.000 4
 500  465      1.361     -0.717      0.000 4
 501  466      1.371     -1.100      0.000 4
 497  469      1.371      0.263      0.000 4
  -1  467      1.375      1.026      0.000 4
  -1   -2      1.376      0.584      0.000 4
  -1   -2      1.408     -0.180      0.000 4
 506  473      1.421      0.411      0.000 4
  -1  476      1.432     -0.388      0.000 4
  -1  472      1.453     -1.171      0.000 4
 507  477      1.456     -0.631      0.000 4
 508  478      1.458     -0.489      0.000 4
  -1  481      1.459      0.819      0.000 4
  -1   -2      1.465      0.470      0.000 4
 509  479      1.465     -0.560      0.000 4
 510  480      1.473     -0.365      0.000 4
 514  485      1.495      0.156      0.000 4
 511  486      1.496     -0.945      0.000 4
  -1   -2      1.505     -0.069      0.000 4
 515  488      1.509     -0.309      0.000 4
  -1   -2      1.524     -0.635      0.000 4
  -1   -2      1.527      0.677      0.000 4
 516  489      1.533      0.243      0.000 4
  -1  490      1.540      1.141      0.000 4
 518  491      1.546      0.604      0.000 4
 519  492      1.557     -1.126      0.000 4
  -1  493      1.559     -0.411      0.000 4
 520  494      1.561     -0.332      0.000 4
  -1  497      1.573     -0.138      0.000 4
  -1  496      1.573      0.695      0.000 4
