529
   2    0     -1.546      0.235      0.000 4
  -1   -2     -1.542      0.686      0.000 4
  -1    1     -1.541      0.350      0.000 4
  -1   -2     -1.534     -0.446      0.000 4
   3    2     -1.531      0.300      0.000 4
   4    3     -1.525      0.567      0.000 4
   5    4     -1.520      0.444      0.000 4
   6    5     -1.513      0.705      0.000 4
   8    6     -1.511     -0.321      0.000 4
   9    7     -1.507     -1.106      0.000 4
  10    8     -1.502      0.164      0.000 4
  11    9     -1.493      0.917      0.000 4
  12   -2     -1.487      0.614      0.000 4
  -1   26     -1.481     -0.100      0.000 4
  -1   -2     -1.478     -1.127      0.000 4
  13   10     -1.470      0.368      0.000 4
  15   13     -1.468     -0.550      0.000 4
  16   11     -1.467      1.063      0.000 4
  14   -2     -1.467      0.526      0.000 4
  -1   -2     -1.462     -0.323      0.000 4
  18   15     -1.454     -0.652      0.000 4
  17   14     -1.453     -0.380      0.000 4
  20   17     -1.442      0.754      0.000 4
  -1   12     -1.442      0.567      0.000 4
  21   18     -1.436      0.306      0.000 4
  23   21     -1.424      0.806      0.000 4
  26   22     -1.420      0.067      0.000 4
  25   24     -1.419     -0.416      0.000 4
  24   20     -1.412     -0.233      0.000 4
  27   25     -1.412      0.680      0.000 4
  29   27     -1.397      0.645      0.000 4
  32   30     -1.372     -0.009      0.000 4
  33   28     -1.369     -0.898      0.000 4
  34   -2     -1.367      0.032      0.000 4
  35   31     -1.360      0.178      0.000 4
  37   40     -1.357      1.155      0.000 4
  38   33     -1.355      0.341      0.000 4
  39   34     -1.348     -0.938      0.000 4
  42   36     -1.330      0.968      0.000 4
  41   37     -1.326     -0.358      0.000 4
  44   41     -1.325      0.584      0.000 4
  43   38     -1.322     -1.088      0.000 4
  -1   39     -1.321      0.923      0.000 4
  46   42     -1.314      0.417      0.000 4
  50   43     -1.300     -0.854      0.000 4
  48   -2     -1.292     -0.020      0.000 4
  40   52     -1.290     -1.174      0.000 4
  51   46     -1.272     -0.657      0.000 4
  52   47     -1.269     -0.554      0.000 4
  54   48     -1.255     -1.029      0.000 4
  53   49     -1.254     -0.128      0.000 4
  64   -2     -1.250     -0.606      0.000 4
  56   50     -1.245      1.032      0.000 4
  57   51     -1.229     -0.870      0.000 4
  -1   -2     -1.228     -1.175      0.000 4
  58   53     -1.223      0.861      0.000 4
  -1   -2     -1.220     -0.110      0.000 4
  60   -2     -1.212     -0.807      0.000 4
  59   54     -1.210     -0.673      0.000 4
  61   56     -1.204      0.752      0.000 4
  62   58     -1.182      0.416      0.000 4
  63   60     -1.175     -0.366      0.000 4
  66   59     -1.172     -1.164      0.000 4
  65   66     -1.170      0.665      0.000 4
  67   61     -1.164     -0.898      0.000 4
  68   62     -1.163     -0.862      0.000 4
  69   63     -1.162      1.051      0.000 4
  70   64     -1.159     -1.119      0.000 4
  71   65     -1.147     -0.111      0.000 4
  -1   -2     -1.133     -0.060      0.000 4
  73   67     -1.127     -0.388      0.000 4
  75   69     -1.118      0.410      0.000 4
  78   68     -1.116      1.065      0.000 4
  77   71     -1.113     -0.294      0.000 4
  -1   70     -1.112     -0.492      0.000 4
  79   72     -1.092      0.490      0.000 4
  81   74     -1.083      0.821      0.000 4
  83   73     -1.079     -1.090      0.000 4
  85   76     -1.073      0.197      0.000 4
  84   77     -1.071      0.398      0.000 4
  89   80     -1.057      0.590      0.000 4
  88   78     -1.053     -1.164      0.000 4
  91   81     -1.051     -0.225      0.000 4
  92   82     -1.047     -0.752      0.000 4
  -1   -2     -1.042     -0.397      0.000 4
  93   83     -1.033      0.346      0.000 4
  94   84     -1.031     -0.441      0.000 4
  95   85     -1.016     -0.887      0.000 4
  97   86     -1.011     -1.083      0.000 4
  -1   -2     -1.010     -0.800      0.000 4
  98   87     -1.007      0.927      0.000 4
  99   88     -0.999      1.042      0.000 4
 101   90     -0.985     -0.591      0.000 4
  -1   -2     -0.979     -0.953      0.000 4
 102   92     -0.970      0.312      0.000 4
 104   93     -0.966      1.070      0.000 4
 105   94     -0.962      0.581      0.000 4
  -1   96     -0.956     -0.089      0.000 4
 107   98     -0.938     -0.962      0.000 4
 108  100     -0.907      1.094      0.000 4
 109  101     -0.905      0.696      0.000 4
 110  103     -0.900     -0.135      0.000 4
 112  102     -0.894     -1.160      0.000 4
 111   -2     -0.889      0.475      0.000 4
 113  104     -0.886     -0.217      0.000 4
  -1   -2     -0.884      0.331      0.000 4
 114  109     -0.881     -0.011      0.000 4
 115  106     -0.880     -0.618      0.000 4
 117  105     -0.880     -0.750      0.000 4
 116  129     -0.879     -0.443      0.000 4
 118  111     -0.865      0.446      0.000 4
 119  110     -0.864     -0.698      0.000 4
  -1  115     -0.858      0.254      0.000 4
 122  114     -0.853      0.735      0.000 4
 123  116     -0.842      0.390      0.000 4
 120  112     -0.841      0.313      0.000 4
 124  119     -0.826      1.046      0.000 4
 127  121     -0.822      1.093      0.000 4
  -1  123     -0.822     -0.906      0.000 4
 126  120     -0.821      0.814      0.000 4
 128  122     -0.817     -0.056      0.000 4
 130   -2     -0.803     -0.949      0.000 4
 131  124     -0.803     -0.792      0.000 4
 129  125     -0.803      0.037      0.000 4
 133  126     -0.796      0.991      0.000 4
 132  127     -0.795      0.882      0.000 4
 134  128     -0.793     -0.754      0.000 4
 125   -2     -0.790     -0.441      0.000 4
  -1   -2     -0.776      0.638      0.000 4
 137  130     -0.773      0.139      0.000 4
 138  131     -0.763     -0.144      0.000 4
 139   -2     -0.755     -1.076      0.000 4
 141  133     -0.749     -1.166      0.000 4
  -1  145     -0.748      0.526      0.000 4
 142  134     -0.740      0.971      0.000 4
 143  136     -0.736     -0.100      0.000 4
 140   -2     -0.735     -0.962      0.000 4
 147   -2     -0.727     -1.009      0.000 4
 145  138     -0.726      0.773      0.000 4
 148  139     -0.721      0.067      0.000 4
  -1  140     -0.716      0.668      0.000 4
 149  141     -0.714     -0.547      0.000 4
 150  143     -0.706      0.719      0.000 4
 151   -2     -0.703      0.216      0.000 4
 152  144     -0.700     -0.678      0.000 4
  -1   -2     -0.696     -0.630      0.000 4
 154  147     -0.688      1.051      0.000 4
  -1  137     -0.685     -0.985      0.000 4
 155  142     -0.683      0.914      0.000 4
  -1  148     -0.683     -1.127      0.000 4
  -1  149     -0.678     -0.557      0.000 4
  -1   -2     -0.674     -0.665      0.000 4
  -1   -2     -0.670     -0.298      0.000 4
 153  162     -0.661      1.085      0.000 4
 158  152     -0.650     -1.171      0.000 4
 161  155     -0.642     -1.107      0.000 4
 160  154     -0.642      1.132      0.000 4
 157  168     -0.636     -0.270      0.000 4
 163  157     -0.635     -0.754      0.000 4
 162  156     -0.634     -0.420      0.000 4
 165  158     -0.630     -1.065      0.000 4
  -1   -2     -0.625      0.402      0.000 4
 166  159     -0.624     -0.496      0.000 4
 167  160     -0.623      0.871      0.000 4
 164  163     -0.622      0.048      0.000 4
 168   -2     -0.621      1.061      0.000 4
 169  161     -0.620     -0.993      0.000 4
 175  153     -0.617     -0.226      0.000 4
 170  164     -0.606      0.339      0.000 4
 172  165     -0.593     -0.756      0.000 4
 174  166     -0.586      0.262      0.000 4
  -1   -2     -0.579     -0.822      0.000 4
 176  172     -0.575      0.465      0.000 4
 177  170     -0.570     -0.495      0.000 4
 179  173     -0.561      1.033      0.000 4
 173  175     -0.557      0.655      0.000 4
 180  174     -0.549     -0.960      0.000 4
  -1   -2     -0.547     -0.546      0.000 4
  -1   -2     -0.546     -0.280      0.000 4
 181  176     -0.540      0.079      0.000 4
  -1   -2     -0.540      0.896      0.000 4
 182  178     -0.535      0.183      0.000 4
 183  179     -0.532      1.155      0.000 4
 184  180     -0.514     -0.043      0.000 4
 185  181     -0.508     -1.169      0.000 4
 186  182     -0.497     -0.121      0.000 4
 188  183     -0.492     -0.656      0.000 4
 189  185     -0.482     -0.270      0.000 4
  -1   -2     -0.471     -0.008      0.000 4
 191  186     -0.466      0.429      0.000 4
  -1  187     -0.457     -0.746      0.000 4
 192  188     -0.442     -0.921      0.000 4
 194  189     -0.433     -0.809      0.000 4
 193  190     -0.430      0.310      0.000 4
 195  192     -0.428     -0.488      0.000 4
  -1  194     -0.422      0.609      0.000 4
 197  193     -0.421     -0.169      0.000 4
 196  199     -0.415      0.712      0.000 4
 199  196     -0.415     -0.576      0.000 4
 200  195     -0.413     -1.116      0.000 4
  -1  197     -0.403     -0.271      0.000 4
  -1   -2     -0.403      0.060      0.000 4
 201  198     -0.395     -0.236      0.000 4
 203  200     -0.392     -0.637      0.000 4
 204  201     -0.379      1.026      0.000 4
 206  202     -0.378     -0.926      0.000 4
 207  204     -0.362      0.950      0.000 4
  -1  208     -0.361      0.439      0.000 4
 208  206     -0.357      0.835      0.000 4
 210   -2     -0.342      0.180      0.000 4
 211  207     -0.338     -0.542      0.000 4
 213  209     -0.331      0.295      0.000 4
 215  211     -0.317      0.760      0.000 4
  -1   -2     -0.309      0.270      0.000 4
 216  212     -0.307     -0.890      0.000 4
 217  210     -0.307     -0.713      0.000 4
  -1  213     -0.302     -0.804      0.000 4
 218  214     -0.301     -0.447      0.000 4
 219  215     -0.297     -0.174      0.000 4
  -1   -2     -0.291     -1.169      0.000 4
 220  216     -0.291     -0.940      0.000 4
 222  218     -0.282      0.392      0.000 4
 224  220     -0.268     -0.373      0.000 4
 225  221     -0.261     -1.026      0.000 4
  -1   -2     -0.260      0.706      0.000 4
 229  222     -0.256     -1.138      0.000 4
 227  225     -0.254     -0.639      0.000 4
 228  227     -0.241     -0.824      0.000 4
  -1  230     -0.229     -1.092      0.000 4
 231  232     -0.221     -0.170      0.000 4
 230  231     -0.219      0.670      0.000 4
  -1   -2     -0.214      0.376      0.000 4
  -1   -2     -0.212      1.017      0.000 4
  -1  233     -0.211      0.021      0.000 4
 233   -2     -0.196     -0.042      0.000 4
 234   -2     -0.190      0.074      0.000 4
 235  235     -0.180     -0.239      0.000 4
  -1   -2     -0.171     -1.144      0.000 4
 236  236     -0.160     -0.725      0.000 4
 237  237     -0.149     -0.167      0.000 4
 240  238     -0.137      0.455      0.000 4
 239  239     -0.137      0.364      0.000 4
 241  240     -0.130     -0.966      0.000 4
 242  243     -0.127     -0.072      0.000 4
  -1   -2     -0.126      1.149      0.000 4
 238  242     -0.126     -0.606      0.000 4
  -1  244     -0.123      0.582      0.000 4
  -1   -2     -0.118     -1.165      0.000 4
 245  252     -0.114      0.309      0.000 4
 244   -2     -0.103     -0.769      0.000 4
  -1   -2     -0.103      1.105      0.000 4
 250   -2     -0.096     -0.605      0.000 4
 248  246     -0.094      0.213      0.000 4
 251  247     -0.083      1.080      0.000 4
  -1  248     -0.083     -0.154      0.000 4
 261   -2     -0.079     -1.027      0.000 4
  -1  251     -0.078     -0.267      0.000 4
 254   -2     -0.073     -0.299      0.000 4
 255   -2     -0.070      0.328      0.000 4
  -1  245     -0.061     -0.790      0.000 4
 256  253     -0.059      0.547      0.000 4
  -1   -2     -0.058      0.505      0.000 4
 257  254     -0.048     -0.002      0.000 4
  -1   -2     -0.043      1.098      0.000 4
 259   -2     -0.029      1.144      0.000 4
  -1  256     -0.017     -0.120      0.000 4
 262  258     -0.005      0.530      0.000 4
 263  260     -0.002      0.292      0.000 4
 267  250     -0.001     -1.166      0.000 4
 264  261      0.013      0.915      0.000 4
 265  263      0.016      0.048      0.000 4
 266  262      0.017      0.801      0.000 4
  -1   -2      0.017     -0.698      0.000 4
 268  264      0.034      0.536      0.000 4
 269  265      0.036      0.320      0.000 4
  -1   -2      0.044     -0.855      0.000 4
 270  267      0.051     -0.041      0.000 4
 271  266      0.054      1.109      0.000 4
 272  268      0.063      0.842      0.000 4
 273  269      0.063      0.608      0.000 4
 274  270      0.067     -1.014      0.000 4
  -1   -2      0.074      0.547      0.000 4
 275  272      0.076     -0.855      0.000 4
 277  274      0.090     -0.657      0.000 4
  -1   -2      0.091      1.074      0.000 4
 276  273      0.091      0.143      0.000 4
 280  275      0.101      0.101      0.000 4
 279   -2      0.102      1.135      0.000 4
 278  276      0.105     -0.469      0.000 4
 281  278      0.107     -0.146      0.000 4
 282  279      0.119      0.376      0.000 4
 284  280      0.139      0.790      0.000 4
  -1  281      0.141     -0.540      0.000 4
 286  283      0.145     -0.438      0.000 4
 287  284      0.148      0.627      0.000 4
 289  285      0.155      0.979      0.000 4
 293  282      0.158     -1.158      0.000 4
 288  286      0.160     -0.614      0.000 4
 290  289      0.173      0.338      0.000 4
 291   -2      0.186     -0.637      0.000 4
 294  293      0.205      0.897      0.000 4
 295  294      0.215     -0.948      0.000 4
 296  295      0.216      0.029      0.000 4
 297  296      0.218      0.518      0.000 4
  -1   -2      0.222     -0.269      0.000 4
  -1   -2      0.227     -0.509      0.000 4
 298  299      0.228     -0.818      0.000 4
 299  300      0.241     -0.134      0.000 4
 300   -2      0.253     -1.122      0.000 4
 317  290      0.257     -0.599      0.000 4
 301  301      0.260     -0.837      0.000 4
 303  302      0.263      0.900      0.000 4
 305  306      0.265      0.127      0.000 4
 304  304      0.266     -0.330      0.000 4
 306  305      0.275      1.119      0.000 4
  -1   -2      0.277      0.737      0.000 4
 307  307      0.283      1.045      0.000 4
 308  308      0.283      0.228      0.000 4
 312  311      0.320     -0.297      0.000 4
 311  313      0.322     -1.169      0.000 4
 314  312      0.324      0.656      0.000 4
 315  314      0.327      0.835      0.000 4
 313  315      0.327      0.054      0.000 4
  -1  316      0.327     -0.177      0.000 4
 319   -2      0.362      1.003      0.000 4
 321   -2      0.366     -0.373      0.000 4
  -1   -2      0.366      0.835      0.000 4
 320  319      0.367     -1.127      0.000 4
 318  320      0.380     -0.758      0.000 4
  -1  322      0.389     -0.928      0.000 4
 325  321      0.389      0.051      0.000 4
 326  323      0.396     -1.174      0.000 4
 327  326      0.402     -0.378      0.000 4
 328  325      0.403      0.275      0.000 4
 329   -2      0.414     -0.426      0.000 4
 330  327      0.414      0.157      0.000 4
 331  328      0.420     -1.065      0.000 4
 332  329      0.423     -0.837      0.000 4
  -1   -2      0.424      0.508      0.000 4
 333  330      0.428      0.829      0.000 4
 341  331      0.433     -0.625      0.000 4
  -1  333      0.447      1.153      0.000 4
  -1   -2      0.447      0.656      0.000 4
 335   -2      0.448     -1.159      0.000 4
 338   -2      0.449      0.000      0.000 4
 337  332      0.456     -0.557      0.000 4
  -1   -2      0.465      0.937      0.000 4
 349   -2      0.473     -0.400      0.000 4
 342  336      0.478      0.690      0.000 4
  -1  342      0.490     -1.152      0.000 4
 344  339      0.492      0.296      0.000 4
 343  334      0.492      0.063      0.000 4
 345  343      0.497     -0.753      0.000 4
 336  350      0.501     -0.911      0.000 4
 346  345      0.504     -0.025      0.000 4
 351  348      0.510      0.635      0.000 4
 347   -2      0.513      0.849      0.000 4
 350  346      0.515     -0.587      0.000 4
  -1   -2      0.532      0.998      0.000 4
 352   -2      0.548     -0.882      0.000 4
  -1  351      0.557      0.669      0.000 4
  -1  347      0.558      0.365      0.000 4
 353  352      0.563     -0.544      0.000 4
 355  358      0.572      0.448      0.000 4
 356  355      0.585      0.856      0.000 4
 358  357      0.590      0.985      0.000 4
 357  356      0.591     -0.037      0.000 4
 354  363      0.599      0.781      0.000 4
 360   -2      0.604      0.474      0.000 4
 359  359      0.605     -0.959      0.000 4
 362  360      0.610     -0.711      0.000 4
 363  361      0.611      0.509      0.000 4
 366  366      0.626     -0.604      0.000 4
 368  369      0.633     -1.097      0.000 4
 369  368      0.636     -0.807      0.000 4
 361  367      0.645     -1.169      0.000 4
  -1   -2      0.650      0.670      0.000 4
 371  370      0.657      0.529      0.000 4
 373  372      0.663      0.460      0.000 4
 374  373      0.666      0.891      0.000 4
 383  375      0.672     -0.455      0.000 4
 377  374      0.672      0.809      0.000 4
  -1  376      0.681     -1.005      0.000 4
 364  377      0.682     -0.249      0.000 4
 381  379      0.708     -0.837      0.000 4
  -1   -2      0.710     -0.057      0.000 4
 382  381      0.713     -0.626      0.000 4
  -1   -2      0.715     -0.477      0.000 4
 384  380      0.716     -0.000      0.000 4
 385  382      0.720      1.130      0.000 4
  -1  383      0.724     -0.431      0.000 4
 386  384      0.728     -0.676      0.000 4
 387  390      0.730     -1.060      0.000 4
 388  385      0.730      1.035      0.000 4
 389  386      0.733     -0.362      0.000 4
 390  387      0.741     -0.866      0.000 4
  -1  378      0.749     -0.068      0.000 4
 391  389      0.750     -0.774      0.000 4
 392  388      0.753      0.246      0.000 4
 393   -2      0.755      0.283      0.000 4
 394   -2      0.761     -1.089      0.000 4
 396  392      0.772     -0.626      0.000 4
 397   -2      0.787     -1.047      0.000 4
 398  396      0.794     -0.808      0.000 4
 403   -2      0.796     -0.136      0.000 4
 402  397      0.800      0.321      0.000 4
 404  399      0.804      0.609      0.000 4
 405   -2      0.805      0.802      0.000 4
  -1   -2      0.807     -0.076      0.000 4
 407  401      0.817      0.880      0.000 4
 408   -2      0.820      0.924      0.000 4
 409  407      0.833     -0.866      0.000 4
  -1  402      0.841     -1.121      0.000 4
 410  404      0.852     -1.063      0.000 4
 414  403      0.852     -0.042      0.000 4
 413  408      0.854     -0.786      0.000 4
 415  406      0.855      0.864      0.000 4
 417   -2      0.860     -1.160      0.000 4
 416  411      0.889     -0.664      0.000 4
 418  424      0.902     -1.005      0.000 4
 419  414      0.903      1.052      0.000 4
  -1   -2      0.904     -0.159      0.000 4
 422  413      0.905     -0.270      0.000 4
 421  412      0.905      0.154      0.000 4
 423  415      0.912     -0.454      0.000 4
  -1   -2      0.914      0.738      0.000 4
 424  418      0.916      0.627      0.000 4
  -1  417      0.917      0.111      0.000 4
 427  419      0.921      0.680      0.000 4
 425  421      0.923      1.145      0.000 4
 426  422      0.923     -0.802      0.000 4
 428  420      0.923      0.407      0.000 4
  -1   -2      0.926      0.285      0.000 4
 431  426      0.935     -0.545      0.000 4
 439   -2      0.946     -0.867      0.000 4
 432  428      0.957      0.780      0.000 4
 433  429      0.962      0.221      0.000 4
 434  433      0.976     -1.124      0.000 4
 435   -2      0.976     -0.613      0.000 4
 436  434      0.986     -0.166      0.000 4
 438  435      0.991      0.509      0.000 4
 437   -2      0.996      1.145      0.000 4
 440  436      1.014      0.442      0.000 4
  -1  437      1.015     -0.299      0.000 4
 441  438      1.027     -0.599      0.000 4
 442   -2      1.029     -0.252      0.000 4
 443  439      1.034     -0.043      0.000 4
 445  441      1.052     -0.343      0.000 4
  -1  443      1.057     -1.171      0.000 4
 446  442      1.061      0.649      0.000 4
  -1   -2      1.063     -0.711      0.000 4
 448   -2      1.075     -0.016      0.000 4
 447  446      1.077      1.156      0.000 4
 450  447      1.080      0.824      0.000 4
 451  449      1.082      0.957      0.000 4
 452  448      1.085      0.706      0.000 4
 453  450      1.097      1.027      0.000 4
 454  451      1.099     -0.664      0.000 4
 457  452      1.110      0.250      0.000 4
 456  453      1.113     -0.991      0.000 4
 458  444      1.116     -0.001      0.000 4
  -1   -2      1.117      0.192      0.000 4
 459  454      1.119      0.089      0.000 4
  -1  456      1.126     -0.350      0.000 4
 461  457      1.135      1.025      0.000 4
 463  458      1.149     -0.797      0.000 4
 465   -2      1.154     -0.883      0.000 4
 462  459      1.156     -1.105      0.000 4
 466  460      1.164     -0.568      0.000 4
  -1  461      1.166      0.706      0.000 4
 468  462      1.193      0.880      0.000 4
  -1  463      1.200      0.962      0.000 4
 469   -2      1.203     -0.261      0.000 4
 471   -2      1.210      0.232      0.000 4
  -1  464      1.222     -0.328      0.000 4
  -1   -2      1.223     -0.080      0.000 4
 472  465      1.225     -0.387      0.000 4
 473  466      1.228     -0.516      0.000 4
 474   -2      1.229     -0.202      0.000 4
  -1  467      1.238      1.147      0.000 4
  -1  468      1.247     -0.588      0.000 4
 475   -2      1.248      0.277      0.000 4
 476  470      1.257      1.000      0.000 4
 477  471      1.269     -0.163      0.000 4
  -1   -2      1.283     -0.479      0.000 4
 482  472      1.287      0.398      0.000 4
  -1   -2      1.294      0.608      0.000 4
 483  473      1.296     -0.514      0.000 4
 478  476      1.308     -1.168      0.000 4
  -1   -2      1.321      0.836      0.000 4
 485  475      1.325     -0.589      0.000 4
 487  477      1.346     -1.103      0.000 4
  -1  478      1.350      0.746      0.000 4
 481   -2      1.357     -0.745      0.000 4
 488  480      1.371     -0.963      0.000 4
 489  481      1.383     -1.025      0.000 4
 491  482      1.390      1.113      0.000 4
 493  483      1.391      0.166      0.000 4
 494  486      1.406     -0.360      0.000 4
 495  485      1.406     -0.252      0.000 4
 496  487      1.410     -0.971      0.000 4
  -1   -2      1.415     -0.010      0.000 4
 497  488      1.416     -0.487      0.000 4
  -1   -2      1.417      0.397      0.000 4
 498  489      1.420     -0.422      0.000 4
 500  490      1.429      0.237      0.000 4
 501  491      1.431      0.531      0.000 4
  -1  492      1.443     -0.761      0.000 4
 505  495      1.451     -1.082      0.000 4
 499  501      1.456     -1.173      0.000 4
 506  496      1.466      0.602      0.000 4
  -1  502      1.475      1.079      0.000 4
 502  497      1.482     -0.777      0.000 4
 508  498      1.488      0.844      0.000 4
 509  499      1.490      0.276      0.000 4
 510  509      1.508     -0.273      0.000 4
 511  503      1.508     -0.062      0.000 4
 512  504      1.509     -0.217      0.000 4
  -1   -2      1.528     -0.511      0.000 4
  -1  508      1.530     -0.560      0.000 4
 513  506      1.532      0.441      0.000 4
 514  507      1.533      0.066      0.000 4
 515  510      1.545      1.112      0.000 4
 516  511      1.547     -0.642      0.000 4
 517  512      1.554     -1.066      0.000 4
 518  513      1.555     -0.952      0.000 4
 519  514      1.561      0.731      0.000 4
 521  515      1.566      0.604      0.000 4
 520  516      1.566     -0.848      0.000 4
