518
   1    0     -1.571      0.885      0.000 4
  -1   -2     -1.558     -0.252      0.000 4
  -1    1     -1.542      0.973      0.000 4
  -1   -2     -1.541      0.836      0.000 4
   3   -2     -1.533      0.882      0.000 4
   4   -2     -1.531     -1.087      0.000 4
  -1   -2     -1.530      0.658      0.000 4
   5    2     -1.529      0.227      0.000 4
  -1   12     -1.521      1.096      0.000 4
   8    3     -1.513      0.288      0.000 4
   9    4     -1.508      0.545      0.000 4
  11    6     -1.501      0.425      0.000 4
  10    5     -1.501      0.677      0.000 4
  12    7     -1.498     -0.303      0.000 4
  13    8     -1.493      0.888      0.000 4
  15   11     -1.483      0.160      0.000 4
  14    9     -1.478     -0.753      0.000 4
  18   -2     -1.467      1.035      0.000 4
  -1   -2     -1.452     -0.309      0.000 4
  19   -2     -1.451      0.505      0.000 4
  21   14     -1.451     -0.625      0.000 4
  20   15     -1.448      0.353      0.000 4
  23   16     -1.444     -0.358      0.000 4
  -1   13     -1.443     -0.998      0.000 4
  25   17     -1.435     -1.111      0.000 4
  26   -2     -1.428      0.727      0.000 4
  28   21     -1.421     -0.729      0.000 4
  -1   22     -1.413      0.778      0.000 4
  29   23     -1.413      0.291      0.000 4
  30   24     -1.407     -0.397      0.000 4
  31   26     -1.395      0.068      0.000 4
  32   28     -1.391      0.647      0.000 4
  35   27     -1.381     -0.871      0.000 4
  34   29     -1.376     -1.126      0.000 4
  36   48     -1.366     -0.545      0.000 4
  -1   31     -1.363      1.133      0.000 4
  38   32     -1.356     -0.913      0.000 4
  -1   -2     -1.355     -0.689      0.000 4
  -1   34     -1.348     -0.007      0.000 4
  -1   -2     -1.345      0.333      0.000 4
  40   33     -1.345      0.035      0.000 4
  42   35     -1.339     -1.055      0.000 4
  41   37     -1.334      0.173      0.000 4
  43   38     -1.327      0.943      0.000 4
  44   40     -1.310     -0.347      0.000 4
  45   -2     -1.304      0.565      0.000 4
  -1   36     -1.297      0.672      0.000 4
  46   42     -1.295     -0.845      0.000 4
  48   39     -1.292      1.048      0.000 4
  47   44     -1.286      0.399      0.000 4
  -1   -2     -1.285     -0.300      0.000 4
  55   43     -1.284     -0.023      0.000 4
  50   45     -1.268     -0.640      0.000 4
  52   46     -1.263     -0.997      0.000 4
  53   -2     -1.259      0.521      0.000 4
  54   -2     -1.256     -0.537      0.000 4
  56   49     -1.243      1.009      0.000 4
  -1   -2     -1.243     -0.599      0.000 4
  58   50     -1.231     -0.849      0.000 4
  59   51     -1.226     -0.128      0.000 4
  61   53     -1.211      0.846      0.000 4
  60   63     -1.203     -0.655      0.000 4
  64   56     -1.193     -1.147      0.000 4
  57   69     -1.188     -1.167      0.000 4
  65   59     -1.174      0.641      0.000 4
  67   58     -1.173     -1.102      0.000 4
  68   60     -1.167     -0.882      0.000 4
  69   62     -1.164     -0.843      0.000 4
  -1   61     -1.161      1.034      0.000 4
  -1   -2     -1.161     -0.570      0.000 4
  70   65     -1.154     -0.356      0.000 4
  71   66     -1.152      0.406      0.000 4
  -1   -2     -1.134      0.440      0.000 4
  73   68     -1.134     -1.112      0.000 4
  72   -2     -1.134     -1.017      0.000 4
  74   70     -1.124      0.659      0.000 4
  76   71     -1.116      1.051      0.000 4
  75   72     -1.116     -0.108      0.000 4
  77   74     -1.105     -0.378      0.000 4
  82   75     -1.096     -1.075      0.000 4
  78   -2     -1.094     -1.033      0.000 4
  81   77     -1.087     -0.489      0.000 4
  79   78     -1.087     -0.287      0.000 4
  80   79     -1.086      0.402      0.000 4
  83   81     -1.071      0.809      0.000 4
  84   83     -1.066      0.482      0.000 4
  90   84     -1.049     -0.162      0.000 4
  85   85     -1.043     -0.735      0.000 4
  86   88     -1.038      0.390      0.000 4
  87   86     -1.036      0.582      0.000 4
  -1   -2     -1.028     -0.662      0.000 4
  89   89     -1.022     -1.069      0.000 4
  88   90     -1.020     -0.220      0.000 4
  91   91     -1.017     -0.869      0.000 4
  93   93     -1.008     -0.788      0.000 4
  92   92     -1.008     -0.436      0.000 4
  94   82     -1.005     -0.664      0.000 4
  95   96     -1.000      0.342      0.000 4
  96   95     -0.999      0.917      0.000 4
  97   94     -0.997      1.032      0.000 4
  -1   97     -0.981     -1.004      0.000 4
  -1   -2     -0.973     -0.586      0.000 4
  -1   -2     -0.967      1.062      0.000 4
  98  103     -0.966     -1.124      0.000 4
 100   98     -0.960      0.782      0.000 4
  -1   99     -0.950     -1.017      0.000 4
 102  100     -0.939     -0.942      0.000 4
 101  101     -0.933      0.308      0.000 4
 103  102     -0.931      0.572      0.000 4
  -1   -2     -0.913      0.748      0.000 4
 108  105     -0.913      1.119      0.000 4
 109   -2     -0.910      1.087      0.000 4
 110  106     -0.905      0.903      0.000 4
  -1  107     -0.884      0.692      0.000 4
 104  114     -0.884     -1.168      0.000 4
 111  108     -0.868     -0.745      0.000 4
 114  109     -0.866     -0.615      0.000 4
 112  110     -0.865     -0.135      0.000 4
 115   -2     -0.857     -0.443      0.000 4
 116  112     -0.854     -0.214      0.000 4
 117  111     -0.853     -0.691      0.000 4
  -1   -2     -0.849     -0.054      0.000 4
 118  115     -0.844     -0.011      0.000 4
 113  123     -0.842     -1.090      0.000 4
 122  116     -0.834      0.733      0.000 4
 120  122     -0.829      0.445      0.000 4
 128   -2     -0.824      0.398      0.000 4
  -1  117     -0.824      1.045      0.000 4
 125  118     -0.821      1.091      0.000 4
 123  124     -0.819      0.305      0.000 4
 126  120     -0.817     -0.944      0.000 4
 129  121     -0.811      0.816      0.000 4
 127   -2     -0.805     -0.912      0.000 4
 130  125     -0.789      0.993      0.000 4
 131  126     -0.789     -0.799      0.000 4
 132  127     -0.785     -0.753      0.000 4
 133  128     -0.783      0.884      0.000 4
 134  129     -0.780     -0.056      0.000 4
 135  131     -0.770      0.035      0.000 4
 136  133     -0.767     -0.446      0.000 4
 137  130     -0.765     -1.165      0.000 4
  -1  136     -0.760     -0.599      0.000 4
  -1  137     -0.750     -0.925      0.000 4
  -1  152     -0.746      0.640      0.000 4
 138  138     -0.738     -0.964      0.000 4
 139  140     -0.736      0.138      0.000 4
 143  139     -0.732     -1.009      0.000 4
 142  141     -0.731      0.976      0.000 4
 141  143     -0.730     -0.149      0.000 4
  -1  144     -0.721     -1.162      0.000 4
 146   -2     -0.704      0.750      0.000 4
 145  146     -0.701     -0.103      0.000 4
 147  148     -0.696     -0.551      0.000 4
  -1  147     -0.696      1.115      0.000 4
 148  149     -0.695      0.870      0.000 4
  -1  150     -0.688     -1.113      0.000 4
 151  153     -0.685      1.058      0.000 4
  -1   -2     -0.682      0.430      0.000 4
 149  151     -0.681     -0.680      0.000 4
  -1   -2     -0.679      0.064      0.000 4
  -1   -2     -0.677      0.919      0.000 4
 154  154     -0.658     -1.171      0.000 4
  -1  158     -0.642      1.139      0.000 4
 156  160     -0.642     -0.305      0.000 4
 157  159     -0.638     -1.073      0.000 4
 158  156     -0.638     -1.113      0.000 4
 153  168     -0.637      0.154      0.000 4
  -1  163     -0.627      1.004      0.000 4
 159  161     -0.626     -0.761      0.000 4
 160  162     -0.622     -0.999      0.000 4
 162   -2     -0.619      1.067      0.000 4
 161  165     -0.613     -0.430      0.000 4
 163  164     -0.610      0.881      0.000 4
 164  166     -0.606     -0.509      0.000 4
 165  167     -0.604     -0.276      0.000 4
 166   -2     -0.592      0.044      0.000 4
 167  169     -0.585     -0.766      0.000 4
  -1  174     -0.578     -1.166      0.000 4
 168  175     -0.570     -1.113      0.000 4
 169   -2     -0.560     -0.964      0.000 4
  -1   -2     -0.559     -0.735      0.000 4
 170   -2     -0.556      1.043      0.000 4
 172  171     -0.552     -0.506      0.000 4
 171  173     -0.550      0.474      0.000 4
 174  172     -0.548     -0.231      0.000 4
 176   -2     -0.537     -1.086      0.000 4
  -1  176     -0.536      0.667      0.000 4
 175   -2     -0.521      0.698      0.000 4
 177  177     -0.504      0.184      0.000 4
 178  178     -0.501      0.087      0.000 4
 179  179     -0.488      0.961      0.000 4
 180  181     -0.484     -0.047      0.000 4
 181  180     -0.482     -0.668      0.000 4
  -1   -2     -0.475      0.828      0.000 4
 183  187     -0.461     -1.167      0.000 4
  -1   -2     -0.458      0.125      0.000 4
 184  183     -0.456     -0.281      0.000 4
  -1   -2     -0.440     -0.013      0.000 4
 186  184     -0.440     -0.938      0.000 4
 185  185     -0.439      0.440      0.000 4
 188  188     -0.426     -0.829      0.000 4
 189  186     -0.417     -1.125      0.000 4
 190  189     -0.410      0.741      0.000 4
 192  190     -0.407     -0.513      0.000 4
  -1  191     -0.405      0.626      0.000 4
 191  192     -0.403      0.318      0.000 4
 194  193     -0.400     -0.596      0.000 4
 195  194     -0.394     -0.338      0.000 4
 193  195     -0.394     -0.179      0.000 4
 197  199     -0.380     -0.657      0.000 4
  -1  197     -0.378     -0.284      0.000 4
 201  200     -0.377      1.051      0.000 4
 199  196     -0.377     -0.947      0.000 4
 198  198     -0.376      0.717      0.000 4
 200  201     -0.371     -0.247      0.000 4
 203  203     -0.358      0.977      0.000 4
  -1   -2     -0.357     -1.134      0.000 4
 205   -2     -0.354     -1.070      0.000 4
  -1   -2     -0.349     -0.419      0.000 4
 206  204     -0.347      0.861      0.000 4
 207  205     -0.323     -0.564      0.000 4
 225  206     -0.308      0.525      0.000 4
 208  207     -0.304     -0.916      0.000 4
 209  208     -0.303      0.785      0.000 4
 210  209     -0.301      0.294      0.000 4
 211   -2     -0.297     -0.739      0.000 4
 213  210     -0.291     -0.969      0.000 4
  -1   -2     -0.280     -0.866      0.000 4
 212  211     -0.278     -0.475      0.000 4
 214  213     -0.276     -0.186      0.000 4
 217  214     -0.263     -1.054      0.000 4
 218  215     -0.261      0.408      0.000 4
 219  217     -0.250     -0.391      0.000 4
 221  218     -0.244     -1.132      0.000 4
 220  219     -0.244     -0.664      0.000 4
 222  220     -0.236     -0.853      0.000 4
 223  221     -0.236      0.118      0.000 4
  -1   -2     -0.231      0.969      0.000 4
 224  222     -0.225     -1.091      0.000 4
  -1  224     -0.212     -0.205      0.000 4
 226  225     -0.208      0.696      0.000 4
 228  229     -0.169      0.072      0.000 4
 229  230     -0.168     -0.260      0.000 4
 231  231     -0.155     -0.757      0.000 4
  -1   -2     -0.148     -1.167      0.000 4
 232  232     -0.142     -1.117      0.000 4
 234  235     -0.138     -0.184      0.000 4
 233  233     -0.136     -0.642      0.000 4
 235  234     -0.132     -1.001      0.000 4
 236  236     -0.126      0.470      0.000 4
 237  237     -0.125      0.371      0.000 4
 239  238     -0.112      0.606      0.000 4
  -1  239     -0.110     -0.078      0.000 4
 240  247     -0.101     -1.130      0.000 4
 241  241     -0.100      0.320      0.000 4
 242  242     -0.084      1.117      0.000 4
 244  246     -0.080     -1.068      0.000 4
 243  243     -0.080      0.219      0.000 4
 238   -2     -0.076     -0.157      0.000 4
  -1   -2     -0.074     -0.193      0.000 4
 245  244     -0.069     -0.613      0.000 4
 247  248     -0.061     -0.320      0.000 4
  -1   -2     -0.059      0.498      0.000 4
 251  250     -0.059      0.339      0.000 4
 252  251     -0.051      0.572      0.000 4
 254  256     -0.010     -0.461      0.000 4
 256   -2     -0.001     -0.130      0.000 4
  -1  258      0.008      0.305      0.000 4
 258  259      0.012      0.952      0.000 4
 259  260      0.017      0.842      0.000 4
 260  262      0.023      0.359      0.000 4
 261  263      0.024      0.043      0.000 4
 267  245      0.025     -0.222      0.000 4
 264  264      0.038      0.556      0.000 4
 265  265      0.049      0.322      0.000 4
 266  266      0.055     -0.050      0.000 4
 268  268      0.060      0.880      0.000 4
 270  269      0.063     -1.057      0.000 4
 269  267      0.065      0.634      0.000 4
 272  270      0.075     -0.893      0.000 4
 274  271      0.094      0.145      0.000 4
  -1   -2      0.097     -0.691      0.000 4
 277  274      0.107      0.101      0.000 4
 279  273      0.113     -0.152      0.000 4
 285  275      0.113     -1.164      0.000 4
 278  276      0.122      0.388      0.000 4
 281  278      0.136      0.823      0.000 4
 284  281      0.147     -0.463      0.000 4
 282  282      0.150     -0.574      0.000 4
 286  283      0.153      1.017      0.000 4
  -1  284      0.162     -0.647      0.000 4
 288  287      0.176      0.353      0.000 4
  -1  288      0.185     -0.672      0.000 4
  -1  293      0.198      1.044      0.000 4
  -1  289      0.198     -1.169      0.000 4
 289  290      0.199     -0.444      0.000 4
 280   -2      0.204      0.935      0.000 4
 290  291      0.213      0.539      0.000 4
 291  292      0.214      0.025      0.000 4
 292  294      0.216     -0.987      0.000 4
 294  296      0.229     -0.856      0.000 4
 295  295      0.238     -0.148      0.000 4
 297  297      0.254      0.940      0.000 4
 296   -2      0.256     -0.630      0.000 4
  -1   -2      0.259     -0.873      0.000 4
 299   -2      0.260     -0.360      0.000 4
  -1  298      0.267     -0.329      0.000 4
 300   -2      0.271      1.159      0.000 4
 301  299      0.275      1.083      0.000 4
 302  300      0.276      0.235      0.000 4
 298  301      0.287      0.144      0.000 4
  -1  303      0.302     -0.987      0.000 4
 305  302      0.302      0.564      0.000 4
  -1  304      0.316     -0.319      0.000 4
 306   -2      0.318     -0.191      0.000 4
 307  306      0.319      0.051      0.000 4
 309  307      0.328      0.993      0.000 4
  -1   -2      0.338      0.180      0.000 4
 310  309      0.340     -1.159      0.000 4
 311  310      0.353      1.040      0.000 4
 303   -2      0.358      0.616      0.000 4
 313  311      0.359     -0.395      0.000 4
 316  313      0.374     -0.786      0.000 4
 315  312      0.374      0.237      0.000 4
 314  314      0.374      0.051      0.000 4
 319  318      0.387      0.286      0.000 4
 318  320      0.389     -0.953      0.000 4
 322  344      0.391      0.482      0.000 4
 320  319      0.394     -0.399      0.000 4
 321  321      0.401      0.160      0.000 4
  -1   -2      0.409      0.528      0.000 4
  -1   -2      0.413      0.431      0.000 4
  -1   -2      0.416      0.863      0.000 4
 323  322      0.420     -0.867      0.000 4
 324  323      0.421     -1.095      0.000 4
 327  327      0.435     -0.002      0.000 4
  -1  329      0.443      0.683      0.000 4
 329  325      0.450     -0.588      0.000 4
 331  333      0.462     -0.420      0.000 4
  -1  335      0.464      0.535      0.000 4
 332  334      0.470      0.720      0.000 4
  -1   -2      0.474     -1.164      0.000 4
 334  332      0.474      0.308      0.000 4
 335  337      0.480     -1.100      0.000 4
 336  338      0.487     -0.031      0.000 4
 338  339      0.492     -0.777      0.000 4
 342  342      0.499     -0.611      0.000 4
 341  345      0.503     -0.354      0.000 4
 339  346      0.503     -0.933      0.000 4
 343  347      0.511      0.743      0.000 4
 337  341      0.518      0.667      0.000 4
  -1   -2      0.523      1.023      0.000 4
 344  348      0.540     -0.895      0.000 4
 346   -2      0.555     -0.199      0.000 4
  -1   -2      0.556      0.823      0.000 4
  -1   -2      0.560     -0.940      0.000 4
  -1  354      0.568     -0.430      0.000 4
 348  353      0.569     -0.040      0.000 4
 347  355      0.572      0.886      0.000 4
 349  356      0.579      1.015      0.000 4
 350  357      0.585      0.491      0.000 4
 351  358      0.588      0.529      0.000 4
 354  352      0.603     -0.980      0.000 4
 356  362      0.605     -0.731      0.000 4
 355  361      0.605      0.793      0.000 4
 358  363      0.610      0.319      0.000 4
 357  364      0.619     -0.621      0.000 4
 359  367      0.627     -0.667      0.000 4
 360  368      0.631     -0.824      0.000 4
  -1  370      0.637      0.543      0.000 4
 361  365      0.638     -1.157      0.000 4
 363  369      0.639      0.475      0.000 4
 362  371      0.640     -0.398      0.000 4
 364  372      0.651      0.918      0.000 4
 365  374      0.655      0.836      0.000 4
 366  375      0.659     -0.463      0.000 4
  -1   -2      0.665     -0.257      0.000 4
 368  379      0.700     -0.846      0.000 4
 367   -2      0.703     -0.637      0.000 4
 370  380      0.709     -0.446      0.000 4
 371  381      0.716     -0.370      0.000 4
 372   -2      0.721     -0.684      0.000 4
 373  382      0.722      1.055      0.000 4
 374  383      0.723      0.253      0.000 4
 369   -2      0.729      1.147      0.000 4
 375   -2      0.730     -1.073      0.000 4
 376  384      0.730     -0.880      0.000 4
 385  377      0.734     -0.983      0.000 4
  -1   -2      0.741     -0.024      0.000 4
 378  386      0.761     -0.634      0.000 4
  -1  390      0.770     -1.106      0.000 4
 380  387      0.771      0.382      0.000 4
 381  388      0.772      0.331      0.000 4
 382  389      0.778      0.626      0.000 4
  -1  391      0.784      1.041      0.000 4
 387  392      0.798      0.901      0.000 4
 389  393      0.823     -0.039      0.000 4
 390  394      0.837      0.884      0.000 4
 391  395      0.846     -0.790      0.000 4
 392  396      0.850     -1.062      0.000 4
 388  407      0.856     -1.156      0.000 4
 394  397      0.873      0.161      0.000 4
 408  398      0.873     -0.263      0.000 4
  -1   -2      0.882      0.231      0.000 4
 397  401      0.885     -0.669      0.000 4
 398  406      0.885      1.054      0.000 4
 399   -2      0.886      0.109      0.000 4
 401  400      0.889      0.508      0.000 4
 400  403      0.889      0.644      0.000 4
 403  404      0.893      0.417      0.000 4
 402   -2      0.893      0.753      0.000 4
 404  405      0.893      0.695      0.000 4
 386  408      0.894     -0.452      0.000 4
 413  409      0.902     -0.875      0.000 4
 410   -2      0.909      1.085      0.000 4
 412  412      0.919      1.160      0.000 4
 414  411      0.920     -0.542      0.000 4
 417  413      0.928      0.228      0.000 4
 416  415      0.932     -1.081      0.000 4
  -1  414      0.936      0.793      0.000 4
  -1  416      0.944     -0.866      0.000 4
 418  418      0.957     -0.256      0.000 4
 419  420      0.961     -0.155      0.000 4
 420  419      0.962      0.518      0.000 4
 421  423      0.978     -1.121      0.000 4
 422  421      0.986      0.454      0.000 4
 423  425      1.003     -0.038      0.000 4
  -1  426      1.007     -0.827      0.000 4
 424  427      1.012      0.756      0.000 4
 425  429      1.016     -0.596      0.000 4
 426  431      1.027     -0.332      0.000 4
 427  430      1.028      0.658      0.000 4
 436  428      1.048      0.288      0.000 4
 428  432      1.048     -0.009      0.000 4
 433  437      1.057     -1.169      0.000 4
 434  434      1.063      0.830      0.000 4
 432   -2      1.066     -0.124      0.000 4
 435  436      1.071      0.966      0.000 4
 444   -2      1.072     -0.885      0.000 4
  -1  438      1.073      0.254      0.000 4
 437   -2      1.086      0.163      0.000 4
 439  440      1.088      0.095      0.000 4
 438  441      1.089     -0.653      0.000 4
  -1   -2      1.098     -0.397      0.000 4
  -1  443      1.107     -0.567      0.000 4
 441  444      1.112      1.029      0.000 4
 440  445      1.112     -0.978      0.000 4
 442  439      1.124      0.198      0.000 4
 443  447      1.143     -0.784      0.000 4
  -1   -2      1.150     -0.868      0.000 4
 445  448      1.152     -1.083      0.000 4
 446  449      1.155     -0.553      0.000 4
  -1   -2      1.157      1.027      0.000 4
 447  450      1.175      0.880      0.000 4
 448   -2      1.179      0.254      0.000 4
  -1  462      1.180     -0.250      0.000 4
  -1  452      1.187     -1.176      0.000 4
 450  454      1.200      0.024      0.000 4
 451  453      1.200     -0.071      0.000 4
 452   -2      1.207      0.657      0.000 4
 453  457      1.214     -0.500      0.000 4
 455  456      1.220      0.278      0.000 4
 454  461      1.233     -0.198      0.000 4
 457  458      1.235     -0.572      0.000 4
 458  459      1.242      0.995      0.000 4
 459   -2      1.251     -0.152      0.000 4
 460  460      1.253      0.392      0.000 4
 461   -2      1.261      0.442      0.000 4
  -1   -2      1.282     -0.091      0.000 4
 463  467      1.283     -0.494      0.000 4
  -1   -2      1.292     -0.482      0.000 4
 465  468      1.304      0.427      0.000 4
 464  469      1.310     -0.968      0.000 4
 466  470      1.315     -0.565      0.000 4
 468  471      1.323      0.735      0.000 4
  -1   -2      1.332     -0.455      0.000 4
  -1  472      1.337     -1.122      0.000 4
 469  473      1.343     -1.075      0.000 4
  -1  477      1.353     -1.168      0.000 4
 470  475      1.361      0.167      0.000 4
 471  476      1.368     -0.935      0.000 4
 473  479      1.381      1.097      0.000 4
 474  480      1.385     -0.992      0.000 4
 475  481      1.389     -0.231      0.000 4
 476  482      1.392     -0.335      0.000 4
 477  483      1.402      0.238      0.000 4
 480  484      1.405      0.518      0.000 4
 479  485      1.406     -0.397      0.000 4
 478  486      1.407     -0.461      0.000 4
 481  487      1.411     -0.942      0.000 4
 482  490      1.441      0.588      0.000 4
  -1  491      1.451     -1.094      0.000 4
  -1   -2      1.452     -1.056      0.000 4
  -1   -2      1.464      1.059      0.000 4
 483  492      1.468      0.272      0.000 4
 484  493      1.469      0.823      0.000 4
  -1  494      1.472      0.054      0.000 4
 485   -2      1.478     -0.735      0.000 4
  -1   -2      1.483      1.017      0.000 4
 488  497      1.493     -0.197      0.000 4
 487  496      1.493     -0.053      0.000 4
  -1  499      1.495     -1.073      0.000 4
 490  500      1.499     -0.254      0.000 4
 502  488      1.508     -0.316      0.000 4
 491  495      1.509     -0.741      0.000 4
  -1  503      1.509     -1.153      0.000 4
 492  501      1.509      0.429      0.000 4
 493  504      1.515      0.073      0.000 4
  -1   -2      1.527     -0.524      0.000 4
 494  506      1.533      0.668      0.000 4
 495  507      1.536      1.091      0.000 4
 496  509      1.544     -0.611      0.000 4
 499  512      1.546     -0.917      0.000 4
 498  510      1.547      0.584      0.000 4
 500  511      1.549     -1.033      0.000 4
 503  513      1.560      0.380      0.000 4
 501  514      1.561     -0.811      0.000 4
 504  515      1.570      1.133      0.000 4
