500
   0    0     -1.563      0.508      0.000 4
   1    1     -1.549     -0.976      0.000 4
  -1    2     -1.543      0.774      0.000 4
   2   -2     -1.536     -1.132      0.000 4
   4    5     -1.529     -0.006      0.000 4
   9   -2     -1.518     -0.196      0.000 4
   8    7     -1.516      0.237      0.000 4
  -1   -2     -1.490     -1.166      0.000 4
  12   10     -1.476     -0.901      0.000 4
  13   11     -1.463      0.787      0.000 4
  15   12     -1.459      0.931      0.000 4
  14   13     -1.458      0.202      0.000 4
  17   15     -1.446      0.591      0.000 4
  19   -2     -1.444      1.039      0.000 4
  18   16     -1.443      0.472      0.000 4
  20   17     -1.441     -0.245      0.000 4
  21   18     -1.439      0.251      0.000 4
  24   19     -1.427     -0.542      0.000 4
  23   20     -1.427      0.369      0.000 4
  26   22     -1.406      0.146      0.000 4
  -1   -2     -1.394     -1.170      0.000 4
  22   23     -1.386     -0.300      0.000 4
  -1   -2     -1.385     -1.107      0.000 4
  -1   -2     -1.380     -0.780      0.000 4
  28   26     -1.370      1.036      0.000 4
  31   28     -1.370     -0.970      0.000 4
  30   29     -1.369     -0.825      0.000 4
  29   31     -1.363      0.312      0.000 4
  32   32     -1.354     -1.070      0.000 4
  34   33     -1.348     -0.337      0.000 4
  -1   34     -1.344     -0.934      0.000 4
  -1   35     -1.343      0.130      0.000 4
  -1   37     -1.325      0.950      0.000 4
  35   42     -1.323      0.576      0.000 4
  37   39     -1.323      0.262      0.000 4
  38   38     -1.322      1.014      0.000 4
  -1   40     -1.315     -0.181      0.000 4
  40   41     -1.308      0.069      0.000 4
  44   -2     -1.308     -1.172      0.000 4
  41   -2     -1.307      1.156      0.000 4
  43   43     -1.302     -0.756      0.000 4
  42   44     -1.302      0.863      0.000 4
  45   45     -1.294      1.154      0.000 4
  -1   48     -1.293     -0.783      0.000 4
  46   -2     -1.290      0.029      0.000 4
  48   47     -1.290     -0.928      0.000 4
  -1   -2     -1.284     -0.924      0.000 4
  -1   -2     -1.278     -0.117      0.000 4
  50   51     -1.275      0.640      0.000 4
  53   54     -1.253      0.045      0.000 4
  51   53     -1.251      0.002      0.000 4
  -1   55     -1.246      0.708      0.000 4
  54   57     -1.235     -0.301      0.000 4
  55   56     -1.235     -0.577      0.000 4
  56   60     -1.232      0.158      0.000 4
  58   58     -1.231     -0.777      0.000 4
  59   59     -1.230      0.938      0.000 4
  -1   61     -1.218      0.513      0.000 4
  61   62     -1.209     -0.483      0.000 4
  64   63     -1.192      0.587      0.000 4
  65   64     -1.183      0.366      0.000 4
  -1   -2     -1.180      0.538      0.000 4
  66   65     -1.172     -0.601      0.000 4
  69   66     -1.168     -0.820      0.000 4
  67   67     -1.168      0.784      0.000 4
  68   69     -1.165      0.475      0.000 4
  83   50     -1.165     -1.165      0.000 4
  70   70     -1.161     -0.786      0.000 4
  71   76     -1.157     -0.950      0.000 4
  72   71     -1.157      0.990      0.000 4
  -1   72     -1.143      0.952      0.000 4
  73   75     -1.130     -1.013      0.000 4
  -1   -2     -1.124     -0.973      0.000 4
  75   77     -1.123      0.686      0.000 4
  74   78     -1.122     -0.114      0.000 4
  77   79     -1.111     -0.528      0.000 4
  78   80     -1.108      0.997      0.000 4
  79   81     -1.092      0.597      0.000 4
  82   74     -1.079     -0.084      0.000 4
  81   83     -1.071     -0.328      0.000 4
  80   91     -1.057     -1.166      0.000 4
  84   84     -1.056     -1.016      0.000 4
  -1   85     -1.048      0.031      0.000 4
  87   86     -1.040      0.381      0.000 4
  88   87     -1.020     -0.356      0.000 4
  89   88     -1.018     -0.705      0.000 4
  91   89     -1.015     -0.833      0.000 4
  90   90     -1.014      0.771      0.000 4
  92   -2     -1.009      0.655      0.000 4
  -1   -2     -1.007      0.049      0.000 4
  94   92     -1.003     -1.080      0.000 4
  93   94     -1.002     -0.101      0.000 4
  95   95     -0.991     -0.271      0.000 4
  96   96     -0.986      0.999      0.000 4
  -1  111     -0.972     -0.758      0.000 4
  97   98     -0.971      0.383      0.000 4
  -1   -2     -0.971      0.053      0.000 4
  98   97     -0.970     -0.981      0.000 4
  99   99     -0.962      0.890      0.000 4
  -1  100     -0.957      0.463      0.000 4
 102  101     -0.947     -0.916      0.000 4
  -1  102     -0.940      0.562      0.000 4
 103  110     -0.935     -0.158      0.000 4
 104  103     -0.933     -0.421      0.000 4
 105  105     -0.920      0.379      0.000 4
 106  106     -0.914      0.757      0.000 4
 107  107     -0.913     -0.210      0.000 4
 108  108     -0.912      1.077      0.000 4
 109  109     -0.910      0.186      0.000 4
 111   -2     -0.902     -0.761      0.000 4
 112  112     -0.876      0.331      0.000 4
 113   -2     -0.871      0.427      0.000 4
 114  114     -0.866      0.894      0.000 4
 116  116     -0.839     -0.735      0.000 4
 118  117     -0.835     -1.089      0.000 4
 117  118     -0.834      0.568      0.000 4
 120  120     -0.822     -0.936      0.000 4
 119  119     -0.821      1.088      0.000 4
 124  121     -0.816     -0.692      0.000 4
 121  122     -0.815     -0.611      0.000 4
 123  123     -0.814      1.044      0.000 4
 125  124     -0.808      0.692      0.000 4
  -1   -2     -0.802      0.276      0.000 4
  -1   -2     -0.802     -1.165      0.000 4
 126   -2     -0.800     -0.094      0.000 4
 127  125     -0.776     -0.447      0.000 4
 128  127     -0.771      0.997      0.000 4
  -1  128     -0.769     -0.800      0.000 4
  -1  129     -0.768      0.742      0.000 4
 133  130     -0.755     -0.932      0.000 4
 130  131     -0.755     -0.756      0.000 4
 131  135     -0.749     -0.143      0.000 4
 132  136     -0.748     -0.226      0.000 4
 134  133     -0.747      0.821      0.000 4
 135  134     -0.745     -1.012      0.000 4
  -1  138     -0.743      0.472      0.000 4
 136  139     -0.742      0.895      0.000 4
  -1  137     -0.741     -0.966      0.000 4
 141  142     -0.724      0.334      0.000 4
 137  140     -0.720     -0.030      0.000 4
  -1  141     -0.708      0.994      0.000 4
 142  145     -0.698      0.254      0.000 4
  -1   -2     -0.697      1.136      0.000 4
  -1  143     -0.696     -1.127      0.000 4
 143  144     -0.692      0.400      0.000 4
 144  146     -0.688     -0.461      0.000 4
  -1   -2     -0.684      0.320      0.000 4
 140  147     -0.675      1.081      0.000 4
 150  148     -0.663     -1.087      0.000 4
 148  149     -0.663      1.030      0.000 4
 149  150     -0.660     -0.067      0.000 4
 151  151     -0.647     -0.705      0.000 4
 152  152     -0.642      0.030      0.000 4
 153  153     -0.639     -1.022      0.000 4
  -1   -2     -0.638     -0.927      0.000 4
 154  154     -0.638     -0.581      0.000 4
 158  155     -0.620      0.756      0.000 4
 155  156     -0.618     -0.166      0.000 4
 156  157     -0.611      0.139      0.000 4
 159  158     -0.597      0.656      0.000 4
 160  160     -0.596     -0.793      0.000 4
 162  162     -0.586     -0.118      0.000 4
  -1  163     -0.573     -0.952      0.000 4
 164  164     -0.572      0.921      0.000 4
  -1   -2     -0.557     -0.575      0.000 4
  -1  167     -0.557     -1.010      0.000 4
 165  168     -0.557     -0.807      0.000 4
 169  165     -0.554     -1.159      0.000 4
  -1  171     -0.547     -0.333      0.000 4
 168  174     -0.536     -0.544      0.000 4
 167  175     -0.512     -0.307      0.000 4
 163  178     -0.498      0.426      0.000 4
 171  176     -0.485     -0.552      0.000 4
 172  177     -0.479      0.037      0.000 4
 173   -2     -0.470      0.368      0.000 4
 174  180     -0.466      0.715      0.000 4
 175  179     -0.465      1.026      0.000 4
 178  187     -0.461     -1.170      0.000 4
  -1  181     -0.459      0.576      0.000 4
 176  183     -0.457      0.507      0.000 4
 179   -2     -0.451     -1.104      0.000 4
 181  185     -0.440      0.284      0.000 4
 180  186     -0.440     -0.729      0.000 4
 182  184     -0.438     -1.003      0.000 4
 183   -2     -0.431     -0.327      0.000 4
 184  188     -0.409     -0.899      0.000 4
 185  189     -0.402      0.073      0.000 4
 186  191     -0.400      0.192      0.000 4
 187  193     -0.383     -0.066      0.000 4
 188  194     -0.378     -1.025      0.000 4
 191  190     -0.378      1.138      0.000 4
 189  195     -0.373     -0.327      0.000 4
 190   -2     -0.372     -0.153      0.000 4
 192   -2     -0.368     -1.136      0.000 4
 193  197     -0.361      0.812      0.000 4
 195  199     -0.353     -0.665      0.000 4
 194  198     -0.352      0.478      0.000 4
 196  200     -0.348     -0.572      0.000 4
 199  201     -0.342      1.065      0.000 4
 198  203     -0.340     -0.736      0.000 4
  -1   -2     -0.339     -0.812      0.000 4
 197   -2     -0.324      0.791      0.000 4
 201  207     -0.318      0.950      0.000 4
 202  208     -0.315      0.348      0.000 4
 203  209     -0.315     -0.221      0.000 4
  -1   -2     -0.305     -0.450      0.000 4
  -1   -2     -0.303     -0.101      0.000 4
 205  210     -0.301     -1.007      0.000 4
 206  211     -0.296     -0.310      0.000 4
 207  212     -0.294     -1.061      0.000 4
 211  217     -0.286     -1.160      0.000 4
 208  214     -0.282     -0.922      0.000 4
  -1   -2     -0.278     -0.489      0.000 4
 210  218     -0.277     -0.645      0.000 4
 212  219     -0.272     -0.833      0.000 4
 213  220     -0.267      0.875      0.000 4
 214  215     -0.245      0.590      0.000 4
 215  222     -0.231      0.333      0.000 4
  -1   -2     -0.231     -0.544      0.000 4
  -1  221     -0.226     -0.956      0.000 4
  -1  223     -0.221     -1.088      0.000 4
 217  224     -0.214     -0.764      0.000 4
 218  225     -0.204     -0.234      0.000 4
 220  226     -0.197     -0.467      0.000 4
 219  227     -0.196      0.457      0.000 4
 222  228     -0.171      0.790      0.000 4
 223  232     -0.167      0.118      0.000 4
 225   -2     -0.143     -0.266      0.000 4
 227   -2     -0.139     -0.616      0.000 4
 226  234     -0.136     -0.872      0.000 4
 228   -2     -0.133     -0.002      0.000 4
 233  233     -0.128     -1.139      0.000 4
  -1   -2     -0.125     -0.082      0.000 4
 232  235     -0.114      0.012      0.000 4
  -1  237     -0.112     -0.752      0.000 4
 234  238     -0.106     -0.318      0.000 4
  -1   -2     -0.093     -0.929      0.000 4
 236  240     -0.084      0.538      0.000 4
 237  242     -0.082     -0.236      0.000 4
 238  241     -0.082      0.696      0.000 4
 231   -2     -0.060     -0.120      0.000 4
 243  246     -0.057      0.360      0.000 4
 244  247     -0.053      0.782      0.000 4
 235  248     -0.052     -0.733      0.000 4
 255   -2     -0.040     -0.592      0.000 4
 245  250     -0.038      0.240      0.000 4
 248  252     -0.026      0.658      0.000 4
 247  253     -0.025     -0.400      0.000 4
 250  254     -0.023      0.385      0.000 4
  -1   -2     -0.021     -1.073      0.000 4
  -1   -2     -0.020      0.332      0.000 4
 251  255     -0.018     -0.986      0.000 4
  -1   -2     -0.017      0.900      0.000 4
 253  256      0.001     -0.032      0.000 4
 254  257      0.004      0.122      0.000 4
 256  258      0.011      1.087      0.000 4
 257   -2      0.021      0.633      0.000 4
 258  261      0.030      0.351      0.000 4
 242   -2      0.032     -0.179      0.000 4
  -1   -2      0.047     -1.018      0.000 4
  -1  264      0.047      0.315      0.000 4
 260  265      0.052      0.645      0.000 4
 261  266      0.053      0.023      0.000 4
 262  267      0.060      1.011      0.000 4
 263  268      0.066      0.368      0.000 4
 267  259      0.069     -1.168      0.000 4
 264  269      0.070      0.735      0.000 4
  -1  270      0.070      0.886      0.000 4
 266  271      0.078     -1.030      0.000 4
 279  262      0.082     -0.242      0.000 4
  -1   -2      0.101     -1.087      0.000 4
 269   -2      0.101     -0.819      0.000 4
 270  272      0.107      0.150      0.000 4
 271  273      0.114      0.503      0.000 4
 272  274      0.117      0.099      0.000 4
  -1   -2      0.121      1.075      0.000 4
 265  281      0.121     -0.096      0.000 4
  -1   -2      0.126      0.976      0.000 4
 273  276      0.130      0.940      0.000 4
 274  277      0.140      0.760      0.000 4
  -1   -2      0.140     -0.956      0.000 4
 275   -2      0.143      1.156      0.000 4
 276  282      0.153     -0.691      0.000 4
 277  278      0.153     -0.569      0.000 4
 281  280      0.171      0.401      0.000 4
 278   -2      0.175     -0.787      0.000 4
 283  283      0.191      1.072      0.000 4
 284  285      0.199     -0.544      0.000 4
 285  284      0.200      0.626      0.000 4
 286  286      0.209      0.006      0.000 4
 287  288      0.217     -1.116      0.000 4
  -1  293      0.222     -0.656      0.000 4
 291   -2      0.227     -0.987      0.000 4
 289  290      0.232     -0.198      0.000 4
 290  291      0.238      1.069      0.000 4
 292  294      0.247      0.805      0.000 4
 293  295      0.253     -0.445      0.000 4
  -1  292      0.258     -0.999      0.000 4
 295  296      0.259      0.261      0.000 4
 296  297      0.268      0.170      0.000 4
  -1  289      0.275      0.650      0.000 4
  -1   -2      0.277     -0.943      0.000 4
 300  300      0.297      0.040      0.000 4
  -1  301      0.302     -0.249      0.000 4
 302  303      0.306     -1.112      0.000 4
 303  304      0.307      1.120      0.000 4
 301  308      0.320     -1.173      0.000 4
  -1   -2      0.321     -0.681      0.000 4
  -1  306      0.336     -0.471      0.000 4
  -1  305      0.338      0.736      0.000 4
 305  307      0.346      0.042      0.000 4
 306  309      0.352      0.319      0.000 4
 299   -2      0.365      1.021      0.000 4
  -1   -2      0.368      0.487      0.000 4
 308  310      0.370      0.177      0.000 4
 307  312      0.371     -0.478      0.000 4
 309  313      0.371     -0.894      0.000 4
  -1   -2      0.378     -0.256      0.000 4
 311  314      0.381     -0.531      0.000 4
  -1  317      0.388     -1.069      0.000 4
 312  316      0.393     -0.018      0.000 4
  -1   -2      0.402      1.118      0.000 4
 316  320      0.416     -0.969      0.000 4
 317  323      0.423      0.347      0.000 4
 319  325      0.424      0.819      0.000 4
 318  324      0.427     -0.676      0.000 4
 320  326      0.434     -0.492      0.000 4
 321  327      0.439     -0.050      0.000 4
  -1  329      0.450      0.753      0.000 4
 322  330      0.454     -1.085      0.000 4
 323   -2      0.464      0.845      0.000 4
 324  331      0.467      0.990      0.000 4
 327  334      0.469     -1.164      0.000 4
  -1   -2      0.476      0.785      0.000 4
 325  333      0.481     -0.866      0.000 4
 326  332      0.483     -0.690      0.000 4
 329  336      0.512     -0.055      0.000 4
 330  337      0.513      0.926      0.000 4
 331  338      0.513     -0.404      0.000 4
 332  339      0.522      0.579      0.000 4
 334  340      0.524     -0.630      0.000 4
 335  343      0.533     -0.973      0.000 4
 336  342      0.535      0.990      0.000 4
  -1  344      0.542      0.358      0.000 4
 339  346      0.555      0.888      0.000 4
 338  345      0.555      1.122      0.000 4
 340  347      0.560     -1.019      0.000 4
 341  348      0.564      0.614      0.000 4
 342  349      0.570      0.538      0.000 4
  -1   -2      0.574     -1.176      0.000 4
 343  351      0.587     -0.797      0.000 4
  -1   -2      0.599     -0.710      0.000 4
 345  352      0.609      0.927      0.000 4
 346  353      0.612     -1.044      0.000 4
 348  354      0.616      1.014      0.000 4
 354  355      0.617     -0.514      0.000 4
 349  357      0.617     -0.887      0.000 4
 351  356      0.619     -0.008      0.000 4
  -1  358      0.643      0.281      0.000 4
 353  361      0.662     -1.168      0.000 4
 355  362      0.666     -0.402      0.000 4
  -1  363      0.675     -0.683      0.000 4
 358  364      0.684      0.370      0.000 4
 359  365      0.684      0.425      0.000 4
 357  366      0.686     -1.070      0.000 4
 360  367      0.691     -0.897      0.000 4
 361  370      0.703      1.148      0.000 4
 362  368      0.703      0.689      0.000 4
 363  369      0.705     -0.081      0.000 4
  -1   -2      0.713     -0.219      0.000 4
 365  371      0.724     -0.920      0.000 4
 366  372      0.731     -0.665      0.000 4
 367  373      0.744     -0.036      0.000 4
 369  374      0.749      0.106      0.000 4
  -1   -2      0.754      0.977      0.000 4
 370  376      0.772     -0.847      0.000 4
 371  377      0.778      0.181      0.000 4
 373  380      0.787      0.952      0.000 4
 372  381      0.788     -1.044      0.000 4
  -1  378      0.789      0.126      0.000 4
 368  393      0.794     -0.558      0.000 4
 374  383      0.795      0.456      0.000 4
 378  385      0.808      0.698      0.000 4
  -1  386      0.811     -0.273      0.000 4
 377   -2      0.812      0.309      0.000 4
 381  387      0.817      0.751      0.000 4
 386  388      0.819     -1.141      0.000 4
  -1   -2      0.819     -0.891      0.000 4
 382  389      0.823      0.812      0.000 4
 380   -2      0.824     -0.623      0.000 4
 384  390      0.828      0.254      0.000 4
 385  392      0.834     -0.809      0.000 4
 388  394      0.846     -0.462      0.000 4
 389  395      0.854     -1.080      0.000 4
 390  396      0.864      0.558      0.000 4
 392  397      0.867      0.845      0.000 4
 391  398      0.867     -0.282      0.000 4
 393  400      0.871      1.122      0.000 4
 394  399      0.872      0.478      0.000 4
 395  401      0.876     -0.545      0.000 4
  -1  402      0.878     -0.149      0.000 4
 397  404      0.899     -0.803      0.000 4
 398  413      0.903     -1.006      0.000 4
 400  407      0.906      0.498      0.000 4
 401  408      0.910     -0.025      0.000 4
 402  409      0.916     -0.868      0.000 4
 403  410      0.922     -0.696      0.000 4
 404  411      0.932     -1.000      0.000 4
 407  412      0.940      0.690      0.000 4
 405   -2      0.941     -1.077      0.000 4
  -1  414      0.947      0.312      0.000 4
 409  415      0.954      0.009      0.000 4
 410  417      0.967     -0.874      0.000 4
 411   -2      0.968     -0.036      0.000 4
 412  419      0.973     -0.436      0.000 4
 408   -2      0.973      0.277      0.000 4
  -1  416      0.973      0.250      0.000 4
 413  420      0.978     -0.581      0.000 4
 414  423      0.984     -1.109      0.000 4
  -1  424      0.988     -1.174      0.000 4
 415  422      0.988      0.114      0.000 4
 417  425      0.997      0.858      0.000 4
 419  426      1.025      0.988      0.000 4
 418  427      1.026     -0.671      0.000 4
 420   -2      1.048     -0.322      0.000 4
 421  428      1.053     -0.347      0.000 4
  -1   -2      1.055     -0.512      0.000 4
 422  430      1.059     -0.620      0.000 4
 425  431      1.069     -1.174      0.000 4
  -1   -2      1.069      0.275      0.000 4
 424   -2      1.086     -0.550      0.000 4
 426  432      1.091      1.039      0.000 4
  -1   -2      1.100      0.043      0.000 4
 428   -2      1.107     -0.936      0.000 4
 429  433      1.111     -0.513      0.000 4
  -1  434      1.113      0.289      0.000 4
 436  418      1.122      0.651      0.000 4
 431  435      1.126     -0.736      0.000 4
 433   -2      1.137     -1.172      0.000 4
 434   -2      1.138     -0.817      0.000 4
 435  438      1.146     -0.329      0.000 4
 439  437      1.147     -1.143      0.000 4
 438  439      1.153      0.394      0.000 4
  -1  440      1.162     -1.033      0.000 4
 441  441      1.163      1.105      0.000 4
 442  442      1.169     -0.451      0.000 4
 444  444      1.197     -0.511      0.000 4
 446  445      1.200      0.983      0.000 4
 445  446      1.202     -1.122      0.000 4
  -1   -2      1.208      0.423      0.000 4
 447  448      1.222      0.913      0.000 4
 448  447      1.225     -0.450      0.000 4
 450  449      1.236     -0.549      0.000 4
  -1  451      1.250     -1.096      0.000 4
 452  452      1.253     -0.420      0.000 4
 454  454      1.274      0.178      0.000 4
 455  456      1.280     -0.493      0.000 4
  -1   -2      1.300     -0.886      0.000 4
 457   -2      1.319      0.487      0.000 4
  -1  457      1.319      0.489      0.000 4
 458  458      1.322      0.236      0.000 4
 459  459      1.329     -0.180      0.000 4
 460  461      1.337     -1.163      0.000 4
 462  460      1.339     -0.272      0.000 4
 461  462      1.341     -0.989      0.000 4
 463  463      1.347      1.052      0.000 4
 466  464      1.360      0.546      0.000 4
 464  465      1.361     -0.843      0.000 4
 467  466      1.362     -0.325      0.000 4
 465   -2      1.365      1.154      0.000 4
 468  467      1.366     -0.382      0.000 4
 469  468      1.378     -0.899      0.000 4
 471  470      1.390      0.264      0.000 4
 475  472      1.401      0.761      0.000 4
 473  473      1.402     -0.844      0.000 4
 477   -2      1.411      0.128      0.000 4
 478  476      1.432      0.397      0.000 4
 481  479      1.439     -0.016      0.000 4
 482  481      1.439     -0.945      0.000 4
 488  474      1.446     -1.168      0.000 4
 483  480      1.447     -0.138      0.000 4
  -1  483      1.448     -0.996      0.000 4
 485  485      1.456      0.092      0.000 4
  -1   -2      1.456     -0.605      0.000 4
 486  486      1.461     -0.640      0.000 4
 487  484      1.470     -1.073      0.000 4
 490  488      1.472      0.530      0.000 4
 489  487      1.473      0.642      0.000 4
 491  489      1.482     -0.375      0.000 4
 492  490      1.492      0.348      0.000 4
 493  491      1.499      1.012      0.000 4
 494  492      1.503      1.130      0.000 4
  -1  496      1.508      0.715      0.000 4
 480   -2      1.516      0.935      0.000 4
 497  495      1.524      0.410      0.000 4
 496  494      1.527     -1.109      0.000 4
 498  497      1.537      1.050      0.000 4
 499  498      1.538     -0.802      0.000 4
 500  499      1.541     -0.922      0.000 4
 501  500      1.544     -0.694      0.000 4
