499
   0   -2     -1.568     -0.838      0.000
  -1    1     -1.555      0.244      0.000
   1    3     -1.551      0.893      0.000
   2    5     -1.543      0.309      0.000
   3    6     -1.537      0.586      0.000
   4    8     -1.532      0.458      0.000
   5    9     -1.521      0.727      0.000
   6   10     -1.519     -0.336      0.000
   7   11     -1.515      0.169      0.000
  -1   12     -1.503     -0.440      0.000
   9   13     -1.495      0.941      0.000
   8   25     -1.493     -1.129      0.000
  11   15     -1.486      0.380      0.000
  12   14     -1.483      0.542      0.000
  14   17     -1.464      1.089      0.000
  13   18     -1.462     -0.392      0.000
  15   20     -1.456     -0.670      0.000
  16   21     -1.451      0.313      0.000
  17   22     -1.450      0.775      0.000
  -1   -2     -1.438      0.066      0.000
  18   24     -1.429      0.825      0.000
  19   26     -1.428     -0.433      0.000
  20   29     -1.423      0.700      0.000
  10   -2     -1.422      0.020      0.000
  -1   28     -1.419     -0.778      0.000
  22   30     -1.409      0.664      0.000
  -1   31     -1.400      0.919      0.000
  24   23     -1.389      0.027      0.000
  25   32     -1.388     -0.582      0.000
  -1   -2     -1.385     -0.534      0.000
  27   34     -1.380      0.181      0.000
  28   36     -1.375     -0.920      0.000
  35   39     -1.343     -0.957      0.000
  34   41     -1.342      0.598      0.000
  33   42     -1.341     -0.375      0.000
  37   44     -1.333      0.429      0.000
  38   43     -1.331      0.986      0.000
  -1   -2     -1.330     -0.028      0.000
  30   -2     -1.320     -0.319      0.000
  -1   -2     -1.312      1.143      0.000
  36   49     -1.309     -1.109      0.000
  43   48     -1.301      0.547      0.000
  44   50     -1.296     -0.874      0.000
  -1   51     -1.283     -0.746      0.000
  -1   -2     -1.279      0.434      0.000
  48   53     -1.277     -0.569      0.000
  45   -2     -1.277     -0.672      0.000
  47   54     -1.275     -0.138      0.000
  42   55     -1.269     -0.497      0.000
  50   56     -1.246     -1.039      0.000
  51   59     -1.232      0.875      0.000
  -1   -2     -1.228      0.176      0.000
  52   58     -1.228     -0.884      0.000
  54   61     -1.215      0.765      0.000
  53   60     -1.215     -0.684      0.000
  -1   -2     -1.212      0.664      0.000
  56   62     -1.206      0.424      0.000
  57   63     -1.193     -0.376      0.000
  -1   -2     -1.190      0.391      0.000
  -1   -2     -1.182      0.599      0.000
  59   -2     -1.180     -0.596      0.000
  60   67     -1.170     -0.114      0.000
  63   69     -1.161      1.083      0.000
  61   71     -1.161      0.680      0.000
  62   -2     -1.160      1.045      0.000
  64   70     -1.160     -0.877      0.000
  65   68     -1.159     -0.914      0.000
  68   66     -1.151     -1.131      0.000
  67   72     -1.143     -0.396      0.000
  66   73     -1.143      0.416      0.000
  69   74     -1.132     -0.299      0.000
  70   -2     -1.121     -0.503      0.000
  71   -2     -1.116      0.496      0.000
  72   75     -1.114      1.079      0.000
  73   79     -1.104     -0.168      0.000
  74   76     -1.099      0.197      0.000
  75   78     -1.095      0.402      0.000
  76   77     -1.092      0.830      0.000
  -1   -2     -1.085     -0.978      0.000
  77   80     -1.080      0.599      0.000
  -1   85     -1.079     -1.065      0.000
  81   82     -1.076     -1.103      0.000
  79   84     -1.073     -0.230      0.000
  82   86     -1.060      0.350      0.000
  83   87     -1.053     -0.758      0.000
  86   88     -1.046      0.444      0.000
  85   -2     -1.046      0.582      0.000
  84   89     -1.044     -0.449      0.000
  87   91     -1.017      0.933      0.000
  -1   92     -1.015     -0.805      0.000
  88   90     -1.015     -0.895      0.000
  89   94     -1.005      0.794      0.000
  91   93     -1.003     -1.095      0.000
  92   95     -1.000      1.051      0.000
  -1   97     -0.982     -0.090      0.000
  -1   -2     -0.980     -0.435      0.000
  94   98     -0.977      0.580      0.000
  -1   -2     -0.975     -1.161      0.000
  95   -2     -0.933     -0.967      0.000
  -1   -2     -0.932      1.144      0.000
  96  103     -0.926     -0.135      0.000
  -1  104     -0.923      0.697      0.000
  -1   -2     -0.922      0.912      0.000
  97  107     -0.911     -0.215      0.000
 104  102     -0.911     -1.070      0.000
  98  112     -0.910      0.476      0.000
  99  108     -0.907     -0.013      0.000
 100  106     -0.906      1.100      0.000
 102   -2     -0.896     -0.445      0.000
  -1  110     -0.890     -0.619      0.000
 107  115     -0.887      0.325      0.000
 108  113     -0.885     -0.754      0.000
 106  114     -0.883      0.261      0.000
 109   -2     -0.877      0.410      0.000
 111  116     -0.874     -0.700      0.000
  -1  118     -0.870     -0.490      0.000
 113  119     -0.842     -0.053      0.000
 116  120     -0.830      0.817      0.000
 117  121     -0.828      1.047      0.000
 114  122     -0.827      0.038      0.000
  -1  124     -0.824     -0.906      0.000
 118  123     -0.822      1.093      0.000
 121  126     -0.810     -0.430      0.000
 122  127     -0.805      0.881      0.000
  -1   -2     -0.804     -0.949      0.000
 123  130     -0.801      0.140      0.000
 125  128     -0.799      0.991      0.000
 124  129     -0.799     -0.755      0.000
 126  131     -0.791     -0.144      0.000
 105  140     -0.786     -0.597      0.000
 120   -2     -0.778     -1.108      0.000
  -1  136     -0.764     -0.949      0.000
 131  135     -0.761     -0.097      0.000
 130   -2     -0.755      0.388      0.000
 134   -2     -0.745      0.967      0.000
 133  138     -0.741      0.064      0.000
 135  144     -0.740     -1.167      0.000
 112  160     -0.734      0.745      0.000
 136   -2     -0.733      0.217      0.000
 138  139     -0.733     -0.962      0.000
 137   -2     -0.730     -0.550      0.000
 139  141     -0.724     -1.009      0.000
 144   -2     -0.718     -0.547      0.000
 140   -2     -0.706     -0.629      0.000
 142  149     -0.692     -0.294      0.000
 145  148     -0.689      1.045      0.000
 153   -2     -0.689      1.109      0.000
 149   -2     -0.662     -1.169      0.000
  -1  152     -0.658     -0.418      0.000
 147  151     -0.658     -0.265      0.000
 150  154     -0.652      0.049      0.000
 151  156     -0.643     -0.747      0.000
  -1  157     -0.639     -0.491      0.000
 156  161     -0.638     -1.106      0.000
 154  159     -0.634      0.340      0.000
 155  158     -0.632      0.865      0.000
 157   -2     -0.626     -1.062      0.000
 158  162     -0.622      1.055      0.000
 159  166     -0.604      0.263      0.000
 160  167     -0.601     -0.220      0.000
 162  165     -0.601     -0.749      0.000
 161  164     -0.601      0.461      0.000
 164  163     -0.599     -0.976      0.000
 165  168     -0.588     -0.487      0.000
 166  169     -0.577      0.645      0.000
 167  172     -0.566      0.082      0.000
  -1   -2     -0.566      0.780      0.000
 168  171     -0.565      1.019      0.000
 169  173     -0.559      0.184      0.000
 170  175     -0.539     -0.038      0.000
 172  176     -0.528      1.144      0.000
 173  177     -0.520     -0.113      0.000
 177  174     -0.504     -1.168      0.000
 176  179     -0.503     -0.643      0.000
 178  178     -0.503      0.931      0.000
 175  180     -0.501     -0.263      0.000
 174  181     -0.499      0.128      0.000
  -1   -2     -0.493      0.458      0.000
 180  182     -0.488      0.422      0.000
  -1   -2     -0.467     -1.134      0.000
 181  183     -0.466     -0.731      0.000
 183  184     -0.450      0.303      0.000
  -1   -2     -0.448     -0.326      0.000
 188  185     -0.444     -0.908      0.000
 184  187     -0.443     -0.162      0.000
 187  189     -0.441     -0.476      0.000
 189  188     -0.441      0.707      0.000
 190  190     -0.438     -0.795      0.000
 191  191     -0.427     -0.563      0.000
  -1   -2     -0.420      0.060      0.000
 193  193     -0.416     -0.239      0.000
  -1  194     -0.413     -1.122      0.000
 194  195     -0.409      0.682      0.000
  -1  198     -0.406     -1.167      0.000
 196  197     -0.403     -0.623      0.000
 198  201     -0.383      1.007      0.000
 197  200     -0.380     -0.908      0.000
  -1   -2     -0.377      0.855      0.000
 200  203     -0.372      0.933      0.000
 199  204     -0.368      0.819      0.000
  -1  205     -0.357     -1.125      0.000
 202  206     -0.348     -0.526      0.000
 203  207     -0.347      0.181      0.000
  -1   -2     -0.346      0.498      0.000
 201  208     -0.343      0.281      0.000
 207  209     -0.327      0.743      0.000
 208   -2     -0.322     -0.168      0.000
 210  212     -0.311     -0.434      0.000
 211  211     -0.310     -0.870      0.000
 212   -2     -0.303     -1.167      0.000
 213  213     -0.299      0.387      0.000
 214  214     -0.292     -0.920      0.000
 215  215     -0.281     -0.359      0.000
 216  216     -0.275      0.117      0.000
 217  217     -0.275      0.706      0.000
 218  219     -0.261     -0.615      0.000
 219  218     -0.260     -1.005      0.000
 220  220     -0.253     -1.120      0.000
 222   -2     -0.236      0.016      0.000
 223  225     -0.230      0.653      0.000
 224  224     -0.229     -1.088      0.000
 225  227     -0.224     -0.193      0.000
 227   -2     -0.215      0.985      0.000
  -1   -2     -0.212      0.034      0.000
 226  229     -0.205      0.074      0.000
  -1  223     -0.204     -0.041      0.000
  -1   -2     -0.186      1.104      0.000
 233  241     -0.181      1.152      0.000
 234  231     -0.180     -1.119      0.000
 236  233     -0.164     -0.158      0.000
 237   -2     -0.151      0.352      0.000
 238   -2     -0.150     -0.591      0.000
  -1   -2     -0.143     -1.121      0.000
 239  236     -0.139     -0.066      0.000
 240  239     -0.133      0.564      0.000
 242  240     -0.131     -0.939      0.000
 243  242     -0.124      0.301      0.000
 254   -2     -0.122     -1.166      0.000
 244  244     -0.105      0.209      0.000
 253  232     -0.105     -0.735      0.000
 245  245     -0.101     -0.134      0.000
 247  238     -0.090     -0.565      0.000
 248  247     -0.082      1.050      0.000
 241  248     -0.081     -0.280      0.000
 250  249     -0.079      0.319      0.000
  -1   -2     -0.077     -0.621      0.000
 251  250     -0.075     -1.004      0.000
 252  251     -0.066      0.531      0.000
 255  252     -0.057      0.001      0.000
 256  253     -0.039     -0.364      0.000
 258  254     -0.034      1.119      0.000
 261  257     -0.021     -0.114      0.000
  -1  259     -0.020     -1.173      0.000
  -1   -2     -0.017     -1.073      0.000
 263  260     -0.013      0.514      0.000
 262  261     -0.010      0.283      0.000
  -1   -2      0.004      0.116      0.000
  -1  262      0.008      0.334      0.000
 265  264      0.012      0.049      0.000
 266  263      0.012      0.887      0.000
  -1  265      0.014      0.777      0.000
  -1   -2      0.025     -1.126      0.000
  -1  267      0.028      0.517      0.000
 267  269      0.038      0.303      0.000
 268  270      0.045     -0.039      0.000
  -1   -2      0.048     -0.703      0.000
 270  272      0.054      0.586      0.000
 269  271      0.062      0.813      0.000
 273  273      0.066     -0.982      0.000
 272  274      0.072      0.532      0.000
 274  275      0.074     -0.825      0.000
 275  276      0.087      0.141      0.000
  -1  277      0.089     -0.629      0.000
 276   -2      0.093     -0.629      0.000
 278  281      0.098      1.106      0.000
 277  278      0.099      0.102      0.000
 279  279      0.101     -0.038      0.000
 280  280      0.103      0.406      0.000
 281  282      0.107     -1.162      0.000
  -1  283      0.116      0.362      0.000
 284  286      0.139     -0.516      0.000
 285  284      0.141      0.765      0.000
 286  287      0.145     -0.415      0.000
 287  288      0.149      0.602      0.000
 288  290      0.162      0.946      0.000
 289  291      0.174      0.329      0.000
  -1  292      0.187     -0.612      0.000
 290  293      0.193     -1.103      0.000
 293  295      0.212      0.979      0.000
 295  297      0.215     -0.918      0.000
 296  298      0.218      0.032      0.000
  -1  300      0.224      0.499      0.000
 297  302      0.225     -0.495      0.000
 301   -2      0.236      0.320      0.000
 299  303      0.239     -0.795      0.000
 300  304      0.244     -0.127      0.000
  -1  310      0.251      0.666      0.000
 302   -2      0.260     -0.576      0.000
 303  307      0.265      0.874      0.000
 304  306      0.268     -0.318      0.000
 305  308      0.279      1.088      0.000
 306  311      0.281      0.138      0.000
 307  309      0.286      1.014      0.000
 308   -2      0.289      0.222      0.000
 309   -2      0.289      0.648      0.000
 330   -2      0.299      0.775      0.000
  -1   -2      0.305     -1.173      0.000
 324   -2      0.323      0.528      0.000
 316  314      0.330     -0.167      0.000
 315  320      0.332     -1.139      0.000
 314  321      0.333     -0.330      0.000
 318  316      0.335      0.055      0.000
 320   -2      0.342     -0.130      0.000
 319  317      0.343      0.926      0.000
  -1  318      0.346      0.317      0.000
  -1   -2      0.355      0.173      0.000
 322  319      0.364     -1.102      0.000
 327   -2      0.372     -0.357      0.000
  -1  328      0.381     -0.992      0.000
 325  322      0.382     -0.733      0.000
  -1   -2      0.388     -1.164      0.000
 326   -2      0.391      1.033      0.000
 328  323      0.398      0.055      0.000
 329  324      0.409     -0.365      0.000
 331  325      0.413      0.268      0.000
 332  326      0.417     -0.411      0.000
 333  327      0.420     -1.040      0.000
 334  329      0.424      0.154      0.000
 335  330      0.426     -0.816      0.000
 338  333      0.449      1.134      0.000
 341  331      0.461     -0.547      0.000
 342  335      0.465      0.007      0.000
  -1   -2      0.468      0.466      0.000
  -1  339      0.479     -0.608      0.000
 343  337      0.481     -0.387      0.000
  -1   -2      0.489     -1.151      0.000
 344  341      0.495      0.558      0.000
  -1  340      0.495      0.671      0.000
 346  336      0.497      0.506      0.000
 347  344      0.501      0.286      0.000
 348  343      0.502     -0.733      0.000
 349   -2      0.505      0.063      0.000
 350  346      0.516     -0.024      0.000
 351  348      0.521     -0.571      0.000
 352  349      0.523      0.825      0.000
 354  351      0.540      0.696      0.000
 355  350      0.542     -0.851      0.000
  -1  345      0.546      0.108      0.000
 339  374      0.566     -0.902      0.000
 359  353      0.568     -0.529      0.000
 360  354      0.597      0.834      0.000
 361  355      0.600      0.963      0.000
 371  338      0.603     -0.036      0.000
 365  358      0.618     -0.699      0.000
 366  359      0.623      0.459      0.000
 367  360      0.627      0.496      0.000
 368  362      0.632     -1.088      0.000
 364  357      0.635     -1.168      0.000
 373  361      0.639     -0.593      0.000
 372   -2      0.640     -0.795      0.000
  -1   -2      0.653      0.299      0.000
  -1  365      0.655     -0.746      0.000
 374  367      0.664      1.106      0.000
 377  356      0.677     -0.150      0.000
 380  371      0.681      0.448      0.000
 379  372      0.684     -0.453      0.000
 381  373      0.685      0.789      0.000
 376  370      0.688      0.871      0.000
  -1   -2      0.696     -0.244      0.000
 383   -2      0.712     -0.828      0.000
 385  375      0.715      1.116      0.000
 378  385      0.734     -1.047      0.000
 387  379      0.735     -0.665      0.000
  -1  378      0.735     -0.005      0.000
  -1  382      0.737     -0.426      0.000
 390  384      0.748     -0.355      0.000
 394  376      0.767     -1.090      0.000
  -1  383      0.771      1.112      0.000
 392  389      0.771      0.235      0.000
 393  386      0.782     -0.620      0.000
 388  396      0.783     -0.029      0.000
 395   -2      0.789      0.271      0.000
 396  388      0.800     -0.798      0.000
  -1   -2      0.802      0.520      0.000
 397  395      0.822      0.360      0.000
  -1  392      0.822      0.793      0.000
 398  393      0.823      0.313      0.000
 399  394      0.824      0.595      0.000
  -1   -2      0.827     -0.077      0.000
  -1  398      0.836     -0.862      0.000
 401  400      0.850     -1.057      0.000
  -1   -2      0.859     -0.785      0.000
 404  404      0.862     -1.155      0.000
 405  402      0.867      0.850      0.000
 407  405      0.875     -0.046      0.000
 408  407      0.893     -0.663      0.000
 409  416      0.896      0.082      0.000
 410  408      0.903      1.023      0.000
  -1  410      0.911      1.079      0.000
 412  411      0.913     -0.263      0.000
 413  412      0.922     -0.155      0.000
 417  415      0.926      0.150      0.000
 415  414      0.926     -0.455      0.000
 411  426      0.927     -0.803      0.000
 414  418      0.927      1.132      0.000
 418   -2      0.928     -1.079      0.000
 420  423      0.936      0.672      0.000
 419  419      0.936      0.727      0.000
 421  422      0.937      0.618      0.000
 423  420      0.943      0.274      0.000
 425  424      0.945     -0.545      0.000
 426  425      0.947      0.399      0.000
  -1  427      0.973      0.771      0.000
  -1  421      0.977     -1.123      0.000
 428   -2      0.980     -0.230      0.000
 429  430      0.986      0.216      0.000
  -1  432      0.997     -0.263      0.000
 430  433      1.002     -0.169      0.000
 432  434      1.014      0.502      0.000
 433  435      1.017     -0.838      0.000
 435  436      1.029      0.436      0.000
 434  437      1.036     -0.606      0.000
 436  438      1.044     -0.257      0.000
  -1  446      1.055     -0.051      0.000
  -1  441      1.056     -0.465      0.000
 437  440      1.056      0.738      0.000
 438  443      1.062     -0.347      0.000
 441  444      1.069     -0.713      0.000
 442  445      1.073      0.644      0.000
 443  452      1.082      1.156      0.000
 446  448      1.096      0.955      0.000
 445   -2      1.100     -0.022      0.000
 447  449      1.101      0.819      0.000
 448   -2      1.104      1.024      0.000
 450  450      1.105      0.703      0.000
 449  453      1.107     -0.673      0.000
 452  451      1.109      0.277      0.000
 451  454      1.111     -1.003      0.000
  -1  460      1.128     -1.137      0.000
  -1  457      1.138     -0.004      0.000
  -1  456      1.140      0.248      0.000
 454  458      1.142      0.085      0.000
  -1   -2      1.143      0.155      0.000
 453  459      1.144      1.023      0.000
 455  462      1.150     -1.121      0.000
  -1   -2      1.151     -1.123      0.000
 456  461      1.154     -0.808      0.000
 457  465      1.173     -0.580      0.000
  -1   -2      1.186      0.185      0.000
 458   -2      1.219     -0.281      0.000
 459   -2      1.221      0.019      0.000
  -1   -2      1.229      0.260      0.000
 461  469      1.237     -0.399      0.000
 460  468      1.237     -0.532      0.000
  -1  473      1.252     -0.220      0.000
 466   -2      1.256     -0.605      0.000
 464  471      1.266      1.003      0.000
  -1   -2      1.286     -0.343      0.000
  -1   -2      1.301      0.947      0.000
 468  474      1.305      0.395      0.000
 469  475      1.306     -1.149      0.000
 470  477      1.312     -1.010      0.000
  -1  476      1.313      0.449      0.000
 471  478      1.319     -0.520      0.000
 472  480      1.331     -0.607      0.000
 486   -2      1.360      0.439      0.000
 474   -2      1.363     -0.765      0.000
 475  482      1.367      0.756      0.000
 476  483      1.372     -0.983      0.000
 477  484      1.388     -1.040      0.000
 478  485      1.394      1.122      0.000
  -1   -2      1.407      0.143      0.000
 479  486      1.410      0.169      0.000
 480   -2      1.410      0.090      0.000
 481  487      1.414     -0.993      0.000
 482  488      1.416     -0.378      0.000
 483  489      1.417     -0.265      0.000
 484  490      1.423     -0.507      0.000
 485  491      1.429     -0.441      0.000
  -1   -2      1.448     -0.106      0.000
 487  492      1.448      0.237      0.000
 488  493      1.450      0.542      0.000
 489  494      1.450     -1.103      0.000
 491  496      1.469     -0.206      0.000
  -1   -2      1.475     -0.761      0.000
 494  497      1.484      0.616      0.000
 493  499      1.485     -0.801      0.000
  -1   -2      1.495     -0.494      0.000
 495  501      1.502      0.861      0.000
 496  502      1.506      0.278      0.000
 499  504      1.519     -0.070      0.000
 498  503      1.520     -0.233      0.000
 500  506      1.529     -0.518      0.000
 503  507      1.547      0.060      0.000
 504  508      1.548      0.450      0.000
 505  511      1.552     -1.096      0.000
 506  509      1.553      1.130      0.000
 501  510      1.553     -0.669      0.000
 508  513      1.569     -0.876      0.000
