513
   0   -2     -1.569      0.873      0.000
   1   -2     -1.548      0.818      0.000
   3    1     -1.524     -1.066      0.000
   4    2     -1.522      0.224      0.000
   5    3     -1.515      0.330      0.000
   6    4     -1.505      0.282      0.000
   7    5     -1.503      0.535      0.000
   8    6     -1.500      0.663      0.000
  10    7     -1.493      0.418      0.000
  11    8     -1.489     -0.294      0.000
  -1   10     -1.488      0.874      0.000
  -1    9     -1.487     -0.747      0.000
  13   12     -1.475      0.158      0.000
  14   13     -1.468      1.025      0.000
  15   -2     -1.456     -0.515      0.000
  17   15     -1.452     -0.989      0.000
  18   14     -1.449     -0.614      0.000
  19   17     -1.442      0.347      0.000
  21   19     -1.435     -0.351      0.000
  24   21     -1.425     -0.724      0.000
  22   20     -1.424      0.718      0.000
  -1   -2     -1.420      0.139      0.000
  26   23     -1.400      0.288      0.000
  27   22     -1.400     -0.389      0.000
  30   26     -1.392     -0.214      0.000
  29   24     -1.389      0.648      0.000
  -1   -2     -1.387      0.862      0.000
  -1   -2     -1.375     -0.862      0.000
  32   27     -1.371     -0.536      0.000
  33   -2     -1.371      0.615      0.000
  23   33     -1.369      0.058      0.000
  -1   28     -1.366      1.122      0.000
  37   30     -1.356     -0.903      0.000
  40   31     -1.343     -1.046      0.000
  39   -2     -1.339     -0.007      0.000
  42   35     -1.326      0.932      0.000
  41   37     -1.324      0.171      0.000
  43   36     -1.319      1.090      0.000
  44   -2     -1.318     -1.077      0.000
  45   40     -1.304     -0.341      0.000
  -1   -2     -1.303     -0.829      0.000
  47   42     -1.297     -0.833      0.000
  46   43     -1.295      0.559      0.000
  50   47     -1.267     -0.989      0.000
  51   48     -1.263     -0.635      0.000
  -1   -2     -1.260      0.037      0.000
  -1   50     -1.253     -0.531      0.000
  49   -2     -1.249      0.513      0.000
  53   51     -1.243      1.002      0.000
  -1   -2     -1.243      0.576      0.000
  55   54     -1.232     -0.842      0.000
  56   -2     -1.223     -0.705      0.000
  57   55     -1.217     -0.125      0.000
  58   56     -1.209      0.828      0.000
  59   53     -1.200     -0.646      0.000
  60   57     -1.183     -1.109      0.000
  62   58     -1.181      0.727      0.000
  -1   -2     -1.171     -1.170      0.000
  65   59     -1.166     -0.856      0.000
  66   60     -1.165      1.044      0.000
  64   61     -1.159      0.630      0.000
  69   -2     -1.157      1.003      0.000
  -1   62     -1.145     -0.351      0.000
  70   64     -1.142      0.404      0.000
  -1   -2     -1.140      0.868      0.000
  71   65     -1.137     -1.009      0.000
  -1   63     -1.134     -1.111      0.000
  72   -2     -1.131     -0.425      0.000
  74   66     -1.116      1.045      0.000
  73   -2     -1.115      0.653      0.000
  76   68     -1.103     -0.105      0.000
  -1   -2     -1.102     -1.117      0.000
  75   67     -1.097     -1.069      0.000
  77   69     -1.097     -0.376      0.000
  -1   70     -1.087     -0.486      0.000
  -1   -2     -1.083     -0.059      0.000
  81   72     -1.077     -0.285      0.000
  -1   71     -1.076      0.675      0.000
  82   73     -1.073      0.399      0.000
  84   -2     -1.071     -0.696      0.000
  83   74     -1.064      0.804      0.000
  -1   78     -1.054     -1.171      0.000
  86   77     -1.039     -0.740      0.000
  -1   -2     -1.038     -0.661      0.000
  87   79     -1.037     -0.161      0.000
  93   80     -1.029     -1.066      0.000
  89   81     -1.028      0.583      0.000
  90   82     -1.025      0.389      0.000
  92   84     -1.023      0.191      0.000
  94   83     -1.018     -0.870      0.000
  95   86     -1.010     -0.221      0.000
  97   85     -1.008     -0.785      0.000
  98   -2     -1.005     -0.181      0.000
  78   -2     -1.001     -0.434      0.000
 100   88     -0.997      1.029      0.000
 101   89     -0.995      0.914      0.000
 102   91     -0.985      0.340      0.000
 104   92     -0.976      0.443      0.000
  -1   -2     -0.970     -1.121      0.000
 105   93     -0.968      1.061      0.000
 106   -2     -0.957      0.782      0.000
 107   -2     -0.952     -0.977      0.000
 108   94     -0.940     -0.939      0.000
  -1   95     -0.931      1.122      0.000
 109   96     -0.923      0.574      0.000
 110   97     -0.920      0.307      0.000
 112   98     -0.914     -0.611      0.000
 114   99     -0.910      1.086      0.000
 113  100     -0.909     -0.090      0.000
 115  101     -0.908      0.748      0.000
  -1   -2     -0.904      1.039      0.000
 116  102     -0.900      0.902      0.000
  91  142     -0.883     -1.168      0.000
  -1  104     -0.876      0.691      0.000
 111  119     -0.868     -1.086      0.000
 118  105     -0.868     -0.742      0.000
 119  106     -0.861     -0.614      0.000
 120  107     -0.854     -0.136      0.000
 122  108     -0.850     -0.693      0.000
 121  109     -0.849     -0.443      0.000
 123  111     -0.842     -0.218      0.000
  -1   -2     -0.834      0.330      0.000
 127   -2     -0.830     -0.483      0.000
 128   -2     -0.829      0.825      0.000
 124  114     -0.827     -0.009      0.000
 126  113     -0.827      0.733      0.000
 129  116     -0.822      1.090      0.000
 152   -2     -0.814      0.435      0.000
 133  118     -0.806      0.819      0.000
  -1  120     -0.806      0.261      0.000
 136  121     -0.796      0.393      0.000
 132   -2     -0.790      0.312      0.000
 137  122     -0.787      0.993      0.000
 138   -2     -0.787     -0.799      0.000
  -1  123     -0.785     -0.378      0.000
 139  124     -0.782     -0.754      0.000
 140  125     -0.780      0.885      0.000
  -1   -2     -0.775     -0.222      0.000
  -1   -2     -0.769      1.167      0.000
 142  112     -0.768     -1.165      0.000
 141  126     -0.768     -0.057      0.000
  -1   -2     -0.762     -0.225      0.000
 144  127     -0.759     -0.446      0.000
 145  129     -0.752      0.036      0.000
 146  128     -0.749     -0.925      0.000
 147  130     -0.738     -0.963      0.000
 148  131     -0.733     -1.010      0.000
 149  132     -0.727      0.977      0.000
 150  133     -0.722      0.139      0.000
 151  134     -0.718     -0.150      0.000
 154  136     -0.696      1.117      0.000
 155  138     -0.689     -0.103      0.000
 157  137     -0.689     -0.554      0.000
 159  139     -0.684      1.060      0.000
 158   -2     -0.683     -0.684      0.000
 160  141     -0.677      0.726      0.000
  -1   -2     -0.664      0.064      0.000
 162   -2     -0.658     -1.171      0.000
  -1  148     -0.654     -1.110      0.000
 164   -2     -0.653     -0.567      0.000
 165  146     -0.643      1.142      0.000
 166  147     -0.641     -1.075      0.000
 168  149     -0.630     -0.307      0.000
 170  151     -0.622     -0.762      0.000
 169  150     -0.620     -1.000      0.000
 172  152     -0.619      1.068      0.000
  -1   -2     -0.612     -0.545      0.000
 156  153     -0.606      0.883      0.000
 174  154     -0.600     -0.431      0.000
 175  155     -0.596     -0.509      0.000
 176  156     -0.595     -0.279      0.000
  -1   -2     -0.591     -0.232      0.000
 167   -2     -0.584     -1.111      0.000
 178  158     -0.582     -0.771      0.000
 177  159     -0.580      0.043      0.000
 179  161     -0.565      0.349      0.000
 173   -2     -0.555      1.050      0.000
 181  164     -0.543     -0.511      0.000
  -1  163     -0.541     -1.085      0.000
 185  165     -0.536      0.476      0.000
 184  166     -0.533      0.540      0.000
 186  167     -0.528      0.671      0.000
  -1   -2     -0.500     -0.648      0.000
 190  171     -0.495      0.081      0.000
  -1  170     -0.493     -1.169      0.000
 189  169     -0.493      0.186      0.000
 187  172     -0.485      0.968      0.000
 191  173     -0.475     -0.677      0.000
 188   -2     -0.473     -1.167      0.000
 192  174     -0.472     -0.048      0.000
 193  175     -0.457     -0.126      0.000
  -1  176     -0.453     -0.814      0.000
 194  177     -0.447     -0.287      0.000
 195  178     -0.440     -0.945      0.000
  -1   -2     -0.434     -1.166      0.000
 198  180     -0.431      0.453      0.000
 199  181     -0.424     -0.836      0.000
 197  196     -0.421     -1.126      0.000
 201  182     -0.404      0.747      0.000
  -1  183     -0.397     -0.513      0.000
 207  185     -0.396      1.065      0.000
 203  186     -0.393     -0.603      0.000
 202  188     -0.392      0.320      0.000
  -1  184     -0.391      0.631      0.000
 204  189     -0.389     -0.186      0.000
 205   -2     -0.389     -0.339      0.000
 208  190     -0.377     -0.956      0.000
 210  191     -0.375     -0.665      0.000
  -1  193     -0.368      1.058      0.000
 211  192     -0.368     -0.291      0.000
 209  194     -0.367      0.725      0.000
  -1   -2     -0.365     -0.739      0.000
 213  195     -0.361     -0.253      0.000
  -1   -2     -0.355      0.669      0.000
 214   -2     -0.355      0.905      0.000
 216  197     -0.354      0.985      0.000
 215   -2     -0.353     -1.079      0.000
 217  199     -0.343      0.870      0.000
 219  201     -0.316     -0.572      0.000
 221  202     -0.303     -0.926      0.000
 222  203     -0.298      0.793      0.000
 224  204     -0.296      0.305      0.000
 226  205     -0.290     -0.979      0.000
  -1   -2     -0.278      0.279      0.000
 227  208     -0.269     -0.190      0.000
 228  209     -0.264     -1.065      0.000
 206  236     -0.260     -1.166      0.000
 229  210     -0.253      0.412      0.000
 230  211     -0.243     -0.400      0.000
 232  212     -0.240     -0.675      0.000
 233  213     -0.231     -0.861      0.000
 234  214     -0.229      0.118      0.000
 235   -2     -0.225     -1.093      0.000
 237  217     -0.203      0.705      0.000
 236   -2     -0.187     -0.223      0.000
 241  220     -0.163      0.071      0.000
 242   -2     -0.162     -0.263      0.000
  -1   -2     -0.159     -0.055      0.000
 245   -2     -0.150     -0.880      0.000
 244  221     -0.150     -0.769      0.000
 246   -2     -0.147     -1.113      0.000
 250  223     -0.131     -0.187      0.000
 249  224     -0.130     -1.015      0.000
 251  225     -0.124      0.477      0.000
 252  226     -0.119      0.377      0.000
 248  232     -0.114     -0.646      0.000
 253  227     -0.110      0.614      0.000
 255   -2     -0.101     -0.815      0.000
 257   -2     -0.094      0.324      0.000
 258  229     -0.089      0.911      0.000
 259  230     -0.085      1.131      0.000
 260  233     -0.075      0.221      0.000
 261  231     -0.073     -1.086      0.000
  -1  234     -0.071     -0.162      0.000
  -1   -2     -0.068     -1.162      0.000
 256   -2     -0.056     -0.328      0.000
 265  238     -0.055      0.344      0.000
 267  239     -0.047      0.580      0.000
 268  240     -0.032     -0.011      0.000
 270  237     -0.022     -0.416      0.000
 271  243      0.009      0.308      0.000
 272  244      0.012      0.968      0.000
 273  245      0.018      0.850      0.000
 269   -2      0.021     -1.110      0.000
 274   -2      0.025      0.364      0.000
 275  246      0.026      0.044      0.000
 277  249      0.038      0.567      0.000
 278  250      0.050      0.326      0.000
 279  251      0.055     -0.048      0.000
 280  252      0.061      0.893      0.000
 281  253      0.064     -1.071      0.000
 282  254      0.065      0.641      0.000
 283   -2      0.070      0.577      0.000
 284  255      0.072      0.782      0.000
 285  257      0.076     -0.909      0.000
 286  258      0.084      1.134      0.000
 288  259      0.092     -0.651      0.000
 296   -2      0.095      0.145      0.000
 290  265      0.106     -1.168      0.000
 292  263      0.108     -0.059      0.000
 291   -2      0.108      0.100      0.000
  -1  261      0.120      0.397      0.000
 294  266      0.136      0.835      0.000
 297  267      0.150     -0.476      0.000
 298  269      0.152     -0.587      0.000
 299  268      0.152      1.032      0.000
  -1   -2      0.155     -1.137      0.000
 300  271      0.174     -0.676      0.000
 302  272      0.178      0.358      0.000
 305   -2      0.198     -0.453      0.000
 306  276      0.211      0.548      0.000
 307  277      0.214      0.023      0.000
 308  278      0.218     -1.003      0.000
  -1   -2      0.225     -0.299      0.000
 312  279      0.229     -0.869      0.000
 311  280      0.238     -0.152      0.000
 313  293      0.253     -1.174      0.000
 314  281      0.255      0.949      0.000
  -1  285      0.259     -0.645      0.000
  -1  284      0.259     -0.369      0.000
 318  286      0.272      1.099      0.000
 319  287      0.274      0.238      0.000
 316   -2      0.275      0.657      0.000
 321  288      0.286      0.146      0.000
  -1  290      0.302     -1.001      0.000
 322  289      0.303      0.578      0.000
 320  294      0.316     -0.196      0.000
 324  295      0.317      0.049      0.000
  -1   -2      0.318      0.893      0.000
 326  298      0.345     -1.166      0.000
 325  309      0.352      1.053      0.000
 327   -2      0.356     -0.403      0.000
 329  299      0.371      0.049      0.000
 330  300      0.376     -0.796      0.000
 351   -2      0.377      1.113      0.000
 332  301      0.385      0.288      0.000
 334  303      0.391     -0.407      0.000
 333  302      0.392     -0.964      0.000
 335  304      0.396      0.162      0.000
 336  305      0.400     -0.457      0.000
 338  308      0.420     -0.878      0.000
 339  311      0.421     -1.106      0.000
  -1   -2      0.422     -1.021      0.000
 342  313      0.436     -0.002      0.000
 343  314      0.444     -0.598      0.000
 344   -2      0.448     -0.968      0.000
 346   -2      0.450     -0.789      0.000
 348  316      0.459     -0.427      0.000
 347   -2      0.460      0.312      0.000
 349  315      0.461      0.734      0.000
 350  318      0.462      0.551      0.000
 345  320      0.465     -1.164      0.000
 353   -2      0.480     -1.107      0.000
 354  321      0.482     -0.032      0.000
  -1  322      0.484      0.672      0.000
 355  323      0.491     -0.787      0.000
 356  319      0.493      0.313      0.000
 358  324      0.495      0.431      0.000
  -1  325      0.496      0.893      0.000
 357  327      0.497     -0.620      0.000
 360   -2      0.501     -0.944      0.000
  -1   -2      0.503     -0.961      0.000
 361   -2      0.505      0.752      0.000
 363  328      0.530      0.324      0.000
 364  329      0.540     -0.904      0.000
  -1   -2      0.546     -0.615      0.000
 365  330      0.548     -0.568      0.000
  -1   -2      0.552      0.833      0.000
  -1   -2      0.557      0.208      0.000
 367  331      0.561     -0.044      0.000
  -1   -2      0.561     -0.950      0.000
  -1  332      0.564     -0.434      0.000
 368  333      0.567      0.898      0.000
 369  334      0.576      1.028      0.000
 370  336      0.578      0.497      0.000
 371  337      0.583      0.536      0.000
 376  338      0.588      0.318      0.000
  -1  339      0.590     -0.255      0.000
 374  341      0.602     -0.738      0.000
 373   -2      0.602      0.803      0.000
 375  342      0.604     -0.984      0.000
  -1   -2      0.608     -0.796      0.000
  -1   -2      0.617      0.324      0.000
 378  343      0.622     -0.672      0.000
 372   -2      0.628     -1.169      0.000
 379  344      0.629     -0.832      0.000
 390  340      0.630     -1.069      0.000
 380  346      0.631      0.484      0.000
 381  347      0.632      0.545      0.000
 384  348      0.639     -1.129      0.000
 385  349      0.647      0.928      0.000
 386  350      0.650      0.846      0.000
 383  352      0.653     -0.473      0.000
 391  353      0.699     -0.849      0.000
 392  354      0.705     -0.449      0.000
 402   -2      0.706     -0.063      0.000
 393  355      0.712     -0.372      0.000
  -1  357      0.715      0.256      0.000
 394  356      0.716     -0.694      0.000
 395  358      0.721      1.070      0.000
 401   -2      0.728      1.158      0.000
 397   -2      0.733      0.291      0.000
 398  359      0.735     -0.881      0.000
 399  361      0.743     -0.783      0.000
 400  363      0.757     -0.638      0.000
  -1   -2      0.761     -0.460      0.000
 404  364      0.762      0.336      0.000
 403  362      0.763      0.386      0.000
 396  378      0.764     -1.102      0.000
  -1  365      0.768      0.633      0.000
 405   -2      0.771      0.631      0.000
 406  368      0.786     -0.817      0.000
 407  369      0.793      0.910      0.000
  -1   -2      0.806      0.618      0.000
 409  370      0.817     -0.038      0.000
 410  372      0.829      0.092      0.000
 411  374      0.832      0.890      0.000
 412  376      0.845     -0.792      0.000
 413   -2      0.847     -1.128      0.000
 427  373      0.850     -1.065      0.000
 417   -2      0.852     -0.202      0.000
 415  379      0.863      0.162      0.000
  -1   -2      0.864     -1.161      0.000
 416  380      0.866     -0.264      0.000
  -1  383      0.878      0.511      0.000
 421  384      0.880      0.648      0.000
 423  385      0.884      0.420      0.000
 424  386      0.884      0.700      0.000
 432   -2      0.885      0.758      0.000
 426  387      0.889     -0.452      0.000
 425  388      0.892      1.080      0.000
  -1  389      0.893     -0.292      0.000
 428  390      0.902     -0.875      0.000
  -1  392      0.915     -0.801      0.000
 429  391      0.915     -0.544      0.000
 430  377      0.919      1.166      0.000
 431  393      0.919      0.231      0.000
  -1  397      0.944     -0.866      0.000
 436  399      0.948     -0.254      0.000
 437  398      0.949      0.522      0.000
  -1  400      0.952     -0.154      0.000
 438   -2      0.957      1.029      0.000
  -1  401      0.960      0.450      0.000
 420  422      0.968     -0.613      0.000
 441  402      0.981     -1.119      0.000
 443  403      0.993     -0.037      0.000
 445  405      1.005     -0.825      0.000
  -1  404      1.006      0.760      0.000
 446  406      1.013     -0.593      0.000
 447  407      1.022      0.670      0.000
 448  408      1.023     -0.331      0.000
 454  414      1.038      0.290      0.000
 458   -2      1.040     -0.007      0.000
 451   -2      1.052      0.712      0.000
 453  410      1.053      0.833      0.000
 457   -2      1.054      0.254      0.000
  -1  412      1.054     -0.700      0.000
  -1  420      1.055     -0.347      0.000
 456  415      1.067      0.967      0.000
 455  416      1.071     -1.169      0.000
 459  417      1.080      0.097      0.000
  -1  418      1.080      1.037      0.000
 460  419      1.087     -0.649      0.000
  -1  421      1.091     -0.404      0.000
 461   -2      1.103     -0.561      0.000
 462  424      1.111     -0.975      0.000
  -1  423      1.115      0.199      0.000
 463  425      1.117      1.029      0.000
  -1  411      1.134      0.714      0.000
 465  427      1.141     -0.777      0.000
 468  428      1.148     -0.549      0.000
 466  429      1.148     -0.863      0.000
 469  430      1.154     -1.082      0.000
  -1   -2      1.159      1.028      0.000
 471  432      1.169      0.878      0.000
  -1  433      1.181     -0.245      0.000
 472  434      1.183      0.962      0.000
 474  426      1.189     -0.067      0.000
 473  435      1.191     -1.172      0.000
 477   -2      1.204     -0.366      0.000
 478  437      1.207      0.278      0.000
 479  438      1.210     -0.495      0.000
 480  439      1.222     -0.910      0.000
 482  441      1.232     -0.566      0.000
 483  442      1.239      0.994      0.000
 484  443      1.242      0.391      0.000
 485  445      1.261     -0.500      0.000
 486   -2      1.274     -0.086      0.000
  -1   -2      1.291      0.823      0.000
 487  447      1.292     -0.475      0.000
 488  448      1.294      0.426      0.000
  -1  449      1.311     -0.962      0.000
 490  450      1.312     -0.557      0.000
 492  451      1.342     -1.067      0.000
 493  452      1.352      0.168      0.000
 494   -2      1.356      0.101      0.000
 496  454      1.362     -1.168      0.000
 497  456      1.372      1.091      0.000
 498  457      1.383     -0.228      0.000
 489  464      1.383     -0.942      0.000
 500  459      1.386     -0.331      0.000
 501  460      1.394      0.239      0.000
 502  461      1.398      0.515      0.000
 503  462      1.403     -0.451      0.000
 504  463      1.404     -0.388      0.000
  -1   -2      1.432     -0.359      0.000
 506  465      1.432      0.582      0.000
  -1   -2      1.440     -0.764      0.000
 507   -2      1.451     -1.083      0.000
 508  466      1.459      0.270      0.000
  -1   -2      1.462      1.051      0.000
 509  468      1.462      0.816      0.000
 511  470      1.476     -0.731      0.000
 512  471      1.489     -0.050      0.000
 513  472      1.490     -0.191      0.000
  -1   -2      1.493      0.879      0.000
 514  473      1.496     -0.249      0.000
 516  474      1.501      0.425      0.000
 527  475      1.504     -0.314      0.000
  -1   -2      1.507      0.775      0.000
 517  478      1.511      0.075      0.000
  -1  484      1.522     -1.142      0.000
 519  480      1.528     -1.174      0.000
  -1  482      1.529      0.661      0.000
 520  481      1.534      1.083      0.000
 521  483      1.540      0.577      0.000
 522  485      1.541     -0.599      0.000
 524  488      1.549     -0.901      0.000
 523  486      1.550     -1.020      0.000
 525  487      1.551      0.376      0.000
 526  490      1.559     -0.800      0.000
 528   -2      1.566      0.823      0.000
 529  491      1.568      1.124      0.000
