510
   4    1     -1.566      0.182      0.000
   1    2     -1.556     -0.412      0.000
   2   13     -1.552      0.816      0.000
  -1    8     -1.541      0.718      0.000
   5    4     -1.540      0.427      0.000
   7    6     -1.516      0.353      0.000
  -1    7     -1.513     -0.413      0.000
  -1    3     -1.501      1.034      0.000
   9    9     -1.501     -0.467      0.000
  10   10     -1.498      0.060      0.000
  -1   -2     -1.490     -0.656      0.000
  11   12     -1.478     -0.299      0.000
   6   22     -1.476     -0.907      0.000
  15   14     -1.465     -0.758      0.000
  16   16     -1.463      0.779      0.000
  17   15     -1.462     -0.505      0.000
  18   17     -1.455     -0.029      0.000
  21   18     -1.453      0.910      0.000
  -1   19     -1.452      0.738      0.000
  22   -2     -1.452      0.676      0.000
  20   20     -1.451      0.196      0.000
  -1   21     -1.450      0.393      0.000
  23   23     -1.420     -0.294      0.000
  13   -2     -1.419     -0.865      0.000
  -1   -2     -1.412     -0.828      0.000
  -1   -2     -1.411      1.000      0.000
  -1   25     -1.406      0.469      0.000
  24   26     -1.403     -0.662      0.000
  26   30     -1.401      0.824      0.000
  25   24     -1.398     -0.041      0.000
  27   28     -1.398      0.660      0.000
  14   41     -1.391     -1.129      0.000
  28   29     -1.389     -0.433      0.000
  30   -2     -1.376      0.268      0.000
  31   31     -1.367      0.603      0.000
  -1   -2     -1.358     -1.169      0.000
  32   -2     -1.353      0.183      0.000
  -1   -2     -1.351     -1.003      0.000
  33   32     -1.350     -0.169      0.000
  34   33     -1.343     -0.536      0.000
  35   34     -1.337      1.061      0.000
  37   35     -1.318     -1.037      0.000
  38   37     -1.305     -0.632      0.000
  40   39     -1.292      0.462      0.000
  39   38     -1.292     -0.742      0.000
  -1   40     -1.283     -0.950      0.000
  -1   -2     -1.277      0.431      0.000
  -1   -2     -1.268      0.493      0.000
  -1   -2     -1.266      0.908      0.000
  44   43     -1.263      0.713      0.000
  43   44     -1.263     -0.975      0.000
  45   46     -1.260     -0.131      0.000
  46   45     -1.258      0.818      0.000
  47   47     -1.254      0.936      0.000
  49   48     -1.252     -0.417      0.000
  48   50     -1.252     -0.078      0.000
  50   -2     -1.242      1.110      0.000
  51   52     -1.232      0.446      0.000
  52   51     -1.231     -0.745      0.000
  53   54     -1.217      0.725      0.000
  54   53     -1.215     -0.954      0.000
  -1   56     -1.212     -0.649      0.000
  55   55     -1.211     -1.116      0.000
  -1   58     -1.207     -0.331      0.000
  57   59     -1.205     -0.434      0.000
  59   61     -1.201      0.529      0.000
  58   60     -1.201      0.208      0.000
  56   -2     -1.200     -0.360      0.000
  60   -2     -1.193     -0.188      0.000
  61   62     -1.190      0.429      0.000
  -1   64     -1.174      0.742      0.000
  62   63     -1.162     -0.206      0.000
  63   66     -1.160      0.370      0.000
  64   67     -1.160     -0.251      0.000
  65   -2     -1.158      1.086      0.000
  67   68     -1.153      1.133      0.000
  66   70     -1.152      0.631      0.000
  68   69     -1.152     -0.937      0.000
  69   71     -1.144     -0.975      0.000
  70   72     -1.131      0.870      0.000
  -1   73     -1.130      0.469      0.000
  73   75     -1.108      1.124      0.000
  72   76     -1.105     -0.479      0.000
  71   77     -1.103      0.327      0.000
  75   78     -1.087     -1.108      0.000
  74   79     -1.085     -0.096      0.000
  -1   -2     -1.066      0.529      0.000
  76   81     -1.065     -0.805      0.000
  77   82     -1.061      0.604      0.000
  -1   83     -1.045     -1.115      0.000
  78   80     -1.043     -1.162      0.000
  79   84     -1.035      0.963      0.000
  80   86     -1.027     -0.141      0.000
  -1   87     -1.019     -0.013      0.000
  82   -2     -1.014     -0.017      0.000
  -1   -2     -1.014     -0.661      0.000
  86   88     -1.011     -0.938      0.000
  85   89     -1.008     -0.225      0.000
  84   91     -1.004      0.487      0.000
  87   92     -1.001      1.079      0.000
  81   94     -0.994      0.329      0.000
  91   97     -0.974      0.397      0.000
  92   99     -0.963     -0.458      0.000
  93  101     -0.953     -0.054      0.000
  94  102     -0.950      0.929      0.000
  96  104     -0.944      0.039      0.000
  98  105     -0.933     -0.634      0.000
  99  106     -0.929      0.745      0.000
 101  107     -0.918     -0.999      0.000
 102  108     -0.916      1.161      0.000
 100  109     -0.916      0.140      0.000
  -1  110     -0.909     -1.070      0.000
 105  111     -0.905      1.114      0.000
 104  113     -0.904     -0.718      0.000
 103  112     -0.904     -0.772      0.000
 106  114     -0.893     -0.144      0.000
 107  115     -0.885     -1.167      0.000
 108  117     -0.880     -0.444      0.000
 109  116     -0.880      0.814      0.000
 110  118     -0.867     -0.097      0.000
  -1   -2     -0.859      0.066      0.000
 113  119     -0.846      0.878      0.000
 114  120     -0.838      1.050      0.000
 115  121     -0.826     -0.763      0.000
 116  124     -0.825      0.987      0.000
 117  122     -0.822      1.095      0.000
 118  123     -0.819     -0.810      0.000
 119  127     -0.796     -0.956      0.000
 120  128     -0.788     -0.539      0.000
  -1   -2     -0.788     -0.505      0.000
 121  129     -0.783     -0.285      0.000
  -1   -2     -0.781      0.697      0.000
 122  130     -0.770      0.956      0.000
 123  131     -0.762      0.050      0.000
 124  133     -0.754     -0.252      0.000
  -1   -2     -0.753      0.387      0.000
 125  143     -0.753     -1.160      0.000
 126  134     -0.752     -0.672      0.000
 128  132     -0.745     -0.946      0.000
 127  135     -0.740      0.328      0.000
 130  138     -0.719      0.251      0.000
 131  137     -0.717      0.971      0.000
 132  139     -0.713     -1.012      0.000
 133  140     -0.707     -0.475      0.000
 134  141     -0.703      1.025      0.000
 135  142     -0.697     -0.205      0.000
 136  144     -0.693      0.440      0.000
 137   -2     -0.688     -1.170      0.000
 138  145     -0.681      0.498      0.000
 139  146     -0.678      0.835      0.000
 140  147     -0.675     -0.732      0.000
 141  148     -0.671      0.079      0.000
 142  149     -0.667      0.176      0.000
 143  152     -0.656     -0.465      0.000
 144  155     -0.647      0.616      0.000
 145  154     -0.646      1.056      0.000
 147  156     -0.641      1.095      0.000
 148  157     -0.640      1.019      0.000
 146  158     -0.633     -0.025      0.000
 149  159     -0.633     -0.727      0.000
 151  162     -0.619     -0.102      0.000
 152  161     -0.618     -0.969      0.000
  -1  163     -0.613     -1.048      0.000
 154  166     -0.592     -0.240      0.000
 155  167     -0.584      0.981      0.000
  -1  172     -0.582     -0.595      0.000
 156  168     -0.580      0.404      0.000
 157  169     -0.559     -0.927      0.000
  -1   -2     -0.556      1.148      0.000
 158  173     -0.552      0.289      0.000
 160   -2     -0.552     -0.607      0.000
 159  171     -0.552     -1.172      0.000
  -1   -2     -0.541     -0.053      0.000
 162  174     -0.537     -0.148      0.000
 161   -2     -0.536      0.881      0.000
  -1  177     -0.535      0.454      0.000
  -1   -2     -0.534     -1.083      0.000
 163  176     -0.529      1.094      0.000
  -1   -2     -0.514      0.557      0.000
  -1  179     -0.509     -0.233      0.000
 164  178     -0.507     -0.441      0.000
 165  180     -0.502      0.659      0.000
 166  181     -0.501     -0.201      0.000
 167   -2     -0.500     -0.693      0.000
 168  183     -0.485     -0.519      0.000
  -1  182     -0.483     -1.133      0.000
 170  184     -0.469      0.631      0.000
 171  185     -0.467     -0.747      0.000
 172  186     -0.456     -0.856      0.000
 173  187     -0.453     -0.573      0.000
 175  189     -0.429      0.263      0.000
 174   -2     -0.427     -0.958      0.000
 177  188     -0.426      0.945      0.000
 179  190     -0.423      1.095      0.000
 180  193     -0.412      0.753      0.000
 181  194     -0.406     -0.476      0.000
 185  196     -0.403      0.923      0.000
 182   -2     -0.400     -0.334      0.000
 184  195     -0.399      0.858      0.000
 186  197     -0.396     -0.848      0.000
 183  198     -0.396     -0.141      0.000
 188  199     -0.378      0.677      0.000
 187  200     -0.375      0.351      0.000
 176   -2     -0.356     -0.624      0.000
 190  202     -0.351     -1.086      0.000
 191  205     -0.348     -0.313      0.000
 192  206     -0.333      1.109      0.000
 193  207     -0.329     -0.798      0.000
 194  208     -0.324      0.640      0.000
 195  210     -0.308     -0.551      0.000
 199  213     -0.307      0.029      0.000
 196  211     -0.306     -0.844      0.000
 197  212     -0.306      0.446      0.000
 200  218     -0.286     -1.167      0.000
 202  214     -0.282      0.583      0.000
 205  216     -0.266     -0.922      0.000
 207  220     -0.246     -1.036      0.000
 204  221     -0.237      0.890      0.000
  -1  222     -0.234     -0.994      0.000
 209  223     -0.225     -0.131      0.000
 210   -2     -0.222     -0.128      0.000
 211  224     -0.220     -1.100      0.000
 212  226     -0.208      0.311      0.000
 213  225     -0.205      0.391      0.000
 214   -2     -0.200      0.904      0.000
 215  227     -0.197     -0.044      0.000
  -1  229     -0.197     -0.616      0.000
  -1  228     -0.194     -0.506      0.000
 216  231     -0.180      0.270      0.000
 217  233     -0.178      0.498      0.000
 218  232     -0.175      1.090      0.000
  -1  230     -0.175     -1.027      0.000
 220  234     -0.159      0.191      0.000
 225   -2     -0.141     -0.839      0.000
 228  237     -0.130     -0.227      0.000
  -1   -2     -0.130      0.697      0.000
 227  236     -0.127      0.740      0.000
 226  238     -0.127      0.284      0.000
 219  241     -0.123     -0.483      0.000
 221   -2     -0.122      0.553      0.000
 229  240     -0.119      1.094      0.000
  -1  239     -0.110      0.517      0.000
 231  242     -0.106      0.016      0.000
 233  243     -0.103      0.464      0.000
 234  244     -0.096     -1.156      0.000
 235  245     -0.088      0.934      0.000
 237  246     -0.085     -0.898      0.000
 238  247     -0.076     -0.301      0.000
 239  248     -0.067      1.043      0.000
  -1  251     -0.054     -0.344      0.000
 241   -2     -0.052     -0.083      0.000
 242  252     -0.045      0.255      0.000
  -1   -2     -0.038      0.448      0.000
 243  254     -0.034      0.997      0.000
  -1  256     -0.027     -1.076      0.000
 244  255     -0.025      0.052      0.000
 246  263     -0.011     -0.150      0.000
 247  257     -0.001      0.279      0.000
 249  258      0.003      0.778      0.000
  -1   -2      0.003      0.681      0.000
 248  259      0.004      0.116      0.000
 250  260      0.005      0.452      0.000
 251   -2      0.012     -0.015      0.000
 252  261      0.014     -1.134      0.000
  -1  266      0.015     -1.004      0.000
 253  264      0.045      0.511      0.000
 255  267      0.056      0.712      0.000
 256  268      0.057     -0.867      0.000
 257   -2      0.058     -0.715      0.000
 258  270      0.066      0.132      0.000
  -1  269      0.075     -0.677      0.000
 259  271      0.078     -0.536      0.000
 260  272      0.081     -0.020      0.000
 261  273      0.081      0.099      0.000
 262  275      0.090      0.357      0.000
 263  279      0.104      0.980      0.000
 265  278      0.106     -1.100      0.000
 264  277      0.107      0.319      0.000
 266  276      0.108     -1.168      0.000
  -1   -2      0.128      0.048      0.000
 268  280      0.129     -0.432      0.000
  -1  281      0.133     -0.346      0.000
 270  282      0.136      0.760      0.000
 271   -2      0.141     -0.959      0.000
 272  283      0.143      0.666      0.000
 273  284      0.149      0.526      0.000
  -1   -2      0.153     -1.022      0.000
 274  286      0.168      0.830      0.000
 276  287      0.176      0.291      0.000
 277  288      0.188     -0.992      0.000
 269   -2      0.198     -0.329      0.000
 278  290      0.212     -0.808      0.000
  -1   -2      0.212     -1.100      0.000
 280  291      0.218      1.034      0.000
 281  292      0.221      0.040      0.000
  -1   -2      0.222     -1.022      0.000
  -1   -2      0.226     -0.413      0.000
 282  293      0.229     -0.688      0.000
 283  294      0.230      0.316      0.000
 284   -2      0.231      0.438      0.000
 285   -2      0.238      0.835      0.000
 286  295      0.244     -0.983      0.000
 287  296      0.248     -0.096      0.000
  -1  297      0.274     -1.111      0.000
 291  298      0.275     -0.262      0.000
 288  304      0.278      0.116      0.000
 289   -2      0.279     -0.463      0.000
 293  299      0.287      0.764      0.000
 294  300      0.293      0.968      0.000
 295  302      0.299      0.899      0.000
  -1  301      0.301      1.117      0.000
 297   -2      0.306      0.201      0.000
 296  306      0.309     -1.167      0.000
 298  305      0.314      0.571      0.000
  -1  307      0.341     -0.245      0.000
 303  308      0.355     -0.456      0.000
 304  309      0.356     -0.129      0.000
 305  310      0.357      0.057      0.000
 306  313      0.360     -1.004      0.000
  -1  311      0.360      0.718      0.000
  -1  312      0.360     -0.671      0.000
 308  315      0.365      0.820      0.000
 310  316      0.374      0.279      0.000
 309  317      0.376     -1.068      0.000
  -1   -2      0.390      0.865      0.000
 312  319      0.393     -0.648      0.000
 313  318      0.393     -0.304      0.000
 314  320      0.395     -0.806      0.000
  -1   -2      0.398      1.100      0.000
 315  321      0.412      0.921      0.000
 316  322      0.417     -0.953      0.000
 350   -2      0.423     -1.165      0.000
 318  325      0.431      0.055      0.000
 319  326      0.434     -0.312      0.000
 320  327      0.435     -0.731      0.000
 321  328      0.443     -0.356      0.000
 322  329      0.452      0.238      0.000
 323  330      0.457     -0.539      0.000
 325  331      0.464      0.139      0.000
 326  332      0.466      1.018      0.000
 324  336      0.472      0.721      0.000
 327   -2      0.476     -0.658      0.000
 330  334      0.482     -0.477      0.000
 331  337      0.502      0.010      0.000
 333  338      0.512     -0.341      0.000
 328  340      0.517      0.404      0.000
 334  341      0.520     -0.667      0.000
 336  342      0.530      0.590      0.000
 335  343      0.537      1.120      0.000
 340  344      0.545      0.255      0.000
 338   -2      0.548      0.444      0.000
 337  345      0.554     -0.517      0.000
 339  346      0.557     -0.790      0.000
  -1  347      0.563      0.735      0.000
 343  348      0.566     -0.019      0.000
  -1   -2      0.571      0.545      0.000
 344  349      0.572     -0.840      0.000
 345  351      0.585      0.615      0.000
  -1  352      0.588      0.254      0.000
 347  354      0.597     -0.993      0.000
 348  353      0.598     -0.483      0.000
 349  355      0.611     -0.893      0.000
 352   -2      0.614      1.124      0.000
 353  356      0.615     -1.043      0.000
  -1   -2      0.625     -0.178      0.000
 355  359      0.633      0.870      0.000
  -1   -2      0.635     -0.368      0.000
 356  360      0.637     -0.648      0.000
  -1  362      0.642     -1.038      0.000
 357  361      0.643      0.750      0.000
 358  363      0.656     -0.748      0.000
 360  364      0.675     -0.601      0.000
 361   -2      0.683      1.019      0.000
 362  367      0.691      0.409      0.000
 364  368      0.693      0.441      0.000
 363  366      0.693      0.669      0.000
 365  369      0.713      0.060      0.000
 366  372      0.722     -0.785      0.000
 368  371      0.724      0.791      0.000
 367  370      0.725     -0.416      0.000
 369  373      0.729      0.264      0.000
 370  374      0.729     -1.017      0.000
 371  375      0.732      1.034      0.000
 372  377      0.739      0.715      0.000
  -1   -2      0.739     -0.141      0.000
 374  378      0.754      0.401      0.000
 377  380      0.756     -0.641      0.000
 387   -2      0.757     -0.830      0.000
 375  381      0.758     -1.065      0.000
 379   -2      0.769     -0.453      0.000
 376  383      0.771     -0.164      0.000
 378  384      0.772      0.938      0.000
 393   -2      0.782      1.109      0.000
  -1   -2      0.783     -1.160      0.000
 380  382      0.789      1.033      0.000
 381  385      0.789     -0.982      0.000
  -1   -2      0.793     -1.159      0.000
 382  386      0.801     -0.343      0.000
  -1   -2      0.801      0.898      0.000
  -1   -2      0.807     -0.012      0.000
 383  387      0.812     -0.602      0.000
 384  388      0.829     -1.108      0.000
  -1  389      0.832      0.100      0.000
 385  390      0.842     -1.045      0.000
  -1  392      0.850     -0.851      0.000
 388   -2      0.862      0.217      0.000
 390   -2      0.870      0.593      0.000
 391   -2      0.874     -0.776      0.000
 392  394      0.876     -0.445      0.000
  -1  396      0.877      1.112      0.000
 394  395      0.879      0.801      0.000
 395  397      0.884      0.735      0.000
 396  393      0.889     -0.202      0.000
 398  399      0.900      0.548      0.000
 402  402      0.908      0.326      0.000
 403  403      0.910      0.282      0.000
 401  398      0.913     -0.946      0.000
 400  404      0.919     -0.875      0.000
 407   -2      0.922      0.795      0.000
 408  407      0.930     -1.086      0.000
 409  406      0.934      0.968      0.000
 410  408      0.941      1.081      0.000
 413  410      0.955     -0.056      0.000
 415   -2      0.961     -0.886      0.000
 416  411      0.971     -0.461      0.000
 419  412      0.979     -0.275      0.000
 418  415      0.980      0.066      0.000
 417  413      0.983     -0.556      0.000
 406   -2      0.994     -0.661      0.000
  -1  414      0.996     -0.172      0.000
 420   -2      1.004      0.688      0.000
 422  418      1.014      0.127      0.000
 423  416      1.015      0.632      0.000
 424  417      1.018      0.585      0.000
 425  420      1.030      0.458      0.000
 426  422      1.039      0.371      0.000
 427  423      1.040      0.735      0.000
  -1  425      1.054     -0.342      0.000
 430  427      1.066     -0.635      0.000
 431  428      1.077      0.194      0.000
  -1   -2      1.078     -1.171      0.000
  -1   -2      1.080     -0.185      0.000
 432  430      1.102      0.480      0.000
 433  431      1.108     -1.045      0.000
 434  424      1.109     -0.278      0.000
 435   -2      1.119     -0.376      0.000
 438  434      1.131     -0.712      0.000
 440  435      1.135     -0.071      0.000
 439  436      1.137      0.938      0.000
 441  437      1.141     -1.156      0.000
 443  438      1.154      0.633      0.000
 436   -2      1.156      0.446      0.000
 444  439      1.158      0.806      0.000
 442  440      1.159     -0.943      0.000
 446  443      1.167     -0.856      0.000
 445  442      1.169      1.014      0.000
 447  444      1.173     -0.463      0.000
 456  433      1.179      0.691      0.000
 449  446      1.182     -0.044      0.000
  -1   -2      1.193     -0.397      0.000
 450  447      1.202     -0.631      0.000
 452  448      1.216      0.226      0.000
  -1   -2      1.217      0.560      0.000
 454  449      1.228      0.061      0.000
  -1   -2      1.230      0.135      0.000
 455   -2      1.258      0.890      0.000
 457   -2      1.268     -0.590      0.000
 459  455      1.278     -0.670      0.000
 461  454      1.282     -0.456      0.000
 462   -2      1.293     -0.946      0.000
 464  456      1.294      1.025      0.000
  -1  451      1.296      0.866      0.000
 465  458      1.303     -1.084      0.000
 458  463      1.306     -0.269      0.000
 467   -2      1.315     -0.613      0.000
 470   -2      1.350     -0.220      0.000
 471  465      1.353     -0.684      0.000
 473  462      1.355     -0.589      0.000
  -1  464      1.355      0.271      0.000
 477   -2      1.359      0.582      0.000
  -1  470      1.367     -1.171      0.000
 475  467      1.372     -1.069      0.000
 479  468      1.384     -0.160      0.000
 478  469      1.385     -1.125      0.000
 480  471      1.393      0.406      0.000
 481  466      1.399      0.651      0.000
 482  474      1.418     -1.083      0.000
  -1  475      1.427      0.796      0.000
  -1  476      1.435      0.460      0.000
 484  478      1.448     -0.592      0.000
 485  477      1.449     -0.455      0.000
 487  480      1.458     -0.524      0.000
 488  483      1.472      0.159      0.000
 476   -2      1.479     -0.856      0.000
  -1   -2      1.487     -0.053      0.000
 490   -2      1.490     -1.074      0.000
 491  485      1.494     -0.902      0.000
  -1   -2      1.504      1.150      0.000
 486   -2      1.504     -0.271      0.000
 492  489      1.507      0.242      0.000
 493  490      1.518      0.582      0.000
  -1  488      1.536      1.133      0.000
  -1   -2      1.545     -0.610      0.000
 494  491      1.545      0.668      0.000
 497  492      1.549      0.927      0.000
 496  493      1.550     -0.301      0.000
 498  495      1.560     -0.116      0.000
 499  496      1.563      0.292      0.000
 500  497      1.565     -1.080      0.000
 495   -2      1.571     -0.337      0.000
