485
   0    0     -1.568     -0.856      0.000
   1    3     -1.555      0.318      0.000
   3    5     -1.546      0.604      0.000
   2    4     -1.546      1.052      0.000
   4    6     -1.544      0.471      0.000
   5    7     -1.534      0.742      0.000
   6    9     -1.527      0.170      0.000
   7    8     -1.525     -0.346      0.000
  11   10     -1.503      0.958      0.000
  12   11     -1.500      0.388      0.000
  15   -2     -1.485     -0.981      0.000
  -1   -2     -1.481      0.149      0.000
   9   15     -1.474     -0.408      0.000
  18   17     -1.469      0.322      0.000
  19   16     -1.462      1.107      0.000
  20   18     -1.460     -0.690      0.000
  24   -2     -1.457      0.792      0.000
  21   20     -1.453      0.067      0.000
  13   21     -1.446     -0.253      0.000
  -1   -2     -1.442      1.163      0.000
  29   22     -1.438      0.021      0.000
  23   24     -1.436     -0.446      0.000
  26   25     -1.431      0.716      0.000
  -1   27     -1.421     -0.797      0.000
  28   28     -1.419      0.677      0.000
  -1   26     -1.419     -1.079      0.000
  30   29     -1.407     -0.018      0.000
  31   30     -1.395      0.185      0.000
  35   32     -1.364     -0.935      0.000
  37   33     -1.354      0.611      0.000
  38   34     -1.353     -0.385      0.000
  39   35     -1.347      0.436      0.000
  -1   -2     -1.346      0.040      0.000
  27   37     -1.341     -1.166      0.000
  40   36     -1.340     -0.973      0.000
  -1   31     -1.338      0.720      0.000
  42   38     -1.332      1.002      0.000
  43   39     -1.316      0.559      0.000
  44   40     -1.308     -1.113      0.000
  -1   -2     -1.297     -1.165      0.000
  46   41     -1.295     -0.890      0.000
  48   42     -1.283     -0.581      0.000
  49   43     -1.281     -0.687      0.000
  47   44     -1.281     -0.133      0.000
  -1   45     -1.272     -0.915      0.000
  50   47     -1.261     -0.643      0.000
  52   -2     -1.244      1.062      0.000
  54   49     -1.240     -1.053      0.000
  53   50     -1.233      0.893      0.000
  57   51     -1.224     -0.899      0.000
  55   54     -1.224      0.433      0.000
  56   53     -1.223      0.778      0.000
  59   55     -1.221     -0.698      0.000
  58   52     -1.221      0.674      0.000
  -1   -2     -1.212     -0.833      0.000
  60   56     -1.203     -0.382      0.000
  61   57     -1.190     -0.118      0.000
  70   -2     -1.188     -0.606      0.000
  -1   60     -1.172      0.689      0.000
  64   61     -1.163      1.053      0.000
  63   64     -1.161      0.421      0.000
  67   62     -1.159     -0.889      0.000
  68   63     -1.157     -0.926      0.000
  66   65     -1.156     -0.402      0.000
  69   66     -1.148     -0.305      0.000
  71   67     -1.134      0.503      0.000
  72   68     -1.123     -0.172      0.000
  73   71     -1.122      0.199      0.000
  -1   -2     -1.122     -1.165      0.000
  74   72     -1.116      0.408      0.000
  75   70     -1.115      1.088      0.000
  76   69     -1.113     -1.066      0.000
  77   73     -1.101      0.839      0.000
  78   74     -1.096      0.606      0.000
  79   75     -1.092     -0.232      0.000
  81   78     -1.080      0.354      0.000
  82   76     -1.074     -1.165      0.000
  84   79     -1.065     -1.105      0.000
  83   80     -1.059     -0.453      0.000
  85   82     -1.058      0.445      0.000
  86   81     -1.055     -0.766      0.000
  88   83     -1.021      0.939      0.000
  87   84     -1.019      0.317      0.000
  91   85     -1.014     -0.900      0.000
  -1   88     -1.005     -0.090      0.000
  93   87     -1.001      1.056      0.000
  92   89     -0.997      0.584      0.000
  94   -2     -0.993     -1.108      0.000
  95   90     -0.989     -0.442      0.000
  -1   92     -0.967     -1.033      0.000
  90  110     -0.950      0.754      0.000
  97   94     -0.948     -0.910      0.000
  96   95     -0.947     -0.135      0.000
 100   96     -0.938     -0.972      0.000
  -1   -2     -0.932     -1.042      0.000
 101   98     -0.929     -0.217      0.000
 103   99     -0.924     -0.010      0.000
 104  100     -0.917      1.124      0.000
 107  103     -0.913      0.449      0.000
 106  102     -0.906     -0.446      0.000
 109  105     -0.903      0.303      0.000
  -1  106     -0.901     -0.621      0.000
  -1  108     -0.893      0.394      0.000
  -1  107     -0.891     -1.162      0.000
 112  109     -0.888     -0.758      0.000
 114   -2     -0.883      0.737      0.000
 115  111     -0.878     -0.705      0.000
 116  112     -0.867     -0.055      0.000
 117  114     -0.854      0.039      0.000
 119   -2     -0.850      0.380      0.000
 118  115     -0.839      0.811      0.000
 121  116     -0.830      1.047      0.000
 122  118     -0.825      0.141      0.000
 123  120     -0.823     -0.442      0.000
 124  117     -0.822      1.094      0.000
 126  121     -0.813      0.881      0.000
 127  119     -0.813     -0.924      0.000
 125  122     -0.811     -0.144      0.000
 129   -2     -0.804     -0.755      0.000
 128  123     -0.803      0.990      0.000
  -1   -2     -0.795     -0.343      0.000
 110   -2     -0.793     -0.597      0.000
 134   -2     -0.789      0.641      0.000
 130  126     -0.781     -0.096      0.000
 132  128     -0.771      0.065      0.000
 133  131     -0.753      0.963      0.000
  -1  127     -0.750     -0.925      0.000
 135  133     -0.741     -0.542      0.000
 136  134     -0.732     -0.963      0.000
  -1  136     -0.730      0.707      0.000
 139  138     -0.715     -0.629      0.000
 140  139     -0.711     -0.290      0.000
 142  132     -0.710     -1.167      0.000
 141  140     -0.704     -0.549      0.000
 143  141     -0.696      0.990      0.000
 144  142     -0.692      1.041      0.000
 145  145     -0.675      0.049      0.000
 146  144     -0.673     -0.264      0.000
 149  146     -0.659     -0.889      0.000
 131  167     -0.655      0.338      0.000
 147   -2     -0.655     -0.489      0.000
 150  149     -0.649     -0.743      0.000
 151  150     -0.642      0.857      0.000
 153  151     -0.641      1.117      0.000
  -1  155     -0.636      0.258      0.000
  -1  152     -0.631     -1.104      0.000
  -1  161     -0.625      0.642      0.000
 156  154     -0.624     -1.059      0.000
  -1  156     -0.621      1.053      0.000
 157   -2     -0.620     -0.021      0.000
 155  158     -0.619     -0.216      0.000
 158  159     -0.618      0.455      0.000
 159  157     -0.616     -0.983      0.000
 160  160     -0.608     -0.746      0.000
  -1   -2     -0.605      0.803      0.000
 162  153     -0.600     -0.481      0.000
 163   -2     -0.590      0.640      0.000
 164  163     -0.589      0.082      0.000
 165  162     -0.587     -0.809      0.000
  -1  164     -0.584     -0.269      0.000
 166  165     -0.582      0.181      0.000
 167  166     -0.570      1.006      0.000
 168  168     -0.562     -0.947      0.000
 169  169     -0.560     -0.038      0.000
 154   -2     -0.540     -1.092      0.000
 170  171     -0.539     -0.112      0.000
 172  172     -0.528      1.135      0.000
 173  173     -0.520     -0.258      0.000
 174  175     -0.513     -0.636      0.000
  -1   -2     -0.511      0.453      0.000
  -1  177     -0.508      0.920      0.000
 175  178     -0.505      0.416      0.000
 176  180     -0.493     -1.162      0.000
  -1   -2     -0.476     -0.765      0.000
  -1  181     -0.471     -0.723      0.000
 177  182     -0.468      0.300      0.000
 178  183     -0.467     -0.162      0.000
  -1   -2     -0.464      0.477      0.000
 179  184     -0.455     -0.467      0.000
  -1  187     -0.453      0.696      0.000
  -1   -2     -0.449     -0.673      0.000
 181  185     -0.444     -0.896      0.000
 182  186     -0.443     -0.785      0.000
 185  188     -0.438     -0.553      0.000
 184  189     -0.437     -0.256      0.000
 186  190     -0.431     -0.222      0.000
 187  191     -0.423      1.146      0.000
 183   -2     -0.421      0.671      0.000
 188  192     -0.412     -0.613      0.000
 189  195     -0.387      0.991      0.000
 190  194     -0.383     -0.895      0.000
 191  196     -0.375      0.805      0.000
 192  197     -0.373      0.916      0.000
 196  200     -0.370     -1.157      0.000
 193  198     -0.366      0.284      0.000
 194  199     -0.364     -0.515      0.000
  -1  193     -0.359      0.490      0.000
  -1   -2     -0.358     -1.078      0.000
 197  201     -0.350      0.256      0.000
 198  202     -0.338      0.728      0.000
 199  203     -0.333     -0.163      0.000
 202  206     -0.314     -0.855      0.000
 201  207     -0.313      0.379      0.000
 203  209     -0.295     -0.348      0.000
 204  208     -0.294     -0.905      0.000
 205  210     -0.291      0.116      0.000
  -1  212     -0.290     -1.165      0.000
 206  211     -0.280      0.676      0.000
 208  214     -0.272     -0.603      0.000
 210  215     -0.259     -0.986      0.000
 200  216     -0.249     -0.782      0.000
 211  217     -0.247      0.018      0.000
 212   -2     -0.246     -1.100      0.000
 213  219     -0.241      0.636      0.000
 214  220     -0.227      0.969      0.000
 215  221     -0.224      0.038      0.000
 219  224     -0.212     -0.216      0.000
 209  223     -0.212     -0.471      0.000
  -1   -2     -0.180      1.131      0.000
 224  218     -0.179     -1.097      0.000
 223  226     -0.178     -0.151      0.000
 236   -2     -0.166     -0.685      0.000
  -1  229     -0.163      0.339      0.000
 226  228     -0.160      0.429      0.000
 227  232     -0.156     -0.577      0.000
 228  230     -0.150     -0.061      0.000
  -1   -2     -0.149      0.971      0.000
 229  231     -0.141      0.551      0.000
 231  233     -0.136     -0.270      0.000
 232  234     -0.135      0.293      0.000
 233  235     -0.131     -0.917      0.000
 235  236     -0.115      0.205      0.000
 237   -2     -0.111     -0.128      0.000
 238   -2     -0.096     -0.543      0.000
 239  241     -0.095      0.611      0.000
 240   -2     -0.093     -1.028      0.000
 241  238     -0.089      0.312      0.000
 242  239     -0.089     -0.272      0.000
 243  240     -0.083      1.025      0.000
 246  244     -0.074      0.515      0.000
 244  243     -0.071     -0.989      0.000
 248  245     -0.069      1.138      0.000
 247  246     -0.067      0.006      0.000
 249   -2     -0.049     -0.349      0.000
 251  248     -0.034      1.093      0.000
 250  247     -0.032     -0.767      0.000
  -1   -2     -0.029     -0.399      0.000
  -1   -2     -0.024      0.654      0.000
 255  249     -0.016      0.484      0.000
 254   -2     -0.016      0.280      0.000
 245  270     -0.004     -1.164      0.000
 256  250      0.003      0.048      0.000
  -1   -2      0.007     -1.167      0.000
 257  251      0.011      0.862      0.000
  -1  253      0.012      0.756      0.000
 253  265      0.013     -0.181      0.000
 259  254      0.017     -1.110      0.000
 261  255      0.023      0.306      0.000
 260  256      0.024      0.503      0.000
 271  237      0.031     -1.168      0.000
 262  257      0.039     -0.038      0.000
 263  258      0.054      0.570      0.000
 264  259      0.063      0.793      0.000
 265  260      0.065     -0.961      0.000
 268  262      0.067      0.524      0.000
 266   -2      0.070      0.691      0.000
  -1   -2      0.073      1.046      0.000
 267  261      0.073     -0.802      0.000
 269  263      0.083      0.139      0.000
 270  266      0.088     -0.609      0.000
  -1   -2      0.089     -0.198      0.000
  -1   -2      0.094      1.017      0.000
 273  267      0.094      0.102      0.000
 275  268      0.099      1.079      0.000
 274  269      0.100      0.397      0.000
 277   -2      0.138     -0.499      0.000
 276  272      0.140      0.742      0.000
  -1   -2      0.142     -1.074      0.000
 252   -2      0.143     -0.400      0.000
 278  275      0.149      0.590      0.000
  -1   -2      0.154     -1.119      0.000
 279  276      0.160     -0.567      0.000
 281  277      0.162      0.923      0.000
 282  278      0.174      0.321      0.000
 283  279      0.187     -0.590      0.000
 285  280      0.199     -1.091      0.000
 284   -2      0.206     -0.377      0.000
 286  281      0.212      1.133      0.000
 287  289      0.215      0.850      0.000
 288  282      0.215     -0.895      0.000
 289  283      0.218      0.034      0.000
 290  284      0.224      0.487      0.000
 292   -2      0.227      0.924      0.000
 291  285      0.228     -0.770      0.000
 294  287      0.244     -0.119      0.000
  -1  288      0.265     -0.552      0.000
 297  290      0.269     -0.307      0.000
 298   -2      0.271      0.849      0.000
 299  291      0.281      1.064      0.000
 301  292      0.288      0.991      0.000
 302  293      0.291      0.218      0.000
 304  295      0.320     -1.120      0.000
 306   -2      0.329     -0.272      0.000
 307   -2      0.334     -0.311      0.000
 308   -2      0.337     -0.161      0.000
 309  297      0.338      0.055      0.000
 313  300      0.362     -1.081      0.000
  -1  298      0.365     -1.156      0.000
 315  302      0.376     -0.346      0.000
 316  303      0.383     -0.715      0.000
  -1   -2      0.392     -0.968      0.000
 314   -2      0.395      1.007      0.000
 321  305      0.414     -0.352      0.000
 323  306      0.419      0.261      0.000
 322  307      0.420     -1.024      0.000
 324  309      0.427     -0.798      0.000
 325  310      0.432      0.151      0.000
 327  311      0.442      0.785      0.000
  -1   -2      0.447      0.918      0.000
 317  314      0.447     -1.114      0.000
 328  316      0.451      1.111      0.000
 329  318      0.465     -0.534      0.000
  -1   -2      0.467      0.994      0.000
 331   -2      0.468      0.622      0.000
 336  319      0.478      0.009      0.000
  -1   -2      0.480      0.448      0.000
 332  321      0.488     -0.376      0.000
  -1   -2      0.491     -1.153      0.000
 335  323      0.500      0.661      0.000
 334  324      0.504     -0.719      0.000
  -1  322      0.505      0.492      0.000
 341  325      0.511      0.280      0.000
 337   -2      0.524     -0.563      0.000
 338  328      0.526     -0.022      0.000
  -1  327      0.526     -0.560      0.000
 340  329      0.531      0.807      0.000
 342  330      0.547     -0.840      0.000
 344  331      0.549      0.675      0.000
  -1   -2      0.549     -0.780      0.000
 346  334      0.567     -0.890      0.000
 347  335      0.575     -0.519      0.000
  -1   -2      0.583     -0.368      0.000
  -1  336      0.590      1.160      0.000
 343  355      0.591     -0.186      0.000
 348  337      0.604      0.941      0.000
 349  338      0.605      0.817      0.000
 350  339      0.610     -0.932      0.000
 352  341      0.621     -0.688      0.000
 353  342      0.630     -1.079      0.000
 354  344      0.636      0.448      0.000
 355  345      0.639      0.484      0.000
 357  348      0.642     -0.785      0.000
 356  347      0.642     -0.583      0.000
  -1  343      0.642     -1.166      0.000
 358  349      0.646      0.729      0.000
 360  350      0.667      1.087      0.000
 364  351      0.686      0.853      0.000
 361   -2      0.693     -0.440      0.000
 366  352      0.695      0.773      0.000
 367  353      0.696      0.437      0.000
 370  357      0.709     -0.822      0.000
 368   -2      0.716     -0.170      0.000
 372  359      0.717      1.099      0.000
 375  361      0.739     -0.661      0.000
  -1  362      0.739      1.085      0.000
 379  354      0.745     -0.416      0.000
 378  364      0.745      0.998      0.000
 380  363      0.748     -0.008      0.000
 381  366      0.757     -0.351      0.000
 369  367      0.757     -1.086      0.000
  -1  368      0.770      0.110      0.000
  -1   -2      0.778      0.630      0.000
 387  369      0.787     -0.615      0.000
 386  370      0.788      0.230      0.000
  -1  372      0.802     -0.032      0.000
 389  373      0.803     -0.795      0.000
  -1  375      0.835      0.782      0.000
 392   -2      0.838     -1.116      0.000
 395  378      0.838      0.587      0.000
 396  376      0.838      0.355      0.000
  -1   -2      0.839     -0.859      0.000
 397  377      0.840      0.307      0.000
 398  380      0.843     -0.079      0.000
 399  381      0.848     -1.058      0.000
 383  388      0.849     -1.159      0.000
 402  383      0.861      1.015      0.000
 401  384      0.862     -0.783      0.000
 390   -2      0.864     -0.533      0.000
  -1   -2      0.866     -0.284      0.000
 403  382      0.868      1.161      0.000
 405  387      0.879      0.836      0.000
 406  389      0.892     -0.047      0.000
  -1   -2      0.897     -0.663      0.000
  -1   -2      0.911     -1.004      0.000
 407  391      0.914      1.022      0.000
 409  396      0.915     -0.873      0.000
  -1   -2      0.921      0.575      0.000
 410  392      0.923      1.052      0.000
 411  393      0.926     -0.265      0.000
 412  394      0.928      1.122      0.000
 414   -2      0.930     -0.804      0.000
 413  395      0.934     -1.076      0.000
 415  397      0.935     -0.456      0.000
 416  398      0.938     -0.156      0.000
 417  400      0.947      0.720      0.000
 418  399      0.948      0.144      0.000
 419  401      0.948      0.666      0.000
 420  402      0.952     -0.546      0.000
 421  403      0.953      0.611      0.000
 400   -2      0.958      0.480      0.000
  -1  408      0.964     -0.708      0.000
 422  406      0.965      0.394      0.000
  -1   -2      0.968     -1.132      0.000
  -1  404      0.973      0.272      0.000
 423  409      0.985      0.762      0.000
  -1  412      0.992     -0.323      0.000
 424  411      1.003      0.213      0.000
  -1   -2      1.008     -0.267      0.000
 427  414      1.024     -0.168      0.000
 428  415      1.033      0.497      0.000
 429  416      1.042     -0.610      0.000
 430  417      1.047      0.428      0.000
  -1   -2      1.056      1.099      0.000
  -1  418      1.059     -0.258      0.000
 431  420      1.066     -1.169      0.000
  -1   -2      1.068      0.735      0.000
 432  419      1.071     -0.053      0.000
  -1  421      1.072     -0.351      0.000
 440  423      1.090      0.642      0.000
 435  424      1.103      0.948      0.000
 438  428      1.111     -0.680      0.000
 437  427      1.112      0.816      0.000
 436  426      1.113     -1.009      0.000
 439  429      1.117     -0.027      0.000
 448  430      1.147      0.243      0.000
 444  431      1.147      1.021      0.000
 442  433      1.148     -1.120      0.000
 445  432      1.152      0.565      0.000
 446  434      1.153     -0.818      0.000
  -1  437      1.156     -0.905      0.000
 449  436      1.159      0.080      0.000
 451  439      1.179     -0.589      0.000
  -1  440      1.198      0.182      0.000
 459   -2      1.218      0.882      0.000
  -1   -2      1.223     -0.233      0.000
 455  442      1.226     -0.287      0.000
 456  443      1.243     -0.543      0.000
 457  444      1.247     -0.409      0.000
  -1   -2      1.263     -0.912      0.000
 466  447      1.272      1.007      0.000
 460  450      1.273      0.662      0.000
  -1   -2      1.286     -0.688      0.000
 461   -2      1.290      0.274      0.000
 462  448      1.292     -0.557      0.000
 464   -2      1.302     -0.505      0.000
 463  451      1.305     -1.155      0.000
 458  462      1.310     -0.020      0.000
 465   -2      1.310     -1.025      0.000
 467  452      1.321      0.394      0.000
 468  453      1.323     -0.536      0.000
 469  454      1.336     -0.622      0.000
 470  456      1.373     -1.000      0.000
 471  455      1.374      0.442      0.000
  -1  457      1.382     -0.157      0.000
 472  461      1.398     -1.041      0.000
 473  459      1.399      1.128      0.000
 475  463      1.421      0.168      0.000
 476  465      1.425     -0.392      0.000
 477  464      1.426     -0.283      0.000
 479  467      1.431     -0.522      0.000
 480  468      1.433     -0.457      0.000
 478  466      1.435     -1.170      0.000
 482  469      1.452     -1.123      0.000
 484  470      1.458      0.240      0.000
 485  471      1.466      0.548      0.000
 486   -2      1.471      0.666      0.000
 488  473      1.494     -0.822      0.000
 489  472      1.495      0.628      0.000
 491  474      1.511      0.873      0.000
 492  476      1.517      0.280      0.000
  -1   -2      1.525     -0.246      0.000
 497  478      1.529     -0.312      0.000
 493  477      1.530     -0.083      0.000
 501  479      1.553      0.056      0.000
 502  483      1.555     -1.001      0.000
