507
   0    1     -1.563      0.382      0.000
   1    3     -1.555      0.807      0.000
  -1   -2     -1.549     -0.141      0.000
  -1    2     -1.547     -1.006      0.000
   2    4     -1.545     -0.009      0.000
   6    8     -1.535      0.246      0.000
   5    5     -1.532      0.895      0.000
  -1   -2     -1.527     -1.127      0.000
  10   21     -1.494      0.399      0.000
  11   13     -1.483      0.210      0.000
  -1   19     -1.474     -0.981      0.000
  13   14     -1.474      0.815      0.000
  12   -2     -1.473      0.303      0.000
  14   15     -1.466      0.493      0.000
  15   16     -1.465     -1.122      0.000
  16   18     -1.464      0.615      0.000
  19   17     -1.463      0.963      0.000
  17   20     -1.462      0.262      0.000
  -1   22     -1.443      1.068      0.000
  22   23     -1.436     -0.563      0.000
  23   25     -1.433     -0.474      0.000
  24   24     -1.429      0.150      0.000
  20   -2     -1.401     -0.314      0.000
  29   29     -1.394      0.667      0.000
  28   -2     -1.391     -1.171      0.000
  30   31     -1.390      0.322      0.000
  31   32     -1.385      0.271      0.000
  32   30     -1.383     -0.811      0.000
  33   33     -1.380      0.716      0.000
  34   34     -1.375     -1.124      0.000
  35   35     -1.374      1.068      0.000
  38   38     -1.366     -0.353      0.000
  39   37     -1.365     -0.852      0.000
  40   40     -1.364     -0.994      0.000
  42   41     -1.353     -0.695      0.000
  44   44     -1.348      0.269      0.000
  43   -2     -1.346      0.596      0.000
  46   43     -1.343     -1.095      0.000
  45   45     -1.341     -0.191      0.000
  47   46     -1.336      0.066      0.000
  48   47     -1.332      0.987      0.000
  37   -2     -1.318      0.883      0.000
  53   51     -1.297     -0.788      0.000
  58   42     -1.295      0.660      0.000
  -1   56     -1.295     -1.125      0.000
  55   53     -1.284     -0.949      0.000
  54   54     -1.282     -0.000      0.000
  51   72     -1.276      0.040      0.000
  57   57     -1.264      0.164      0.000
  -1   -2     -1.264     -0.656      0.000
  59   59     -1.260     -0.314      0.000
  -1   58     -1.259      0.309      0.000
  -1   50     -1.249     -1.170      0.000
  -1   -2     -1.249      0.626      0.000
  61   61     -1.249     -0.594      0.000
  60   62     -1.246      0.527      0.000
  62   64     -1.237      0.959      0.000
  63   63     -1.232     -0.797      0.000
  -1   66     -1.228     -0.266      0.000
  64   67     -1.225     -0.498      0.000
  65   65     -1.219     -1.090      0.000
  -1   -2     -1.215     -0.563      0.000
  66   68     -1.212      0.377      0.000
  -1   -2     -1.200     -0.738      0.000
  67   69     -1.194      0.487      0.000
  68   70     -1.184      0.803      0.000
  69   71     -1.182     -0.614      0.000
  -1   81     -1.179      0.601      0.000
  70   73     -1.168     -0.837      0.000
  71   74     -1.164     -0.802      0.000
  74   75     -1.159      1.008      0.000
  73   76     -1.154     -0.110      0.000
  -1   77     -1.145      0.966      0.000
  76   78     -1.143      0.698      0.000
  77   -2     -1.123      0.611      0.000
  78   80     -1.121     -1.029      0.000
  79   82     -1.112      1.012      0.000
  80   83     -1.096     -0.334      0.000
  83   84     -1.075      0.389      0.000
  84   85     -1.071      0.632      0.000
  -1   86     -1.064     -1.170      0.000
  86   88     -1.048     -0.361      0.000
  -1   89     -1.045     -0.465      0.000
  89   90     -1.037     -0.102      0.000
  90   91     -1.033      0.782      0.000
  92   92     -1.028     -0.710      0.000
  93   94     -1.020     -0.276      0.000
  94   93     -1.017     -0.843      0.000
  95   95     -1.007      0.388      0.000
  -1   97     -1.001     -0.905      0.000
  82   -2     -0.993     -1.092      0.000
  99   -2     -0.989      1.010      0.000
  98  100     -0.989      0.469      0.000
 100  101     -0.974      0.897      0.000
 102  102     -0.972     -0.983      0.000
 103  103     -0.968      0.570      0.000
 105  104     -0.957     -0.425      0.000
 104  105     -0.957      0.380      0.000
 106  108     -0.947      0.188      0.000
 109  107     -0.945     -0.923      0.000
 107  109     -0.944     -0.214      0.000
 110  110     -0.933     -0.569      0.000
 111  111     -0.913      0.333      0.000
  -1  112     -0.909      1.075      0.000
 112  113     -0.906     -0.764      0.000
 113  115     -0.901      0.431      0.000
 114  114     -0.900     -1.082      0.000
 115  116     -0.876      0.898      0.000
 116  117     -0.869      0.571      0.000
 117  118     -0.850     -0.737      0.000
 119  119     -0.839     -0.091      0.000
 120  128     -0.832     -1.164      0.000
 122  120     -0.829     -0.611      0.000
 121  121     -0.829      0.693      0.000
 123  122     -0.828     -0.690      0.000
 124  123     -0.821      1.089      0.000
 126  125     -0.816      1.044      0.000
 127  127     -0.801     -0.444      0.000
 128  130     -0.785     -0.139      0.000
 130  129     -0.783     -0.492      0.000
 133  131     -0.779      0.995      0.000
 132  134     -0.776     -0.217      0.000
 141  133     -0.776      0.478      0.000
 134  135     -0.775     -0.799      0.000
 136   -2     -0.765     -0.754      0.000
  -1   -2     -0.757      0.823      0.000
 135   -2     -0.756     -0.050      0.000
 140  138     -0.753      0.890      0.000
 139  139     -0.752     -0.011      0.000
 143  137     -0.749     -0.945      0.000
 142  140     -0.743     -1.011      0.000
 137  143     -0.742      0.326      0.000
 145  142     -0.726      0.398      0.000
  -1   -2     -0.724     -0.034      0.000
 147  144     -0.714      0.987      0.000
 148  145     -0.713     -0.457      0.000
 149  146     -0.695     -0.062      0.000
  -1   -2     -0.695      1.130      0.000
 152  151     -0.680      0.032      0.000
 153  150     -0.678      1.075      0.000
 154  149     -0.677     -1.124      0.000
 162  152     -0.676      0.808      0.000
 155   -2     -0.673     -1.170      0.000
  -1   -2     -0.668      1.020      0.000
 156   -2     -0.665      0.890      0.000
 158  153     -0.657     -1.084      0.000
 159  156     -0.651     -0.158      0.000
 160  154     -0.651     -0.568      0.000
 163  155     -0.648      1.159      0.000
 161  157     -0.647      0.141      0.000
 165  159     -0.633     -1.015      0.000
 166  162     -0.623     -0.112      0.000
  -1  148     -0.618      0.411      0.000
 168  163     -0.605     -0.782      0.000
 169  165     -0.590     -1.125      0.000
 170  166     -0.582      0.910      0.000
 171  167     -0.575     -0.323      0.000
 173  168     -0.564     -0.795      0.000
  -1  169     -0.558     -1.002      0.000
 174  170     -0.556     -0.531      0.000
 175  171     -0.549      1.080      0.000
 176  173     -0.541     -0.296      0.000
 177  172     -0.541     -1.091      0.000
 178  176     -0.512      0.040      0.000
 179  175     -0.510      0.822      0.000
 180  177     -0.504     -0.537      0.000
 181  178     -0.499      0.358      0.000
 182  179     -0.499     -1.166      0.000
 183  180     -0.487      0.701      0.000
  -1   -2     -0.485      1.055      0.000
 184  183     -0.482      0.497      0.000
 185  181     -0.481     -0.254      0.000
 188  184     -0.471      1.003      0.000
 189  186     -0.455     -0.705      0.000
  -1   -2     -0.451      0.036      0.000
 190  187     -0.440     -1.086      0.000
 191  188     -0.438     -0.983      0.000
 192  189     -0.432      0.076      0.000
  -1  190     -0.430     -0.803      0.000
 193  191     -0.428      0.191      0.000
 195  193     -0.413     -0.060      0.000
 196  192     -0.412     -0.878      0.000
 197  194     -0.400     -0.146      0.000
  -1  195     -0.395      1.115      0.000
 198  196     -0.395     -0.313      0.000
 199  198     -0.378      0.467      0.000
 201  197     -0.377     -1.001      0.000
 202  200     -0.374      0.789      0.000
 204  202     -0.369     -0.635      0.000
 205  203     -0.366     -0.550      0.000
 203  201     -0.366      1.111      0.000
  -1   -2     -0.362     -1.125      0.000
  -1  204     -0.353      0.667      0.000
 206  205     -0.351     -0.711      0.000
  -1   -2     -0.347     -0.787      0.000
 207  206     -0.344      1.039      0.000
 208  208     -0.341      0.338      0.000
  -1  207     -0.340      0.767      0.000
 211   -2     -0.339      0.956      0.000
 210  209     -0.332     -0.206      0.000
 212  210     -0.325      0.922      0.000
 213  212     -0.318     -0.291      0.000
  -1   -2     -0.317      0.708      0.000
 215  214     -0.302     -0.981      0.000
 214  215     -0.298     -0.457      0.000
 216  216     -0.291     -1.034      0.000
 221  213     -0.290     -1.171      0.000
 217  217     -0.288     -0.620      0.000
 218  218     -0.278     -0.803      0.000
 219  220     -0.276      0.847      0.000
 220  219     -0.274     -1.122      0.000
  -1   -2     -0.266      0.568      0.000
 222  221     -0.247      0.316      0.000
 225  222     -0.231     -0.924      0.000
 227  224     -0.222     -1.096      0.000
 228  225     -0.221     -0.733      0.000
  -1   -2     -0.219      0.802      0.000
 229  226     -0.215      0.440      0.000
 230  228     -0.210     -0.446      0.000
  -1  231     -0.183      0.570      0.000
 232  230     -0.181      0.761      0.000
 233  233     -0.151     -0.004      0.000
  -1  234     -0.149      0.408      0.000
 235   -2     -0.144     -1.119      0.000
 236  236     -0.140     -0.842      0.000
 237   -2     -0.132     -0.150      0.000
 238  237     -0.132     -1.085      0.000
  -1   -2     -0.132     -0.301      0.000
 240  238     -0.128     -0.072      0.000
 241  239     -0.118     -0.720      0.000
 244  241     -0.098      0.517      0.000
 243  243     -0.097     -0.217      0.000
 245  242     -0.095     -0.894      0.000
 247  244     -0.091      0.667      0.000
 248   -2     -0.084     -0.015      0.000
 249  246     -0.076     -0.107      0.000
 251  247     -0.069      0.348      0.000
  -1  249     -0.058     -0.696      0.000
 252  248     -0.058      0.749      0.000
  -1   -2     -0.050     -0.765      0.000
 254  250     -0.049      0.234      0.000
 255  251     -0.045     -0.191      0.000
 256  252     -0.034     -0.367      0.000
 257  253     -0.033      0.372      0.000
 258  254     -0.032      0.633      0.000
 260   -2     -0.007     -0.470      0.000
 261  257     -0.000      0.120      0.000
  -1  258      0.003     -1.163      0.000
 263   -2      0.006     -0.570      0.000
 262   -2      0.009      0.795      0.000
 264  259      0.009     -0.531      0.000
 265  260      0.011      1.048      0.000
 278   -2      0.026     -1.116      0.000
 269   -2      0.039      0.393      0.000
 273  264      0.044      0.618      0.000
  -1   -2      0.044     -0.981      0.000
 271  263      0.045      0.034      0.000
 272   -2      0.050     -0.267      0.000
 276  266      0.060      0.971      0.000
 274  265      0.060      0.354      0.000
 283  262      0.066     -1.088      0.000
 277  269      0.069      0.704      0.000
 279  270      0.077     -0.988      0.000
  -1   -2      0.077      0.855      0.000
  -1   -2      0.090     -0.235      0.000
 281  271      0.101     -0.779      0.000
 282  272      0.104      0.149      0.000
 284  273      0.112      0.483      0.000
 285  274      0.114      0.100      0.000
  -1   -2      0.126     -0.078      0.000
 286  277      0.131      0.910      0.000
  -1  280      0.143      0.730      0.000
 287  281      0.145      1.115      0.000
 288  282      0.148      0.200      0.000
  -1   -2      0.152      0.027      0.000
 289  283      0.153     -0.654      0.000
 292  275      0.172     -0.117      0.000
 293  286      0.174     -0.748      0.000
 294  285      0.174      0.387      0.000
 291  287      0.179     -0.298      0.000
 296  289      0.203      0.599      0.000
 290   -2      0.204     -0.505      0.000
  -1   -2      0.207      1.114      0.000
 297  290      0.210      0.012      0.000
 298  291      0.216     -1.079      0.000
  -1  292      0.220     -0.341      0.000
 301  294      0.234     -0.951      0.000
 300  293      0.234     -0.182      0.000
 303  296      0.248      0.128      0.000
 302  295      0.249      1.024      0.000
 304  297      0.249     -0.710      0.000
 305  298      0.254     -0.418      0.000
  -1   -2      0.256      0.779      0.000
 295  304      0.263     -1.170      0.000
 306  299      0.263      0.253      0.000
  -1   -2      0.273     -0.903      0.000
 307  301      0.278      0.486      0.000
  -1   -2      0.297      0.755      0.000
  -1   -2      0.297     -0.169      0.000
 314  303      0.303      0.045      0.000
 315  306      0.307     -0.229      0.000
  -1   -2      0.310      0.368      0.000
 313   -2      0.312     -0.426      0.000
 317  307      0.317      1.082      0.000
  -1   -2      0.318      0.190      0.000
 320  308      0.349      0.705      0.000
 323  309      0.355      0.047      0.000
 324  311      0.360      0.242      0.000
 325  312      0.361      0.311      0.000
 326  314      0.370     -0.452      0.000
 327  313      0.372     -0.864      0.000
 328  315      0.373      0.172      0.000
 330  316      0.387     -0.508      0.000
 331  310      0.389     -1.032      0.000
 332   -2      0.397     -1.121      0.000
 333  317      0.402     -0.013      0.000
 335   -2      0.416     -0.716      0.000
 336  320      0.417     -0.938      0.000
  -1  324      0.431     -0.148      0.000
 338  321      0.432     -0.638      0.000
 340  325      0.433      1.160      0.000
 342  326      0.439      0.335      0.000
 343  323      0.439      0.787      0.000
 344  327      0.441     -0.470      0.000
  -1  329      0.452      0.725      0.000
 347  330      0.453     -0.043      0.000
 346  331      0.454     -1.164      0.000
  -1   -2      0.475     -0.391      0.000
 348  332      0.476      0.956      0.000
 349  333      0.478      0.815      0.000
 352  336      0.483     -0.665      0.000
 351  335      0.484     -0.839      0.000
 353  337      0.503     -0.996      0.000
  -1   -2      0.508      1.105      0.000
 354  339      0.524      0.896      0.000
 355  340      0.530     -0.050      0.000
 356  341      0.533     -0.609      0.000
 357   -2      0.534     -0.950      0.000
 358  342      0.539      0.537      0.000
 359  343      0.543      0.578      0.000
 361  345      0.544      0.958      0.000
 362  346      0.559      0.350      0.000
  -1  344      0.559     -0.997      0.000
 363  347      0.562      1.091      0.000
 365  348      0.570      0.860      0.000
 366  350      0.588      0.519      0.000
 367  351      0.590     -0.776      0.000
 370  352      0.608     -0.705      0.000
 368  354      0.608     -1.026      0.000
 369   -2      0.615      1.067      0.000
 372  355      0.620      0.900      0.000
 371  356      0.621     -0.866      0.000
 373  357      0.624      0.986      0.000
 374  358      0.630     -0.498      0.000
  -1  359      0.639     -0.005      0.000
 375  360      0.647     -1.165      0.000
 376  361      0.665      0.274      0.000
 377  364      0.674     -0.069      0.000
  -1   -2      0.676     -0.467      0.000
 378  362      0.681     -0.390      0.000
  -1  363      0.684     -1.053      0.000
 380  366      0.693     -0.881      0.000
 381  367      0.700     -0.718      0.000
 384   -2      0.708      0.412      0.000
 383  368      0.708      0.359      0.000
 382  369      0.710      1.120      0.000
 385  371      0.723     -0.911      0.000
 386  370      0.723      0.673      0.000
 388   -2      0.726     -0.077      0.000
  -1   -2      0.729     -0.477      0.000
 389   -2      0.734     -0.210      0.000
 390  374      0.739     -0.656      0.000
 391  375      0.747      0.880      0.000
  -1   -2      0.766     -1.149      0.000
 394  376      0.767     -0.037      0.000
 393   -2      0.769      0.951      0.000
 395   -2      0.775      0.103      0.000
 397  377      0.786     -1.038      0.000
 398  378      0.802      0.931      0.000
  -1  379      0.804     -0.205      0.000
 399  381      0.813      0.173      0.000
  -1   -2      0.819      0.540      0.000
 402  382      0.822      0.127      0.000
 401  384      0.822     -0.884      0.000
 403   -2      0.822     -0.149      0.000
 406  383      0.822      0.445      0.000
 412  387      0.831     -1.141      0.000
 407  388      0.832      0.680      0.000
  -1  390      0.835     -0.618      0.000
 404  398      0.836     -0.274      0.000
 410  391      0.838      0.733      0.000
 409  392      0.839     -0.805      0.000
  -1   -2      0.840     -0.199      0.000
  -1   -2      0.843      0.794      0.000
  -1  396      0.855     -0.848      0.000
  -1  389      0.856     -1.134      0.000
 416  394      0.856      0.246      0.000
 411  395      0.857     -1.071      0.000
 415  397      0.859     -0.459      0.000
 420  400      0.874      1.104      0.000
 417   -2      0.887      0.827      0.000
  -1  405      0.888      1.150      0.000
 419  402      0.889      0.547      0.000
 418  403      0.890     -0.545      0.000
  -1  408      0.898     -0.876      0.000
 422  410      0.902     -1.006      0.000
 424  409      0.903     -0.941      0.000
 423  411      0.903     -0.801      0.000
 421  401      0.904     -0.249      0.000
 425  407      0.904     -0.150      0.000
  -1  406      0.905      0.467      0.000
 428  412      0.931     -1.000      0.000
 427  414      0.935     -0.864      0.000
 432  413      0.938     -0.027      0.000
  -1  415      0.939     -1.078      0.000
 434  416      0.949     -0.232      0.000
 429  424      0.951     -0.732      0.000
 433   -2      0.952      0.727      0.000
 435  417      0.959      0.782      0.000
 436  418      0.972      0.688      0.000
  -1   -2      0.972     -0.765      0.000
 439  419      0.981      0.003      0.000
 440  428      0.983     -0.325      0.000
 438  420      0.985     -1.114      0.000
 441  422      0.987     -0.586      0.000
 444  426      1.001      0.730      0.000
 442  425      1.002      0.269      0.000
 446  427      1.015      0.192      0.000
 447  431      1.017      0.848      0.000
 448  430      1.021      0.107      0.000
 449  433      1.033     -0.678      0.000
  -1   -2      1.037      1.131      0.000
  -1  434      1.065     -0.893      0.000
  -1   -2      1.067     -0.327      0.000
 450  435      1.067     -0.628      0.000
  -1   -2      1.071     -1.169      0.000
  -1   -2      1.083      0.711      0.000
  -1  436      1.084     -1.150      0.000
 451  437      1.092     -0.556      0.000
 452  438      1.100      1.035      0.000
 453  440      1.110     -0.948      0.000
 454  442      1.122     -0.526      0.000
  -1  441      1.124     -0.232      0.000
 456  443      1.133     -0.748      0.000
  -1   -2      1.135     -0.051      0.000
  -1   -2      1.137     -0.798      0.000
 457  447      1.141     -0.833      0.000
 461   -2      1.155      1.025      0.000
 462  450      1.161     -1.046      0.000
 464  451      1.166     -0.340      0.000
 463  446      1.168      0.557      0.000
 458   -2      1.176     -1.161      0.000
 459   -2      1.181      0.219      0.000
 465  452      1.181      0.391      0.000
 466  454      1.184     -0.464      0.000
  -1  444      1.200     -0.126      0.000
  -1   -2      1.211     -0.145      0.000
 467  457      1.213      0.985      0.000
 468   -2      1.223     -0.070      0.000
  -1  461      1.236     -0.465      0.000
  -1  460      1.237      0.912      0.000
 469  459      1.241      0.424      0.000
 470  462      1.264     -0.438      0.000
 479  456      1.289     -1.168      0.000
 474  464      1.291     -0.514      0.000
 475  465      1.301      0.175      0.000
 477  468      1.342     -1.015      0.000
 478  469      1.344      0.496      0.000
 481  471      1.348     -0.194      0.000
 480  470      1.348      0.236      0.000
 482  473      1.355      1.066      0.000
 483  472      1.355     -0.290      0.000
 484  474      1.363     -0.869      0.000
 485  476      1.376     -0.406      0.000
 488  475      1.377     -0.344      0.000
 486  478      1.380     -0.927      0.000
 487  477      1.382      0.555      0.000
 490  481      1.405     -0.872      0.000
 489   -2      1.405      0.619      0.000
 492  482      1.413      0.266      0.000
 491  493      1.415     -1.159      0.000
 493  483      1.422      0.781      0.000
  -1   -2      1.444     -0.975      0.000
  -1   -2      1.445     -0.628      0.000
 494  484      1.447     -0.388      0.000
 496  485      1.451     -0.999      0.000
  -1  486      1.452      0.971      0.000
 498  487      1.456      0.406      0.000
 497  488      1.457     -0.027      0.000
 499  489      1.461     -0.155      0.000
 495  496      1.465     -1.087      0.000
 500  491      1.466     -0.671      0.000
 512  479      1.470     -0.206      0.000
 502  492      1.474      0.087      0.000
 503  495      1.491      0.659      0.000
 504  497      1.495      0.545      0.000
  -1   -2      1.500     -0.665      0.000
  -1  498      1.504     -0.990      0.000
 505  501      1.509      1.034      0.000
  -1  499      1.510      1.153      0.000
 506  500      1.511      0.358      0.000
 507  505      1.535     -0.531      0.000
 510  506      1.544     -0.836      0.000
 511  507      1.544     -0.952      0.000
 513   -2      1.544      0.423      0.000
 514  508      1.547      1.073      0.000
 515  509      1.552     -0.727      0.000
