489
   0    0     -1.567     -0.877      0.000
  -1    1     -1.565      0.326      0.000
  -1    3     -1.554      0.618      0.000
   1    2     -1.553      0.484      0.000
   2    7     -1.539      0.174      0.000
   4    6     -1.536      0.761      0.000
   3    8     -1.524     -0.359      0.000
  -1   12     -1.511      0.569      0.000
   7   10     -1.508      0.399      0.000
   9   11     -1.505      0.978      0.000
  12   -2     -1.480     -0.602      0.000
  11   13     -1.479     -0.423      0.000
  10   15     -1.479      0.329      0.000
  14   16     -1.467      0.065      0.000
  15   17     -1.465      0.810      0.000
  16   18     -1.462     -0.708      0.000
  17   19     -1.460      1.127      0.000
  18   20     -1.443     -0.462      0.000
  19   21     -1.442      0.862      0.000
  20   22     -1.440      0.730      0.000
  -1   -2     -1.429      0.693      0.000
  21   23     -1.421     -0.020      0.000
  22   -2     -1.419     -0.813      0.000
  23   25     -1.411      0.187      0.000
  24   30     -1.411     -1.087      0.000
  -1   26     -1.410      0.960      0.000
  -1   -2     -1.395     -0.565      0.000
  25   28     -1.389     -0.618      0.000
  26   29     -1.389     -1.159      0.000
  27   31     -1.380      0.779      0.000
  28   -2     -1.365      0.623      0.000
  -1   34     -1.365      0.443      0.000
  30   46     -1.364     -0.760      0.000
  29   33     -1.363     -0.397      0.000
  31   32     -1.361     -0.957      0.000
  33   35     -1.351      0.740      0.000
  32   38     -1.334     -0.021      0.000
  35   37     -1.333      1.016      0.000
  34   36     -1.332     -0.991      0.000
  -1   -2     -1.321     -0.497      0.000
  -1   -2     -1.302     -0.442      0.000
  37   -2     -1.291     -0.904      0.000
  38   42     -1.286     -0.594      0.000
  39   43     -1.285     -0.701      0.000
  -1   58     -1.281     -0.300      0.000
  42   45     -1.280     -1.095      0.000
  36   -2     -1.277     -0.123      0.000
  43   44     -1.274     -0.932      0.000
  44   48     -1.264     -0.653      0.000
  47   49     -1.244      1.075      0.000
  45   50     -1.241      0.439      0.000
  46   51     -1.238      0.905      0.000
  49   54     -1.235      0.785      0.000
  48   52     -1.235      0.689      0.000
  51   53     -1.232     -1.077      0.000
  52   55     -1.223     -0.710      0.000
  53   56     -1.222     -0.913      0.000
  55   59     -1.208     -0.122      0.000
  56   60     -1.190     -0.615      0.000
  -1   -2     -1.187     -1.162      0.000
  57   61     -1.186      0.699      0.000
  58   62     -1.180      0.428      0.000
  61   63     -1.177     -0.407      0.000
  62   64     -1.164     -0.310      0.000
  63   -2     -1.162      1.065      0.000
  64   65     -1.159      1.103      0.000
  65   66     -1.156     -0.900      0.000
  67   67     -1.155     -0.939      0.000
  66   68     -1.151      0.509      0.000
  68   69     -1.142      0.199      0.000
  70   71     -1.136      0.413      0.000
  69   70     -1.126     -0.185      0.000
  73   73     -1.113      1.098      0.000
  71   72     -1.112      0.613      0.000
  72   78     -1.110     -0.238      0.000
  74   77     -1.110      0.848      0.000
  76   75     -1.108     -1.078      0.000
  75   79     -1.101      0.356      0.000
  78   80     -1.071     -0.460      0.000
  80   76     -1.068     -1.169      0.000
  83   81     -1.060     -1.113      0.000
  82   84     -1.058     -0.773      0.000
  84   86     -1.043      0.318      0.000
  87   87     -1.026      0.945      0.000
  -1   -2     -1.023      0.801      0.000
  -1   91     -1.015     -0.606      0.000
  89   93     -1.014      0.586      0.000
  91   92     -1.011     -0.910      0.000
  92   94     -1.001      1.063      0.000
  94   96     -0.969     -0.137      0.000
  -1   98     -0.960     -0.055      0.000
  95   99     -0.955     -0.010      0.000
  -1   -2     -0.951      0.481      0.000
  -1  100     -0.951      0.392      0.000
  96  101     -0.950     -0.215      0.000
  97   97     -0.949      0.702      0.000
  -1  102     -0.939     -0.919      0.000
  -1   -2     -0.934      0.257      0.000
  98  106     -0.929      0.325      0.000
  99  104     -0.928     -0.978      0.000
 101   -2     -0.927      0.440      0.000
 100  105     -0.926      1.150      0.000
  -1  107     -0.923     -0.449      0.000
 104  109     -0.912      0.396      0.000
 105  110     -0.908     -0.622      0.000
 106  111     -0.906      1.105      0.000
  -1  113     -0.895      0.738      0.000
 107  114     -0.893     -0.760      0.000
 108  115     -0.889     -0.054      0.000
 109  116     -0.884     -0.707      0.000
 110  108     -0.881     -1.162      0.000
 111  117     -0.878      0.039      0.000
 112   -2     -0.875      0.379      0.000
 113  119     -0.850      0.140      0.000
 114  118     -0.849      0.814      0.000
 115  121     -0.839     -0.441      0.000
 117  122     -0.832      1.048      0.000
 116  123     -0.832     -0.144      0.000
 120  124     -0.822      1.094      0.000
 121  126     -0.822     -0.914      0.000
 119  125     -0.821      0.880      0.000
 123  127     -0.810     -0.755      0.000
 122  128     -0.809      0.989      0.000
  -1  129     -0.808     -0.805      0.000
 124  130     -0.807     -0.096      0.000
  -1  131     -0.787      0.069      0.000
 126  132     -0.773      0.779      0.000
 129  133     -0.756      0.960      0.000
 130  135     -0.753     -0.538      0.000
 131  139     -0.743     -0.946      0.000
  -1   -2     -0.739      0.852      0.000
 132  141     -0.729     -0.288      0.000
 134  140     -0.726     -0.677      0.000
 135  142     -0.717     -0.633      0.000
 137  143     -0.716     -1.010      0.000
 136  144     -0.715     -0.547      0.000
 140  145     -0.702     -1.169      0.000
 139  147     -0.698     -0.260      0.000
 142  146     -0.698      1.096      0.000
 141  149     -0.698      0.050      0.000
 144  148     -0.695      1.037      0.000
  -1  150     -0.690     -0.213      0.000
 145  151     -0.686     -0.407      0.000
 146   -2     -0.686     -1.138      0.000
 143  156     -0.680      0.335      0.000
 148  153     -0.668     -0.482      0.000
 151  154     -0.660     -0.886      0.000
 149  155     -0.655     -0.740      0.000
 152  157     -0.651      0.852      0.000
 153  160     -0.641     -0.212      0.000
 154  161     -0.641      0.453      0.000
 155  159     -0.639      1.111      0.000
 157  162     -0.632      1.038      0.000
 156  163     -0.632     -0.021      0.000
 158  165     -0.620     -1.056      0.000
  -1  166     -0.618     -0.981      0.000
 161  167     -0.615     -0.741      0.000
 160  168     -0.614     -0.478      0.000
 162  169     -0.609      0.081      0.000
 164  170     -0.604      0.636      0.000
 163  171     -0.604      0.180      0.000
 165  172     -0.596     -1.093      0.000
 166  173     -0.581     -0.037      0.000
 167  174     -0.572      1.001      0.000
 168  175     -0.560     -0.109      0.000
 169   -2     -0.544     -1.168      0.000
  -1   -2     -0.543     -1.088      0.000
  -1  177     -0.539     -0.004      0.000
 170  176     -0.538     -0.252      0.000
 172  178     -0.528      1.120      0.000
 171  179     -0.525      0.410      0.000
 173  180     -0.523     -0.628      0.000
 174  181     -0.516      0.908      0.000
 175  184     -0.493      0.298      0.000
 176  185     -0.485     -0.160      0.000
  -1   -2     -0.484      0.828      0.000
 180  182     -0.471     -1.157      0.000
 178  186     -0.467     -0.458      0.000
 179   -2     -0.461     -1.113      0.000
  -1  188     -0.454     -0.292      0.000
 182  187     -0.453      0.677      0.000
 183  190     -0.449     -0.545      0.000
 181  193     -0.449     -0.216      0.000
 185  191     -0.449     -0.774      0.000
 186  192     -0.447     -0.884      0.000
  -1   -2     -0.437     -0.130      0.000
 177   -2     -0.425      0.463      0.000
 189  194     -0.423     -0.601      0.000
  -1   -2     -0.423      0.608      0.000
 188  195     -0.420      1.136      0.000
 191  198     -0.393      0.976      0.000
 192  199     -0.386     -0.882      0.000
 193  200     -0.386      0.790      0.000
 194  201     -0.381      0.899      0.000
 195  202     -0.378      0.271      0.000
 196  218     -0.375      0.480      0.000
 198  203     -0.374     -0.506      0.000
 199  204     -0.358     -1.135      0.000
 200  206     -0.348     -0.155      0.000
 201  205     -0.346      0.713      0.000
  -1   -2     -0.333     -0.412      0.000
 203  207     -0.329      0.369      0.000
 204   -2     -0.325     -0.664      0.000
 205   -2     -0.322     -0.751      0.000
 206   -2     -0.317     -0.839      0.000
 207  209     -0.308     -0.337      0.000
 210  212     -0.296     -0.887      0.000
  -1  213     -0.294     -1.170      0.000
 212  211     -0.294      0.678      0.000
 215  216     -0.279     -0.587      0.000
  -1   -2     -0.277      0.763      0.000
  -1   -2     -0.267      0.472      0.000
 216  219     -0.260     -0.969      0.000
 217  208     -0.255     -0.766      0.000
 220  217     -0.253      0.030      0.000
 218  220     -0.250      0.623      0.000
 221  221     -0.241     -1.087      0.000
 224  225     -0.214     -0.208      0.000
 238   -2     -0.181      1.110      0.000
 227  229     -0.181     -1.077      0.000
 228  230     -0.178      1.154      0.000
 225  231     -0.178     -0.664      0.000
  -1  235     -0.176     -0.552      0.000
 229  232     -0.175      0.334      0.000
 230  234     -0.169      0.419      0.000
 231  236     -0.160     -0.057      0.000
 232  238     -0.151      0.536      0.000
 233  239     -0.146      0.288      0.000
 234   -2     -0.140     -0.573      0.000
 236  240     -0.132     -0.899      0.000
 237  241     -0.125      0.203      0.000
  -1   -2     -0.113      0.750      0.000
 247  233     -0.107     -1.162      0.000
 243   -2     -0.102      0.597      0.000
 235  243     -0.100     -0.262      0.000
 245  244     -0.098      0.304      0.000
  -1  242     -0.096     -0.521      0.000
 246   -2     -0.088      0.557      0.000
 248  246     -0.084      1.000      0.000
 249  247     -0.081      0.505      0.000
  -1  249     -0.078     -0.958      0.000
 251  251     -0.068      1.112      0.000
 252  252     -0.062     -0.337      0.000
  -1   -2     -0.056     -0.994      0.000
  -1  253     -0.048      0.814      0.000
  -1   -2     -0.039     -1.138      0.000
  -1   -2     -0.035     -0.384      0.000
 253  255     -0.031      1.068      0.000
 258  248     -0.030     -0.106      0.000
 254  256     -0.022      0.272      0.000
 255  257     -0.020      0.478      0.000
 259   -2     -0.004      0.050      0.000
 260  261      0.009      0.840      0.000
 261  263      0.011      0.734      0.000
 262  264      0.018      0.298      0.000
 263  265      0.020      0.489      0.000
 264  266      0.033     -0.030      0.000
 267  267      0.059      0.544      0.000
 269  268      0.060      0.770      0.000
  -1   -2      0.064     -0.879      0.000
 271  270      0.066     -0.934      0.000
 272  272      0.072     -0.779      0.000
  -1  280      0.077     -1.151      0.000
 273  273      0.079      0.137      0.000
 257  277      0.092      0.100      0.000
 276   -2      0.092     -0.027      0.000
 278  278      0.097      0.387      0.000
 282   -2      0.140     -0.954      0.000
 284  281      0.140     -0.387      0.000
 283  282      0.141      0.722      0.000
 285  283      0.146     -0.484      0.000
 286  284      0.150      0.576      0.000
 287  285      0.157     -1.089      0.000
 288  287      0.165      0.896      0.000
 290  286      0.173     -0.562      0.000
 291  288      0.176      0.311      0.000
 289  290      0.199     -0.364      0.000
 292  291      0.201     -1.071      0.000
 294  292      0.213     -0.872      0.000
 296  293      0.215      1.106      0.000
 280   -2      0.217     -1.169      0.000
  -1   -2      0.219      0.826      0.000
 297  294      0.220      0.035      0.000
  -1   -2      0.224      0.913      0.000
 298   -2      0.226     -0.992      0.000
 299  295      0.228     -0.747      0.000
 300  296      0.230      0.472      0.000
 301  298      0.246     -0.112      0.000
 302  300      0.270     -0.295      0.000
 303   -2      0.278      0.823      0.000
 304  302      0.285      1.038      0.000
  -1   -2      0.287     -0.717      0.000
 305  303      0.290      0.966      0.000
 307  304      0.296      0.213      0.000
 306  305      0.296      0.611      0.000
  -1  301      0.313      0.736      0.000
 310  308      0.330      0.501      0.000
 311  311      0.342     -0.314      0.000
 313  312      0.344      0.056      0.000
 314  314      0.349     -0.496      0.000
 315  313      0.351      0.881      0.000
  -1  309      0.353     -1.171      0.000
 316  315      0.361     -1.060      0.000
 321  317      0.380     -0.334      0.000
 319   -2      0.382     -1.127      0.000
 320  316      0.387     -0.697      0.000
  -1   -2      0.391     -0.933      0.000
 322  332      0.400      0.986      0.000
  -1  319      0.412      0.055      0.000
 323  321      0.419     -1.004      0.000
 325  320      0.419     -0.341      0.000
 326  322      0.426     -0.388      0.000
 328  323      0.429      0.254      0.000
 327  324      0.430     -0.779      0.000
 329  325      0.441      0.149      0.000
 330  326      0.446     -0.576      0.000
 331  329      0.450      0.764      0.000
  -1   -2      0.450     -0.892      0.000
 332  330      0.456      1.088      0.000
 333   -2      0.467     -0.697      0.000
 334  331      0.471     -0.518      0.000
 337  334      0.479      0.007      0.000
 335   -2      0.480     -1.011      0.000
  -1  340      0.491      0.443      0.000
 339  335      0.494     -0.366      0.000
 340   -2      0.496     -0.101      0.000
 342  336      0.509     -0.706      0.000
 341   -2      0.514      0.640      0.000
 344  338      0.516      0.275      0.000
 345  339      0.529      0.585      0.000
 354   -2      0.529     -0.547      0.000
 348  343      0.536     -0.021      0.000
 349  344      0.538      0.789      0.000
  -1   -2      0.547     -0.336      0.000
 350  345      0.549     -0.826      0.000
 352  346      0.559      0.663      0.000
 353  347      0.568     -0.878      0.000
  -1  349      0.583     -0.507      0.000
  -1  350      0.592     -1.163      0.000
  -1   -2      0.601      0.739      0.000
 355  351      0.609     -0.915      0.000
 356  353      0.612      0.923      0.000
 357  354      0.615      0.797      0.000
 358  352      0.617     -1.165      0.000
 363  355      0.624     -0.676      0.000
 360  357      0.629     -1.069      0.000
 361  356      0.629     -0.035      0.000
 364  358      0.648      0.439      0.000
 362  359      0.649     -0.770      0.000
 366  360      0.653      0.474      0.000
  -1  361      0.653     -0.619      0.000
 367   -2      0.656      0.715      0.000
  -1   -2      0.665      0.276      0.000
  -1   -2      0.672      1.070      0.000
 368   -2      0.682     -0.978      0.000
  -1  363      0.694      0.286      0.000
 369  364      0.697      0.836      0.000
 370  365      0.700     -0.435      0.000
 371  366      0.706      0.758      0.000
 374  367      0.711      0.426      0.000
 375  368      0.717     -0.804      0.000
 365   -2      0.721     -0.241      0.000
  -1  371      0.732     -1.037      0.000
 379  372      0.733     -0.606      0.000
 381   -2      0.742     -0.655      0.000
 378  378      0.748      1.079      0.000
 382  374      0.752      0.981      0.000
  -1   -2      0.755     -0.417      0.000
 380  373      0.757     -0.854      0.000
 373  379      0.760     -1.081      0.000
 384  377      0.768     -0.349      0.000
 386   -2      0.780      0.935      0.000
 385   -2      0.783     -1.035      0.000
 387  380      0.794     -0.611      0.000
  -1   -2      0.806     -0.039      0.000
 389  382      0.806      0.224      0.000
 390  385      0.822      0.261      0.000
 392  386      0.835     -1.114      0.000
 393  387      0.841     -0.858      0.000
 394  388      0.848      0.837      0.000
 395  390      0.855      0.573      0.000
  -1  392      0.855     -0.082      0.000
 396  391      0.857      0.345      0.000
 397  393      0.858      0.300      0.000
 398  394      0.865      1.152      0.000
 388  408      0.865     -0.780      0.000
  -1   -2      0.870      0.471      0.000
  -1   -2      0.881     -0.235      0.000
 400  397      0.891      0.824      0.000
 402  398      0.899     -0.598      0.000
 405  400      0.901     -0.041      0.000
 404  401      0.903     -0.663      0.000
 406  404      0.921      1.017      0.000
 409  405      0.926      0.075      0.000
 408  407      0.932      1.111      0.000
 410   -2      0.933     -0.805      0.000
 407  409      0.939     -1.077      0.000
 411  411      0.946     -0.457      0.000
 425  410      0.948     -0.272      0.000
 413   -2      0.955     -0.157      0.000
 414  412      0.959     -0.546      0.000
 415   -2      0.962      0.710      0.000
  -1  413      0.965      0.142      0.000
 403   -2      0.967     -1.134      0.000
 416  414      0.969      0.653      0.000
 423  415      0.970      0.605      0.000
  -1  416      0.977     -1.153      0.000
 422   -2      0.982      0.099      0.000
 419  418      0.985      0.387      0.000
  -1   -2      0.990      0.438      0.000
  -1  417      0.991      0.267      0.000
 420  420      1.000      0.754      0.000
  -1   -2      1.013     -0.234      0.000
  -1   -2      1.020     -0.848      0.000
 424  422      1.026      0.207      0.000
  -1  423      1.026     -0.268      0.000
  -1  425      1.035     -0.172      0.000
 426  427      1.050     -0.616      0.000
 427  426      1.050      0.492      0.000
 428  428      1.057     -0.912      0.000
 429   -2      1.061      0.540      0.000
 433  429      1.069      0.425      0.000
 434   -2      1.073     -0.264      0.000
 432  432      1.077     -0.732      0.000
  -1  433      1.084      0.729      0.000
 435  437      1.110     -1.019      0.000
 436  445      1.112      1.020      0.000
 437  438      1.112      0.943      0.000
 439  440      1.118     -0.688      0.000
 440  439      1.118     -0.039      0.000
 441  441      1.123      0.814      0.000
 442  442      1.134      0.696      0.000
 445   -2      1.153      1.018      0.000
 448  447      1.161      0.568      0.000
 446  451      1.167     -0.831      0.000
 450  446      1.172      0.241      0.000
 451  449      1.180      0.077      0.000
 452  450      1.186     -0.599      0.000
 453  453      1.221      0.962      0.000
  -1  454      1.232      0.874      0.000
  -1   -2      1.236     -0.983      0.000
 455  456      1.251     -0.555      0.000
 456  457      1.257     -0.420      0.000
 457  458      1.266     -0.629      0.000
 458   -2      1.269      0.249      0.000
  -1  464      1.276     -1.109      0.000
 459  460      1.278      1.010      0.000
 461   -2      1.296     -0.572      0.000
 465   -2      1.302     -1.164      0.000
 462  469      1.307      0.275      0.000
 460   -2      1.313      0.569      0.000
  -1  462      1.315     -0.191      0.000
 466  465      1.331     -0.550      0.000
 468  466      1.341      0.401      0.000
 467  467      1.341     -0.638      0.000
  -1  459      1.348     -0.066      0.000
 470   -2      1.373     -1.017      0.000
 471  468      1.385     -1.078      0.000
 474  471      1.393      0.446      0.000
  -1   -2      1.393     -1.172      0.000
 472  472      1.394     -0.166      0.000
 475  473      1.404      1.138      0.000
 476  470      1.414     -1.030      0.000
 481  476      1.432      0.073      0.000
 480  475      1.433      0.162      0.000
 478  474      1.433     -0.404      0.000
 479  478      1.435     -0.542      0.000
 477  477      1.436     -0.293      0.000
 482  479      1.441     -0.475      0.000
 484   -2      1.454     -1.165      0.000
  -1   -2      1.471     -0.446      0.000
 485  484      1.474      0.667      0.000
 486  482      1.476      0.238      0.000
 487  483      1.479      0.554      0.000
 488  487      1.496     -0.844      0.000
  -1  486      1.497     -0.806      0.000
  -1  481      1.509     -1.169      0.000
  -1  488      1.512      0.637      0.000
 491  489      1.522      0.887      0.000
 492  490      1.530      0.283      0.000
  -1  491      1.532     -0.258      0.000
 493  492      1.532     -0.329      0.000
 494  493      1.537     -0.088      0.000
  -1   -2      1.543     -1.170      0.000
 495   -2      1.552     -0.297      0.000
  -1  496      1.556     -1.132      0.000
 497  498      1.556     -1.020      0.000
 498  497      1.556     -0.712      0.000
 499  499      1.562      0.050      0.000
