504
  -1    0     -1.571      0.507      0.000
   1    1     -1.567      0.646      0.000
   2    2     -1.562     -0.910      0.000
  -1   -2     -1.560      0.966      0.000
   3    3     -1.555      0.179      0.000
   4    4     -1.549     -0.393      0.000
   5    5     -1.545      0.794      0.000
  -1   -2     -1.541      1.104      0.000
  -1   13     -1.533     -0.593      0.000
   6    6     -1.528      0.416      0.000
   7    8     -1.519      0.595      0.000
  -1   -2     -1.508      1.014      0.000
  10   10     -1.501      0.341      0.000
  -1   12     -1.492      0.639      0.000
  11   11     -1.491     -0.448      0.000
  12   14     -1.478      0.059      0.000
  13   15     -1.473      0.838      0.000
  14   16     -1.463     -0.736      0.000
  16   17     -1.455      1.155      0.000
  15   18     -1.455     -0.487      0.000
  17   19     -1.454      0.758      0.000
  18   -2     -1.449      0.888      0.000
  -1   22     -1.441      0.022      0.000
  21   -2     -1.436      0.653      0.000
  22   23     -1.434      0.193      0.000
  -1   -2     -1.416     -0.839      0.000
  24   -2     -1.407     -1.116      0.000
  25   34     -1.391      0.461      0.000
  -1   25     -1.391     -0.638      0.000
  28   27     -1.384      0.644      0.000
  29   28     -1.378     -0.414      0.000
  -1   24     -1.361     -1.165      0.000
  30   29     -1.361     -0.774      0.000
  33   -2     -1.353     -0.980      0.000
  32   31     -1.351      0.587      0.000
  34   33     -1.336      1.042      0.000
  35   36     -1.331     -0.159      0.000
  -1   35     -1.330     -0.515      0.000
  36   37     -1.326     -1.018      0.000
  37   41     -1.298     -0.617      0.000
  38   42     -1.291     -0.725      0.000
  40   44     -1.279     -0.939      0.000
  -1   -2     -1.273     -0.679      0.000
  41   47     -1.271      0.452      0.000
  -1   46     -1.268     -1.107      0.000
  43   49     -1.254      0.707      0.000
  44   52     -1.249      0.917      0.000
  45   50     -1.248      0.806      0.000
  46   51     -1.242      1.094      0.000
  -1   53     -1.239     -0.406      0.000
  47   54     -1.237     -0.127      0.000
  49   55     -1.230     -0.731      0.000
  50   57     -1.225     -1.122      0.000
  -1   -2     -1.225      1.140      0.000
  52   58     -1.220     -0.935      0.000
  51   -2     -1.219     -1.094      0.000
  53   59     -1.209      0.437      0.000
  54   60     -1.203      0.713      0.000
  56   62     -1.190     -0.422      0.000
  57   63     -1.189     -0.321      0.000
  58   64     -1.180      0.518      0.000
  60   65     -1.176     -0.992      0.000
  62   69     -1.166      0.421      0.000
  -1   -2     -1.162      0.737      0.000
  -1   -2     -1.160     -0.533      0.000
  -1   70     -1.159      1.081      0.000
  64   71     -1.155      1.121      0.000
  65   72     -1.154     -0.920      0.000
  66   73     -1.149     -0.959      0.000
  67   74     -1.138     -0.243      0.000
  69   76     -1.135      0.621      0.000
  68   77     -1.134      0.364      0.000
  70   78     -1.122      0.861      0.000
  -1   -2     -1.110      0.456      0.000
  71   79     -1.109      1.113      0.000
  73   -2     -1.091     -1.091      0.000
  72   81     -1.091     -0.470      0.000
  74   82     -1.078      0.322      0.000
  -1   -2     -1.059     -0.096      0.000
  75   84     -1.058     -0.789      0.000
  76   -2     -1.053     -1.162      0.000
  -1   85     -1.051     -1.102      0.000
  77   86     -1.042      0.593      0.000
  78   87     -1.029      0.956      0.000
  79   90     -1.012     -0.925      0.000
  55   -2     -1.006     -0.658      0.000
  80   92     -1.003     -0.140      0.000
  81   91     -1.001      1.073      0.000
  82   93     -0.989     -0.019      0.000
  -1   98     -0.989      0.245      0.000
  83   94     -0.981     -0.222      0.000
  85   89     -0.978     -1.131      0.000
  86   96     -0.972      0.707      0.000
  84   97     -0.971      0.329      0.000
  88   -2     -0.965      0.442      0.000
  90  101     -0.947      0.397      0.000
  91   99     -0.947     -0.454      0.000
  92  100     -0.945      0.923      0.000
  96  102     -0.930     -0.989      0.000
  94  105     -0.925     -0.054      0.000
  97  103     -0.923      1.157      0.000
  95  104     -0.922     -0.630      0.000
  99  107     -0.917      0.745      0.000
  98  108     -0.916      0.039      0.000
  -1  106     -0.914     -1.065      0.000
 101  109     -0.904      1.114      0.000
 102  110     -0.901     -0.768      0.000
 103  111     -0.896     -0.716      0.000
 104  112     -0.886      0.140      0.000
 105  113     -0.882     -1.164      0.000
 106  114     -0.869     -0.145      0.000
 107  115     -0.866      0.811      0.000
 108  116     -0.861     -0.444      0.000
 109  117     -0.842     -0.094      0.000
 112  118     -0.836      1.049      0.000
 111  119     -0.833      0.881      0.000
 110   -2     -0.831      0.065      0.000
 114  120     -0.822      1.095      0.000
 115   -2     -0.821     -0.759      0.000
 113   -2     -0.818      0.216      0.000
 116  121     -0.814     -0.807      0.000
 117  123     -0.812      0.989      0.000
 100   -2     -0.797     -0.950      0.000
  -1  125     -0.786     -0.041      0.000
 118  126     -0.784      0.777      0.000
 119  127     -0.773     -0.539      0.000
 120  129     -0.765      0.957      0.000
 121  130     -0.759     -0.286      0.000
 123  143     -0.755     -1.139      0.000
 124  131     -0.744     -0.946      0.000
 127  132     -0.743     -0.668      0.000
  -1  133     -0.741     -0.625      0.000
 125  134     -0.735      0.050      0.000
  -1   -2     -0.727     -0.211      0.000
 128  135     -0.725     -0.256      0.000
 130  136     -0.715     -1.013      0.000
 129  138     -0.714      0.332      0.000
 131  139     -0.698      1.030      0.000
 135  141     -0.691     -1.168      0.000
 134  142     -0.690     -0.478      0.000
  -1  157     -0.685      0.591      0.000
 132  144     -0.684      0.256      0.000
 136  145     -0.673     -0.209      0.000
 138  147     -0.666      0.841      0.000
 139  146     -0.666     -0.734      0.000
 137  148     -0.664      0.444      0.000
 140  150     -0.663      1.152      0.000
 141  149     -0.655     -0.268      0.000
 142  151     -0.646      0.081      0.000
 143  153     -0.642      0.174      0.000
 145  152     -0.640      1.103      0.000
 144  155     -0.636     -0.471      0.000
 146  154     -0.636      1.027      0.000
 147  156     -0.625     -0.733      0.000
 148   -2     -0.621      0.634      0.000
 151  158     -0.618     -0.974      0.000
 150  160     -0.617     -0.033      0.000
 152  159     -0.616     -1.052      0.000
  -1  161     -0.593     -0.106      0.000
 155   -2     -0.581     -1.172      0.000
 154  164     -0.579      0.989      0.000
 156  165     -0.569     -0.246      0.000
 158  166     -0.559     -0.935      0.000
 157  167     -0.557      0.410      0.000
 160  168     -0.552      1.157      0.000
  -1   -2     -0.541     -1.083      0.000
 161  169     -0.540     -0.615      0.000
 159  175     -0.536     -1.169      0.000
 162  171     -0.528      0.892      0.000
 164  172     -0.526      1.109      0.000
 163  173     -0.524      0.292      0.000
 166  174     -0.510     -0.148      0.000
 167   -2     -0.506      0.459      0.000
 168  176     -0.489     -0.693      0.000
  -1  177     -0.489     -0.452      0.000
 170  178     -0.486      0.669      0.000
 171   -2     -0.485     -1.144      0.000
 169  179     -0.482     -0.244      0.000
 172  180     -0.475     -0.208      0.000
 173  181     -0.468     -0.530      0.000
 174  183     -0.460     -0.757      0.000
 176  185     -0.454      0.643      0.000
 177  184     -0.452     -0.868      0.000
 178  187     -0.439     -0.584      0.000
 179  188     -0.435     -0.362      0.000
 180  189     -0.421      1.111      0.000
 183  182     -0.415     -1.120      0.000
 184  191     -0.408      0.265      0.000
 186  193     -0.400      0.774      0.000
 185  192     -0.399      0.464      0.000
 187  194     -0.396      0.951      0.000
 190  196     -0.391     -0.863      0.000
 188  197     -0.391     -0.486      0.000
 189  195     -0.391      0.878      0.000
  -1   -2     -0.375     -1.168      0.000
 191  198     -0.375     -0.147      0.000
 192  199     -0.362      0.691      0.000
 193   -2     -0.360     -0.397      0.000
 194  202     -0.354      0.359      0.000
  -1  201     -0.352     -1.081      0.000
 195  203     -0.340     -0.643      0.000
 198  205     -0.334      1.131      0.000
 196  204     -0.333      0.112      0.000
 197  206     -0.331     -0.324      0.000
 199  207     -0.324     -0.815      0.000
 200  208     -0.310      0.659      0.000
 202  209     -0.301     -0.863      0.000
 203  212     -0.296     -0.567      0.000
 205  211     -0.296     -0.455      0.000
 204  213     -0.292      0.028      0.000
 207  215     -0.269     -0.741      0.000
 209  216     -0.268      0.599      0.000
 210  217     -0.263     -0.942      0.000
 211  218     -0.262      0.848      0.000
 208  210     -0.262     -1.165      0.000
  -1  225     -0.256     -0.085      0.000
 213  223     -0.247     -1.059      0.000
  -1   -2     -0.235     -1.018      0.000
 214  220     -0.230     -0.200      0.000
 201   -2     -0.225     -1.091      0.000
 221  227     -0.192     -0.519      0.000
 222  229     -0.192     -1.047      0.000
  -1  226     -0.192      0.322      0.000
 219  230     -0.188     -0.636      0.000
 223  231     -0.183     -0.049      0.000
  -1  228     -0.182      0.403      0.000
 224  232     -0.177      1.116      0.000
  -1   -2     -0.166     -0.246      0.000
 225  234     -0.164      0.277      0.000
 226  233     -0.164      0.515      0.000
 231   -2     -0.152     -0.545      0.000
 227  235     -0.144      0.195      0.000
 228   -2     -0.141     -1.122      0.000
 229  237     -0.137     -0.863      0.000
 230  238     -0.128      0.728      0.000
 232  239     -0.119      1.122      0.000
 233  241     -0.116     -0.242      0.000
 235  244     -0.114     -0.503      0.000
 234  242     -0.114      0.293      0.000
 237  245     -0.093      0.481      0.000
 238  246     -0.090      0.010      0.000
 239  247     -0.086      0.961      0.000
 240  249     -0.080     -0.926      0.000
 241  248     -0.076     -1.167      0.000
 244   -2     -0.073     -0.319      0.000
 243  251     -0.067      1.072      0.000
 253   -2     -0.051     -0.087      0.000
 252   -2     -0.037      0.968      0.000
 248  253     -0.034      0.264      0.000
  -1   -2     -0.032      1.027      0.000
 251  254     -0.018      0.052      0.000
 254  256      0.004      0.117      0.000
  -1  262      0.006      0.702      0.000
 255  257      0.007      0.803      0.000
 256  259      0.009      0.286      0.000
 257  258      0.012      0.468      0.000
 264  260      0.025     -0.023      0.000
 258  261      0.050      0.530      0.000
 259   -2      0.058      0.735      0.000
 260  263      0.065     -0.895      0.000
 261  264      0.065     -0.742      0.000
 262  265      0.072      0.135      0.000
 263  266      0.081     -0.557      0.000
 265  267      0.085      0.100      0.000
  -1   -2      0.085     -0.788      0.000
 267  270      0.099     -1.160      0.000
 268  268      0.104      1.013      0.000
 269  269      0.112      0.329      0.000
 272  273      0.139     -0.360      0.000
 273   -2      0.139     -0.957      0.000
 274  275      0.142      0.691      0.000
 271  274      0.143     -0.456      0.000
 275  276      0.151      0.549      0.000
  -1  277      0.155     -0.521      0.000
  -1   -2      0.164     -0.051      0.000
 277  278      0.167      0.860      0.000
 289   -2      0.177      0.300      0.000
  -1  280      0.184     -0.543      0.000
 280  281      0.196     -1.012      0.000
 281   -2      0.199     -0.347      0.000
 283  283      0.217     -0.837      0.000
 284  284      0.220      1.063      0.000
 285  286      0.221      0.038      0.000
  -1   -2      0.224      0.789      0.000
  -1   -2      0.226      0.876      0.000
 288  289      0.229     -0.713      0.000
  -1  290      0.231      0.453      0.000
  -1  282      0.235     -0.324      0.000
 290  292      0.237     -1.008      0.000
 291  291      0.247     -0.102      0.000
 292  294      0.271     -0.509      0.000
 293  293      0.272     -0.282      0.000
 294  295      0.282      0.789      0.000
 295  296      0.290      0.998      0.000
  -1   -2      0.296      1.151      0.000
 297  297      0.297      0.927      0.000
 298  299      0.302      0.206      0.000
 299  300      0.303     -0.847      0.000
 313  301      0.308      0.587      0.000
 296  302      0.323     -1.172      0.000
  -1  303      0.341      0.479      0.000
 301  315      0.344     -0.295      0.000
 302  304      0.351     -0.137      0.000
 303  305      0.352      0.056      0.000
  -1  308      0.356     -0.687      0.000
  -1  310      0.358      1.132      0.000
 305  309      0.360      0.845      0.000
 306  311      0.361     -1.028      0.000
 307  312      0.367      0.286      0.000
 308  313      0.379     -1.092      0.000
 309  314      0.383      0.892      0.000
 310   -2      0.387     -0.316      0.000
 312   -2      0.388     -0.918      0.000
  -1   -2      0.388     -1.088      0.000
 311  316      0.392     -0.668      0.000
  -1   -2      0.409      1.126      0.000
 315  319      0.418     -0.974      0.000
 317  321      0.428     -0.324      0.000
 318  322      0.433     -0.752      0.000
 320   -2      0.435     -0.368      0.000
 321  323      0.442      0.247      0.000
  -1  324      0.452     -0.553      0.000
 322  326      0.452      1.134      0.000
 323  325      0.454      0.142      0.000
 324  329      0.459      0.864      0.000
 325  328      0.460      1.049      0.000
 327  327      0.463      0.735      0.000
 328  330      0.471     -0.675      0.000
  -1  332      0.479     -0.980      0.000
 329  331      0.479     -0.501      0.000
  -1   -2      0.491     -1.154      0.000
 330   -2      0.492      0.007      0.000
 332  335      0.504      0.428      0.000
 331  336      0.504     -0.352      0.000
 334  337      0.515     -0.683      0.000
 335  334      0.515      0.600      0.000
  -1  344      0.537      1.146      0.000
 338  343      0.545     -0.528      0.000
  -1  333      0.545      0.053      0.000
 346   -2      0.546      0.262      0.000
 341  346      0.552     -0.804      0.000
 342  345      0.552     -0.020      0.000
 344   -2      0.555      0.758      0.000
  -1  347      0.565      0.569      0.000
  -1   -2      0.565      0.896      0.000
 345  348      0.570     -0.856      0.000
 347  349      0.574      0.636      0.000
 340   -2      0.582      1.140      0.000
 348  350      0.592     -0.494      0.000
 349  351      0.598     -0.998      0.000
 350  352      0.611     -0.903      0.000
  -1   -2      0.616     -0.178      0.000
  -1   -2      0.617     -1.057      0.000
  -1   -2      0.617     -1.163      0.000
 352  353      0.619      1.141      0.000
 353  354      0.624      0.892      0.000
 354  355      0.630      0.769      0.000
 355  356      0.633     -0.663      0.000
 356   -2      0.638     -1.044      0.000
 357  357      0.651     -0.033      0.000
 358  358      0.653     -0.758      0.000
  -1  359      0.655     -0.571      0.000
  -1   -2      0.663     -0.219      0.000
 360   -2      0.667     -0.609      0.000
 361  360      0.673      0.421      0.000
 362  361      0.677      0.688      0.000
 363   -2      0.677      0.455      0.000
  -1  362      0.679      1.041      0.000
 364  363      0.685      0.057      0.000
 366  364      0.711      0.809      0.000
 389   -2      0.713      0.065      0.000
 367   -2      0.714     -0.773      0.000
 365  366      0.717      0.275      0.000
 368  365      0.718     -0.422      0.000
 369  367      0.721     -0.802      0.000
  -1   -2      0.722     -0.933      0.000
 370  374      0.723     -0.141      0.000
 372  368      0.725      0.733      0.000
  -1  369      0.726      1.050      0.000
 374  371      0.739      0.412      0.000
 375  372      0.741     -0.236      0.000
 376  373      0.744     -0.596      0.000
 378  375      0.751     -0.647      0.000
 380  377      0.760     -1.073      0.000
 381  378      0.764      0.955      0.000
 382  380      0.769     -0.411      0.000
 379  379      0.770      1.051      0.000
  -1  383      0.787     -1.035      0.000
 384  382      0.787     -0.346      0.000
 387  385      0.788     -0.987      0.000
 385  386      0.797      0.908      0.000
 386  387      0.804     -0.605      0.000
 388   -2      0.810     -0.784      0.000
 391   -2      0.830      0.216      0.000
 390  388      0.830     -1.112      0.000
  -1  390      0.839      0.666      0.000
 393  391      0.843     -1.051      0.000
 392  389      0.844      0.251      0.000
 394  392      0.847     -0.853      0.000
 399   -2      0.865     -0.140      0.000
 396  393      0.865     -0.282      0.000
  -1   -2      0.866     -0.445      0.000
  -1  395      0.871     -0.778      0.000
  -1   -2      0.877      0.243      0.000
 401  394      0.879      1.128      0.000
 402  396      0.881      0.558      0.000
 405  398      0.887      0.335      0.000
 406  399      0.887      0.290      0.000
  -1  401      0.899     -1.006      0.000
 408   -2      0.912     -0.945      0.000
 409   -2      0.919     -0.874      0.000
 410  405      0.925      0.982      0.000
  -1   -2      0.934      1.023      0.000
 411  406      0.935     -1.084      0.000
 412  408      0.937      1.094      0.000
 414  404      0.937     -0.051      0.000
 413  407      0.938     -0.807      0.000
 415  410      0.962     -0.462      0.000
 421  409      0.970     -0.277      0.000
 417  411      0.973     -0.551      0.000
  -1   -2      0.977      0.557      0.000
 418  412      0.978     -0.164      0.000
  -1   -2      0.980     -1.156      0.000
 419   -2      0.983     -0.716      0.000
 420  413      0.986      0.697      0.000
 422  415      0.994      0.640      0.000
 424  417      0.996      0.133      0.000
 423  416      0.998      0.592      0.000
 426  419      1.005      0.088      0.000
 427  420      1.016      0.377      0.000
 434  418      1.018      0.261      0.000
 428  422      1.024     -0.855      0.000
 430   -2      1.041     -0.260      0.000
  -1  424      1.045     -0.275      0.000
 431  430      1.055     -0.923      0.000
 432  425      1.057      0.199      0.000
 433  427      1.060     -0.624      0.000
 436  428      1.082      0.486      0.000
 437  432      1.095     -0.272      0.000
 438  433      1.098      0.419      0.000
 440  436      1.111     -1.031      0.000
 441  437      1.114     -0.066      0.000
 442  438      1.118      1.016      0.000
 443  439      1.121      0.936      0.000
 444  440      1.127     -0.702      0.000
 446  441      1.132      0.642      0.000
 447  442      1.142      0.808      0.000
 448   -2      1.146      0.314      0.000
 450   -2      1.159      0.694      0.000
 449  446      1.160     -0.933      0.000
 451  447      1.161      1.017      0.000
 452  448      1.167     -0.846      0.000
 453  449      1.169     -0.036      0.000
 456  452      1.195     -0.617      0.000
 457  451      1.197      0.231      0.000
 459  453      1.211      0.065      0.000
 466  456      1.241      0.972      0.000
  -1  445      1.244      0.706      0.000
 461   -2      1.249      0.876      0.000
 462  459      1.262     -0.575      0.000
 460   -2      1.270     -1.136      0.000
 465  462      1.271     -0.438      0.000
  -1  461      1.274     -0.652      0.000
  -1  463      1.288      1.019      0.000
  -1   -2      1.290     -0.925      0.000
 467  465      1.292      0.249      0.000
  -1  469      1.322     -1.172      0.000
 472  468      1.333      0.967      0.000
 474  467      1.333      0.276      0.000
 471  466      1.340     -0.575      0.000
  -1  477      1.349      0.582      0.000
 476  470      1.349     -0.666      0.000
  -1   -2      1.362      0.198      0.000
 475   -2      1.373     -0.147      0.000
 477  472      1.373     -1.046      0.000
 479  471      1.373      0.403      0.000
 480  473      1.384     -1.103      0.000
 473  481      1.392     -1.171      0.000
  -1  474      1.407      1.150      0.000
  -1  475      1.410     -0.179      0.000
 481  479      1.415     -1.059      0.000
 483  476      1.416      0.454      0.000
 482  478      1.417      0.791      0.000
 485  482      1.441     -0.569      0.000
 486  483      1.441     -0.434      0.000
 487  484      1.446     -0.327      0.000
 484   -2      1.448     -1.168      0.000
 488  485      1.448     -0.501      0.000
  -1  486      1.456      0.164      0.000
 492  487      1.488      0.679      0.000
 493  489      1.492     -0.878      0.000
  -1  491      1.492     -1.045      0.000
 494  490      1.494      0.242      0.000
 495  492      1.502      0.569      0.000
  -1   -2      1.511     -0.037      0.000
 496  493      1.532      0.660      0.000
 497  494      1.538      0.910      0.000
 499  495      1.539     -0.351      0.000
 501  480      1.540      0.026      0.000
 500  498      1.542     -0.284      0.000
 503  497      1.549      0.288      0.000
 502  499      1.550     -0.103      0.000
 504  500      1.559     -1.058      0.000
  -1  501      1.561     -0.745      0.000
