501
  -1   -2     -1.562      0.994      0.000
   1    1     -1.556     -0.414      0.000
  -1    2     -1.552      0.821      0.000
  -1   -2     -1.539      0.615      0.000
   3    0     -1.539      0.149      0.000
   2    4     -1.538      0.426      0.000
  -1   12     -1.517     -0.852      0.000
   7    5     -1.516      0.353      0.000
   5   -2     -1.506      1.043      0.000
  10    8     -1.500     -0.470      0.000
  11    9     -1.495      0.058      0.000
  12   11     -1.482     -0.298      0.000
  13   -2     -1.480      0.864      0.000
   0   23     -1.476     -0.909      0.000
  -1   31     -1.475     -1.109      0.000
  15   13     -1.463     -0.763      0.000
  16   14     -1.462      0.781      0.000
  14   15     -1.462     -0.509      0.000
  17   16     -1.457     -0.029      0.000
  18   -2     -1.456      0.019      0.000
  19   20     -1.454      0.196      0.000
  -1   17     -1.453      0.913      0.000
  22   19     -1.452      0.679      0.000
  23   22     -1.420     -0.294      0.000
  31   27     -1.405     -0.664      0.000
  27   29     -1.400     -0.042      0.000
  30   28     -1.399      0.828      0.000
  29   30     -1.399      0.664      0.000
  32   32     -1.391     -0.435      0.000
  -1   -2     -1.381     -1.161      0.000
  -1   33     -1.379      0.269      0.000
  34   34     -1.368      0.604      0.000
  -1   36     -1.356      0.179      0.000
  36   38     -1.353     -0.168      0.000
  -1   39     -1.345     -0.539      0.000
  37   40     -1.334      1.063      0.000
  -1   -2     -1.328     -0.326      0.000
  40   41     -1.316     -1.042      0.000
  41   42     -1.305     -0.636      0.000
  43   44     -1.292     -0.745      0.000
  42   43     -1.292      0.459      0.000
  45   -2     -1.278     -0.804      0.000
  -1   -2     -1.276     -0.696      0.000
  44   50     -1.272     -0.964      0.000
  46   49     -1.267      0.716      0.000
  47   51     -1.261     -0.133      0.000
  48   52     -1.259      0.822      0.000
  50   53     -1.254      0.937      0.000
  -1   55     -1.253     -0.078      0.000
  52   54     -1.253     -0.418      0.000
  54   56     -1.240      1.113      0.000
  53   57     -1.234      0.448      0.000
  55   58     -1.231     -0.749      0.000
  56   59     -1.218      0.726      0.000
  -1   60     -1.213     -0.955      0.000
  51   62     -1.213     -1.114      0.000
  38   67     -1.207     -0.339      0.000
  59   64     -1.206     -0.435      0.000
  61   66     -1.203      0.202      0.000
  60   65     -1.203      0.532      0.000
  62   68     -1.195     -0.191      0.000
  63   69     -1.193      0.429      0.000
  -1   71     -1.165     -0.208      0.000
  67   72     -1.163      0.371      0.000
  68   73     -1.162     -0.252      0.000
  70   74     -1.157      1.092      0.000
  69   76     -1.156      0.633      0.000
  71   75     -1.153      1.135      0.000
  72   77     -1.150     -0.940      0.000
  73   78     -1.143     -0.979      0.000
  75   79     -1.131      0.872      0.000
  77   83     -1.109      0.328      0.000
  78   82     -1.107     -0.480      0.000
  79   81     -1.107      1.125      0.000
  80   85     -1.089     -0.096      0.000
  81   84     -1.083     -1.109      0.000
  90   87     -1.065     -0.806      0.000
  82   88     -1.063      0.604      0.000
  85   90     -1.055     -1.159      0.000
  86   91     -1.035      0.965      0.000
  87   92     -1.034     -0.143      0.000
  96  100     -1.020      0.340      0.000
  -1   94     -1.016     -0.050      0.000
  88   -2     -1.014     -0.015      0.000
  91   98     -1.012      0.489      0.000
  89   97     -1.011     -0.227      0.000
  92   96     -1.009     -0.939      0.000
  94   99     -1.000      1.080      0.000
  -1   -2     -0.992      0.456      0.000
  97   -2     -0.989      0.712      0.000
  95   -2     -0.985      0.301      0.000
  98  101     -0.978      0.397      0.000
  99  102     -0.966     -0.459      0.000
 100  103     -0.958     -0.056      0.000
  -1  104     -0.951      0.929      0.000
  -1   -2     -0.951     -0.978      0.000
 101  105     -0.949      0.039      0.000
 103   -2     -0.939     -0.500      0.000
 104  106     -0.933     -0.637      0.000
 105  107     -0.930      0.745      0.000
 106  110     -0.920      0.140      0.000
 107  108     -0.918     -1.000      0.000
  -1  109     -0.917      1.162      0.000
 109  114     -0.904     -0.773      0.000
 108  113     -0.904     -0.720      0.000
 110  112     -0.904      1.114      0.000
 111  115     -0.898     -0.145      0.000
 112  116     -0.887     -1.160      0.000
 113  117     -0.882     -0.444      0.000
 114  118     -0.880      0.814      0.000
 115  119     -0.868     -0.095      0.000
  -1   -2     -0.865     -0.342      0.000
  -1   -2     -0.850      0.219      0.000
 117  121     -0.846      0.878      0.000
 118  122     -0.838      1.051      0.000
 119  123     -0.826     -0.764      0.000
 120  124     -0.824      0.987      0.000
 121  125     -0.822      1.095      0.000
  -1  126     -0.819     -0.811      0.000
 122  127     -0.792     -0.971      0.000
 124  128     -0.789     -0.539      0.000
 125  130     -0.786     -0.285      0.000
 126  132     -0.770      0.956      0.000
 127  133     -0.767      0.050      0.000
 128  134     -0.756     -0.251      0.000
  -1  136     -0.752     -1.149      0.000
 129  137     -0.748     -0.668      0.000
  -1  139     -0.744      0.328      0.000
 131  138     -0.744     -0.948      0.000
  -1   -2     -0.723     -1.080      0.000
 132  140     -0.719      0.254      0.000
  -1  141     -0.717      0.970      0.000
 134  142     -0.712     -1.012      0.000
 133  143     -0.709     -0.475      0.000
 136  144     -0.703      1.024      0.000
 135  145     -0.701     -0.203      0.000
 137  146     -0.696      0.439      0.000
 139  147     -0.689     -1.173      0.000
 138  148     -0.684      0.496      0.000
 142  149     -0.679      0.835      0.000
 144  150     -0.676     -0.731      0.000
 140  151     -0.675      0.079      0.000
 143  152     -0.672      0.176      0.000
 146  153     -0.658     -0.464      0.000
 147  154     -0.651      0.615      0.000
 149  155     -0.646      1.052      0.000
 148  158     -0.646     -0.033      0.000
 151  156     -0.641      1.094      0.000
 150  157     -0.640      1.018      0.000
 152  159     -0.634     -0.727      0.000
 153   -2     -0.629      0.744      0.000
 154  160     -0.623     -0.103      0.000
 156  161     -0.618     -0.969      0.000
 169   -2     -0.611     -1.047      0.000
 158  163     -0.594     -0.240      0.000
 160  164     -0.584      0.979      0.000
 159  166     -0.583      0.403      0.000
 161  167     -0.560     -0.928      0.000
 163  169     -0.556      0.288      0.000
  -1  171     -0.555     -1.167      0.000
 162  170     -0.553     -0.607      0.000
 167  174     -0.536      0.879      0.000
 166  173     -0.536     -0.143      0.000
 170  177     -0.529      1.092      0.000
 172  180     -0.509     -0.443      0.000
 174  181     -0.504      0.657      0.000
 173  182     -0.503     -0.201      0.000
 175  183     -0.500     -0.692      0.000
 176  184     -0.486     -0.518      0.000
 164   -2     -0.482     -1.132      0.000
 178  186     -0.472      0.629      0.000
 179  187     -0.467     -0.744      0.000
 180  188     -0.456     -0.855      0.000
 181  189     -0.454     -0.573      0.000
  -1  191     -0.435     -0.957      0.000
 182  190     -0.431      0.261      0.000
 183  203     -0.429     -0.638      0.000
  -1  192     -0.425      0.942      0.000
  -1   -2     -0.423      0.452      0.000
 184  193     -0.421      1.090      0.000
 186  194     -0.413      0.751      0.000
 187  195     -0.408     -0.475      0.000
  -1  197     -0.402     -0.334      0.000
 189  200     -0.400     -0.141      0.000
 190  198     -0.399      0.855      0.000
 188  196     -0.399      0.927      0.000
 191  199     -0.396     -0.846      0.000
 193  202     -0.378      0.350      0.000
 192  201     -0.378      0.673      0.000
  -1   -2     -0.359      0.112      0.000
 196  204     -0.351     -1.085      0.000
 195  205     -0.350     -0.311      0.000
 198  206     -0.333      1.106      0.000
 199  207     -0.330     -0.795      0.000
 200  208     -0.325      0.633      0.000
 201  209     -0.309     -0.549      0.000
 202  211     -0.306     -0.840      0.000
  -1  212     -0.306      0.444      0.000
 194   -2     -0.296     -1.160      0.000
 206  210     -0.293      0.052      0.000
  -1  213     -0.290     -1.160      0.000
 211   -2     -0.283     -1.160      0.000
 204  214     -0.283      0.581      0.000
 207   -2     -0.271     -0.717      0.000
 208  217     -0.269      0.840      0.000
 209  215     -0.264     -0.918      0.000
  -1   -2     -0.254     -0.188      0.000
 213  216     -0.245     -1.032      0.000
 214   -2     -0.237      0.883      0.000
 215  219     -0.227     -0.131      0.000
 216  220     -0.224     -0.128      0.000
 217  221     -0.220     -1.102      0.000
 218  222     -0.210      0.309      0.000
 219  223     -0.206      0.389      0.000
 221  224     -0.200      0.904      0.000
 220  225     -0.199     -0.045      0.000
 225  228     -0.181      0.269      0.000
  -1  229     -0.180      0.496      0.000
 226  230     -0.176      1.082      0.000
 222  238     -0.175     -0.499      0.000
 227  232     -0.161      0.192      0.000
  -1  239     -0.159      0.616      0.000
 228   -2     -0.152     -0.106      0.000
 233   -2     -0.142     -1.120      0.000
 230   -2     -0.140     -0.836      0.000
 232  233     -0.138     -0.714      0.000
 234  237     -0.128      0.281      0.000
 238  236     -0.128      0.737      0.000
 224  234     -0.127     -0.232      0.000
 239  240     -0.119      1.089      0.000
 237   -2     -0.112      0.518      0.000
  -1  242     -0.106      0.016      0.000
  -1   -2     -0.105     -0.535      0.000
 241  243     -0.104      0.462      0.000
 243  244     -0.092     -1.157      0.000
 242  245     -0.090      0.928      0.000
  -1   -2     -0.090      0.929      0.000
 244  246     -0.085     -0.896      0.000
 246  247     -0.081     -0.298      0.000
 247  248     -0.067      1.039      0.000
  -1   -2     -0.058     -0.373      0.000
  -1  250     -0.053     -0.083      0.000
 248  251     -0.046      0.256      0.000
  -1  253     -0.033      0.992      0.000
 250  255     -0.027      0.051      0.000
 251   -2     -0.017      0.967      0.000
 253  256     -0.010     -0.149      0.000
 254  257     -0.000      0.277      0.000
 256  260      0.001      0.117      0.000
 255  258      0.003      0.774      0.000
 257  261      0.005      0.450      0.000
  -1  262      0.012     -0.017      0.000
 258  263      0.014     -1.129      0.000
 259  265      0.045      0.508      0.000
 261   -2      0.056      0.305      0.000
 260  266      0.056      0.704      0.000
 262  267      0.060     -0.862      0.000
 263  268      0.064     -0.713      0.000
 264  269      0.066      0.132      0.000
  -1  271      0.077     -0.531      0.000
 267  272      0.078     -0.017      0.000
 266  273      0.080      0.098      0.000
 269  274      0.090      0.354      0.000
  -1  275      0.096      0.914      0.000
 272  277      0.107      0.318      0.000
 273  276      0.108     -1.099      0.000
 274  278      0.109     -1.167      0.000
 271   -2      0.110      0.972      0.000
  -1  280      0.130     -0.431      0.000
 265  290      0.136     -0.342      0.000
  -1  282      0.138      0.757      0.000
 278  283      0.142     -0.961      0.000
 277  284      0.143      0.663      0.000
 279  285      0.151      0.528      0.000
 281  287      0.165      0.824      0.000
 280   -2      0.169     -0.509      0.000
 282  288      0.177      0.290      0.000
 283  289      0.190     -0.986      0.000
 285  291      0.215     -0.805      0.000
  -1   -2      0.221      0.856      0.000
 286  293      0.221      1.028      0.000
 287  294      0.223      0.042      0.000
 289  297      0.229     -0.684      0.000
 290  298      0.230      0.313      0.000
 291  299      0.232      0.434      0.000
  -1  300      0.243      0.831      0.000
 294  301      0.246     -0.981      0.000
 295  302      0.249     -0.095      0.000
 296  305      0.257      0.078      0.000
 297  306      0.271     -0.483      0.000
 298   -2      0.274     -0.264      0.000
 299  304      0.282     -0.241      0.000
 300   -2      0.282      0.116      0.000
 301  307      0.289      0.760      0.000
 302  308      0.293      0.963      0.000
 303  309      0.300      0.893      0.000
 306  312      0.305     -1.166      0.000
 305  311      0.308      0.200      0.000
  -1  313      0.319      0.571      0.000
 307   -2      0.323      0.140      0.000
 313   -2      0.326     -1.037      0.000
  -1   -2      0.343      0.455      0.000
 308   -2      0.351     -0.279      0.000
 309  315      0.356     -0.455      0.000
 310  316      0.357     -0.129      0.000
 311  317      0.359      0.056      0.000
 312  318      0.361     -0.999      0.000
  -1   -2      0.362      0.555      0.000
 314  321      0.368      0.815      0.000
  -1  323      0.375     -1.065      0.000
 315  322      0.376      0.278      0.000
 316   -2      0.387     -1.060      0.000
 318  325      0.393     -0.646      0.000
 319  326      0.395     -0.302      0.000
 320  327      0.397     -0.803      0.000
 322  329      0.414      0.917      0.000
 323  330      0.418     -0.949      0.000
  -1   -2      0.425     -1.164      0.000
 324  332      0.432      0.055      0.000
 325  333      0.435     -0.311      0.000
 326  334      0.436     -0.728      0.000
 327  335      0.445     -0.354      0.000
 328  336      0.454      0.238      0.000
 329  337      0.458     -0.538      0.000
  -1  340      0.465      0.702      0.000
 330  338      0.466      0.138      0.000
 331  339      0.468      1.018      0.000
 333  341      0.476     -0.655      0.000
  -1  345      0.477      0.430      0.000
  -1   -2      0.484     -1.151      0.000
 336  342      0.486     -0.477      0.000
 337  343      0.504      0.009      0.000
  -1   -2      0.506      0.557      0.000
 338  344      0.515     -0.339      0.000
 339  346      0.521     -0.664      0.000
 340  348      0.539      1.115      0.000
 341  347      0.543      0.590      0.000
 342  351      0.548     -0.513      0.000
  -1  350      0.550      0.441      0.000
 344  352      0.555     -0.788      0.000
 351  349      0.564      0.253      0.000
 346   -2      0.567      0.172      0.000
 347   -2      0.569     -0.275      0.000
 348  354      0.569     -0.019      0.000
 349  356      0.574     -0.837      0.000
 350  357      0.588      0.614      0.000
  -1   -2      0.593     -1.123      0.000
  -1  359      0.598     -0.991      0.000
 353  360      0.603     -0.480      0.000
 354  361      0.613     -0.887      0.000
 381  331      0.614     -1.162      0.000
  -1   -2      0.620     -0.792      0.000
 356  362      0.622      1.111      0.000
 357  363      0.625     -1.039      0.000
  -1   -2      0.628     -0.178      0.000
 359  365      0.635      0.866      0.000
 360  367      0.642     -0.650      0.000
 361  369      0.646      0.746      0.000
 362  370      0.657     -0.747      0.000
 363   -2      0.668     -0.033      0.000
 364  371      0.676     -0.598      0.000
  -1  372      0.686      1.013      0.000
 365  373      0.694      0.408      0.000
 366  375      0.697      0.668      0.000
 367  374      0.698      0.438      0.000
 369  376      0.711      0.065      0.000
 370  377      0.726     -0.790      0.000
 371  379      0.727     -0.416      0.000
 372  378      0.728      0.788      0.000
 368  380      0.731      0.261      0.000
 373  381      0.732     -1.017      0.000
 374  382      0.733      1.031      0.000
 376  383      0.743      0.712      0.000
 377   -2      0.753     -0.588      0.000
 380  385      0.758      0.399      0.000
 379  388      0.759     -1.067      0.000
 378  390      0.761     -0.233      0.000
 382  386      0.767     -0.639      0.000
 383  391      0.775      0.931      0.000
  -1  389      0.783     -0.406      0.000
  -1  394      0.789      1.032      0.000
 385  395      0.791     -0.982      0.000
 386  397      0.803     -0.342      0.000
 388  400      0.813     -0.601      0.000
 390  401      0.829     -1.107      0.000
 391  403      0.843     -1.045      0.000
 387   -2      0.844      0.922      0.000
 401  387      0.851     -0.851      0.000
 393  405      0.858      0.206      0.000
  -1   -2      0.865      0.247      0.000
 394  406      0.869      0.590      0.000
 396  407      0.876     -0.776      0.000
  -1  408      0.878     -0.445      0.000
 415  392      0.881      1.111      0.000
  -1  410      0.883      0.799      0.000
  -1  411      0.887      0.735      0.000
  -1  412      0.895     -0.202      0.000
  -1   -2      0.899     -1.006      0.000
 397  413      0.903      0.547      0.000
 398   -2      0.907     -0.087      0.000
  -1  417      0.913     -0.876      0.000
 399  416      0.914     -0.946      0.000
  -1  414      0.914      0.325      0.000
 400  415      0.915      0.281      0.000
  -1   -2      0.917     -0.604      0.000
  -1   -2      0.925      0.446      0.000
  -1  428      0.925     -0.663      0.000
 402  418      0.925      0.794      0.000
 403  419      0.933     -1.090      0.000
 405  420      0.935      0.965      0.000
 406  421      0.943      1.080      0.000
 407   -2      0.943     -0.810      0.000
 408   -2      0.950      1.004      0.000
 409  422      0.958     -0.056      0.000
  -1   -2      0.959     -1.159      0.000
  -1  423      0.960     -0.886      0.000
 410  424      0.975     -0.463      0.000
 413  427      0.985     -0.558      0.000
 417  426      0.985      0.065      0.000
 411  425      0.990     -0.283      0.000
 414  430      1.008      0.685      0.000
 416   -2      1.013      0.961      0.000
 418  431      1.017      0.126      0.000
 419  432      1.019      0.630      0.000
 420  433      1.022      0.582      0.000
  -1  434      1.033      0.456      0.000
 423  435      1.044      0.371      0.000
 422  436      1.045      0.733      0.000
  -1   -2      1.046      0.255      0.000
 424   -2      1.063     -0.279      0.000
 425  438      1.069     -0.635      0.000
 427  439      1.083      0.195      0.000
 430  442      1.107      0.479      0.000
 429  443      1.108     -1.045      0.000
 431  444      1.111     -0.279      0.000
 432  445      1.122     -0.376      0.000
 433  451      1.127      0.413      0.000
 439   -2      1.128      0.718      0.000
 434  446      1.132     -0.714      0.000
 435  448      1.138      0.937      0.000
 436  447      1.139     -0.072      0.000
 437  449      1.141     -1.157      0.000
 438  453      1.160     -0.945      0.000
  -1  450      1.161      0.634      0.000
 440  452      1.162      0.806      0.000
 441  455      1.165      1.013      0.000
 442  454      1.168     -0.859      0.000
 443  456      1.175     -0.462      0.000
 444   -2      1.180      0.688      0.000
 445  458      1.186     -0.046      0.000
 446  460      1.203     -0.632      0.000
 447   -2      1.218      1.124      0.000
 448  461      1.219      0.224      0.000
 449   -2      1.222     -0.031      0.000
 450  463      1.231      0.061      0.000
  -1  465      1.260      0.890      0.000
  -1  457      1.266      0.714      0.000
 451  466      1.271     -0.593      0.000
 452  473      1.274     -0.325      0.000
 453  467      1.280     -0.673      0.000
 466   -2      1.282     -0.025      0.000
 454  468      1.285     -0.459      0.000
  -1  469      1.290     -0.895      0.000
  -1   -2      1.290     -1.171      0.000
 462  470      1.298      1.024      0.000
 456  472      1.303     -1.087      0.000
  -1   -2      1.312     -0.268      0.000
 458  474      1.315     -0.616      0.000
 467   -2      1.320      0.249      0.000
  -1   -2      1.341      0.977      0.000
  -1  475      1.353     -0.221      0.000
 464  476      1.355     -0.688      0.000
  -1   -2      1.355     -0.064      0.000
 465  477      1.357     -0.592      0.000
  -1   -2      1.372      1.020      0.000
 470  481      1.373     -1.072      0.000
 468  493      1.374     -0.854      0.000
 463  479      1.376      0.588      0.000
  -1  483      1.383     -1.134      0.000
  -1  482      1.388     -0.162      0.000
 472  484      1.396      0.406      0.000
  -1  485      1.403      0.650      0.000
  -1  486      1.417     -1.087      0.000
 471   -2      1.426     -1.170      0.000
 476  489      1.448     -0.598      0.000
 477  490      1.450     -0.460      0.000
 479  498      1.457     -0.348      0.000
 478  491      1.458     -0.527      0.000
 480  492      1.473      0.150      0.000
  -1   -2      1.489     -0.053      0.000
  -1  495      1.491     -1.078      0.000
 481  496      1.495     -0.907      0.000
 482  499      1.512      0.242      0.000
 483  500      1.523      0.583      0.000
 485  503      1.547      0.670      0.000
 484  509      1.548     -0.375      0.000
 486  505      1.551     -0.304      0.000
 487  504      1.551      0.929      0.000
 489  506      1.561     -0.118      0.000
  -1  507      1.566      0.292      0.000
 488  508      1.567     -1.080      0.000
