498
  -1    1     -1.566     -0.438      0.000
   0    3     -1.561      0.854      0.000
   1    4     -1.554     -0.973      0.000
   2    5     -1.547      0.644      0.000
  -1   -2     -1.539     -0.557      0.000
   3    8     -1.536      0.369      0.000
  -1   18     -1.517     -1.162      0.000
   4    9     -1.516      0.057      0.000
   6   10     -1.511     -0.497      0.000
   5   12     -1.503     -0.319      0.000
  25   -2     -1.488     -0.689      0.000
  10   14     -1.481     -0.039      0.000
  11   16     -1.477      0.201      0.000
  12   15     -1.475      0.809      0.000
  13   17     -1.474     -0.536      0.000
  15   21     -1.466     -0.794      0.000
  -1   -2     -1.465      0.700      0.000
  16   22     -1.460      0.943      0.000
  17   19     -1.430      0.493      0.000
  21   23     -1.417      0.689      0.000
  -1   24     -1.411      0.852      0.000
  22   25     -1.405     -0.456      0.000
  18   -2     -1.400     -0.824      0.000
  24   27     -1.394      0.275      0.000
  -1   -2     -1.389      0.626      0.000
  -1   -2     -1.387      0.802      0.000
  27   30     -1.376     -0.181      0.000
  26   39     -1.368      0.755      0.000
  28   -2     -1.339     -1.032      0.000
  30   32     -1.333      1.088      0.000
  31   34     -1.319      0.477      0.000
  33   35     -1.314     -0.659      0.000
  34   36     -1.311      1.009      0.000
  35   37     -1.307     -1.068      0.000
  -1   -2     -1.300      0.570      0.000
  36   38     -1.296     -0.770      0.000
  38   -2     -1.290      0.736      0.000
  37   40     -1.288     -0.143      0.000
  19   -2     -1.280     -1.160      0.000
  -1   44     -1.279     -0.976      0.000
  42   45     -1.271      0.844      0.000
  43   47     -1.265      0.461      0.000
  45   46     -1.261      0.958      0.000
  44   -2     -1.251     -1.000      0.000
  47   51     -1.236      0.746      0.000
  50   49     -1.236      1.134      0.000
  49   50     -1.235     -0.772      0.000
  48   53     -1.234     -0.346      0.000
  51   54     -1.231      0.545      0.000
  52   55     -1.226     -0.451      0.000
  53   58     -1.225     -0.199      0.000
  54   56     -1.224      0.440      0.000
  56   57     -1.208     -0.981      0.000
  58   -2     -1.207     -0.911      0.000
  59   60     -1.197      0.379      0.000
  60   -2     -1.194     -0.216      0.000
  61   61     -1.190     -0.260      0.000
  62   70     -1.181     -0.564      0.000
  -1   -2     -1.180      0.601      0.000
  64   63     -1.179      0.645      0.000
  65   64     -1.157      1.116      0.000
  66   65     -1.149      1.153      0.000
  67   66     -1.146     -0.958      0.000
  -1   62     -1.142      0.608      0.000
  69   -2     -1.141      0.885      0.000
  68   69     -1.140      0.332      0.000
  70   68     -1.138     -0.998      0.000
  71   -2     -1.131     -0.490      0.000
  72   72     -1.103      1.142      0.000
  74   73     -1.099     -1.173      0.000
  -1   74     -1.094      0.535      0.000
  73   75     -1.089      0.611      0.000
  75   -2     -1.077     -0.038      0.000
  87   67     -1.070      0.831      0.000
  79   76     -1.070     -1.132      0.000
  78   78     -1.068     -0.822      0.000
  77   79     -1.065     -0.146      0.000
  82   80     -1.057     -0.009      0.000
  86   81     -1.043      0.976      0.000
  85   82     -1.042     -0.228      0.000
  -1   83     -1.042      0.493      0.000
  84   84     -1.037      0.266      0.000
  81   85     -1.036      0.334      0.000
  -1   87     -1.025      0.460      0.000
  -1   -2     -1.018     -0.027      0.000
  89   88     -1.014     -1.171      0.000
  90   90     -1.012      0.404      0.000
  91  100     -1.009      0.719      0.000
  92   89     -1.009     -0.957      0.000
  93   91     -1.002      1.089      0.000
  94   92     -0.993     -0.055      0.000
  96   93     -0.990     -0.466      0.000
  95   94     -0.986      0.040      0.000
  98   96     -0.977      0.386      0.000
 100   97     -0.962      0.934      0.000
  99   98     -0.958      0.140      0.000
  -1   99     -0.951     -1.017      0.000
 101  101     -0.948     -0.646      0.000
 104  102     -0.933     -0.144      0.000
 105   -2     -0.927     -0.946      0.000
 106  103     -0.915     -0.727      0.000
 108  105     -0.912     -0.780      0.000
 109  104     -0.912     -1.012      0.000
 107  106     -0.911     -0.098      0.000
 110  108     -0.905     -0.448      0.000
 111  110     -0.904      0.067      0.000
 103  107     -0.903     -1.082      0.000
 113  109     -0.901      1.123      0.000
 102  113     -0.898      0.814      0.000
 115  112     -0.879     -1.164      0.000
 117   -2     -0.859      0.880      0.000
  -1   -2     -0.850      0.039      0.000
 119  115     -0.835     -0.766      0.000
 120  116     -0.827      0.989      0.000
 121   -2     -0.825     -0.815      0.000
 124  117     -0.823      1.095      0.000
 123  118     -0.818     -0.285      0.000
 122  119     -0.817      0.703      0.000
 126  120     -0.812     -0.540      0.000
 128   -2     -0.811     -0.927      0.000
 129  121     -0.808      0.049      0.000
 130   -2     -0.788     -0.253      0.000
 132  122     -0.777      0.954      0.000
 133  124     -0.770     -0.669      0.000
 134  125     -0.764     -0.401      0.000
 135  123     -0.763      0.249      0.000
 136  127     -0.756     -0.938      0.000
 138  130     -0.734     -0.204      0.000
 127   -2     -0.734      0.574      0.000
 139  129     -0.733     -0.472      0.000
 140  128     -0.731      0.437      0.000
  -1  131     -0.727     -1.082      0.000
 141  132     -0.727      0.963      0.000
 142  135     -0.717      0.081      0.000
 143  137     -0.712      0.174      0.000
 144  134     -0.710     -1.012      0.000
 145  136     -0.709      1.018      0.000
 146  138     -0.696      0.827      0.000
 147  139     -0.692     -0.252      0.000
 148  140     -0.690     -1.173      0.000
 149  141     -0.688     -0.728      0.000
 150  142     -0.684     -0.031      0.000
 151  143     -0.682     -0.460      0.000
 152  144     -0.678      0.608      0.000
 153  145     -0.666     -0.876      0.000
 154  146     -0.658     -0.100      0.000
 156  148     -0.650      1.041      0.000
 155  147     -0.649     -0.722      0.000
 157  149     -0.644      1.084      0.000
  -1   -2     -0.642      0.160      0.000
 159  152     -0.626     -0.236      0.000
 158  156     -0.626     -1.120      0.000
 161  155     -0.617      0.397      0.000
 162   -2     -0.609     -1.043      0.000
 160  153     -0.601     -0.952      0.000
 163  158     -0.594      0.965      0.000
 164  159     -0.586      0.281      0.000
 177   -2     -0.582     -0.047      0.000
 166  161     -0.572     -0.598      0.000
 165  160     -0.571     -0.139      0.000
 169  164     -0.555     -1.170      0.000
  -1   -2     -0.549      1.129      0.000
  -1  165     -0.543     -0.228      0.000
  -1   -2     -0.537     -1.088      0.000
 173  166     -0.533     -0.431      0.000
 172  168     -0.533     -0.196      0.000
 174  167     -0.531      1.076      0.000
 175  169     -0.528      0.642      0.000
 179  171     -0.511     -0.505      0.000
 180  172     -0.498      0.615      0.000
  -1   -2     -0.486      0.562      0.000
 181  173     -0.482     -0.729      0.000
 182  174     -0.467     -0.554      0.000
 183  176     -0.466      0.253      0.000
 184  175     -0.464     -0.839      0.000
  -1   -2     -0.447     -0.622      0.000
 186   -2     -0.437      0.765      0.000
 189  179     -0.432     -0.459      0.000
 188  178     -0.432      0.731      0.000
 190  180     -0.430     -0.133      0.000
 192  181     -0.427      1.067      0.000
 193  182     -0.425     -1.167      0.000
 195  184     -0.412      0.833      0.000
 194  185     -0.410      0.903      0.000
 196  186     -0.408      0.339      0.000
 197  187     -0.405     -0.826      0.000
 198  189     -0.399      0.653      0.000
  -1   -2     -0.388      0.111      0.000
 199  190     -0.376     -0.299      0.000
  -1  191     -0.369     -0.608      0.000
  -1   -2     -0.360     -1.169      0.000
 200   -2     -0.355     -0.689      0.000
 201  193     -0.351      0.631      0.000
 202  192     -0.343     -1.074      0.000
 203   -2     -0.341      0.599      0.000
 204   -2     -0.340      0.026      0.000
 205  194     -0.340     -0.772      0.000
  -1  183     -0.332      0.428      0.000
 208  195     -0.331      1.077      0.000
 209  196     -0.327     -0.530      0.000
 210  198     -0.314     -0.817      0.000
  -1  204     -0.308     -0.074      0.000
 211  199     -0.305      0.074      0.000
 212  200     -0.302      0.561      0.000
  -1  197     -0.301      0.037      0.000
 213  201     -0.289     -0.696      0.000
  -1   -2     -0.282     -0.179      0.000
 216  203     -0.269     -0.892      0.000
 214  202     -0.268     -1.163      0.000
  -1   -2     -0.249     -0.617      0.000
 217   -2     -0.249     -0.117      0.000
 218   -2     -0.248      0.852      0.000
 219  205     -0.248     -1.005      0.000
  -1   -2     -0.238     -0.965      0.000
 222  207     -0.225      0.377      0.000
 221  209     -0.225     -0.039      0.000
 224  208     -0.219     -1.094      0.000
 223   -2     -0.210     -0.585      0.000
 225  210     -0.207     -0.487      0.000
  -1   -2     -0.205     -0.206      0.000
 226  211     -0.201      0.260      0.000
 227  212     -0.198      0.476      0.000
 229  214     -0.180      0.186      0.000
 231  213     -0.180      1.044      0.000
 232  216     -0.176     -0.990      0.000
 233  218     -0.149     -0.213      0.000
 234  217     -0.148     -0.804      0.000
 235  219     -0.147      0.272      0.000
 236  221     -0.145     -0.619      0.000
  -1   -2     -0.139      0.527      0.000
  -1  223     -0.136      0.739      0.000
 237  222     -0.135     -0.449      0.000
 239  224     -0.121      1.050      0.000
 238  226     -0.118      0.445      0.000
 243  225     -0.112     -1.161      0.000
 241  227     -0.101     -0.907      0.000
  -1  228     -0.095     -0.628      0.000
 240  232     -0.095     -0.280      0.000
 242  229     -0.094      0.893      0.000
 244  231     -0.081     -1.117      0.000
 245  233     -0.070      0.997      0.000
  -1   -2     -0.069     -0.074      0.000
 246  234     -0.060      0.241      0.000
  -1  235     -0.050      0.426      0.000
 248  236     -0.040      0.053      0.000
 249  238     -0.031      0.946      0.000
 250  241     -0.012      0.266      0.000
 254   -2     -0.007      0.479      0.000
  -1  239     -0.005      0.430      0.000
  -1   -2     -0.005      0.856      0.000
 251  240     -0.003      0.739      0.000
 252  242     -0.000     -0.008      0.000
  -1   -2      0.003      0.116      0.000
  -1  244      0.006     -0.977      0.000
  -1  243      0.008     -1.172      0.000
 253  246      0.036      1.130      0.000
  -1  247      0.038      0.482      0.000
 256   -2      0.049     -0.646      0.000
 255  248      0.051     -1.128      0.000
 257  249      0.051      0.675      0.000
 259  251      0.055     -0.834      0.000
 258  250      0.056      0.128      0.000
  -1   -2      0.057      0.906      0.000
 261  253      0.066     -0.676      0.000
 262   -2      0.071     -0.014      0.000
 265  257      0.071     -0.501      0.000
 264  256      0.071      0.098      0.000
 263  255      0.072     -0.356      0.000
 267  259      0.099     -0.165      0.000
  -1  252      0.102      0.305      0.000
 268  262      0.106     -1.158      0.000
 269   -2      0.111      0.931      0.000
 270  263      0.115     -0.131      0.000
 271  266      0.129     -0.320      0.000
 272  265      0.134     -0.406      0.000
 274  268      0.140     -0.944      0.000
 273  269      0.141      0.632      0.000
 275  273      0.164     -0.481      0.000
 276  271      0.168      0.789      0.000
 277  272      0.176      0.279      0.000
 279  274      0.184     -0.949      0.000
 280  275      0.194     -0.305      0.000
  -1  276      0.202     -1.163      0.000
 281  277      0.209     -0.767      0.000
  -1   -2      0.221     -0.985      0.000
 283  278      0.222      0.041      0.000
 284  279      0.222      0.987      0.000
 286  281      0.230     -0.653      0.000
 287  280      0.230      0.725      0.000
  -1   -2      0.234      0.804      0.000
 288  282      0.234      0.415      0.000
 290  283      0.250     -0.086      0.000
 293  285      0.273     -0.457      0.000
 295  286      0.277     -0.244      0.000
 303  288      0.290     -1.157      0.000
 297  289      0.292      0.726      0.000
 299  291      0.297      0.924      0.000
  -1  290      0.303      1.074      0.000
  -1  292      0.306     -0.785      0.000
 300  293      0.307      0.855      0.000
 301  294      0.313      0.193      0.000
 302  295      0.318      0.540      0.000
  -1  296      0.334      0.644      0.000
 304  297      0.344     -1.117      0.000
 305   -2      0.345     -0.221      0.000
 306   -2      0.352     -0.262      0.000
 307  299      0.358     -0.967      0.000
 310  301      0.365      0.057      0.000
 312  302      0.373      0.780      0.000
 313  303      0.374     -1.034      0.000
 325  284      0.382      0.270      0.000
  -1   -2      0.397      0.825      0.000
 316  304      0.397     -0.618      0.000
 317  306      0.401     -0.286      0.000
 318  307      0.418     -0.918      0.000
 319  320      0.420      0.882      0.000
 320  309      0.439     -0.702      0.000
 328  308      0.439     -1.170      0.000
  -1   -2      0.442      0.053      0.000
 322  310      0.443     -0.295      0.000
 331   -2      0.452      0.719      0.000
 309   -2      0.454     -0.148      0.000
 324  314      0.465     -0.511      0.000
 327  315      0.473      0.984      0.000
 326   -2      0.475      1.154      0.000
 330  316      0.480      0.132      0.000
 333  319      0.488     -0.463      0.000
  -1   -2      0.490     -1.152      0.000
 337  322      0.511      0.010      0.000
  -1  324      0.522      0.776      0.000
 338  325      0.523     -0.325      0.000
 339  326      0.525     -0.642      0.000
  -1  327      0.539     -1.117      0.000
 340   -2      0.543      1.082      0.000
 341  328      0.559      0.570      0.000
 342  329      0.561     -0.767      0.000
 334  330      0.565      0.417      0.000
 343  331      0.565     -0.497      0.000
 346   -2      0.574     -0.258      0.000
 348  334      0.574     -0.816      0.000
 349  335      0.578      0.169      0.000
 350  336      0.580      0.702      0.000
  -1  338      0.584     -1.089      0.000
 354  332      0.584      0.242      0.000
 351  337      0.586     -0.019      0.000
  -1   -2      0.588      0.836      0.000
 352   -2      0.601     -0.986      0.000
 353  340      0.609      0.588      0.000
 355  341      0.613     -0.467      0.000
 357   -2      0.624      1.138      0.000
 358  344      0.626     -1.021      0.000
 359  343      0.627      1.083      0.000
  -1  339      0.646     -1.169      0.000
 360  345      0.646      0.836      0.000
  -1   -2      0.649     -0.164      0.000
 361  348      0.650     -0.636      0.000
 363  350      0.661      0.719      0.000
 364  351      0.662     -0.734      0.000
 365  352      0.683     -0.936      0.000
 366  353      0.685     -0.586      0.000
 367  354      0.688     -0.034      0.000
 368   -2      0.694      0.982      0.000
 369  355      0.699     -0.214      0.000
 371  356      0.712      0.643      0.000
  -1   -2      0.713     -1.097      0.000
  -1   -2      0.717      1.044      0.000
  -1  357      0.718      0.389      0.000
 372  358      0.721      0.421      0.000
 374  359      0.726      0.062      0.000
 383  349      0.729      0.254      0.000
 375  360      0.730     -1.004      0.000
 376  361      0.732     -0.781      0.000
 377  363      0.741     -0.409      0.000
 378  362      0.742      0.762      0.000
 380  364      0.753      0.998      0.000
 379  366      0.756     -1.057      0.000
 381  367      0.761      0.690      0.000
 382  368      0.763     -0.134      0.000
  -1   -2      0.764     -0.582      0.000
 384   -2      0.770      0.441      0.000
 385   -2      0.772     -0.634      0.000
 386  370      0.777     -0.231      0.000
 389  371      0.784      0.384      0.000
 388  372      0.788      0.909      0.000
 390  373      0.790     -0.977      0.000
 391  374      0.798      1.009      0.000
 396  375      0.817     -0.779      0.000
 394  376      0.820     -0.341      0.000
 395  377      0.823     -0.597      0.000
 393  378      0.824     -1.102      0.000
  -1  379      0.833     -0.014      0.000
 397  380      0.838     -1.044      0.000
 398  381      0.853     -0.849      0.000
 401  383      0.869     -1.156      0.000
 402  385      0.876      1.089      0.000
 403  387      0.880     -0.776      0.000
 400   -2      0.885      0.196      0.000
 405  393      0.922     -0.876      0.000
 406  395      0.928     -0.603      0.000
 407  396      0.933      0.529      0.000
 409  398      0.943      0.315      0.000
 411  399      0.944      0.271      0.000
 408  400      0.944      0.774      0.000
 410  402      0.946     -0.813      0.000
 412  403      0.947      1.061      0.000
 413  401      0.951      0.963      0.000
 414  405      0.960     -0.887      0.000
 415  406      0.980     -0.062      0.000
 416  407      0.988     -0.468      0.000
  -1  408      0.994     -0.727      0.000
 418  409      0.996     -0.560      0.000
 419   -2      1.000     -0.278      0.000
 417  413      1.024     -0.178      0.000
  -1  412      1.028     -0.313      0.000
 422  414      1.032      0.674      0.000
  -1  417      1.039      0.010      0.000
 423  416      1.043      0.620      0.000
 425  419      1.046      0.120      0.000
 424  418      1.048      0.574      0.000
  -1  420      1.054     -0.945      0.000
 445  410      1.058     -0.347      0.000
 430  422      1.059      0.071      0.000
 427  425      1.062      0.722      0.000
 429  424      1.062      0.182      0.000
 431   -2      1.065     -0.118      0.000
  -1   -2      1.072     -0.255      0.000
 433  426      1.074      0.364      0.000
 434  427      1.077     -0.645      0.000
 435  428      1.083     -0.292      0.000
 437   -2      1.105     -0.193      0.000
 436  430      1.106     -1.057      0.000
 438  431      1.112      0.187      0.000
 432  433      1.120     -1.171      0.000
 441   -2      1.133     -0.291      0.000
 444  434      1.136      0.473      0.000
 443  436      1.136     -0.728      0.000
 447   -2      1.148      0.929      0.000
 456  432      1.154      0.404      0.000
 449  438      1.159     -0.963      0.000
 451  439      1.164     -0.082      0.000
 452  440      1.169     -0.874      0.000
 453  442      1.178      0.804      0.000
 455  443      1.179      1.012      0.000
  -1  444      1.183      0.631      0.000
  -1   -2      1.191     -0.142      0.000
  -1  446      1.198     -0.471      0.000
  -1   -2      1.205      0.689      0.000
 458  448      1.211     -0.057      0.000
 457  449      1.212     -0.650      0.000
  -1   -2      1.246      0.561      0.000
 459  450      1.246      0.225      0.000
 460  451      1.258      0.050      0.000
 461  452      1.260      0.125      0.000
 463  453      1.276     -0.618      0.000
  -1   -2      1.283      0.992      0.000
 464  454      1.284      0.727      0.000
 462   -2      1.284      0.866      0.000
  -1  458      1.284     -1.171      0.000
 465  456      1.290     -0.341      0.000
 467  457      1.294     -0.477      0.000
 468   -2      1.301     -1.104      0.000
 469  459      1.306      1.031      0.000
 470  461      1.322     -0.640      0.000
  -1  463      1.334     -0.588      0.000
 472  464      1.354     -0.622      0.000
 475  465      1.359     -0.715      0.000
 476  466      1.370     -1.097      0.000
 478  467      1.375      1.027      0.000
  -1   -2      1.375     -0.879      0.000
 477  469      1.379      0.270      0.000
  -1   -2      1.393     -0.607      0.000
 471   -2      1.395     -0.063      0.000
 483  468      1.402     -1.153      0.000
 481  471      1.418      0.413      0.000
  -1  476      1.421      0.471      0.000
  -1   -2      1.437      0.808      0.000
 482  472      1.444     -0.393      0.000
 484  474      1.456     -0.626      0.000
 485  475      1.457     -0.486      0.000
 488  477      1.462     -0.557      0.000
 489  478      1.471     -0.361      0.000
 486  473      1.479      0.818      0.000
  -1   -2      1.486     -1.086      0.000
  -1  479      1.491      0.058      0.000
  -1  480      1.491      0.129      0.000
 490  481      1.493      0.157      0.000
 491  482      1.496     -0.941      0.000
  -1   -2      1.505      0.325      0.000
 493   -2      1.512     -0.303      0.000
 496  484      1.529      0.242      0.000
 497  485      1.538      1.140      0.000
 498  487      1.543      0.601      0.000
 499  486      1.557     -1.120      0.000
 500  488      1.558     -0.407      0.000
 501   -2      1.559     -0.328      0.000
  -1  489      1.563      0.952      0.000
 503  491      1.569      0.690      0.000
 502  492      1.571     -0.135      0.000
