514
  -1   -2     -1.570     -0.489      0.000
   1    2     -1.554      0.243      0.000
  -1    3     -1.551      0.359      0.000
   2    4     -1.551      0.887      0.000
  -1    5     -1.545      1.027      0.000
   3    6     -1.542      0.308      0.000
   4    7     -1.535      0.585      0.000
  -1   -2     -1.532     -0.244      0.000
   5    8     -1.531      0.456      0.000
   6    9     -1.520      0.725      0.000
   7   10     -1.519     -0.334      0.000
   8   11     -1.514      0.168      0.000
   9   13     -1.502     -0.439      0.000
  10   14     -1.498      0.938      0.000
  13   15     -1.485      0.538      0.000
  12   16     -1.484      0.378      0.000
  -1   -2     -1.467      0.145      0.000
  14   17     -1.467      1.084      0.000
  15   19     -1.461     -0.391      0.000
  -1   -2     -1.461      0.230      0.000
  16   20     -1.456     -0.668      0.000
  17   21     -1.449      0.311      0.000
  18   22     -1.449      0.773      0.000
  27   23     -1.434      0.068      0.000
  20   24     -1.429      0.819      0.000
  11   -2     -1.428     -1.090      0.000
  21   25     -1.427     -0.430      0.000
  -1   -2     -1.426     -1.043      0.000
  24   -2     -1.423     -0.775      0.000
  22   27     -1.422      0.696      0.000
  25   28     -1.407      0.660      0.000
  26   -2     -1.400      0.917      0.000
  28   29     -1.389     -0.580      0.000
  -1   30     -1.388     -0.012      0.000
  30   31     -1.378      0.181      0.000
  -1   -2     -1.376      0.355      0.000
  31   32     -1.372     -0.914      0.000
  -1   -2     -1.359     -0.761      0.000
  -1   -2     -1.356      0.748      0.000
  32   33     -1.344     -0.955      0.000
  -1   -2     -1.343     -1.169      0.000
  33   35     -1.340      0.597      0.000
  34   34     -1.339     -0.369      0.000
  36   36     -1.332      0.983      0.000
  35   37     -1.330      0.427      0.000
  -1   -2     -1.327      0.705      0.000
  -1   -2     -1.326     -0.027      0.000
  -1   38     -1.314     -1.103      0.000
  41   -2     -1.298      0.544      0.000
  40   -2     -1.293     -1.044      0.000
  42   42     -1.292     -0.881      0.000
  43   -2     -1.279     -0.671      0.000
  -1   -2     -1.278      0.434      0.000
  45   44     -1.276     -0.566      0.000
  47   46     -1.271     -0.136      0.000
  48   40     -1.270     -0.498      0.000
  49   48     -1.247     -1.035      0.000
  -1   49     -1.244      1.045      0.000
  52   50     -1.228     -0.884      0.000
  50   51     -1.228      0.876      0.000
  54   52     -1.215     -0.683      0.000
  53   53     -1.214      0.762      0.000
  56   56     -1.201      0.423      0.000
  57   58     -1.191     -0.375      0.000
  -1   -2     -1.184      0.455      0.000
  -1   75     -1.181      0.050      0.000
  67   59     -1.168     -1.174      0.000
  61   62     -1.166     -0.114      0.000
  66   63     -1.163     -0.913      0.000
  62   60     -1.161      1.060      0.000
  65   61     -1.161     -0.874      0.000
  63   64     -1.160      0.678      0.000
  68   65     -1.140     -0.394      0.000
  69   66     -1.139      0.415      0.000
  70   67     -1.130     -0.299      0.000
  73   69     -1.115      1.076      0.000
  75   72     -1.096      0.192      0.000
  77   73     -1.091      0.829      0.000
  76   74     -1.091      0.401      0.000
  74   71     -1.086     -0.176      0.000
  79   76     -1.077      0.597      0.000
  -1   -2     -1.077      0.057      0.000
  81   77     -1.076     -1.092      0.000
  -1   68     -1.075     -1.161      0.000
  82   78     -1.068     -0.227      0.000
  80   -2     -1.066     -1.076      0.000
  83   80     -1.055      0.349      0.000
  84   79     -1.051     -0.764      0.000
  85   82     -1.044      0.443      0.000
  87   81     -1.040     -0.448      0.000
  90   83     -1.016     -0.892      0.000
  88   84     -1.015      0.932      0.000
  89   85     -1.014     -0.796      0.000
  92   88     -1.004     -1.094      0.000
  91   87     -1.003      0.794      0.000
  93   89     -1.001      1.048      0.000
  -1   90     -0.993     -0.595      0.000
  94   94     -0.977     -0.090      0.000
  96   93     -0.974      0.579      0.000
  -1   95     -0.971     -1.027      0.000
  -1   96     -0.967      1.073      0.000
  -1   -2     -0.937      0.754      0.000
 104   -2     -0.936     -0.967      0.000
 100   99     -0.923     -0.135      0.000
 101   98     -0.921      0.696      0.000
  -1   -2     -0.919      0.912      0.000
 107  102     -0.907      1.096      0.000
 103  105     -0.907     -0.216      0.000
 106   -2     -0.898     -0.018      0.000
  -1  106     -0.897     -0.019      0.000
 109  108     -0.888     -0.618      0.000
  -1  107     -0.887     -1.162      0.000
 105  115     -0.884      0.445      0.000
 111  109     -0.884     -0.753      0.000
 112  111     -0.880      0.260      0.000
 110  112     -0.878      0.321      0.000
 114  113     -0.872     -0.700      0.000
  -1  114     -0.867      0.738      0.000
 115   -2     -0.865     -0.490      0.000
 116  116     -0.838     -0.054      0.000
 117  118     -0.830      0.817      0.000
 118  117     -0.828      1.047      0.000
 119  121     -0.823      0.038      0.000
 121  120     -0.822      1.093      0.000
 120  123     -0.818     -0.910      0.000
  -1   -2     -0.818     -0.385      0.000
 122  125     -0.805     -0.441      0.000
 123  124     -0.804      0.881      0.000
 126  127     -0.799      0.992      0.000
 127  128     -0.798     -0.754      0.000
 125  129     -0.797      0.140      0.000
 128  133     -0.788     -0.146      0.000
  -1  132     -0.780     -1.108      0.000
  -1  134     -0.776     -0.342      0.000
  -1  135     -0.771      0.506      0.000
 132  138     -0.757     -0.098      0.000
 131  137     -0.753     -0.929      0.000
  -1  139     -0.739      0.773      0.000
 135  140     -0.737      0.065      0.000
 139  141     -0.733     -0.963      0.000
 129  161     -0.727     -0.545      0.000
 141  142     -0.723     -1.010      0.000
  -1  147     -0.721      0.717      0.000
  -1  145     -0.718      0.863      0.000
 136  143     -0.716     -1.169      0.000
  -1  146     -0.711     -0.677      0.000
  -1  148     -0.704     -0.629      0.000
  -1  150     -0.694      0.992      0.000
 145  151     -0.689      1.046      0.000
 144  152     -0.687     -0.294      0.000
  -1  153     -0.682      0.915      0.000
 149  156     -0.656     -0.266      0.000
 148  155     -0.655     -0.418      0.000
  -1   -2     -0.655     -0.891      0.000
 150  159     -0.649      0.048      0.000
  -1  157     -0.642      1.126      0.000
 151  158     -0.642     -0.747      0.000
 152   -2     -0.638     -0.497      0.000
 155  162     -0.632      0.877      0.000
 154  164     -0.629      0.339      0.000
 137  181     -0.629      0.840      0.000
 153   -2     -0.627     -1.063      0.000
 157  165     -0.622      1.055      0.000
 162   -2     -0.620     -0.987      0.000
 161  169     -0.601      0.463      0.000
 160  168     -0.599     -0.750      0.000
 158  167     -0.599      0.264      0.000
 159  170     -0.598     -0.221      0.000
 163  172     -0.585     -0.488      0.000
 164  173     -0.575      0.646      0.000
  -1  166     -0.572     -0.960      0.000
 167  174     -0.564      1.022      0.000
 165  175     -0.557      0.079      0.000
 168  177     -0.554      0.185      0.000
 172   -2     -0.540     -1.091      0.000
 169  178     -0.536     -0.038      0.000
 170  179     -0.529      1.146      0.000
 171  180     -0.516     -0.116      0.000
 174   -2     -0.501      0.932      0.000
 173  182     -0.500     -0.645      0.000
 175  185     -0.498     -0.264      0.000
 176  184     -0.496      0.129      0.000
 178  188     -0.486      0.431      0.000
 180  189     -0.466     -0.731      0.000
 181  190     -0.449      0.305      0.000
 183  191     -0.444     -0.910      0.000
  -1  193     -0.442      0.486      0.000
 184  192     -0.439     -0.160      0.000
 186  194     -0.439      0.709      0.000
 185   -2     -0.438     -0.479      0.000
 187  195     -0.437     -0.798      0.000
 188  197     -0.426     -0.564      0.000
  -1  186     -0.418      0.060      0.000
 190  199     -0.414     -0.241      0.000
 191  198     -0.413     -1.122      0.000
 192  201     -0.407      0.684      0.000
  -1  200     -0.406      1.016      0.000
 194  202     -0.402     -0.624      0.000
 193  211     -0.389     -1.168      0.000
  -1   -2     -0.385     -0.696      0.000
 196  205     -0.381     -0.912      0.000
 195  206     -0.376      1.007      0.000
  -1  207     -0.369     -0.619      0.000
 198  208     -0.367      0.934      0.000
 199  209     -0.366      0.823      0.000
 200  210     -0.357     -1.124      0.000
 201  212     -0.347     -0.530      0.000
 202  213     -0.345      0.184      0.000
 204  214     -0.341      0.282      0.000
 205  215     -0.325      0.747      0.000
  -1   -2     -0.314      0.460      0.000
 208  217     -0.310     -0.873      0.000
 207  218     -0.309     -0.439      0.000
 210  219     -0.298      0.388      0.000
 211  221     -0.292     -0.924      0.000
 212  222     -0.280     -0.361      0.000
 213   -2     -0.273      0.118      0.000
 214  223     -0.267      0.693      0.000
 216  225     -0.260     -1.008      0.000
 215  226     -0.259     -0.617      0.000
 217  227     -0.253     -1.121      0.000
  -1   -2     -0.252     -0.508      0.000
  -1   -2     -0.246     -0.804      0.000
 225  228     -0.231      0.014      0.000
 220  229     -0.231     -1.087      0.000
 219  230     -0.228      0.656      0.000
  -1   -2     -0.223      0.353      0.000
 221  231     -0.222     -0.198      0.000
  -1  234     -0.204     -0.734      0.000
 224  233     -0.203      0.074      0.000
  -1  235     -0.189     -0.236      0.000
 228  236     -0.182     -1.124      0.000
 239   -2     -0.165     -0.706      0.000
 229  240     -0.159     -0.160      0.000
  -1  241     -0.149      0.442      0.000
  -1  243     -0.147      0.356      0.000
 233  244     -0.137     -0.067      0.000
  -1   -2     -0.136      0.739      0.000
 241  242     -0.134     -0.586      0.000
 234  246     -0.132      0.567      0.000
 235  245     -0.131     -0.944      0.000
 227   -2     -0.126      1.128      0.000
 236  249     -0.122      0.303      0.000
  -1  251     -0.114     -1.166      0.000
 238  252     -0.104      0.209      0.000
 240  253     -0.098     -0.137      0.000
  -1   -2     -0.092     -1.121      0.000
 242  256     -0.082      1.055      0.000
 243  257     -0.081     -0.283      0.000
 244  258     -0.078      0.321      0.000
 246  259     -0.074     -1.007      0.000
 247  260     -0.064      0.536      0.000
 248  261     -0.052     -0.002      0.000
 249  262     -0.037     -0.368      0.000
 250  263     -0.034      1.124      0.000
  -1  266     -0.020     -0.428      0.000
  -1  264     -0.020     -0.629      0.000
 251  265     -0.019     -0.116      0.000
  -1   -2     -0.017     -1.073      0.000
 252  270     -0.011     -1.166      0.000
 254  267     -0.011      0.515      0.000
 255  268     -0.009      0.286      0.000
 257  272      0.011      0.338      0.000
 259  271      0.012      0.891      0.000
 258  273      0.012      0.045      0.000
 260  274      0.014      0.782      0.000
  -1   -2      0.026     -1.115      0.000
 262  276      0.029      0.519      0.000
  -1  279      0.030      0.586      0.000
 263  277      0.038      0.305      0.000
 264  278      0.045     -0.040      0.000
 267  280      0.061      0.819      0.000
 266   -2      0.061      0.590      0.000
 268  281      0.065     -0.988      0.000
 269  284      0.074      0.535      0.000
 270  283      0.074     -0.831      0.000
 271  287      0.087      0.141      0.000
 272  289      0.089     -0.634      0.000
 275  290      0.099      0.101      0.000
 276  293      0.099     -0.039      0.000
 277  292      0.102      0.407      0.000
 274  291      0.105      1.107      0.000
 278  295      0.109     -1.162      0.000
 279  294      0.117      0.365      0.000
 281  297      0.139      0.771      0.000
  -1   -2      0.139     -0.948      0.000
 280  298      0.141     -0.519      0.000
 282  300      0.145     -0.418      0.000
 283  301      0.149      0.605      0.000
  -1  302      0.155     -0.599      0.000
 284  303      0.161      0.952      0.000
 285  304      0.173      0.330      0.000
 286  305      0.187     -0.617      0.000
 287  299      0.194     -1.106      0.000
  -1  306      0.200     -0.398      0.000
 288  308      0.210      0.983      0.000
  -1  307      0.211      0.875      0.000
 289  309      0.215     -0.923      0.000
 290  310      0.217      0.031      0.000
  -1   -2      0.222     -1.145      0.000
 291  311      0.223      0.501      0.000
  -1   -2      0.224     -1.140      0.000
 292  312      0.225     -0.498      0.000
 294  313      0.229     -0.796      0.000
 295  314      0.243     -0.127      0.000
  -1   -2      0.262     -0.814      0.000
 299  317      0.268     -0.320      0.000
 298  316      0.268      0.874      0.000
 300  318      0.279      1.094      0.000
 302  319      0.284      1.019      0.000
 296   -2      0.287      0.653      0.000
 301  320      0.287      0.223      0.000
  -1   -2      0.316      0.528      0.000
  -1  322      0.327     -0.288      0.000
 308  323      0.329     -0.169      0.000
  -1  324      0.330      0.641      0.000
 311   -2      0.334      0.054      0.000
 313  326      0.341      0.932      0.000
 314   -2      0.345      0.316      0.000
 316  328      0.365     -1.105      0.000
 309  332      0.366     -1.164      0.000
 310   -2      0.370     -0.360      0.000
 319  330      0.382     -0.738      0.000
 322  325      0.395      0.052      0.000
 323  333      0.407     -0.366      0.000
 324  334      0.410      0.268      0.000
 325  335      0.413     -0.414      0.000
 326  337      0.419     -1.046      0.000
 318  354      0.420     -0.955      0.000
 327  336      0.422      0.155      0.000
 328  338      0.425     -0.818      0.000
 330  340      0.436     -0.608      0.000
  -1  339      0.436      0.810      0.000
 329  343      0.448      1.139      0.000
  -1  344      0.460     -0.551      0.000
 331   -2      0.466      0.004      0.000
 338  346      0.469      0.470      0.000
 334  348      0.478     -0.389      0.000
 352   -2      0.479     -0.122      0.000
 333  350      0.480     -0.612      0.000
 337  353      0.487      0.672      0.000
 336  351      0.489      0.564      0.000
  -1   -2      0.495     -0.894      0.000
 340  355      0.501     -0.736      0.000
 339  357      0.503      0.288      0.000
 347  345      0.503      0.062      0.000
 342  358      0.514     -0.024      0.000
  -1  359      0.516      0.618      0.000
 343  362      0.518     -0.578      0.000
 344  361      0.522      0.828      0.000
 346  363      0.536     -0.841      0.000
 345   -2      0.537      0.699      0.000
  -1  364      0.558     -0.887      0.000
 349  365      0.567     -0.531      0.000
 350  367      0.594      0.838      0.000
 351  368      0.598      0.967      0.000
 363  356      0.602     -0.036      0.000
 357   -2      0.607     -1.168      0.000
 353  371      0.616     -0.700      0.000
 354  372      0.621      0.460      0.000
 355  373      0.624      0.497      0.000
 358  377      0.630     -0.607      0.000
 356   -2      0.633     -1.094      0.000
  -1  375      0.634      0.750      0.000
  -1  376      0.634      0.136      0.000
 361  378      0.639     -0.797      0.000
  -1  392      0.647      0.299      0.000
 362  380      0.663      1.109      0.000
  -1  381      0.669      0.515      0.000
  -1  384      0.673     -0.377      0.000
 367  382      0.674      0.874      0.000
 364  383      0.679      0.449      0.000
 365   -2      0.681     -0.444      0.000
 366  385      0.682      0.793      0.000
 348  418      0.708     -0.829      0.000
 370   -2      0.715      1.119      0.000
 376  374      0.715     -1.102      0.000
  -1  393      0.724     -0.475      0.000
 373  396      0.731     -0.006      0.000
 372  391      0.734     -0.665      0.000
  -1  398      0.734      1.019      0.000
  -1  397      0.734     -1.049      0.000
 374   -2      0.735     -0.425      0.000
 377  394      0.739      1.106      0.000
 375  400      0.746     -0.356      0.000
 371   -2      0.767     -1.092      0.000
 379  404      0.780     -0.621      0.000
  -1   -2      0.790     -0.449      0.000
 382  406      0.799     -0.798      0.000
 378   -2      0.804      0.267      0.000
  -1  408      0.811     -0.136      0.000
  -1   -2      0.812      0.918      0.000
 385  410      0.815      0.791      0.000
 386  411      0.818      0.315      0.000
 387  409      0.819      0.598      0.000
 384   -2      0.819      0.362      0.000
 380   -2      0.823     -0.077      0.000
  -1   -2      0.830     -0.456      0.000
 389  414      0.835     -0.863      0.000
  -1  415      0.838     -1.120      0.000
 390  416      0.847     -1.057      0.000
  -1  417      0.852      1.032      0.000
 393  420      0.865      0.853      0.000
  -1   -2      0.872     -1.085      0.000
 392  425      0.872     -1.155      0.000
 394  421      0.875     -0.046      0.000
  -1  423      0.892     -0.202      0.000
 395  438      0.895     -0.665      0.000
 397   -2      0.901      1.024      0.000
  -1   -2      0.902     -1.005      0.000
 398  424      0.917      1.067      0.000
 399  426      0.917     -0.268      0.000
 400  427      0.919     -0.155      0.000
  -1   -2      0.922     -0.873      0.000
 402  429      0.923     -0.455      0.000
 401   -2      0.924      0.151      0.000
 396   -2      0.924      0.030      0.000
  -1  430      0.926     -0.803      0.000
 404  431      0.926      1.135      0.000
 407  432      0.932      0.728      0.000
 409  428      0.932      0.220      0.000
 413   -2      0.933     -1.080      0.000
 408  433      0.933      0.619      0.000
 406  435      0.933      0.673      0.000
 410  437      0.943     -0.544      0.000
 411  436      0.943      0.400      0.000
 403  444      0.960     -0.706      0.000
 412  439      0.970      0.772      0.000
  -1   -2      0.972      0.008      0.000
  -1   -2      0.978     -0.614      0.000
 415  443      0.982      0.217      0.000
  -1   -2      0.991      0.707      0.000
 416  442      0.993     -0.258      0.000
 417  445      1.000     -0.169      0.000
 418  446      1.009      0.505      0.000
 419  447      1.015     -0.837      0.000
 420  448      1.025      0.437      0.000
 421  449      1.034     -0.606      0.000
 422  450      1.040     -0.257      0.000
  -1   -2      1.047     -1.168      0.000
 425  451      1.052      0.741      0.000
 424   -2      1.053     -0.465      0.000
  -1   -2      1.057     -0.748      0.000
 426  452      1.059     -0.346      0.000
 427   -2      1.065     -0.712      0.000
 428  453      1.073      0.645      0.000
 423  456      1.078     -0.033      0.000
  -1   -2      1.082     -0.110      0.000
 430  457      1.094      0.954      0.000
 432  458      1.096      0.819      0.000
 434  460      1.101      0.704      0.000
 436  459      1.102      0.279      0.000
 429   -2      1.102      1.025      0.000
 435  462      1.105     -0.672      0.000
 437  463      1.111     -0.999      0.000
  -1   -2      1.111     -0.138      0.000
 440  464      1.127      0.246      0.000
 439  466      1.135     -0.003      0.000
 441  467      1.139      0.086      0.000
 443  468      1.142      1.023      0.000
 438  473      1.151     -1.119      0.000
 446  469      1.152     -0.807      0.000
 444   -2      1.153     -1.122      0.000
  -1  472      1.155     -0.893      0.000
  -1   -2      1.157     -0.388      0.000
 447  474      1.172     -0.574      0.000
  -1  477      1.186      0.185      0.000
  -1   -2      1.211      0.964      0.000
 453  478      1.234     -0.528      0.000
 452  479      1.236     -0.397      0.000
  -1   -2      1.254     -0.602      0.000
 456  481      1.264      1.002      0.000
  -1  485      1.285     -0.542      0.000
 454  486      1.291     -0.173      0.000
 459  488      1.301      0.390      0.000
 460   -2      1.304     -1.149      0.000
 462  489      1.310      0.449      0.000
 461  490      1.311     -1.009      0.000
 463  491      1.315     -0.518      0.000
  -1   -2      1.319      0.614      0.000
 464  492      1.330     -0.603      0.000
  -1  494      1.355      0.438      0.000
 467  495      1.367      0.755      0.000
 468   -2      1.372     -0.979      0.000
 469  497      1.388     -1.037      0.000
 470  498      1.393      1.121      0.000
 472  499      1.402      0.169      0.000
 474  496      1.411     -0.988      0.000
 475  501      1.413     -0.375      0.000
 476  502      1.417     -0.262      0.000
 477  503      1.425     -0.501      0.000
 478  504      1.427     -0.437      0.000
 480  505      1.441      0.238      0.000
 481  506      1.448      0.541      0.000
 482   -2      1.450     -1.100      0.000
  -1   -2      1.462      0.665      0.000
 483   -2      1.466     -0.205      0.000
 485  509      1.481      0.612      0.000
  -1   -2      1.481      1.088      0.000
 486  511      1.485     -0.798      0.000
  -1   -2      1.491     -0.491      0.000
 488  512      1.499      0.858      0.000
 489  513      1.503      0.278      0.000
 491  514      1.516     -0.228      0.000
 490  515      1.518     -0.071      0.000
  -1   -2      1.524     -0.290      0.000
 492  516      1.529     -0.514      0.000
 493  519      1.542      0.061      0.000
 494  520      1.545      0.449      0.000
 496  522      1.552      1.128      0.000
 497  521      1.552     -0.665      0.000
 495  523      1.553     -1.090      0.000
  -1   -2      1.555     -0.973      0.000
 498  524      1.569     -0.871      0.000
