523
  -1    0     -1.573     -0.026      0.000
  -1    1     -1.567      0.866      0.000
  -1   18     -1.555     -0.436      0.000
  -1    5     -1.548      0.807      0.000
  -1    4     -1.545     -0.243      0.000
  -1   -2     -1.531     -0.124      0.000
   2    9     -1.516      0.221      0.000
   3   10     -1.511      0.327      0.000
   4   11     -1.500      0.280      0.000
   5   12     -1.496      0.531      0.000
   6   13     -1.492      0.660      0.000
   7   14     -1.490      0.412      0.000
   8   16     -1.489     -0.292      0.000
  10   17     -1.483      0.867      0.000
  12   19     -1.469      0.157      0.000
  13   20     -1.465      1.015      0.000
   1   -2     -1.456     -0.981      0.000
  14   23     -1.448     -0.608      0.000
  -1   24     -1.443      0.490      0.000
  16   -2     -1.436     -1.096      0.000
  17   25     -1.436      0.346      0.000
  19   26     -1.432     -0.345      0.000
  18   -2     -1.431     -0.297      0.000
  20   27     -1.419      0.713      0.000
  29   -2     -1.418     -0.713      0.000
  -1   29     -1.414      0.137      0.000
  22   31     -1.396     -0.384      0.000
  23   32     -1.395      0.287      0.000
  24   33     -1.385      0.641      0.000
  25   39     -1.383      0.066      0.000
  28   37     -1.367      1.113      0.000
  -1   38     -1.364      0.609      0.000
  27   -2     -1.360     -0.485      0.000
  30   40     -1.359     -0.898      0.000
  31   41     -1.345     -1.040      0.000
  -1   42     -1.330     -0.005      0.000
  34   -2     -1.329      0.695      0.000
  35   43     -1.323      0.927      0.000
  36   44     -1.321      1.083      0.000
  37   45     -1.316      0.170      0.000
  -1   46     -1.302     -0.814      0.000
  40   49     -1.296     -0.335      0.000
  42   51     -1.291     -0.846      0.000
  43   50     -1.288      0.554      0.000
  -1   -2     -1.285      0.656      0.000
  47   52     -1.268     -0.984      0.000
  45   53     -1.266      0.393      0.000
  46   56     -1.262     -0.019      0.000
  48   54     -1.262     -0.630      0.000
  -1   -2     -1.260      0.697      0.000
  50   55     -1.247     -0.525      0.000
  51   57     -1.242      0.996      0.000
  54   58     -1.232     -0.837      0.000
  -1   -2     -1.231     -0.590      0.000
  -1   -2     -1.211     -0.775      0.000
  55   59     -1.208     -0.124      0.000
  56   60     -1.202      0.833      0.000
  -1   -2     -1.201     -0.639      0.000
  -1   61     -1.195     -1.122      0.000
  -1   -2     -1.182      0.599      0.000
  57   -2     -1.180     -1.087      0.000
  58   62     -1.176      0.727      0.000
  59   63     -1.167     -0.869      0.000
  -1   64     -1.164     -0.833      0.000
  60   65     -1.164      1.040      0.000
  -1   67     -1.163      0.632      0.000
  -1   66     -1.157      0.999      0.000
  61   -2     -1.154      0.626      0.000
  -1   69     -1.141     -1.007      0.000
  -1   -2     -1.138      0.864      0.000
  62   71     -1.138     -0.349      0.000
  63   70     -1.137     -1.101      0.000
  64   72     -1.132      0.402      0.000
  66   73     -1.115      1.042      0.000
  71   -2     -1.108      0.650      0.000
  65   74     -1.105     -1.022      0.000
  67   76     -1.104     -1.062      0.000
  68   78     -1.094     -0.104      0.000
  69   79     -1.089     -0.373      0.000
  -1   80     -1.078     -0.056      0.000
  70   98     -1.076     -0.488      0.000
  72   81     -1.070     -0.287      0.000
  73   82     -1.066      0.397      0.000
  74   83     -1.061      0.800      0.000
  75   84     -1.059      0.258      0.000
  76   85     -1.046      0.477      0.000
  78   77     -1.045     -1.170      0.000
  77   68     -1.037     -0.660      0.000
  80   87     -1.030     -1.060      0.000
  79   89     -1.028     -0.160      0.000
  81   90     -1.021      0.580      0.000
  83   91     -1.018     -0.862      0.000
  82   92     -1.017      0.388      0.000
  84   93     -1.015      0.184      0.000
  -1   95     -1.004      0.250      0.000
  86   96     -1.002     -0.221      0.000
  88   97     -0.996      1.026      0.000
  87   -2     -0.996     -0.432      0.000
  -1   -2     -0.996     -0.180      0.000
  89   99     -0.991      0.912      0.000
  90  105     -0.983     -0.938      0.000
  91  101     -0.976      0.338      0.000
  93  102     -0.968      1.058      0.000
  -1   -2     -0.968     -1.102      0.000
  -1  104     -0.953      0.779      0.000
  94   -2     -0.940     -0.937      0.000
  95  106     -0.937      1.123      0.000
  96  107     -0.914      0.569      0.000
  97  109     -0.910      0.306      0.000
  99  108     -0.910      1.085      0.000
 101   -2     -0.900      0.747      0.000
 100  110     -0.899     -0.090      0.000
 102   -2     -0.895      0.902      0.000
 112  100     -0.880     -1.170      0.000
 103  111     -0.877     -1.088      0.000
 104  112     -0.871      0.689      0.000
 105  114     -0.863     -0.742      0.000
  98  115     -0.856     -0.613      0.000
 108  116     -0.846     -0.693      0.000
 107  117     -0.845     -0.136      0.000
 109  118     -0.844     -0.444      0.000
 120   -2     -0.824      0.330      0.000
 113   -2     -0.822      0.735      0.000
 115  120     -0.822      1.090      0.000
 117  121     -0.820     -0.943      0.000
 114  123     -0.818     -0.010      0.000
  -1   -2     -0.814     -0.911      0.000
 110  131     -0.808      0.445      0.000
  -1  134     -0.795     -0.278      0.000
 121   -2     -0.794      0.406      0.000
 118  128     -0.791      0.815      0.000
  -1   -2     -0.787      0.027      0.000
 122  129     -0.787      0.992      0.000
  -1  126     -0.787      0.293      0.000
  -1  130     -0.785     -0.799      0.000
 124  132     -0.779     -0.753      0.000
 125  133     -0.775      0.886      0.000
  -1  125     -0.772     -1.163      0.000
 111  156     -0.769     -0.225      0.000
 119   -2     -0.767     -1.077      0.000
 126  136     -0.759     -0.058      0.000
 128  135     -0.754     -0.930      0.000
 127  137     -0.753     -0.445      0.000
 129  139     -0.742      0.035      0.000
 130  140     -0.738     -0.964      0.000
 131  141     -0.734     -1.011      0.000
 132  142     -0.723      0.980      0.000
  -1   -2     -0.716     -0.929      0.000
 133  144     -0.711      0.139      0.000
 134  145     -0.709     -0.151      0.000
  -1   -2     -0.695     -0.490      0.000
 136  147     -0.694      1.119      0.000
  -1   -2     -0.689      0.873      0.000
 137  151     -0.683     -0.556      0.000
 139  150     -0.682      1.062      0.000
  -1  152     -0.681     -0.687      0.000
 135  154     -0.679      0.737      0.000
 138  155     -0.676     -0.103      0.000
  -1   -2     -0.654     -1.172      0.000
 148  161     -0.646     -1.121      0.000
 146  160     -0.642      1.145      0.000
 147  158     -0.642     -1.076      0.000
 149  163     -0.624     -0.308      0.000
 150  162     -0.621     -1.002      0.000
 151  164     -0.618     -0.764      0.000
 152  165     -0.617      1.072      0.000
  -1  166     -0.608     -0.546      0.000
 153  167     -0.602      0.887      0.000
 154  168     -0.596     -0.432      0.000
 155  169     -0.590     -0.512      0.000
 156  170     -0.587     -0.281      0.000
 159  174     -0.570      0.042      0.000
  -1  172     -0.570      0.410      0.000
 163  173     -0.562     -1.098      0.000
 161  175     -0.558      0.350      0.000
 162   -2     -0.554      1.050      0.000
  -1  181     -0.544     -1.169      0.000
 164  176     -0.538     -0.514      0.000
  -1  177     -0.532     -0.237      0.000
  -1  179     -0.528      0.265      0.000
 166  178     -0.528      0.542      0.000
 165   -2     -0.527      0.482      0.000
 167  180     -0.522      0.675      0.000
 168   -2     -0.498     -0.704      0.000
  -1  184     -0.494     -0.651      0.000
 171  182     -0.486      0.079      0.000
 172   -2     -0.483      0.972      0.000
 169  183     -0.481      0.187      0.000
 173   -2     -0.472     -0.680      0.000
 174  185     -0.464     -0.049      0.000
 170   -2     -0.459     -1.161      0.000
 175  186     -0.448     -0.131      0.000
 177  189     -0.439     -0.290      0.000
 178  188     -0.439     -0.951      0.000
  -1  187     -0.433     -0.767      0.000
 180  192     -0.424      0.447      0.000
 181  191     -0.422     -0.841      0.000
 182  196     -0.400      0.752      0.000
 184  194     -0.396      0.636      0.000
 183  193     -0.396     -0.516      0.000
 185   -2     -0.395      1.069      0.000
 186  197     -0.389     -0.608      0.000
 188  199     -0.384      0.322      0.000
 189  200     -0.377     -0.185      0.000
 190  201     -0.377     -0.962      0.000
 191  202     -0.372     -0.672      0.000
 193  203     -0.367      1.065      0.000
 192  204     -0.366     -0.292      0.000
 194   -2     -0.365      0.728      0.000
  -1   -2     -0.355     -1.076      0.000
 195  206     -0.353     -0.257      0.000
 197  205     -0.352      0.991      0.000
 199  208     -0.340      0.875      0.000
  -1   -2     -0.338      0.519      0.000
 201  209     -0.312     -0.577      0.000
 202  210     -0.303     -0.933      0.000
 203  212     -0.295      0.799      0.000
  -1   -2     -0.295      0.535      0.000
 213  211     -0.293     -0.847      0.000
 205  213     -0.290     -0.987      0.000
  -1   -2     -0.286     -0.751      0.000
 204  215     -0.283      0.300      0.000
 200  216     -0.272     -0.482      0.000
 206  217     -0.270     -1.167      0.000
  -1   -2     -0.266      0.494      0.000
 209  218     -0.265     -1.073      0.000
 208  219     -0.262     -0.192      0.000
 210  220     -0.249      0.417      0.000
 211  221     -0.239     -0.405      0.000
 212  222     -0.238     -0.682      0.000
  -1   -2     -0.234      0.753      0.000
  -1  223     -0.226     -1.092      0.000
 214  224     -0.222      0.119      0.000
  -1  225     -0.209      0.334      0.000
 217  226     -0.199      0.712      0.000
  -1   -2     -0.171      0.387      0.000
 220  229     -0.158      0.069      0.000
  -1   -2     -0.156     -0.056      0.000
 221  230     -0.152     -0.774      0.000
 215   -2     -0.149      0.966      0.000
  -1  231     -0.148     -0.277      0.000
 229  227     -0.135      0.738      0.000
 222  233     -0.131     -0.663      0.000
 224  234     -0.130     -1.024      0.000
 223  235     -0.124     -0.192      0.000
 225  236     -0.116      0.486      0.000
 226  237     -0.115      0.384      0.000
 227  239     -0.105      0.621      0.000
  -1  248     -0.100     -1.162      0.000
 228  241     -0.098     -0.086      0.000
  -1  242     -0.091      0.326      0.000
 230  243     -0.088      1.137      0.000
 231  244     -0.075     -1.094      0.000
 233  246     -0.072      0.222      0.000
  -1   -2     -0.069      0.696      0.000
 234  247     -0.066     -0.172      0.000
 232  245     -0.064     -0.630      0.000
 238  250     -0.051      0.348      0.000
  -1  249     -0.051     -0.330      0.000
 239  251     -0.045      0.585      0.000
 240  252     -0.023     -0.015      0.000
 241  253     -0.016     -0.426      0.000
 242   -2     -0.002     -0.478      0.000
  -1  255      0.006      0.564      0.000
 243  256      0.009      0.319      0.000
 244  257      0.013      0.978      0.000
 245   -2      0.018      0.856      0.000
 247  261      0.027     -0.232      0.000
  -1  258      0.028      0.368      0.000
 246  259      0.029      0.042      0.000
 249  262      0.040      0.575      0.000
 250  264      0.051      0.329      0.000
 252  265      0.063      0.904      0.000
 253  267      0.065     -1.081      0.000
 256  266      0.067      0.648      0.000
 257  269      0.078     -0.920      0.000
 255   -2      0.079      0.792      0.000
 258  270      0.083      1.143      0.000
 259  271      0.096     -0.716      0.000
 260  272      0.097      0.145      0.000
 261  273      0.107      0.448      0.000
 236  305      0.107     -1.157      0.000
  -1  274      0.109      0.100      0.000
 264  275      0.113     -0.061      0.000
  -1   -2      0.127      0.964      0.000
 266  279      0.136      0.846      0.000
  -1   -2      0.138     -0.949      0.000
  -1   -2      0.145      0.675      0.000
 263   -2      0.145      0.194      0.000
 267  281      0.149     -0.483      0.000
 268  282      0.152      1.042      0.000
 269  280      0.152     -0.597      0.000
 271  283      0.173     -0.684      0.000
 272  285      0.176      0.360      0.000
  -1   -2      0.199     -0.458      0.000
 274  287      0.200      0.961      0.000
 276  288      0.211      0.554      0.000
 277  289      0.214      0.021      0.000
 278  290      0.214     -1.008      0.000
 280  292      0.237     -0.157      0.000
 281  293      0.255      0.957      0.000
 284  294      0.259     -0.374      0.000
 283  295      0.260     -0.898      0.000
  -1  296      0.269      0.721      0.000
 286  297      0.272      1.109      0.000
 287  298      0.273      0.239      0.000
  -1  299      0.275     -0.240      0.000
  -1   -2      0.299     -1.137      0.000
 290  304      0.302     -1.010      0.000
 291   -2      0.303     -0.080      0.000
 295  306      0.316      0.049      0.000
 294  307      0.316     -0.201      0.000
  -1  308      0.321     -0.399      0.000
  -1   -2      0.323     -0.037      0.000
 296   -2      0.326      1.016      0.000
 297  309      0.329     -0.595      0.000
 298   -2      0.349     -1.174      0.000
  -1   -2      0.352      1.063      0.000
  -1   -2      0.353     -1.021      0.000
  -1  310      0.355     -0.408      0.000
 299  311      0.372      0.051      0.000
 300  312      0.374     -0.807      0.000
  -1   -2      0.376      1.122      0.000
 301  313      0.383      0.289      0.000
 302   -2      0.389     -0.974      0.000
 303  314      0.390     -0.413      0.000
 304  315      0.394      0.162      0.000
 305  316      0.400     -0.463      0.000
  -1   -2      0.406      0.438      0.000
 308  319      0.420     -0.886      0.000
 293  324      0.424     -1.114      0.000
  -1   -2      0.424     -1.026      0.000
 313  320      0.425     -0.005      0.000
  -1   -2      0.435     -0.926      0.000
 314  322      0.442     -0.606      0.000
  -1  323      0.449     -0.562      0.000
 318  321      0.457      0.616      0.000
 316  325      0.459     -0.433      0.000
 315  326      0.461      0.739      0.000
 319  328      0.469      0.315      0.000
 321  329      0.479     -0.033      0.000
 322  331      0.482      0.677      0.000
  -1   -2      0.483     -1.114      0.000
 323  330      0.489     -0.794      0.000
 325  333      0.494      0.900      0.000
 324  334      0.495      0.433      0.000
 326  332      0.497     -0.360      0.000
  -1  335      0.502      0.760      0.000
 327  337      0.503     -0.621      0.000
  -1  336      0.504     -0.965      0.000
 328  338      0.530      0.324      0.000
 329  339      0.538     -0.910      0.000
 330  340      0.544     -0.576      0.000
 340   -2      0.555     -1.168      0.000
 331  341      0.559     -0.043      0.000
  -1  343      0.560     -0.956      0.000
 332  342      0.561     -0.436      0.000
 333  344      0.565      0.904      0.000
 334  345      0.574      1.035      0.000
 339  357      0.575     -0.205      0.000
 336  346      0.578      0.541      0.000
  -1   -2      0.589      0.143      0.000
 338  348      0.594      0.324      0.000
  -1  349      0.595      0.809      0.000
 341  350      0.600     -0.743      0.000
 342  352      0.604     -0.988      0.000
 343  355      0.621     -0.677      0.000
 347  354      0.622      0.556      0.000
 346  356      0.626      0.488      0.000
 344  359      0.627     -0.837      0.000
  -1   -2      0.630     -0.404      0.000
 348  358      0.638     -1.133      0.000
 349  360      0.643      0.934      0.000
 350  361      0.648      0.852      0.000
 351  363      0.651     -0.474      0.000
  -1  370      0.679     -0.005      0.000
  -1   -2      0.691     -1.170      0.000
 352   -2      0.695     -0.499      0.000
 353  366      0.703     -0.859      0.000
 354  367      0.704     -0.450      0.000
 355  369      0.709     -0.375      0.000
 357  368      0.714      0.272      0.000
 356  372      0.716     -0.697      0.000
 358  373      0.721      1.077      0.000
 359   -2      0.735     -0.883      0.000
 360  375      0.738     -1.075      0.000
  -1  371      0.746      0.289      0.000
 362  376      0.754      0.390      0.000
 363  378      0.756     -0.639      0.000
 364  377      0.756      0.339      0.000
 365  381      0.765      0.638      0.000
  -1   -2      0.773     -1.111      0.000
 377   -2      0.781      1.049      0.000
 368  382      0.786     -0.817      0.000
 370  383      0.811     -0.038      0.000
 374  384      0.813      0.903      0.000
 372  386      0.826      0.094      0.000
 371  387      0.827     -0.874      0.000
 376  389      0.844     -0.793      0.000
  -1   -2      0.847     -1.128      0.000
  -1  391      0.847     -0.202      0.000
  -1   -2      0.849      1.117      0.000
  -1  392      0.850     -1.067      0.000
 379  393      0.856      0.164      0.000
 380   -2      0.862     -0.269      0.000
 373  405      0.863     -1.162      0.000
  -1   -2      0.863     -0.152      0.000
 381  395      0.870      0.115      0.000
 383  397      0.871      0.516      0.000
 385  398      0.875      0.424      0.000
 384  399      0.875      0.652      0.000
 386  400      0.880      0.704      0.000
 388  388      0.881      1.064      0.000
  -1  401      0.882      0.765      0.000
 387  403      0.887     -0.455      0.000
 389  396      0.891     -0.293      0.000
  -1  404      0.900      1.105      0.000
  -1   -2      0.902     -1.006      0.000
 393  406      0.910      0.234      0.000
 391  407      0.913     -0.544      0.000
 392  408      0.914     -0.801      0.000
 397   -2      0.920     -0.872      0.000
 394  412      0.923      0.020      0.000
 378   -2      0.931     -1.001      0.000
  -1  410      0.935     -0.964      0.000
 396   -2      0.937     -1.079      0.000
 399  421      0.943     -0.249      0.000
 398  413      0.943      0.525      0.000
 400  416      0.945     -0.157      0.000
 401  418      0.955      0.454      0.000
 402  419      0.981     -1.120      0.000
  -1   -2      0.981     -0.289      0.000
 403  420      0.984     -0.037      0.000
 411   -2      0.989      0.704      0.000
 405  422      1.005     -0.824      0.000
 406  424      1.010     -0.591      0.000
  -1   -2      1.012     -0.409      0.000
 407  423      1.015      0.669      0.000
 408  426      1.020     -0.329      0.000
  -1   -2      1.026      0.249      0.000
  -1   -2      1.027      1.031      0.000
 409  428      1.040     -0.004      0.000
 413  430      1.046     -0.882      0.000
  -1   -2      1.048      0.716      0.000
 410  431      1.048      0.835      0.000
 416  434      1.059     -1.168      0.000
  -1  429      1.060      0.259      0.000
 415  432      1.063      0.969      0.000
 417  435      1.072      0.099      0.000
 418  440      1.080      1.038      0.000
 412  439      1.087     -0.647      0.000
 420  438      1.088     -0.330      0.000
  -1   -2      1.100     -0.558      0.000
 423  433      1.109      0.202      0.000
 424  441      1.112     -0.971      0.000
 425   -2      1.115      1.030      0.000
  -1   -2      1.129      0.023      0.000
 429  436      1.141     -0.774      0.000
 428  444      1.144     -0.547      0.000
 430   -2      1.153     -1.075      0.000
  -1  445      1.155     -1.081      0.000
 432  447      1.165      0.879      0.000
 433  446      1.173     -0.245      0.000
  -1  451      1.196     -0.362      0.000
 437  450      1.196      0.282      0.000
 438  452      1.207     -0.490      0.000
 440  453      1.221      0.562      0.000
  -1   -2      1.231      0.212      0.000
 441  454      1.232     -0.558      0.000
 443   -2      1.235      0.391      0.000
 442  455      1.236      0.993      0.000
  -1   -2      1.244     -0.150      0.000
 435  461      1.251     -1.167      0.000
 445  456      1.258     -0.498      0.000
  -1   -2      1.270     -0.083      0.000
 446  458      1.274     -0.762      0.000
 447  459      1.290     -0.470      0.000
 448   -2      1.290      0.425      0.000
 450  460      1.309     -0.552      0.000
 449   -2      1.310     -0.957      0.000
  -1   -2      1.316      0.732      0.000
 451  464      1.342     -1.061      0.000
 452  463      1.345      0.176      0.000
  -1   -2      1.349      0.153      0.000
 453   -2      1.353     -0.698      0.000
 455  466      1.368     -0.917      0.000
 456  467      1.372      1.085      0.000
 457  469      1.378     -0.222      0.000
 459  470      1.382     -0.326      0.000
 458  471      1.385     -0.977      0.000
 460  472      1.388      0.239      0.000
 461  473      1.391      0.512      0.000
 462  474      1.398     -0.447      0.000
 463  475      1.400     -0.384      0.000
 464  476      1.409     -0.925      0.000
  -1   -2      1.414      0.436      0.000
 480   -2      1.425     -1.164      0.000
 465  477      1.426      0.576      0.000
  -1   -2      1.440     -0.760      0.000
  -1  478      1.451     -1.077      0.000
  -1   -2      1.451     -1.037      0.000
 466  479      1.454      0.270      0.000
 468  480      1.458      0.811      0.000
 470  481      1.476     -0.726      0.000
 479  482      1.484     -0.044      0.000
 472  484      1.488     -0.190      0.000
 475   -2      1.492     -0.243      0.000
 474  485      1.496      0.421      0.000
 477   -2      1.505      0.360      0.000
 478  486      1.506      0.075      0.000
 482  488      1.529      0.691      0.000
 481  489      1.531      1.076      0.000
 483  490      1.533      0.574      0.000
 485  491      1.541     -0.591      0.000
 487  492      1.547      0.374      0.000
 486  495      1.548     -1.013      0.000
  -1  496      1.549      0.024      0.000
 488  494      1.550     -0.893      0.000
  -1   -2      1.553      0.778      0.000
  -1   -2      1.559      1.004      0.000
 490  497      1.560     -0.792      0.000
  -1  483      1.564      0.815      0.000
 491  498      1.566      1.118      0.000
