492
  -1   -2     -1.541      0.957      0.000
   2   16     -1.519     -1.017      0.000
   3    6     -1.516      0.224      0.000
   4    7     -1.511      0.328      0.000
   5    8     -1.503      0.281      0.000
   6    9     -1.498      0.532      0.000
   7   10     -1.493      0.664      0.000
   8   11     -1.491      0.415      0.000
   9   12     -1.489     -0.292      0.000
  11   -2     -1.486     -0.744      0.000
  10   13     -1.483      0.870      0.000
  -1   -2     -1.476     -0.390      0.000
  12   14     -1.473      0.157      0.000
  13   15     -1.466      1.020      0.000
  16   17     -1.449     -0.613      0.000
  15   -2     -1.446     -0.986      0.000
  -1   19     -1.443     -1.107      0.000
  17   20     -1.438      0.346      0.000
  -1   22     -1.436     -0.298      0.000
  18   21     -1.434     -0.348      0.000
  20   23     -1.423      0.715      0.000
  19   -2     -1.417     -0.714      0.000
  23   26     -1.399     -0.386      0.000
  22   27     -1.398      0.287      0.000
  25   28     -1.388      0.644      0.000
  -1   29     -1.382      0.068      0.000
  24   -2     -1.382     -0.214      0.000
  28   32     -1.371     -0.533      0.000
  31   30     -1.367      1.117      0.000
  -1   24     -1.364     -0.767      0.000
  32   33     -1.359     -0.900      0.000
  33   34     -1.345     -1.042      0.000
  -1   -2     -1.333      0.039      0.000
  30   -2     -1.332     -0.004      0.000
  -1   36     -1.331      0.699      0.000
  35   37     -1.324      0.930      0.000
  37   38     -1.321      1.086      0.000
  36   39     -1.321      0.170      0.000
  -1   -2     -1.319     -0.193      0.000
  -1   -2     -1.317      0.329      0.000
  39   41     -1.303     -0.341      0.000
  -1   -2     -1.301     -0.606      0.000
  41   42     -1.298     -0.833      0.000
  42   43     -1.293      0.556      0.000
  -1   -2     -1.273     -0.296      0.000
  -1   46     -1.272      0.397      0.000
  -1   47     -1.268     -0.020      0.000
  43   45     -1.268     -0.985      0.000
  44   48     -1.263     -0.632      0.000
  -1   -2     -1.260      0.038      0.000
  46   50     -1.249     -0.528      0.000
  48   51     -1.243      0.998      0.000
  -1   -2     -1.235     -0.202      0.000
  54   -2     -1.234     -0.589      0.000
  50   52     -1.233     -0.836      0.000
  52   55     -1.213     -0.124      0.000
  53   56     -1.207      0.830      0.000
  55   60     -1.185     -1.107      0.000
  56   61     -1.180      0.726      0.000
  58   62     -1.166     -0.855      0.000
  59   64     -1.165      1.042      0.000
  60   67     -1.156      0.628      0.000
  62   70     -1.144     -0.350      0.000
  66   71     -1.138     -1.103      0.000
  63   72     -1.137      0.402      0.000
  65   75     -1.123     -1.016      0.000
  68   73     -1.115      1.044      0.000
  72   76     -1.102     -1.067      0.000
  70   77     -1.099     -0.104      0.000
  73   78     -1.095     -0.375      0.000
  74   80     -1.086     -0.485      0.000
  77   74     -1.073      0.667      0.000
  76   81     -1.073     -0.284      0.000
  78   82     -1.070      0.398      0.000
  80   83     -1.064      0.802      0.000
  -1   84     -1.064      0.259      0.000
  -1   85     -1.049      0.478      0.000
  82   87     -1.040     -0.729      0.000
  81   86     -1.035     -1.165      0.000
  84   89     -1.034     -0.160      0.000
  85   88     -1.030     -1.064      0.000
  86   90     -1.023      0.581      0.000
  87   92     -1.021      0.388      0.000
  89   91     -1.018     -0.864      0.000
  88   93     -1.017      0.192      0.000
  91   -2     -1.008     -0.785      0.000
  90   95     -1.007     -0.221      0.000
  -1   97     -0.999     -0.433      0.000
  94   96     -0.997      1.028      0.000
  95   99     -0.995      0.913      0.000
  -1  100     -0.984     -0.940      0.000
  96  101     -0.981      0.340      0.000
  97   -2     -0.973      0.438      0.000
  99  102     -0.969      1.059      0.000
 102  105     -0.940     -0.938      0.000
 103  106     -0.938      1.125      0.000
 104  107     -0.918      0.570      0.000
 105  108     -0.914      0.306      0.000
 106  117     -0.914     -0.612      0.000
 107  109     -0.910      1.086      0.000
 108  111     -0.904     -0.090      0.000
 109  110     -0.901      0.747      0.000
 111  112     -0.897      0.902      0.000
  -1  114     -0.883     -1.095      0.000
 113  115     -0.874      0.689      0.000
 115  116     -0.866     -0.742      0.000
 116   -2     -0.858     -0.613      0.000
 117  119     -0.849     -0.135      0.000
 118  118     -0.849     -0.693      0.000
 119  120     -0.845     -0.444      0.000
  -1  127     -0.841      0.473      0.000
 120  138     -0.838     -0.217      0.000
 139  113     -0.824     -1.167      0.000
 125  122     -0.824      0.734      0.000
 124  125     -0.822     -0.010      0.000
  -1  123     -0.822      1.044      0.000
 126   -2     -0.822      1.090      0.000
  -1  124     -0.820     -0.943      0.000
 128  130     -0.805      0.819      0.000
 114  139     -0.805     -1.095      0.000
 129  121     -0.804      0.301      0.000
 130  129     -0.792      0.393      0.000
 132  132     -0.787      0.994      0.000
 134   -2     -0.784     -0.377      0.000
 135  135     -0.781     -0.753      0.000
 136  136     -0.778      0.885      0.000
 140  140     -0.764     -0.057      0.000
 142  142     -0.756     -0.445      0.000
 144  141     -0.751     -0.925      0.000
 143  143     -0.749      0.036      0.000
 145  144     -0.738     -0.963      0.000
 146  145     -0.735     -1.010      0.000
 147  146     -0.725      0.979      0.000
 148  148     -0.717      0.138      0.000
 149  149     -0.715     -0.151      0.000
  -1  156     -0.704      0.769      0.000
 150  151     -0.696      1.118      0.000
 152  153     -0.686     -0.554      0.000
 151  157     -0.685     -0.104      0.000
 153  154     -0.683      1.061      0.000
  -1   -2     -0.679      1.008      0.000
 155   -2     -0.678      0.729      0.000
 112   -2     -0.674     -1.169      0.000
  -1   -2     -0.663      0.360      0.000
  -1   -2     -0.654      0.216      0.000
  -1   -2     -0.649      0.067      0.000
 160  160     -0.643      1.144      0.000
 161  161     -0.642     -1.075      0.000
 158  159     -0.639     -1.115      0.000
 162  162     -0.626     -0.308      0.000
 164  163     -0.622     -1.002      0.000
 163  164     -0.621     -0.764      0.000
 165  165     -0.618      1.068      0.000
 167  167     -0.605      0.885      0.000
 168  168     -0.598     -0.431      0.000
 169  169     -0.594     -0.510      0.000
 170  170     -0.590     -0.280      0.000
  -1   -2     -0.585     -1.114      0.000
 173   -2     -0.581     -0.773      0.000
 174  171     -0.573      0.043      0.000
  -1   -2     -0.565      0.625      0.000
 175  174     -0.560      0.349      0.000
  -1  175     -0.555      1.047      0.000
 178  173     -0.542     -1.086      0.000
 177  177     -0.541     -0.512      0.000
 179  181     -0.535      0.477      0.000
 180  180     -0.530      0.542      0.000
 181  182     -0.526      0.673      0.000
  -1  183     -0.499     -0.703      0.000
 185  187     -0.489      0.185      0.000
 184  190     -0.488     -1.160      0.000
 183  185     -0.487      0.085      0.000
 186  186     -0.483      0.970      0.000
 187  188     -0.474     -0.679      0.000
 189  189     -0.469     -0.048      0.000
 190  191     -0.452     -0.131      0.000
 191   -2     -0.450     -0.812      0.000
 192  192     -0.443     -0.288      0.000
 193  193     -0.440     -0.947      0.000
  -1   -2     -0.433     -0.020      0.000
 195  195     -0.429      0.454      0.000
 196  196     -0.423     -0.839      0.000
 198  197     -0.403      0.750      0.000
 199  199     -0.398     -0.513      0.000
 203  198     -0.396      0.635      0.000
 200  200     -0.396      1.066      0.000
 201  201     -0.391     -0.606      0.000
  -1   -2     -0.389      0.515      0.000
 202  202     -0.388      0.321      0.000
 204  203     -0.387     -0.188      0.000
 206  204     -0.378     -0.959      0.000
 207  205     -0.373     -0.669      0.000
 209  207     -0.369     -0.291      0.000
 208  206     -0.368      1.061      0.000
 210  208     -0.366      0.727      0.000
 212  210     -0.358     -0.254      0.000
 197   -2     -0.355     -1.076      0.000
 215  211     -0.353      0.987      0.000
  -1   -2     -0.347     -0.572      0.000
 217  212     -0.342      0.873      0.000
  -1  222     -0.334     -0.430      0.000
 218  214     -0.315     -0.575      0.000
 219  215     -0.304     -0.929      0.000
 220  216     -0.297      0.796      0.000
 221  221     -0.292      0.307      0.000
 222  219     -0.290     -0.982      0.000
  -1  223     -0.280     -1.169      0.000
  -1   -2     -0.268      0.969      0.000
 224  226     -0.268     -0.189      0.000
 225  225     -0.265     -1.069      0.000
 227  227     -0.251      0.415      0.000
 228  228     -0.241     -0.402      0.000
 229  229     -0.239     -0.679      0.000
 230  218     -0.233     -0.864      0.000
 231  232     -0.226      0.119      0.000
  -1  239     -0.211      1.064      0.000
  -1   -2     -0.203      0.537      0.000
 233  234     -0.201      0.708      0.000
  -1   -2     -0.169     -0.507      0.000
  -1   -2     -0.165     -0.130      0.000
 235  236     -0.161      0.070      0.000
 239  238     -0.151     -0.772      0.000
  -1  242     -0.134     -0.656      0.000
 241  244     -0.130     -0.189      0.000
 242  243     -0.130     -1.019      0.000
 243  245     -0.123      0.479      0.000
 244  246     -0.117      0.380      0.000
 246  247     -0.109      0.618      0.000
  -1  249     -0.100     -0.088      0.000
 249  241     -0.091      0.865      0.000
 250  251     -0.088      1.133      0.000
 252  252     -0.073     -1.089      0.000
 245  256     -0.072     -0.632      0.000
 251  253     -0.071      0.224      0.000
 253  255     -0.070     -0.164      0.000
  -1   -2     -0.069      0.693      0.000
 226  281     -0.068     -1.162      0.000
 259   -2     -0.055     -0.325      0.000
 256  257     -0.053      0.346      0.000
 257  259     -0.047      0.584      0.000
 258  260     -0.031     -0.012      0.000
  -1  261     -0.018     -0.423      0.000
  -1  262     -0.009     -0.509      0.000
 260  264      0.008      0.318      0.000
 261  265      0.012      0.972      0.000
 262  266      0.018      0.853      0.000
 265  269      0.027      0.044      0.000
  -1  267      0.029     -0.227      0.000
  -1   -2      0.030     -1.119      0.000
 266  270      0.039      0.570      0.000
 267  271      0.049      0.329      0.000
 268   -2      0.056     -0.052      0.000
 269  272      0.061      0.898      0.000
 270  273      0.063     -1.073      0.000
 271   -2      0.065      0.644      0.000
 273  276      0.070      0.787      0.000
  -1  274      0.072      0.642      0.000
 274  275      0.074     -0.913      0.000
 275  277      0.083      1.140      0.000
 276  278      0.092     -0.652      0.000
  -1  279      0.096      0.145      0.000
 281  280      0.106      0.447      0.000
  -1   -2      0.107     -0.160      0.000
 279  288      0.108      0.100      0.000
  -1  283      0.116     -0.064      0.000
 278   -2      0.134     -1.167      0.000
 282  285      0.135      0.841      0.000
 283  289      0.149     -0.479      0.000
 285  290      0.152      1.037      0.000
 284  291      0.153     -0.592      0.000
  -1   -2      0.166     -1.138      0.000
 287  292      0.174     -0.680      0.000
 288  293      0.177      0.360      0.000
  -1   -2      0.197      1.062      0.000
  -1  295      0.200      0.956      0.000
  -1   -2      0.210      1.052      0.000
 290  296      0.211      0.551      0.000
 291  297      0.214      0.022      0.000
 292  298      0.217     -1.005      0.000
 294   -2      0.229     -0.872      0.000
 295  299      0.237     -0.155      0.000
 297  300      0.252      0.957      0.000
  -1   -2      0.258      0.128      0.000
  -1  302      0.259     -0.893      0.000
 299  301      0.259     -0.371      0.000
 298   -2      0.259     -0.648      0.000
 300  304      0.272      1.104      0.000
 301  305      0.273      0.238      0.000
 303   -2      0.286      0.146      0.000
 305   -2      0.299      0.577      0.000
 304  308      0.301     -1.005      0.000
  -1  309      0.303     -0.079      0.000
  -1   -2      0.312     -0.326      0.000
 296  330      0.315     -1.134      0.000
 306  311      0.316     -0.199      0.000
 307  310      0.316      0.050      0.000
  -1  314      0.327      1.010      0.000
  -1  315      0.328     -0.593      0.000
 309  316      0.332     -1.173      0.000
 312  320      0.373      0.051      0.000
 313  321      0.374     -0.803      0.000
 315  323      0.383      0.288      0.000
 317  324      0.389     -0.970      0.000
 316  325      0.390     -0.410      0.000
 318  326      0.394      0.162      0.000
 319  327      0.400     -0.459      0.000
  -1   -2      0.407      0.438      0.000
  -1   -2      0.411      0.877      0.000
 320  329      0.419     -0.882      0.000
 310   -2      0.421      1.018      0.000
  -1   -2      0.424     -0.665      0.000
 321   -2      0.424     -1.112      0.000
  -1   -2      0.428      0.696      0.000
 323  332      0.432     -0.003      0.000
 324  334      0.443     -0.602      0.000
 329  338      0.451      0.735      0.000
 327  337      0.458     -0.430      0.000
  -1   -2      0.460      0.616      0.000
 330  336      0.461      0.554      0.000
 336  339      0.470      0.314      0.000
 331   -2      0.481     -1.109      0.000
 333  340      0.484     -0.033      0.000
 334  341      0.485      0.677      0.000
 335  343      0.489     -0.789      0.000
 337  345      0.495      0.432      0.000
 338  344      0.496      0.896      0.000
  -1  346      0.499     -0.359      0.000
 339  348      0.502     -0.619      0.000
 343  350      0.530      0.324      0.000
 344  351      0.539     -0.907      0.000
 346  352      0.544     -0.573      0.000
 349  354      0.560     -0.043      0.000
 351  356      0.563     -0.435      0.000
 352  357      0.565      0.902      0.000
 353  358      0.575      1.032      0.000
  -1   -2      0.575     -0.205      0.000
 354  360      0.578      0.498      0.000
 355   -2      0.579      0.538      0.000
 356  362      0.585      0.319      0.000
 357  359      0.587     -0.255      0.000
 366  353      0.599     -1.168      0.000
 358  364      0.600     -0.740      0.000
 360  365      0.603     -0.986      0.000
 363  366      0.622     -0.674      0.000
 365  369      0.628     -0.834      0.000
  -1   -2      0.630     -1.068      0.000
 367  368      0.630      0.486      0.000
 368  367      0.631      0.545      0.000
 369  371      0.637     -1.133      0.000
 370  372      0.646      0.932      0.000
 371  373      0.649      0.849      0.000
  -1  374      0.652     -0.473      0.000
 372  377      0.696     -0.497      0.000
 373  378      0.702     -0.858      0.000
 374  379      0.704     -0.449      0.000
 376  380      0.709     -0.374      0.000
 378  382      0.715     -0.695      0.000
 377  381      0.716      0.273      0.000
 379  383      0.722      1.073      0.000
 382  384      0.734     -0.882      0.000
  -1  385      0.736     -1.073      0.000
 383   -2      0.742     -0.783      0.000
 387  387      0.756      0.388      0.000
 384  388      0.756     -0.638      0.000
 386  389      0.758      0.338      0.000
 389  390      0.768      0.633      0.000
  -1   -2      0.780      0.842      0.000
  -1   -2      0.782      1.056      0.000
 391  393      0.785     -0.816      0.000
 392   -2      0.793      0.911      0.000
 394  394      0.814     -0.039      0.000
  -1  397      0.827     -0.873      0.000
 395  396      0.827      0.094      0.000
 399  405      0.828     -1.140      0.000
 396  395      0.829      0.893      0.000
  -1   -2      0.838      1.071      0.000
 397  398      0.844     -0.793      0.000
 415  392      0.849      1.115      0.000
 388  423      0.849     -1.066      0.000
 401  403      0.859      0.164      0.000
 403  404      0.863     -0.269      0.000
  -1  407      0.871      0.113      0.000
  -1   -2      0.876      0.299      0.000
 404  408      0.877      0.518      0.000
 405  410      0.877      0.649      0.000
 406  409      0.878      0.422      0.000
 407  411      0.881      0.703      0.000
 409  414      0.887     -0.453      0.000
 410  412      0.889      1.074      0.000
 411  415      0.892     -0.293      0.000
 412   -2      0.898     -0.876      0.000
 414  419      0.914     -0.543      0.000
 413  420      0.914     -0.801      0.000
 416  418      0.915      0.232      0.000
  -1  422      0.927      0.021      0.000
  -1   -2      0.932     -0.315      0.000
  -1  425      0.932     -1.080      0.000
 417  421      0.943     -0.867      0.000
 419  427      0.945      0.524      0.000
 418  426      0.946     -0.252      0.000
 420  428      0.949     -0.155      0.000
 422  429      0.957      0.452      0.000
 424  430      0.979     -1.119      0.000
 425  432      0.987     -0.038      0.000
 427   -2      1.001      0.762      0.000
 426  434      1.005     -0.824      0.000
 428  435      1.010     -0.591      0.000
 429  437      1.016      0.669      0.000
 430  438      1.020     -0.330      0.000
  -1  441      1.037     -0.009      0.000
 434  444      1.051      0.835      0.000
 448  433      1.051      0.715      0.000
 436  450      1.051     -0.696      0.000
  -1  442      1.056     -0.884      0.000
 431   -2      1.062      0.258      0.000
 438  447      1.064      0.967      0.000
 439  445      1.073     -1.169      0.000
 440  448      1.077      0.097      0.000
 441  449      1.080      1.038      0.000
 442   -2      1.087     -0.649      0.000
 437  451      1.089     -0.331      0.000
 443   -2      1.090     -0.400      0.000
 423   -2      1.100     -0.558      0.000
 446  453      1.112      0.201      0.000
 445  454      1.112     -0.973      0.000
 447  455      1.116      1.029      0.000
 457   -2      1.131      0.023      0.000
 449   -2      1.140     -0.776      0.000
 450  458      1.148     -0.552      0.000
 451  457      1.149     -0.860      0.000
 452  459      1.154     -1.077      0.000
  -1   -2      1.160      0.266      0.000
 454  461      1.166      0.879      0.000
 455  462      1.178     -0.244      0.000
 456   -2      1.179      0.961      0.000
 458  472      1.193     -1.171      0.000
  -1   -2      1.198      0.440      0.000
 460  464      1.200      0.281      0.000
 461  465      1.208     -0.493      0.000
 462   -2      1.222     -0.909      0.000
  -1  466      1.224      0.561      0.000
 463  468      1.231     -0.564      0.000
 464  470      1.237      0.994      0.000
 465  469      1.240      0.391      0.000
  -1   -2      1.259     -0.446      0.000
 466  473      1.260     -0.499      0.000
  -1  475      1.273     -0.763      0.000
 469  476      1.291     -0.472      0.000
 470  477      1.291      0.425      0.000
 471  479      1.308     -0.958      0.000
 472  478      1.312     -0.555      0.000
 473  481      1.342     -1.064      0.000
 474  482      1.349      0.169      0.000
  -1  484      1.355     -0.701      0.000
 476   -2      1.363     -1.167      0.000
  -1  485      1.368     -0.920      0.000
 477  486      1.371      1.090      0.000
 478  487      1.381     -0.224      0.000
  -1  489      1.383     -0.980      0.000
 480  488      1.384     -0.329      0.000
 481  490      1.390      0.239      0.000
 482  491      1.394      0.513      0.000
 483  492      1.401     -0.447      0.000
 484  493      1.402     -0.385      0.000
 479  494      1.409     -0.928      0.000
 486  497      1.430      0.580      0.000
 489  501      1.456      0.269      0.000
  -1   -2      1.459      1.046      0.000
 491  502      1.460      0.814      0.000
  -1   -2      1.463     -0.429      0.000
 492  503      1.472     -0.727      0.000
 493   -2      1.484     -0.045      0.000
 494  505      1.489     -0.191      0.000
 496   -2      1.492     -0.245      0.000
 497  507      1.498      0.423      0.000
 498  506      1.504     -0.312      0.000
  -1   -2      1.505     -0.451      0.000
  -1  508      1.505      0.361      0.000
 500  509      1.507      0.075      0.000
  -1  504      1.511     -0.018      0.000
 502  496      1.528     -1.172      0.000
 504  511      1.530      1.080      0.000
 503  510      1.531      0.698      0.000
 505  512      1.535      0.576      0.000
 501   -2      1.538     -1.118      0.000
 506  513      1.541     -0.594      0.000
 508  515      1.548     -1.015      0.000
 509  514      1.549      0.376      0.000
 507  517      1.550     -0.895      0.000
  -1   -2      1.559      0.192      0.000
 510  520      1.559     -0.796      0.000
 512  522      1.566      1.121      0.000
