496
   6   -2     -1.569      0.676      0.000
   2    2     -1.558      0.389      0.000
   4    3     -1.548     -1.012      0.000
   5    5     -1.536      0.052      0.000
   7    6     -1.522     -0.532      0.000
   8   -2     -1.513     -0.352      0.000
  10    7     -1.502      1.105      0.000
  11    9     -1.501      0.209      0.000
  13   10     -1.500     -0.048      0.000
  15   11     -1.494      0.932      0.000
  17   13     -1.484      0.846      0.000
  18   12     -1.484     -0.572      0.000
  -1   14     -1.482     -0.761      0.000
  19   15     -1.480      0.803      0.000
  14   32     -1.479     -1.152      0.000
  20   16     -1.465      0.979      0.000
  21   17     -1.463     -0.832      0.000
  -1   19     -1.463     -0.314      0.000
  22   20     -1.456      0.519      0.000
  24   21     -1.443     -0.055      0.000
  26   22     -1.435      0.718      0.000
  28   24     -1.421     -0.485      0.000
  -1   23     -1.420      0.888      0.000
  -1   -2     -1.415      1.068      0.000
  30   26     -1.411      0.653      0.000
  23   27     -1.407     -0.931      0.000
  -1   28     -1.404     -0.197      0.000
  35   31     -1.349      0.497      0.000
  36   -2     -1.349     -1.169      0.000
  34   -2     -1.348      0.050      0.000
  38   34     -1.331      1.119      0.000
  39   33     -1.330     -1.067      0.000
  41   36     -1.323     -0.689      0.000
  40   37     -1.322     -0.157      0.000
  -1   35     -1.322      0.938      0.000
  45   39     -1.298     -0.800      0.000
  44   41     -1.297      0.477      0.000
  46   42     -1.294     -0.459      0.000
  47   40     -1.293     -1.102      0.000
  48   43     -1.283      0.869      0.000
  49   44     -1.273      0.219      0.000
  52   45     -1.269     -1.011      0.000
  -1   -2     -1.264     -0.653      0.000
  51   48     -1.262      0.563      0.000
  50   47     -1.261     -0.364      0.000
  53   46     -1.260      0.990      0.000
  54   50     -1.258      0.457      0.000
  55   49     -1.257      0.770      0.000
  56   52     -1.247     -0.472      0.000
  -1   51     -1.246     -0.220      0.000
  57   53     -1.239     -0.800      0.000
  59   -2     -1.235     -1.127      0.000
  58   54     -1.234      0.391      0.000
  60   -2     -1.230     -0.697      0.000
  61   55     -1.229      1.159      0.000
  62   58     -1.222     -0.276      0.000
  63   -2     -1.213     -0.492      0.000
  65   -2     -1.211      0.782      0.000
  66   62     -1.204      0.664      0.000
  67   -2     -1.201     -1.166      0.000
  69   59     -1.199     -1.007      0.000
  68   60     -1.199     -0.935      0.000
  64   -2     -1.198      0.495      0.000
  -1   -2     -1.196     -0.499      0.000
  -1   -2     -1.195     -0.589      0.000
  70   63     -1.187      0.345      0.000
  -1   64     -1.163     -0.110      0.000
  71   65     -1.152      0.908      0.000
  73   66     -1.149     -0.510      0.000
  -1   61     -1.141     -0.614      0.000
  -1   67     -1.139     -0.987      0.000
  74   68     -1.129     -1.022      0.000
  75   69     -1.120      0.622      0.000
  76   70     -1.106     -0.154      0.000
  80   71     -1.097      1.160      0.000
  78   72     -1.097     -0.021      0.000
  83   74     -1.079     -0.238      0.000
  82   73     -1.077      0.315      0.000
  84   75     -1.073     -0.837      0.000
  85   95     -1.065     -0.655      0.000
  -1   78     -1.061      0.438      0.000
  86   79     -1.054      0.406      0.000
  87   80     -1.048      0.989      0.000
  89   -2     -1.041     -1.083      0.000
  88   81     -1.039     -0.060      0.000
  94   84     -1.037     -1.165      0.000
  90   -2     -1.036      0.792      0.000
  91   82     -1.034      0.730      0.000
  92   83     -1.033      0.036      0.000
  -1   -2     -1.021     -0.238      0.000
  95   85     -1.018     -0.881      0.000
  93   86     -1.018      0.389      0.000
  96   87     -1.014     -0.476      0.000
  97   88     -1.007      0.140      0.000
  98   89     -1.002     -0.972      0.000
  99   90     -0.999      1.102      0.000
 100   91     -0.977     -0.149      0.000
 101   92     -0.973      0.755      0.000
 103   -2     -0.964     -0.653      0.000
  -1   94     -0.964     -0.839      0.000
  -1   96     -0.963      0.620      0.000
 105   97     -0.953     -0.101      0.000
 107   -2     -0.951     -0.977      0.000
 109   99     -0.935     -0.454      0.000
 110  101     -0.925     -0.737      0.000
 111  102     -0.921     -0.793      0.000
  -1  111     -0.917     -0.281      0.000
 112  103     -0.917      0.822      0.000
 114  104     -0.906     -1.025      0.000
 116  105     -0.901     -1.097      0.000
 115  106     -0.900      1.126      0.000
 117  109     -0.873      0.882      0.000
 118  107     -0.873     -1.168      0.000
 119   -2     -0.856     -0.289      0.000
 120  112     -0.851      0.049      0.000
 123  113     -0.849      0.742      0.000
 122  114     -0.844      1.054      0.000
 124  115     -0.843     -0.771      0.000
 125   -2     -0.836      0.377      0.000
 126  118     -0.835     -0.542      0.000
 127  116     -0.835      0.991      0.000
 128  119     -0.827     -0.252      0.000
  -1  121     -0.824      0.320      0.000
 129  120     -0.822      1.095      0.000
 140  129     -0.810      0.504      0.000
 130  122     -0.799      0.247      0.000
 132  123     -0.799      0.839      0.000
 133  124     -0.792     -0.396      0.000
 134   -2     -0.789     -0.626      0.000
  -1   -2     -0.789     -1.154      0.000
 135  125     -0.786      0.950      0.000
 136   -2     -0.784     -0.674      0.000
 137  126     -0.776     -0.202      0.000
 138   -2     -0.772      0.429      0.000
 142  130     -0.764      0.080      0.000
 141  127     -0.763     -0.471      0.000
 143  131     -0.758      0.172      0.000
 131   -2     -0.756     -0.944      0.000
 148  132     -0.732     -0.029      0.000
 149  128     -0.729     -0.966      0.000
 152  135     -0.716      1.011      0.000
 151  136     -0.716      0.818      0.000
 153  137     -0.713     -0.456      0.000
 154  141     -0.709      0.603      0.000
 156  142     -0.704     -0.724      0.000
 155   -2     -0.702     -0.098      0.000
 171  139     -0.697     -1.095      0.000
  -1  143     -0.676     -0.872      0.000
 160  144     -0.670     -1.170      0.000
 159  145     -0.666     -0.231      0.000
 161  146     -0.664     -0.717      0.000
  -1  147     -0.663      0.414      0.000
 162   -2     -0.657      0.380      0.000
 158  149     -0.655      0.996      0.000
  -1   -2     -0.655      1.030      0.000
 163   -2     -0.646      1.070      0.000
 164  150     -0.633      0.276      0.000
 166  151     -0.621     -0.960      0.000
 167  152     -0.616     -0.139      0.000
 168  155     -0.607      0.428      0.000
 170  153     -0.606     -1.035      0.000
 169  154     -0.605      0.951      0.000
 172  156     -0.595     -0.588      0.000
 173   -2     -0.584     -0.222      0.000
 174  157     -0.575     -0.189      0.000
 177  161     -0.566     -0.902      0.000
 176  160     -0.565      0.842      0.000
 175  159     -0.564     -0.423      0.000
 178  162     -0.557      0.626      0.000
 180   -2     -0.546      0.764      0.000
  -1  163     -0.539     -0.664      0.000
 181  164     -0.536      1.055      0.000
  -1  165     -0.536     -0.493      0.000
 182  166     -0.527      0.597      0.000
  -1   -2     -0.511      0.823      0.000
 184  168     -0.506      0.245      0.000
 186   -2     -0.500     -0.541      0.000
 187  169     -0.497     -1.173      0.000
 185  170     -0.496     -0.713      0.000
 188  171     -0.486      0.426      0.000
 189  172     -0.474     -0.822      0.000
 190  173     -0.468     -0.604      0.000
 191  174     -0.466     -0.128      0.000
 192   -2     -0.460     -0.445      0.000
  -1  175     -0.458      0.743      0.000
 193  176     -0.456      0.707      0.000
 195  177     -0.443      0.325      0.000
 196   -2     -0.433     -0.347      0.000
 197  179     -0.431      0.880      0.000
 198  180     -0.431      0.806      0.000
 199  181     -0.428      1.037      0.000
 201  182     -0.427      0.630      0.000
 200  183     -0.427      0.109      0.000
 202  184     -0.415     -0.804      0.000
  -1   -2     -0.410     -1.153      0.000
  -1   -2     -0.409      0.061      0.000
 203  185     -0.408     -0.286      0.000
 204  191     -0.399      0.254      0.000
 205  187     -0.389     -0.582      0.000
  -1  188     -0.376      0.608      0.000
  -1   -2     -0.375      0.026      0.000
 206  190     -0.369      0.577      0.000
  -1  186     -0.362      0.410      0.000
  -1   -2     -0.355      0.297      0.000
 208  192     -0.352     -0.745      0.000
 209  193     -0.350     -0.507      0.000
 211  195     -0.338      0.072      0.000
 212  196     -0.335      1.040      0.000
 214  198     -0.328      0.535      0.000
 215  197     -0.325     -0.790      0.000
 217  199     -0.300     -0.662      0.000
 218  204     -0.294      0.794      0.000
 213  205     -0.280     -1.119      0.000
 220  200     -0.279     -0.109      0.000
 222  201     -0.276     -0.859      0.000
 224   -2     -0.270     -1.166      0.000
 231   -2     -0.269     -0.592      0.000
 223  203     -0.261      0.288      0.000
  -1  206     -0.253      0.358      0.000
 225   -2     -0.252      1.009      0.000
 226  208     -0.250     -0.035      0.000
 227  207     -0.248     -0.971      0.000
 229  210     -0.230      0.248      0.000
 228  211     -0.228     -0.461      0.000
 232  216     -0.222      0.451      0.000
 230  212     -0.221     -1.086      0.000
 234  217     -0.209      0.176      0.000
 237  219     -0.183      0.998      0.000
 241  221     -0.171      0.258      0.000
 240  222     -0.169     -0.200      0.000
  -1   -2     -0.161     -0.586      0.000
 242  223     -0.160     -0.431      0.000
 244  225     -0.156     -0.765      0.000
 245  227     -0.146      0.019      0.000
  -1   -2     -0.141      0.918      0.000
 247  228     -0.140     -1.119      0.000
 243  229     -0.140      0.421      0.000
 248  230     -0.122      1.001      0.000
 257   -2     -0.119     -0.263      0.000
 249  231     -0.101      0.847      0.000
 250   -2     -0.091     -0.817      0.000
 251  232     -0.088     -0.313      0.000
 252  235     -0.080      0.234      0.000
 253  233     -0.078     -1.075      0.000
 255  234     -0.077     -1.167      0.000
 254  236     -0.073      0.948      0.000
 256  240     -0.059      0.055      0.000
  -1  241     -0.051      0.269      0.000
 258  242     -0.050      0.517      0.000
  -1   -2     -0.049     -0.996      0.000
 259   -2     -0.038      0.902      0.000
 260  243     -0.021      0.896      0.000
 261  245     -0.018      0.406      0.000
 262  247     -0.018      0.245      0.000
 263  246     -0.016     -0.017      0.000
 265   -2     -0.010      0.697      0.000
  -1   -2      0.004     -0.940      0.000
  -1  248      0.006     -0.112      0.000
 266  249      0.032      0.457      0.000
  -1   -2      0.038      0.123      0.000
  -1   -2      0.045      0.550      0.000
 268  251      0.046      0.634      0.000
 273  253      0.054     -0.637      0.000
 269  252      0.054      0.109      0.000
 270  254      0.054     -0.782      0.000
 271   -2      0.055     -1.077      0.000
 274  255      0.062     -0.008      0.000
 275  256      0.063     -0.470      0.000
  -1   -2      0.082     -0.665      0.000
 276  258      0.093     -1.155      0.000
 277  260      0.094      0.826      0.000
 278  259      0.096     -0.164      0.000
 279  261      0.116      0.052      0.000
 280  262      0.119     -0.377      0.000
 281  273      0.126     -0.297      0.000
 283  263      0.129      1.094      0.000
 282  265      0.133     -1.091      0.000
 285  267      0.141      0.595      0.000
 286  268      0.144     -0.942      0.000
 288  269      0.159      0.475      0.000
 284  270      0.161     -0.450      0.000
 290  271      0.172      0.745      0.000
 289  272      0.175      0.263      0.000
 292  276      0.186     -0.902      0.000
 293   -2      0.192     -0.285      0.000
 294  274      0.202     -1.109      0.000
 295  275      0.211     -0.727      0.000
  -1   -2      0.222     -0.176      0.000
  -1   -2      0.222     -0.496      0.000
 297  277      0.224      0.043      0.000
 300  279      0.229      0.935      0.000
 299  280      0.230     -0.610      0.000
 303  284      0.231      0.775      0.000
  -1  278      0.234     -1.138      0.000
 301  281      0.235      0.679      0.000
 304  285      0.253     -0.077      0.000
 306  286      0.270     -1.092      0.000
 307  287      0.270     -0.435      0.000
 308  288      0.280     -0.226      0.000
 309  289      0.291     -1.168      0.000
  -1  291      0.294      0.112      0.000
 311   -2      0.299     -0.589      0.000
 318  292      0.301      0.685      0.000
 312  293      0.305      0.875      0.000
 314  295      0.306      1.018      0.000
 313  294      0.307     -0.746      0.000
 315  296      0.316      0.809      0.000
 316  297      0.321      0.183      0.000
 317  299      0.326      0.508      0.000
 319  300      0.336      0.124      0.000
 320  302      0.343     -1.076      0.000
  -1  303      0.350     -0.030      0.000
 322  304      0.358     -0.927      0.000
 321  305      0.358     -0.205      0.000
 324  306      0.368      0.414      0.000
 325  307      0.375     -0.992      0.000
 326  308      0.379      0.052      0.000
  -1  311      0.386      0.738      0.000
 327  312      0.401     -0.589      0.000
  -1   -2      0.410      0.782      0.000
 330  314      0.411     -0.269      0.000
 331  315      0.421     -0.882      0.000
 332  318      0.434     -1.147      0.000
 333  316      0.436      0.836      0.000
 334  317      0.446     -0.672      0.000
 335  319      0.455     -0.279      0.000
  -1  320      0.460      0.051      0.000
 339  323      0.474      1.108      0.000
 337  322      0.474     -0.490      0.000
 341  325      0.482      0.206      0.000
 340  324      0.483      0.936      0.000
 342  326      0.488     -0.607      0.000
 343  327      0.488     -0.900      0.000
  -1  328      0.491      0.679      0.000
 344  330      0.498      0.125      0.000
 345   -2      0.503     -1.167      0.000
 349  331      0.506     -0.437      0.000
 350  334      0.535     -0.618      0.000
  -1  335      0.535     -1.089      0.000
 352  333      0.537      0.008      0.000
 353  336      0.539     -0.311      0.000
 355  337      0.554      1.035      0.000
 357  340      0.559     -0.744      0.000
 358  339      0.565     -0.477      0.000
  -1   -2      0.575     -1.094      0.000
  -1   -2      0.578      0.015      0.000
 359  342      0.582     -0.796      0.000
 360  341      0.583      0.536      0.000
 361  343      0.585      0.447      0.000
 356   -2      0.590      0.399      0.000
 364  347      0.595     -0.258      0.000
 363  345      0.595      0.229      0.000
 365  348      0.601      0.670      0.000
  -1   -2      0.603     -1.140      0.000
 367  349      0.610     -0.018      0.000
 368  351      0.619     -0.993      0.000
 370  352      0.627     -0.453      0.000
 369  355      0.630      1.097      0.000
  -1  354      0.631      0.559      0.000
 373  346      0.632     -1.167      0.000
 371  353      0.634      1.041      0.000
 372  356      0.637      0.228      0.000
 374  357      0.660     -0.619      0.000
 375  359      0.667      0.800      0.000
 376  360      0.671     -0.717      0.000
 379  362      0.684      0.685      0.000
 378  363      0.685     -0.922      0.000
 381   -2      0.708      0.945      0.000
 382  364      0.712     -0.041      0.000
 384  366      0.725     -0.994      0.000
 386  367      0.739      0.616      0.000
 385  368      0.741     -0.770      0.000
 387   -2      0.748     -0.338      0.000
 388  369      0.748      0.370      0.000
 389   -2      0.749      0.402      0.000
 390  370      0.754     -1.045      0.000
  -1  372      0.762     -0.404      0.000
  -1   -2      0.764      0.232      0.000
 392  371      0.765      0.965      0.000
 393  373      0.766      0.731      0.000
  -1   -2      0.771      0.102      0.000
 394  377      0.785     -0.627      0.000
 395  376      0.787      0.661      0.000
  -1   -2      0.798      0.247      0.000
 400  380      0.798     -0.232      0.000
 401  382      0.804      0.878      0.000
 402  383      0.810      0.976      0.000
 405  384      0.819      0.363      0.000
 403  386      0.820     -0.167      0.000
 404   -2      0.823     -1.095      0.000
 407  388      0.836     -0.592      0.000
 399  385      0.837     -1.039      0.000
 408  387      0.838      0.668      0.000
 409  390      0.843     -0.338      0.000
  -1   -2      0.843      0.834      0.000
 410  391      0.857     -0.846      0.000
 411  392      0.865     -1.125      0.000
 412   -2      0.870     -0.024      0.000
 414   -2      0.871     -1.165      0.000
 413   -2      0.875     -0.433      0.000
 415  394      0.883      1.063      0.000
 416  393      0.889     -0.776      0.000
 417  395      0.905      1.162      0.000
 419  397      0.924     -0.049      0.000
 422  398      0.928      0.199      0.000
 435  389      0.932     -1.089      0.000
 424  407      0.938      0.759      0.000
 426  401      0.953     -0.817      0.000
 427  402      0.957      1.039      0.000
 428  403      0.963      0.928      0.000
 429   -2      0.963     -0.098      0.000
 421  406      0.964     -0.892      0.000
 430  408      0.966      0.974      0.000
 431  404      0.966      0.515      0.000
 432   -2      0.969     -0.042      0.000
 434   -2      0.980      0.304      0.000
 436  409      0.981      0.278      0.000
 438  412      1.005     -0.477      0.000
 437  411      1.005     -0.735      0.000
 439  413      1.011     -0.568      0.000
 440  410      1.015     -0.071      0.000
  -1  414      1.026      1.065      0.000
 441  415      1.028     -0.289      0.000
  -1  417      1.055     -0.184      0.000
 443   -2      1.061      0.050      0.000
 446  421      1.077      0.608      0.000
 445   -2      1.080      1.162      0.000
 447  429      1.084     -1.172      0.000
  -1  426      1.084     -0.237      0.000
 448  423      1.085      0.560      0.000
 450  422      1.087      0.110      0.000
 449  424      1.088     -0.659      0.000
 459  419      1.093      0.713      0.000
 453   -2      1.101     -1.074      0.000
  -1   -2      1.103      0.437      0.000
 455  430      1.110     -0.303      0.000
 456  431      1.113      0.355      0.000
 460  432      1.135     -0.205      0.000
 461  433      1.147     -0.748      0.000
 462  434      1.151      0.178      0.000
  -1  435      1.154      1.142      0.000
 463  437      1.160     -0.986      0.000
 464  438      1.162     -0.406      0.000
 467  439      1.169      0.927      0.000
 466  440      1.169     -0.897      0.000
 469  441      1.174      0.469      0.000
 472  444      1.193      1.006      0.000
 473  443      1.194      0.404      0.000
 474   -2      1.197     -0.095      0.000
  -1  445      1.204     -0.748      0.000
 475  446      1.205      0.802      0.000
 476  448      1.220     -0.675      0.000
 489  428      1.225     -1.065      0.000
  -1  450      1.230      1.124      0.000
 479  451      1.237      0.689      0.000
  -1  452      1.242     -0.070      0.000
 487   -2      1.268      0.211      0.000
  -1  456      1.273      0.976      0.000
 485  453      1.288     -1.161      0.000
 484  458      1.289     -0.643      0.000
  -1  455      1.292     -0.948      0.000
  -1  465      1.293     -0.724      0.000
 488  459      1.293      0.041      0.000
 490  461      1.310     -0.505      0.000
 491   -2      1.316      0.727      0.000
  -1   -2      1.316     -0.775      0.000
 492  462      1.318      1.038      0.000
  -1  463      1.321     -0.977      0.000
 493   -2      1.331     -0.671      0.000
  -1  454      1.333      0.159      0.000
  -1   -2      1.348     -0.620      0.000
 494  466      1.363     -0.657      0.000
 496  464      1.363     -0.160      0.000
 495  467      1.365     -0.749      0.000
 497  469      1.370     -1.132      0.000
 498  470      1.375      0.250      0.000
  -1  471      1.399     -0.636      0.000
 502  482      1.407      0.590      0.000
 501  473      1.407     -1.166      0.000
 500  472      1.413      0.274      0.000
  -1   -2      1.422      0.109      0.000
 503  475      1.445      0.417      0.000
 510   -2      1.453      0.486      0.000
 504  477      1.461     -0.667      0.000
 505  478      1.470     -0.523      0.000
 506  479      1.472      0.831      0.000
 507  480      1.474     -0.594      0.000
 509  481      1.483     -0.393      0.000
  -1   -2      1.501     -1.150      0.000
 515  476      1.501     -0.988      0.000
 514  485      1.505     -0.323      0.000
 512  486      1.512      0.048      0.000
 513  487      1.517      0.153      0.000
  -1  489      1.554      0.244      0.000
  -1   -2      1.565     -0.438      0.000
 517  492      1.569     -0.363      0.000
