507
   0    0     -1.573      0.527      0.000
   1    1     -1.557      0.378      0.000
   3    2     -1.551      0.797      0.000
   2    3     -1.547     -0.999      0.000
   4    4     -1.541     -0.010      0.000
   6    5     -1.532     -0.047      0.000
   8    7     -1.529      0.243      0.000
   9    9     -1.520     -0.197      0.000
  11   -2     -1.497     -0.101      0.000
  13   14     -1.476      0.207      0.000
  14   16     -1.472      0.809      0.000
  -1   21     -1.468      0.303      0.000
  19   17     -1.462     -0.922      0.000
  17   18     -1.462      0.955      0.000
  18   20     -1.460      0.611      0.000
  16   15     -1.459     -1.119      0.000
  20   -2     -1.457      0.260      0.000
  -1   22     -1.454     -0.256      0.000
  -1   31     -1.448     -0.347      0.000
  21   23     -1.446      0.380      0.000
  23   25     -1.433     -0.557      0.000
  25   26     -1.426     -0.491      0.000
  24   27     -1.423      0.149      0.000
  26   -2     -1.413     -0.662      0.000
  50   12     -1.403     -1.163      0.000
  28   -2     -1.396     -0.311      0.000
  30   -2     -1.385     -0.808      0.000
  31   33     -1.383      0.318      0.000
  34   34     -1.378     -1.118      0.000
  22   -2     -1.371      1.066      0.000
  40   38     -1.366     -0.987      0.000
  37   37     -1.365     -0.846      0.000
  38   39     -1.362     -0.348      0.000
  41   -2     -1.360     -0.701      0.000
  43   40     -1.346     -1.089      0.000
  29   49     -1.345      0.600      0.000
  44   42     -1.343      0.269      0.000
  -1   46     -1.324      0.570      0.000
  47   44     -1.323      1.029      0.000
  48   -2     -1.310      0.029      0.000
  49   48     -1.308      0.878      0.000
  51   50     -1.297     -0.786      0.000
  53   51     -1.285     -0.943      0.000
  54   52     -1.274      0.001      0.000
  -1   -2     -1.271     -1.093      0.000
  -1   54     -1.269      0.039      0.000
  55   53     -1.264     -0.372      0.000
  -1   55     -1.261     -0.653      0.000
  57   57     -1.256      0.162      0.000
  58   -2     -1.254      0.309      0.000
  59   58     -1.254     -0.310      0.000
  61   59     -1.245     -0.590      0.000
  -1   61     -1.235      1.000      0.000
  -1   -2     -1.232     -0.404      0.000
  63   62     -1.231     -0.794      0.000
  64   63     -1.229      0.951      0.000
  67   64     -1.219     -0.492      0.000
  68   66     -1.207      0.372      0.000
  56   -2     -1.206     -1.046      0.000
  -1   -2     -1.196     -0.430      0.000
  70   68     -1.184      0.796      0.000
  71   70     -1.180     -0.606      0.000
  73   71     -1.168     -0.833      0.000
  74   72     -1.164     -0.796      0.000
  75   74     -1.158      1.003      0.000
  77   -2     -1.148      0.965      0.000
  76   75     -1.147     -0.111      0.000
  80   77     -1.123     -1.025      0.000
  81   79     -1.113      0.606      0.000
  82   78     -1.111      1.010      0.000
  83   81     -1.090     -0.332      0.000
  72   88     -1.079      0.036      0.000
  86   82     -1.078     -1.171      0.000
  84   83     -1.066      0.388      0.000
  -1   -2     -1.055     -0.673      0.000
 100   -2     -1.048      0.424      0.000
  87   85     -1.046     -1.029      0.000
  88   87     -1.042     -0.360      0.000
  89   -2     -1.038     -0.463      0.000
  90   90     -1.028     -0.102      0.000
  91   89     -1.028      0.782      0.000
  96   91     -1.024     -0.708      0.000
  93   92     -1.017     -0.841      0.000
  94   93     -1.012     -0.274      0.000
  -1   -2     -1.007     -0.665      0.000
  -1   -2     -1.007      0.114      0.000
  95   95     -0.998      0.386      0.000
  98   94     -0.998     -1.086      0.000
  -1   96     -0.988      1.008      0.000
 101   98     -0.971      0.894      0.000
 102   99     -0.967     -0.987      0.000
 103  100     -0.963      0.568      0.000
  -1   -2     -0.952     -0.381      0.000
 104  102     -0.950     -0.424      0.000
 105  105     -0.947      0.379      0.000
 107  103     -0.946     -0.921      0.000
 109  107     -0.939     -0.200      0.000
 108   -2     -0.937      0.188      0.000
 110   -2     -0.929     -0.569      0.000
  -1   -2     -0.920      0.612      0.000
 112  108     -0.908      1.073      0.000
 114  109     -0.908     -1.083      0.000
 111  110     -0.904      0.333      0.000
 115   -2     -0.894      0.428      0.000
 116  111     -0.874      0.896      0.000
 117  112     -0.854      0.567      0.000
 113  119     -0.850     -0.735      0.000
  -1  115     -0.838      0.300      0.000
  -1  114     -0.833     -1.164      0.000
 119  120     -0.827     -0.091      0.000
 120  118     -0.826     -0.611      0.000
 122   -2     -0.825     -0.690      0.000
 121  122     -0.824      0.692      0.000
  -1  117     -0.822     -1.088      0.000
 123  121     -0.821      1.088      0.000
 125  124     -0.815      1.044      0.000
 127  125     -0.793     -0.445      0.000
 129  126     -0.783     -0.495      0.000
 131  128     -0.777      0.995      0.000
 130  129     -0.776     -0.140      0.000
  -1   -2     -0.775     -0.037      0.000
 133  132     -0.773      0.478      0.000
 134  130     -0.767     -0.221      0.000
 135  131     -0.761     -0.754      0.000
  -1  133     -0.759      0.819      0.000
 137  134     -0.755     -0.931      0.000
 136   -2     -0.753      0.332      0.000
 138  136     -0.750      0.891      0.000
 139  139     -0.743     -0.013      0.000
 140  137     -0.743     -1.011      0.000
  -1  140     -0.738     -0.067      0.000
  -1  141     -0.734     -0.041      0.000
 141   -2     -0.723      0.255      0.000
 142  143     -0.717      0.399      0.000
 143  142     -0.713      0.320      0.000
 144  144     -0.713      0.988      0.000
 145  145     -0.706     -0.458      0.000
  -1   -2     -0.695      1.134      0.000
 128  168     -0.692     -1.126      0.000
  -1   -2     -0.686      0.388      0.000
 146  146     -0.685     -0.064      0.000
 150  148     -0.676      1.077      0.000
 151  150     -0.668      0.031      0.000
  -1   -2     -0.662      0.891      0.000
 153  151     -0.658     -1.085      0.000
  -1   -2     -0.656     -1.171      0.000
  -1  160     -0.654     -0.699      0.000
 154  154     -0.650     -0.573      0.000
 155  153     -0.648      1.162      0.000
 156  155     -0.642     -0.161      0.000
 158  152     -0.641     -1.125      0.000
 157  156     -0.637      0.142      0.000
 159  158     -0.633     -1.016      0.000
 160   -2     -0.625      0.540      0.000
 161  157     -0.624      0.747      0.000
  -1   -2     -0.615      1.097      0.000
 162  159     -0.612     -0.114      0.000
 163   -2     -0.602     -0.785      0.000
 166  162     -0.580      0.913      0.000
 167  163     -0.567     -0.326      0.000
 168  164     -0.562     -0.798      0.000
 169   -2     -0.557     -1.003      0.000
  -1  165     -0.556     -0.458      0.000
 170  167     -0.553     -0.539      0.000
 171  166     -0.549      1.086      0.000
 172   -2     -0.539     -1.089      0.000
 173  169     -0.537     -0.298      0.000
  -1   -2     -0.522      0.569      0.000
 165  180     -0.507     -1.160      0.000
 176  170     -0.503      0.039      0.000
 177  172     -0.499     -0.541      0.000
 178  173     -0.492      0.361      0.000
 180  174     -0.481      0.705      0.000
  -1   -2     -0.477      0.566      0.000
 183  176     -0.475      0.500      0.000
 181  177     -0.474     -0.256      0.000
 184   -2     -0.469      1.008      0.000
 186  181     -0.447     -0.715      0.000
  -1   -2     -0.446     -0.319      0.000
 187   -2     -0.445     -1.093      0.000
 190  185     -0.440     -0.857      0.000
  -1   -2     -0.439      0.291      0.000
 188  182     -0.437     -0.989      0.000
 189  183     -0.426      0.076      0.000
 191  184     -0.421      0.191      0.000
 192   -2     -0.412     -0.884      0.000
 193  186     -0.405     -0.062      0.000
 194  187     -0.393     -0.149      0.000
 196  188     -0.389     -0.317      0.000
 197  189     -0.377     -1.006      0.000
 195  191     -0.375      1.118      0.000
 198  190     -0.373      0.470      0.000
 200   -2     -0.370      0.796      0.000
  -1  192     -0.364     -1.127      0.000
 203  195     -0.364     -0.553      0.000
 202  194     -0.360     -0.649      0.000
 204  197     -0.352      0.671      0.000
 205   -2     -0.350     -0.714      0.000
 206  198     -0.343      1.044      0.000
  -1  200     -0.338      0.964      0.000
 207  196     -0.335      0.774      0.000
 208  201     -0.334      0.341      0.000
 209  202     -0.333     -0.212      0.000
  -1   -2     -0.329      0.463      0.000
 210  203     -0.323      0.929      0.000
  -1  199     -0.319     -0.715      0.000
 211  204     -0.317     -0.324      0.000
 212  205     -0.308     -0.286      0.000
  -1   -2     -0.302      0.049      0.000
 213   -2     -0.301     -1.171      0.000
 214  206     -0.300     -0.987      0.000
 215   -2     -0.298     -0.462      0.000
 216  207     -0.291     -1.041      0.000
 217  210     -0.287     -0.624      0.000
 219  209     -0.275     -1.129      0.000
 220  213     -0.273      0.855      0.000
 221  214     -0.241      0.318      0.000
  -1   -2     -0.231      0.535      0.000
 222  215     -0.228     -0.933      0.000
 224  217     -0.227     -1.092      0.000
 223  218     -0.225      1.057      0.000
  -1  220     -0.219     -0.223      0.000
 225  219     -0.218     -0.738      0.000
 226  221     -0.209      0.447      0.000
 228  222     -0.207     -0.452      0.000
 230  223     -0.178      0.768      0.000
  -1  227     -0.178     -0.869      0.000
 231   -2     -0.171      0.582      0.000
 235  225     -0.146      1.159      0.000
  -1   -2     -0.142     -0.567      0.000
 233  228     -0.139     -0.001      0.000
 236   -2     -0.139     -0.852      0.000
 237  229     -0.134     -1.098      0.000
  -1  230     -0.125     -0.309      0.000
 239  231     -0.116     -0.728      0.000
 240  235     -0.096     -1.163      0.000
 241  233     -0.095      0.522      0.000
 242  232     -0.094     -0.900      0.000
 243  234     -0.092     -0.223      0.000
 244  236     -0.088      0.674      0.000
 234   -2     -0.086      0.417      0.000
 238  237     -0.083     -0.021      0.000
 246  238     -0.069     -0.105      0.000
 247  239     -0.066      0.350      0.000
  -1   -2     -0.055     -0.916      0.000
 249  242     -0.052     -0.699      0.000
  -1  243     -0.051     -0.769      0.000
 250  244     -0.046      0.235      0.000
 251  245     -0.041     -0.195      0.000
 252  246     -0.032     -0.372      0.000
 253  248     -0.030      0.375      0.000
 254  247     -0.029      0.640      0.000
  -1   -2     -0.001     -0.479      0.000
 257  250      0.000      0.121      0.000
 259  253      0.010     -0.538      0.000
 260  254      0.011      1.057      0.000
 248  266      0.014      0.802      0.000
 267  251      0.024     -1.121      0.000
 264  256      0.041      0.623      0.000
 263  260      0.048      0.028      0.000
 265  262      0.055      0.371      0.000
 266  263      0.060      0.980      0.000
  -1   -2      0.061     -1.164      0.000
 269  264      0.071      0.710      0.000
 270  268      0.074     -0.998      0.000
  -1  269      0.081     -0.235      0.000
 271  270      0.101     -0.786      0.000
 272  271      0.105      0.149      0.000
 273   -2      0.113      0.487      0.000
 274  273      0.116      0.100      0.000
 276  272      0.121      0.432      0.000
 277  275      0.132      0.920      0.000
  -1   -2      0.134      0.801      0.000
 280  276      0.140      0.742      0.000
 281  277      0.145      1.125      0.000
 282  278      0.148      0.200      0.000
 283  280      0.151     -0.665      0.000
 284  279      0.153     -0.544      0.000
 285  281      0.173      0.389      0.000
 286  282      0.175     -0.757      0.000
  -1   -2      0.191      1.038      0.000
 288   -2      0.199     -1.172      0.000
  -1  283      0.199     -0.516      0.000
 289  297      0.202      0.604      0.000
  -1   -2      0.207      1.124      0.000
 290  284      0.210      0.011      0.000
 291  285      0.215     -1.087      0.000
 292  286      0.220     -0.346      0.000
 293  288      0.234     -0.187      0.000
 294  290      0.238     -0.961      0.000
 295  289      0.246      1.036      0.000
 296  291      0.248      0.129      0.000
 297  292      0.252     -0.719      0.000
  -1   -2      0.253      0.793      0.000
 298  293      0.255     -0.425      0.000
 299  295      0.262      0.255      0.000
  -1   -2      0.265     -0.262      0.000
  -1  296      0.278     -0.915      0.000
 308   -2      0.295      0.761      0.000
 303  299      0.302      0.044      0.000
  -1  300      0.303     -0.375      0.000
 305  301      0.306     -1.084      0.000
 306  302      0.307     -0.232      0.000
  -1   -2      0.308      0.369      0.000
 307  304      0.310      1.094      0.000
 304  303      0.318     -1.170      0.000
 309  305      0.354      0.046      0.000
 312  306      0.359      0.313      0.000
 311  307      0.361      0.243      0.000
 314  308      0.369     -0.458      0.000
 313  310      0.371     -0.872      0.000
 315  309      0.371      0.172      0.000
  -1   -2      0.377      0.587      0.000
 316   -2      0.386     -0.514      0.000
  -1  311      0.389     -0.247      0.000
 317  314      0.398     -0.014      0.000
  -1  313      0.399     -1.127      0.000
 319   -2      0.409      0.759      0.000
  -1   -2      0.415     -0.724      0.000
 320  317      0.417     -0.947      0.000
  -1   -2      0.429      0.606      0.000
 321  319      0.430     -0.616      0.000
  -1  318      0.430      0.668      0.000
 322   -2      0.432     -0.657      0.000
 323   -2      0.432      0.795      0.000
  -1  315      0.433      1.065      0.000
 326  320      0.436      0.338      0.000
 327  321      0.440     -0.476      0.000
 328   -2      0.445     -0.851      0.000
 329  327      0.451      0.732      0.000
 331  323      0.455     -1.167      0.000
 330  322      0.455     -0.044      0.000
 332  325      0.476      0.963      0.000
 333  326      0.476      0.821      0.000
 335  329      0.483     -0.845      0.000
 336  328      0.484     -0.675      0.000
  -1  330      0.490      0.771      0.000
 338  331      0.504     -1.001      0.000
  -1  332      0.518     -0.399      0.000
  -1   -2      0.522      0.051      0.000
 339  333      0.522      0.902      0.000
 340  334      0.527     -0.053      0.000
 341  335      0.530     -0.616      0.000
 342  336      0.533      0.543      0.000
 344  337      0.536     -0.957      0.000
 343  338      0.540      0.583      0.000
 345  339      0.542      0.966      0.000
 346  340      0.555      0.352      0.000
 347  341      0.560      1.098      0.000
 349  344      0.576      0.602      0.000
 350  345      0.584      0.524      0.000
 351  346      0.588     -0.780      0.000
 352   -2      0.601     -0.665      0.000
 353  351      0.605     -0.430      0.000
 354  348      0.610     -1.031      0.000
 355  352      0.618      0.908      0.000
  -1   -2      0.620     -0.198      0.000
 357  355      0.620      0.991      0.000
 356  354      0.621     -0.871      0.000
 358   -2      0.627     -0.501      0.000
 359  357      0.634     -0.007      0.000
 360  358      0.643     -1.166      0.000
 361  359      0.657      0.275      0.000
  -1  360      0.676      0.315      0.000
 362  361      0.677     -0.392      0.000
 366  363      0.693     -0.886      0.000
  -1   -2      0.694      0.164      0.000
 368  364      0.703      0.361      0.000
  -1  365      0.704      0.415      0.000
 369  366      0.708      1.127      0.000
  -1   -2      0.719     -0.078      0.000
 370  367      0.720      0.675      0.000
 371  368      0.724     -0.913      0.000
 374  370      0.738     -0.659      0.000
 376  371      0.764     -0.037      0.000
  -1  372      0.766      0.958      0.000
  -1  373      0.771      0.103      0.000
 384  374      0.776     -0.842      0.000
 377  375      0.787     -1.039      0.000
 393   -2      0.799      0.937      0.000
 390  388      0.804     -0.553      0.000
 381  376      0.808      0.175      0.000
 382  378      0.814      0.127      0.000
 379  381      0.814     -0.153      0.000
  -1   -2      0.815      0.542      0.000
 383  380      0.816      0.447      0.000
 385   -2      0.819      0.316      0.000
 389  379      0.819     -1.143      0.000
 388  384      0.827      0.685      0.000
  -1   -2      0.833     -1.142      0.000
 391  385      0.834      0.736      0.000
 386  389      0.835     -0.277      0.000
 392  387      0.838     -0.806      0.000
  -1  386      0.840      0.799      0.000
  -1   -2      0.841     -0.495      0.000
 394  390      0.850      0.248      0.000
 395  392      0.856     -1.074      0.000
  -1   -2      0.857     -1.135      0.000
 397  391      0.857     -0.459      0.000
 400  393      0.869      1.111      0.000
 402  395      0.885      0.548      0.000
 398  414      0.887     -0.330      0.000
 403  396      0.887     -0.544      0.000
  -1   -2      0.891      1.134      0.000
 406  397      0.893      0.472      0.000
 407  400      0.894     -0.145      0.000
  -1  399      0.896     -0.241      0.000
 411  401      0.903     -0.801      0.000
 409   -2      0.903     -1.006      0.000
  -1  405      0.915      0.030      0.000
 408  404      0.918     -0.868      0.000
 412  407      0.932     -1.001      0.000
 413  406      0.932     -0.026      0.000
 415   -2      0.940     -1.077      0.000
 416  409      0.946     -0.234      0.000
  -1   -2      0.950      0.728      0.000
 417  410      0.956      0.784      0.000
 418  411      0.968      0.693      0.000
 419  413      0.977      0.004      0.000
 420  417      0.979     -1.116      0.000
 421   -2      0.981     -0.037      0.000
 422  415      0.986     -0.584      0.000
 425  416      0.988      0.270      0.000
 426  418      0.996      0.732      0.000
 429  421      1.010      0.019      0.000
 430  423      1.011      0.111      0.000
 431  422      1.012      0.850      0.000
 432  424      1.027      0.978      0.000
  -1  428      1.035     -0.867      0.000
  -1  426      1.052     -0.383      0.000
 428   -2      1.056     -0.318      0.000
 424  433      1.065     -0.895      0.000
 435  427      1.066     -0.627      0.000
 436  429      1.068     -1.173      0.000
 437  431      1.095     -0.555      0.000
 438  432      1.098      1.036      0.000
 440   -2      1.110     -0.945      0.000
 442  434      1.120     -0.521      0.000
 441   -2      1.121     -0.231      0.000
  -1  435      1.130     -0.051      0.000
 443  436      1.131     -0.745      0.000
 456   -2      1.134     -1.172      0.000
 447  438      1.141     -0.829      0.000
  -1   -2      1.156      1.025      0.000
 450  441      1.161     -1.046      0.000
 451  440      1.164     -0.337      0.000
  -1  442      1.164      0.558      0.000
 452  444      1.174      0.391      0.000
  -1  447      1.175      0.221      0.000
 454  445      1.180     -0.459      0.000
  -1  446      1.182     -1.175      0.000
  -1  449      1.198     -1.134      0.000
 457  452      1.211      0.985      0.000
 458  453      1.229     -1.070      0.000
 460  455      1.233      0.913      0.000
 461  454      1.235     -0.460      0.000
 462  456      1.257     -0.428      0.000
 464  459      1.289     -0.509      0.000
 465  461      1.294      0.178      0.000
  -1   -2      1.301      0.112      0.000
  -1   -2      1.301     -0.904      0.000
  -1   -2      1.334     -0.654      0.000
 467  458      1.336      0.027      0.000
 469  462      1.339      0.495      0.000
 470  464      1.339      0.238      0.000
 468  466      1.341     -1.010      0.000
 471  465      1.344     -0.191      0.000
  -1   -2      1.350     -1.145      0.000
 472  467      1.352     -0.285      0.000
 473  468      1.354      1.060      0.000
 474  469      1.364     -0.863      0.000
 475  471      1.374     -0.338      0.000
 476  472      1.375     -0.399      0.000
 477  473      1.378      0.551      0.000
 478  474      1.382     -0.919      0.000
 479  475      1.391     -0.137      0.000
 481  478      1.405     -0.865      0.000
 480  476      1.405     -0.311      0.000
 482  477      1.409      0.266      0.000
  -1  479      1.415      0.722      0.000
 483  480      1.418      0.776      0.000
  -1  481      1.443     -0.967      0.000
  -1  489      1.448     -1.169      0.000
 486   -2      1.448      0.965      0.000
 498   -2      1.449     -1.011      0.000
 487  483      1.449      0.402      0.000
 488  484      1.453     -0.025      0.000
 489  485      1.460     -0.151      0.000
  -1   -2      1.460     -1.091      0.000
 490  486      1.464     -0.200      0.000
 491   -2      1.466     -0.653      0.000
 492  488      1.472      0.088      0.000
 495  492      1.487      0.655      0.000
 497  493      1.487      0.540      0.000
  -1  487      1.499     -0.655      0.000
 499   -2      1.507      1.146      0.000
 500  494      1.508      0.356      0.000
 501  495      1.508      1.029      0.000
 502   -2      1.521      0.198      0.000
  -1   -2      1.525     -1.113      0.000
 503  496      1.526      0.732      0.000
 505  498      1.531     -0.526      0.000
 506  501      1.543     -0.828      0.000
 507  502      1.544     -0.944      0.000
 508  500      1.544      1.067      0.000
 509  504      1.552     -0.720      0.000
  -1  505      1.572      0.836      0.000
