510
  -1   -2     -1.555     -0.650      0.000
  -1    2     -1.534     -0.010      0.000
  -1    3     -1.532     -1.064      0.000
  -1    4     -1.531     -0.582      0.000
  -1    5     -1.530     -0.062      0.000
  -1    6     -1.528      0.221      0.000
  -1    7     -1.515     -0.865      0.000
  -1   -2     -1.499     -0.367      0.000
  -1    9     -1.494      0.893      0.000
  -1   11     -1.493      0.853      0.000
  -1   10     -1.493     -0.619      0.000
  -1   13     -1.484      0.554      0.000
  -1   -2     -1.476     -1.127      0.000
  -1   14     -1.475     -0.002      0.000
  -1   15     -1.475     -0.070      0.000
  -1   -2     -1.466      1.028      0.000
  -1   18     -1.461     -1.170      0.000
  -1   -2     -1.459     -0.883      0.000
  -1   16     -1.453      0.761      0.000
  -1   17     -1.438     -0.530      0.000
  -1   -2     -1.437      0.692      0.000
  -1   19     -1.436     -0.220      0.000
  -1   -2     -1.432     -0.722      0.000
  -1   -2     -1.430      0.931      0.000
  -1   -2     -1.420     -0.775      0.000
  -1   20     -1.419      0.764      0.000
  -1   21     -1.395     -0.982      0.000
  -1   -2     -1.394      1.097      0.000
  -1   22     -1.386      0.527      0.000
  -1   -2     -1.382     -0.631      0.000
  -1   25     -1.359     -0.771      0.000
  -1   24     -1.358     -0.175      0.000
  -1   -2     -1.355     -0.108      0.000
  -1   -2     -1.339      0.499      0.000
  -1   -2     -1.327     -0.729      0.000
  -1   26     -1.323      1.158      0.000
  -1   27     -1.323      0.228      0.000
  -1   -2     -1.322      0.797      0.000
  -1   28     -1.318     -0.492      0.000
  -1   29     -1.310     -1.112      0.000
  -1   31     -1.300      0.475      0.000
  -1   30     -1.299     -0.842      0.000
  -1   33     -1.297     -0.230      0.000
  -1   32     -1.297      0.590      0.000
  -1   34     -1.296      0.904      0.000
  -1   35     -1.291     -0.391      0.000
  -1   36     -1.279      0.408      0.000
  -1   37     -1.277      0.802      0.000
  -1   40     -1.272     -0.503      0.000
  -1   41     -1.265     -1.159      0.000
  -1   38     -1.264      1.024      0.000
  -1   42     -1.261     -0.297      0.000
  -1   43     -1.246     -1.056      0.000
  -1   44     -1.239     -0.837      0.000
  -1   -2     -1.238     -0.732      0.000
  -1   45     -1.237      0.690      0.000
  -1   -2     -1.233     -1.131      0.000
  -1   47     -1.231      0.355      0.000
  -1   49     -1.216     -0.619      0.000
  -1   -2     -1.212     -0.120      0.000
  -1   -2     -1.199     -0.486      0.000
  -1   52     -1.186     -1.044      0.000
  -1   -2     -1.174      0.599      0.000
  -1   -2     -1.173      0.566      0.000
  -1   53     -1.172     -0.536      0.000
  -1   54     -1.165      0.675      0.000
  -1   55     -1.164      0.932      0.000
  -1   -2     -1.161     -0.062      0.000
  -1   57     -1.155     -0.164      0.000
  -1   56     -1.155      0.642      0.000
  -1   58     -1.152     -0.018      0.000
  -1   60     -1.134      0.279      0.000
  -1   65     -1.129      0.346      0.000
  -1   62     -1.127     -1.017      0.000
  -1   63     -1.126     -0.251      0.000
  -1   61     -1.125     -0.932      0.000
  -1   67     -1.114      0.481      0.000
  -1   69     -1.092     -0.064      0.000
  -1   70     -1.091      0.034      0.000
  -1   72     -1.071      0.399      0.000
  -1   -2     -1.071     -0.871      0.000
  -1   71     -1.068     -0.784      0.000
  -1   74     -1.065      0.142      0.000
  -1   75     -1.057      1.010      0.000
  -1   76     -1.047      0.891      0.000
  -1   77     -1.046     -0.490      0.000
  -1   -2     -1.045     -1.169      0.000
  -1   79     -1.031     -0.156      0.000
  -1   -2     -1.020     -0.898      0.000
  -1   81     -1.012     -0.104      0.000
  -1   -2     -1.011      0.062      0.000
  -1   -2     -1.008     -0.528      0.000
  -1   83     -0.996      1.119      0.000
  -1   84     -0.994     -0.997      0.000
  -1   87     -0.983     -0.672      0.000
  -1   89     -0.972     -0.463      0.000
  -1   90     -0.970     -0.044      0.000
  -1   91     -0.946     -0.981      0.000
  -1   92     -0.938     -0.750      0.000
  -1   94     -0.931     -0.808      0.000
  -1   95     -0.915      0.048      0.000
  -1   96     -0.905     -0.292      0.000
  -1   97     -0.897     -1.043      0.000
  -1   98     -0.895      1.134      0.000
  -1  100     -0.891      0.887      0.000
  -1   -2     -0.883      0.320      0.000
  -1  102     -0.880     -0.254      0.000
  -1  103     -0.876      0.748      0.000
  -1   -2     -0.875      0.774      0.000
  -1  101     -0.874     -1.116      0.000
  -1  106     -0.874     -1.168      0.000
  -1  104     -0.866     -0.547      0.000
  -1   -2     -0.861      0.247      0.000
  -1  105     -0.858     -0.783      0.000
  -1  107     -0.849      0.990      0.000
  -1  108     -0.847      1.056      0.000
  -1  110     -0.847     -0.661      0.000
  -1  117     -0.841     -0.832      0.000
  -1  111     -0.836     -0.400      0.000
  -1  112     -0.831     -0.203      0.000
  -1  115     -0.824      0.079      0.000
  -1  114     -0.824      0.428      0.000
  -1  113     -0.821      1.097      0.000
  -1  118     -0.818      0.171      0.000
  -1   -2     -0.815     -0.788      0.000
  -1   -2     -0.812     -0.928      0.000
  -1  119     -0.806     -0.675      0.000
  -1  122     -0.801      0.277      0.000
  -1  121     -0.800     -0.470      0.000
  -1  123     -0.788     -0.031      0.000
  -1   -2     -0.765     -1.160      0.000
  -1  126     -0.759     -0.095      0.000
  -1  125     -0.757     -0.948      0.000
  -1  127     -0.755      0.118      0.000
  -1  128     -0.753      0.950      0.000
  -1  129     -0.753      0.592      0.000
  -1  130     -0.751     -0.452      0.000
  -1  132     -0.741      0.807      0.000
  -1  133     -0.728     -0.970      0.000
  -1  134     -0.725      1.002      0.000
  -1  135     -0.722     -0.722      0.000
  -1  138     -0.719     -0.228      0.000
  -1  136     -0.718     -1.165      0.000
  -1  139     -0.713      0.380      0.000
  -1   -2     -0.703      0.710      0.000
  -1   -2     -0.693     -1.095      0.000
  -1  141     -0.690      0.270      0.000
  -1  142     -0.683     -0.710      0.000
  -1  144     -0.667     -0.131      0.000
  -1  143     -0.662     -1.173      0.000
  -1   -2     -0.655      0.419      0.000
  -1  146     -0.649      1.057      0.000
  -1  148     -0.642      1.157      0.000
  -1  150     -0.627     -0.191      0.000
  -1  149     -0.626     -0.573      0.000
  -1  151     -0.623     -0.952      0.000
  -1  152     -0.621      0.928      0.000
  -1  154     -0.601     -0.412      0.000
  -1  153     -0.599     -1.026      0.000
  -1  155     -0.597      0.607      0.000
  -1   -2     -0.596      1.142      0.000
  -1  156     -0.594      0.823      0.000
  -1  158     -0.576     -0.476      0.000
  -1  157     -0.569     -0.945      0.000
  -1  159     -0.567      0.576      0.000
  -1  160     -0.558      0.237      0.000
  -1   -2     -0.558     -0.687      0.000
  -1  162     -0.542      1.029      0.000
  -1   -2     -0.539     -1.153      0.000
  -1  164     -0.530     -0.524      0.000
  -1  165     -0.518     -0.694      0.000
  -1  166     -0.518     -0.121      0.000
  -1  167     -0.497     -0.425      0.000
  -1  168     -0.495     -0.584      0.000
  -1  169     -0.494      0.314      0.000
  -1  170     -0.488     -0.798      0.000
  -1  171     -0.488      0.713      0.000
  -1  172     -0.487      0.680      0.000
  -1  173     -0.481      0.103      0.000
  -1  176     -0.460      0.603      0.000
  -1  175     -0.457     -1.082      0.000
  -1  177     -0.456      0.774      0.000
  -1  174     -0.455     -1.164      0.000
  -1  179     -0.452     -0.270      0.000
  -1   -2     -0.444      0.384      0.000
  -1  178     -0.442      0.841      0.000
  -1  181     -0.437      1.003      0.000
  -1  182     -0.429     -0.776      0.000
  -1  183     -0.428      0.030      0.000
  -1  184     -0.419     -0.557      0.000
  -1  185     -0.411     -1.123      0.000
  -1  186     -0.410      0.580      0.000
  -1   -2     -0.405      0.549      0.000
  -1   -2     -0.404      0.390      0.000
  -1  189     -0.389      0.068      0.000
  -1   -2     -0.384     -0.060      0.000
  -1  190     -0.382     -0.481      0.000
  -1  191     -0.370     -0.713      0.000
  -1  192     -0.365      0.508      0.000
  -1  193     -0.362     -1.169      0.000
  -1  195     -0.345      0.996      0.000
  -1  196     -0.340     -0.753      0.000
  -1   -2     -0.337     -0.329      0.000
  -1  198     -0.324     -0.099      0.000
  -1  200     -0.301      0.270      0.000
  -1  204     -0.294     -1.171      0.000
  -1  201     -0.290     -0.029      0.000
  -1  202     -0.288      0.336      0.000
  -1  206     -0.286      0.777      0.000
  -1  203     -0.286     -0.818      0.000
  -1   -2     -0.283      1.004      0.000
  -1  207     -0.268     -0.427      0.000
  -1   -2     -0.265     -0.922      0.000
  -1   -2     -0.260      1.141      0.000
  -1  210     -0.252      0.425      0.000
  -1  211     -0.246     -0.523      0.000
  -1  212     -0.242      0.169      0.000
  -1  214     -0.230     -0.609      0.000
  -1  216     -0.222     -0.441      0.000
  -1  217     -0.221     -1.095      0.000
  -1  218     -0.205     -0.181      0.000
  -1  219     -0.204      0.244      0.000
  -1  221     -0.190      0.945      0.000
  -1  224     -0.179     -0.541      0.000
  -1   -2     -0.179      0.586      0.000
  -1   -2     -0.179      0.106      0.000
  -1   -2     -0.178     -0.394      0.000
  -1  225     -0.178      0.021      0.000
  -1  226     -0.170     -0.718      0.000
  -1  227     -0.166      0.393      0.000
  -1  228     -0.150     -1.117      0.000
  -1  230     -0.145     -0.243      0.000
  -1  231     -0.127      0.939      0.000
  -1  232     -0.117     -0.056      0.000
  -1  234     -0.113     -0.282      0.000
  -1  233     -0.103      0.788      0.000
  -1  235     -0.102      0.217      0.000
  -1   -2     -0.102     -1.141      0.000
  -1  236     -0.101     -0.766      0.000
  -1  237     -0.090      1.113      0.000
  -1  238     -0.088      0.376      0.000
  -1  239     -0.082      0.056      0.000
  -1  241     -0.080      0.888      0.000
  -1   -2     -0.079     -0.572      0.000
  -1  240     -0.078     -1.013      0.000
  -1  245     -0.040      0.835      0.000
  -1  246     -0.039      0.228      0.000
  -1   -2     -0.035      0.376      0.000
  -1  242     -0.032     -1.165      0.000
  -1  247     -0.028      0.563      0.000
  -1  248     -0.026     -0.012      0.000
  -1  249     -0.021      0.647      0.000
  -1  251      0.016      0.421      0.000
  -1  253      0.037      0.104      0.000
  -1  252      0.038      0.587      0.000
  -1  255      0.045     -0.586      0.000
  -1  254      0.047      1.009      0.000
  -1  256      0.048     -0.727      0.000
  -1  257      0.052     -0.003      0.000
  -1   -2      0.058     -0.295      0.000
  -1  259      0.063      0.300      0.000
  -1  260      0.073     -1.071      0.000
  -1  261      0.080      0.268      0.000
  -1   -2      0.091      0.767      0.000
  -1  262      0.103     -0.159      0.000
  -1  263      0.105      0.819      0.000
  -1   -2      0.106      0.053      0.000
  -1  264      0.110     -1.170      0.000
  -1  265      0.111     -0.341      0.000
  -1  266      0.118     -0.268      0.000
  -1   -2      0.132      1.038      0.000
  -1  269      0.133     -0.832      0.000
  -1   -2      0.134      0.805      0.000
  -1  267      0.134     -1.030      0.000
  -1  268      0.141      0.547      0.000
  -1   -2      0.142      0.630      0.000
  -1  270      0.174      0.245      0.000
  -1  271      0.175      0.689      0.000
  -1  272      0.177     -0.417      0.000
  -1  273      0.186     -0.844      0.000
  -1  274      0.191     -0.254      0.000
  -1  275      0.200     -1.054      0.000
  -1  276      0.211     -0.672      0.000
  -1  279      0.227      0.045      0.000
  -1  280      0.229     -1.077      0.000
  -1  281      0.230     -0.567      0.000
  -1   -2      0.232     -0.327      0.000
  -1   -2      0.232     -1.009      0.000
  -1  282      0.232      0.869      0.000
  -1  284      0.244      0.361      0.000
  -1   -2      0.245      0.706      0.000
  -1  285      0.249     -0.841      0.000
  -1  286      0.257     -0.066      0.000
  -1  288      0.267     -0.586      0.000
  -1  289      0.270     -1.033      0.000
  -1  290      0.276     -0.395      0.000
  -1  291      0.286     -0.204      0.000
  -1  296      0.297     -1.150      0.000
  -1   -2      0.312     -0.695      0.000
  -1  297      0.312      0.953      0.000
  -1  293      0.313      0.634      0.000
  -1  295      0.315      0.814      0.000
  -1   -2      0.323     -0.069      0.000
  -1  298      0.328      0.752      0.000
  -1  299      0.332      0.171      0.000
  -1  301      0.342     -1.021      0.000
  -1  292      0.348      0.115      0.000
  -1  303      0.353      1.116      0.000
  -1  305      0.359     -0.875      0.000
  -1  304      0.360      0.560      0.000
  -1  307      0.369     -0.187      0.000
  -1   -2      0.371     -0.226      0.000
  -1  308      0.376     -0.940      0.000
  -1  309      0.385      0.385      0.000
  -1  310      0.392      0.054      0.000
  -1  311      0.398      0.600      0.000
  -1   -2      0.399      0.687      0.000
  -1  314      0.409     -0.697      0.000
  -1  315      0.415     -0.548      0.000
  -1  316      0.421      0.235      0.000
  -1   -2      0.423     -0.835      0.000
  -1  319      0.427     -0.248      0.000
  -1  318      0.428      0.729      0.000
  -1   -2      0.440     -0.929      0.000
  -1  320      0.449      0.778      0.000
  -1  322      0.455     -0.633      0.000
  -1  321      0.462     -1.174      0.000
  -1  323      0.463      0.418      0.000
  -1  324      0.472     -0.259      0.000
  -1  326      0.473      0.619      0.000
  -1  327      0.485      1.047      0.000
  -1  328      0.488     -0.458      0.000
  -1  329      0.500      0.882      0.000
  -1   -2      0.503     -0.571      0.000
  -1  331      0.513      0.199      0.000
  -1  333      0.524     -0.413      0.000
  -1  334      0.524      1.122      0.000
  -1  335      0.525      0.116      0.000
  -1  337      0.528     -0.727      0.000
  -1  338      0.546      0.361      0.000
  -1  339      0.547     -0.590      0.000
  -1  341      0.563     -0.293      0.000
  -1   -2      0.564      0.981      0.000
  -1  343      0.564      0.006      0.000
  -1  345      0.573     -0.695      0.000
  -1   -2      0.586     -0.743      0.000
  -1  346      0.587     -0.453      0.000
  -1   -2      0.589      0.346      0.000
  -1   -2      0.590     -0.977      0.000
  -1  349      0.593      1.117      0.000
  -1  348      0.595     -1.160      0.000
  -1  353      0.612     -0.238      0.000
  -1  350      0.615      0.502      0.000
  -1  352      0.619      0.415      0.000
  -1  351      0.620      0.373      0.000
  -1  354      0.626     -0.971      0.000
  -1   -2      0.629     -0.820      0.000
  -1  356      0.630      1.057      0.000
  -1   -2      0.631      0.045      0.000
  -1   -2      0.632      0.625      0.000
  -1   -2      0.637      0.139      0.000
  -1  358      0.641     -0.020      0.000
  -1  359      0.648      0.988      0.000
  -1   -2      0.649      0.211      0.000
  -1  360      0.649     -0.434      0.000
  -1   -2      0.655      1.164      0.000
  -1  363      0.677     -0.599      0.000
  -1  364      0.685     -0.694      0.000
  -1   -2      0.691     -0.900      0.000
  -1  365      0.693      0.755      0.000
  -1   -2      0.700      0.331      0.000
  -1  367      0.717      0.646      0.000
  -1  368      0.717     -0.557      0.000
  -1   -2      0.723     -1.074      0.000
  -1  369      0.729     -0.976      0.000
  -1  370      0.751     -0.759      0.000
  -1  372      0.754     -1.026      0.000
  -1  371      0.755     -0.042      0.000
  -1   -2      0.766     -0.336      0.000
  -1  375      0.775      0.580      0.000
  -1   -2      0.775      0.922      0.000
  -1   -2      0.776      0.688      0.000
  -1  377      0.790     -0.396      0.000
  -1  379      0.793      0.376      0.000
  -1  378      0.794      0.346      0.000
  -1  376      0.802      0.918      0.000
  -1  380      0.804     -0.616      0.000
  -1  383      0.810      0.697      0.000
  -1  381      0.811      0.045      0.000
  -1  384      0.821     -1.088      0.000
  -1  385      0.825      0.626      0.000
  -1  386      0.827      0.512      0.000
  -1  389      0.830      0.834      0.000
  -1  391      0.837     -1.033      0.000
  -1  390      0.838     -0.229      0.000
  -1  392      0.838      0.150      0.000
  -1  393      0.842     -0.761      0.000
  -1   -2      0.852      0.392      0.000
  -1  395      0.855     -0.587      0.000
  -1  396      0.861     -1.121      0.000
  -1  398      0.862     -0.838      0.000
  -1   -2      0.863     -1.166      0.000
  -1  397      0.865      0.342      0.000
  -1   -2      0.874      0.797      0.000
  -1  399      0.874     -0.337      0.000
  -1   -2      0.898     -1.008      0.000
  -1  401      0.906      1.028      0.000
  -1  400      0.909     -0.033      0.000
  -1  402      0.910      1.130      0.000
  -1   -2      0.921     -0.955      0.000
  -1  403      0.930      0.196      0.000
  -1   -2      0.930     -0.610      0.000
  -1   -2      0.933     -0.882      0.000
  -1  405      0.962      0.729      0.000
  -1  406      0.962     -0.824      0.000
  -1  407      0.964     -0.608      0.000
  -1  408      0.967     -0.055      0.000
  -1  409      0.968      0.174      0.000
  -1  411      0.971      1.013      0.000
  -1  412      0.984     -0.171      0.000
  -1  413      0.984      0.206      0.000
  -1  414      0.988      0.902      0.000
  -1   -2      0.989     -1.118      0.000
  -1  415      0.993      0.940      0.000
  -1   -2      1.005     -0.107      0.000
  -1  417      1.005      0.733      0.000
  -1  420      1.015     -0.746      0.000
  -1  419      1.016      0.494      0.000
  -1  424      1.031     -0.580      0.000
  -1  425      1.032     -0.485      0.000
  -1  422      1.032      0.288      0.000
  -1  427      1.033     -0.898      0.000
  -1  423      1.034      0.245      0.000
  -1  426      1.035      1.042      0.000
  -1  429      1.057     -0.083      0.000
  -1   -2      1.058     -1.162      0.000
  -1  431      1.064     -0.298      0.000
  -1   -2      1.083      1.149      0.000
  -1   -2      1.094     -0.197      0.000
  -1  435      1.100     -1.095      0.000
  -1  436      1.103     -0.677      0.000
  -1  434      1.104      0.648      0.000
  -1  439      1.122      0.597      0.000
  -1  441      1.131      0.549      0.000
  -1  443      1.132     -0.141      0.000
  -1  444      1.137      0.096      0.000
  -1   -2      1.145     -0.321      0.000
  -1   -2      1.153      0.163      0.000
  -1  445      1.155     -0.772      0.000
  -1  446      1.161     -1.013      0.000
  -1   -2      1.162     -0.038      0.000
  -1  447      1.164      0.345      0.000
  -1  448      1.168      0.228      0.000
  -1  450      1.172     -0.926      0.000
  -1  449      1.175     -0.229      0.000
  -1  451      1.189     -0.431      0.000
  -1   -2      1.192     -0.327      0.000
  -1  454      1.201      0.167      0.000
  -1   -2      1.207     -1.171      0.000
  -1  456      1.209      1.004      0.000
  -1  458      1.223     -1.089      0.000
  -1  457      1.224      0.464      0.000
  -1  459      1.235     -0.707      0.000
  -1  460      1.239      0.803      0.000
  -1  461      1.240     -0.114      0.000
  -1  462      1.243      0.396      0.000
  -1   -2      1.249      0.046      0.000
  -1  463      1.253     -0.465      0.000
  -1   -2      1.261      0.633      0.000
  -1  464      1.275      0.692      0.000
  -1  465      1.285     -0.089      0.000
  -1  466      1.290     -0.988      0.000
  -1   -2      1.292     -1.043      0.000
  -1  468      1.297      0.992      0.000
  -1  469      1.301     -0.681      0.000
  -1  471      1.302     -0.340      0.000
  -1  470      1.302     -0.763      0.000
  -1   -2      1.324      0.902      0.000
  -1  476      1.330      1.054      0.000
  -1  474      1.330      0.212      0.000
  -1  475      1.331     -0.546      0.000
  -1  478      1.331      0.029      0.000
  -1   -2      1.337     -1.122      0.000
  -1  480      1.342     -0.713      0.000
  -1   -2      1.343      0.106      0.000
  -1   -2      1.346     -1.174      0.000
  -1  481      1.353      0.739      0.000
  -1   -2      1.365     -0.067      0.000
  -1  482      1.373     -0.796      0.000
  -1  483      1.374     -0.699      0.000
  -1  484      1.386      1.019      0.000
  -1   -2      1.394     -0.185      0.000
  -1   -2      1.414     -0.683      0.000
  -1   -2      1.417     -0.298      0.000
  -1  486      1.419      0.233      0.000
  -1  487      1.420      0.719      0.000
  -1   -2      1.447     -1.171      0.000
  -1  488      1.449     -0.112      0.000
  -1  489      1.453      0.272      0.000
  -1   -2      1.457      0.014      0.000
  -1   -2      1.461      1.137      0.000
  -1  491      1.473     -0.719      0.000
  -1  492      1.482     -0.646      0.000
  -1  493      1.482     -0.572      0.000
  -1  494      1.489      0.434      0.000
  -1  496      1.498     -0.451      0.000
  -1  498      1.510     -1.031      0.000
  -1   -2      1.529      0.672      0.000
  -1  500      1.530      0.503      0.000
  -1  502      1.546      0.147      0.000
