514
   0    1     -1.560     -0.426      0.000
   2    2     -1.558      0.836      0.000
   3    3     -1.554      0.440      0.000
   1    4     -1.548     -0.952      0.000
  -1   -2     -1.533     -0.600      0.000
   8    5     -1.526      0.360      0.000
   4   -2     -1.512      0.674      0.000
  11    8     -1.506     -0.484      0.000
  -1    9     -1.504      1.053      0.000
  12    7     -1.503      0.056      0.000
  -1   10     -1.492     -0.671      0.000
  -1   11     -1.489     -0.307      0.000
  14   12     -1.485      0.879      0.000
  -1   -2     -1.476     -0.210      0.000
  15   19     -1.476     -1.127      0.000
  16   13     -1.473     -0.036      0.000
  17   15     -1.469      0.795      0.000
  18   14     -1.468     -0.523      0.000
  19   16     -1.466      0.198      0.000
  21   17     -1.465     -0.779      0.000
  22   -2     -1.461      0.755      0.000
  25   -2     -1.458      0.393      0.000
  38   -2     -1.442     -1.165      0.000
  29   23     -1.420     -0.049      0.000
  27   20     -1.420      0.481      0.000
  -1   -2     -1.417     -0.882      0.000
  28   22     -1.409      0.675      0.000
  31   25     -1.398     -0.445      0.000
  32   26     -1.388      0.274      0.000
  -1   -2     -1.379      0.615      0.000
  36   30     -1.365     -0.177      0.000
  37   24     -1.353      0.908      0.000
  40   34     -1.335     -0.335      0.000
  41   33     -1.334      1.075      0.000
  44   35     -1.312     -1.054      0.000
  43   36     -1.310     -0.649      0.000
  45   37     -1.306      0.467      0.000
  46   38     -1.294     -0.757      0.000
  48   40     -1.279      0.725      0.000
  49   42     -1.276     -0.137      0.000
  50   41     -1.275     -0.971      0.000
  -1   43     -1.266      0.832      0.000
  52   45     -1.264     -0.427      0.000
  53   46     -1.259      0.948      0.000
  -1   -2     -1.256     -0.613      0.000
  55   47     -1.250      0.453      0.000
  56   48     -1.238      1.123      0.000
  57   49     -1.233     -0.759      0.000
  67   51     -1.230     -1.150      0.000
  59   50     -1.228      0.736      0.000
  60   -2     -1.224      0.206      0.000
  61   52     -1.220     -0.340      0.000
  62   53     -1.217      0.536      0.000
  63   54     -1.216     -0.444      0.000
  -1   -2     -1.214      0.267      0.000
  64   58     -1.211     -0.195      0.000
  66   55     -1.211     -0.970      0.000
  65   56     -1.208      0.436      0.000
  69   59     -1.180      0.600      0.000
  68   60     -1.179      0.374      0.000
  70   61     -1.176     -0.256      0.000
  -1   62     -1.175     -0.560      0.000
  71   63     -1.169      0.639      0.000
  72   64     -1.157      1.094      0.000
  73   65     -1.151      1.144      0.000
  -1   -2     -1.151      0.472      0.000
  74   66     -1.149     -0.948      0.000
  75   67     -1.140     -0.988      0.000
  -1   -2     -1.138      0.608      0.000
  76   68     -1.135      0.879      0.000
  77   69     -1.125      0.330      0.000
  78   70     -1.117     -0.486      0.000
  81   -2     -1.115     -1.171      0.000
  80   71     -1.106      1.134      0.000
  79   72     -1.104     -0.099      0.000
  82   73     -1.077      0.610      0.000
  83   75     -1.076     -1.119      0.000
  84   74     -1.069     -0.810      0.000
  85   76     -1.050     -0.144      0.000
  87   -2     -1.044     -0.057      0.000
  89   77     -1.040      0.970      0.000
  88   78     -1.032     -0.013      0.000
  92   79     -1.025     -0.228      0.000
  94   80     -1.020     -1.162      0.000
  91   81     -1.017      0.266      0.000
  93   83     -1.016      0.331      0.000
  96   84     -1.009     -0.948      0.000
  95   85     -1.007      0.457      0.000
  98   86     -1.001      1.083      0.000
  97   87     -1.000      0.715      0.000
  99   88     -0.995      0.398      0.000
  -1   -2     -0.978     -0.461      0.000
  -1   -2     -0.977     -0.776      0.000
 100   89     -0.976     -0.056      0.000
 101   90     -0.968      0.039      0.000
 102   91     -0.964      0.383      0.000
  -1   -2     -0.962      0.619      0.000
  -1   92     -0.961     -0.819      0.000
  -1   -2     -0.951     -0.978      0.000
 105   -2     -0.947     -0.500      0.000
 108   93     -0.942     -0.639      0.000
 107   95     -0.941      0.140      0.000
 109   94     -0.940      0.747      0.000
 111   97     -0.921     -1.007      0.000
 112   98     -0.916     -0.144      0.000
 113   99     -0.911     -0.723      0.000
 114  100     -0.909     -0.777      0.000
 115  101     -0.907     -1.075      0.000
 116  102     -0.904      1.117      0.000
 118  104     -0.894     -0.448      0.000
 117  105     -0.893     -0.097      0.000
 119  106     -0.892      0.815      0.000
 120  107     -0.885      0.062      0.000
 121   -2     -0.884     -0.346      0.000
 122  103     -0.882     -1.162      0.000
 123  108     -0.852      0.879      0.000
 124   -2     -0.846      0.035      0.000
  -1  109     -0.839      1.051      0.000
 125  110     -0.832     -0.763      0.000
 126  111     -0.829      0.986      0.000
 128  112     -0.822      1.095      0.000
 129  113     -0.811     -0.925      0.000
 133   -2     -0.803      0.702      0.000
 130  116     -0.803     -0.285      0.000
 131  115     -0.801     -0.539      0.000
 134   -2     -0.795      0.511      0.000
 135  118     -0.788      0.047      0.000
 139  120     -0.773      0.955      0.000
 138  121     -0.771     -0.254      0.000
 141  122     -0.763     -0.669      0.000
 142  123     -0.754     -0.936      0.000
 143  136     -0.752     -1.150      0.000
 144  126     -0.747     -0.400      0.000
 146  127     -0.730     -0.965      0.000
 147  129     -0.723     -0.473      0.000
 148  131     -0.720     -0.205      0.000
  -1  130     -0.719      0.971      0.000
 151  133     -0.718      0.439      0.000
 152  132     -0.712     -1.013      0.000
 153  134     -0.707      1.022      0.000
 154  135     -0.703      0.076      0.000
  -1   -2     -0.700      0.494      0.000
 155  137     -0.692      0.174      0.000
 156  138     -0.688      0.830      0.000
 157   -2     -0.683     -1.171      0.000
 158  139     -0.682     -0.729      0.000
 159  142     -0.675     -0.256      0.000
 162  140     -0.670     -0.878      0.000
 160  141     -0.670     -0.462      0.000
 161  144     -0.665     -0.032      0.000
 163  143     -0.665      0.612      0.000
 166  145     -0.645      1.083      0.000
 165  146     -0.643     -0.726      0.000
 164  148     -0.640     -0.104      0.000
  -1   -2     -0.632      0.118      0.000
 167   -2     -0.630     -1.118      0.000
  -1  149     -0.629      0.640      0.000
 169  151     -0.611     -1.044      0.000
 168  152     -0.611     -0.238      0.000
 170  156     -0.602      0.400      0.000
 171  155     -0.597     -0.952      0.000
  -1   -2     -0.591     -1.083      0.000
 172  157     -0.590      0.973      0.000
 173  158     -0.571      0.285      0.000
 174   -2     -0.566     -0.053      0.000
 175  159     -0.563     -0.601      0.000
 176  161     -0.559     -0.144      0.000
 177  160     -0.557     -1.172      0.000
 178  162     -0.550      0.445      0.000
  -1   -2     -0.548      1.136      0.000
  -1   -2     -0.546      0.870      0.000
  -1   -2     -0.542      0.063      0.000
 180   -2     -0.533     -0.914      0.000
 181  164     -0.530      1.085      0.000
 182  168     -0.519     -0.198      0.000
 183  167     -0.517      0.649      0.000
 184   -2     -0.498     -0.512      0.000
  -1  171     -0.486      0.621      0.000
 188  173     -0.475     -0.737      0.000
 187  172     -0.474     -1.128      0.000
 189  174     -0.465     -0.565      0.000
 191  176     -0.461     -0.846      0.000
 198  175     -0.453     -1.173      0.000
 192  177     -0.449      0.255      0.000
  -1   -2     -0.448     -1.084      0.000
 194  185     -0.435      0.446      0.000
  -1   -2     -0.429      0.775      0.000
 197  179     -0.424      1.078      0.000
 196  180     -0.423      0.740      0.000
 199  181     -0.420     -0.466      0.000
 200  182     -0.416     -0.136      0.000
 201  183     -0.411      0.918      0.000
 202  184     -0.406      0.844      0.000
 203   -2     -0.403      0.408      0.000
 204  186     -0.401     -0.836      0.000
 205  187     -0.392      0.343      0.000
 206  188     -0.389      0.664      0.000
 207  190     -0.364     -0.306      0.000
 208  189     -0.364     -0.614      0.000
  -1  191     -0.352     -1.137      0.000
 209   -2     -0.350     -1.081      0.000
 210   -2     -0.339      0.642      0.000
 211  195     -0.336     -0.784      0.000
 212  194     -0.332      0.608      0.000
 214  193     -0.330      1.090      0.000
 215  197     -0.320      0.434      0.000
 216  196     -0.318     -0.539      0.000
 213  199     -0.312      0.030      0.000
 217  198     -0.311     -0.830      0.000
  -1   -2     -0.293     -0.081      0.000
  -1  202     -0.292      0.074      0.000
 219  201     -0.291      0.570      0.000
 220  203     -0.282     -0.705      0.000
 221  204     -0.274      0.840      0.000
 222  200     -0.267     -1.171      0.000
 223  205     -0.267     -0.905      0.000
 225   -2     -0.265     -1.117      0.000
 224  206     -0.264     -0.378      0.000
  -1  207     -0.247     -1.021      0.000
  -1   -2     -0.237     -0.974      0.000
 230  208     -0.224     -1.092      0.000
 229  209     -0.221      0.308      0.000
  -1  210     -0.216      0.383      0.000
 228  211     -0.209     -0.045      0.000
 232  212     -0.209     -0.494      0.000
 233  213     -0.199     -0.605      0.000
 234  214     -0.191      0.264      0.000
 235  215     -0.191     -0.226      0.000
 236  216     -0.189      0.484      0.000
 237  218     -0.178      1.063      0.000
  -1  217     -0.174     -1.004      0.000
 239  220     -0.172      0.188      0.000
  -1  219     -0.171     -0.514      0.000
 241   -2     -0.165     -0.099      0.000
 243  221     -0.144     -0.819      0.000
  -1   -2     -0.143     -0.701      0.000
  -1   -2     -0.143      1.160      0.000
 245  224     -0.141     -0.636      0.000
 246  226     -0.139     -0.220      0.000
 247  225     -0.137      0.277      0.000
 242  222     -0.134     -1.108      0.000
 249  228     -0.131     -0.466      0.000
 250  229     -0.120      1.069      0.000
 252  230     -0.112      0.453      0.000
 255  232     -0.092      0.911      0.000
  -1  235     -0.086     -1.133      0.000
  -1  233     -0.085     -0.292      0.000
 254   -2     -0.082     -1.152      0.000
 258  234     -0.082     -0.876      0.000
  -1   -2     -0.081     -1.132      0.000
 259  236     -0.069      1.017      0.000
 260  237     -0.065     -0.332      0.000
 263  240     -0.047      0.433      0.000
 266  239     -0.044      0.265      0.000
 264  241     -0.033      0.051      0.000
 265  243     -0.028      0.964      0.000
  -1   -2     -0.015     -0.146      0.000
  -1   -2     -0.005      0.656      0.000
 267  245     -0.000      0.440      0.000
 268  244      0.000      0.756      0.000
 269  247      0.003      0.263      0.000
 270  246      0.005      0.113      0.000
 271  248      0.006     -0.025      0.000
 274  251      0.041      0.496      0.000
 277  252      0.053      0.689      0.000
 278  254      0.056     -0.850      0.000
 280  255      0.061      0.924      0.000
 281  256      0.062     -0.694      0.000
 279  257      0.062      0.130      0.000
  -1   -2      0.066      0.603      0.000
 284  258      0.072     -0.014      0.000
 282  260      0.075      0.098      0.000
 285  262      0.086      0.347      0.000
  -1  267      0.100     -0.164      0.000
 290  265      0.106     -1.084      0.000
 289  266      0.107     -1.159      0.000
 288  263      0.110      0.953      0.000
  -1   -2      0.129     -0.417      0.000
 292  268      0.132     -0.331      0.000
 294  270      0.141     -0.955      0.000
 295  271      0.142      0.648      0.000
  -1  272      0.148     -0.169      0.000
  -1  277      0.148     -0.485      0.000
 298  275      0.168      0.808      0.000
 300  276      0.175      0.283      0.000
 299   -2      0.184     -0.504      0.000
 301  278      0.188     -0.966      0.000
 302  279      0.196     -0.315      0.000
 315   -2      0.203     -1.171      0.000
 303  280      0.213     -0.786      0.000
  -1  282      0.221     -1.000      0.000
 304  284      0.222      0.041      0.000
 306  283      0.223      1.005      0.000
  -1   -2      0.226     -0.402      0.000
 309  285      0.227      0.306      0.000
 307  286      0.228      0.740      0.000
 308  287      0.231     -0.667      0.000
 310  288      0.237      0.432      0.000
 313  289      0.249     -0.091      0.000
  -1  291      0.263     -0.688      0.000
 317  292      0.272     -0.475      0.000
 319  293      0.276     -0.253      0.000
 316  303      0.283      0.116      0.000
 321  296      0.286      0.745      0.000
 322  295      0.291     -0.638      0.000
 323  297      0.298      0.943      0.000
 324  300      0.303     -1.163      0.000
 326  298      0.305      0.874      0.000
 327  301      0.310      0.196      0.000
  -1  302      0.311     -0.088      0.000
  -1  304      0.337     -0.037      0.000
 331   -2      0.347     -1.133      0.000
 332  305      0.350     -0.270      0.000
  -1  306      0.356      0.451      0.000
 333  307      0.358     -0.127      0.000
 335  308      0.359     -0.984      0.000
  -1   -2      0.362      0.692      0.000
 336  309      0.363      0.056      0.000
 355   -2      0.369      0.798      0.000
 338  312      0.375     -1.048      0.000
 340  313      0.397     -0.628      0.000
 341  314      0.397     -0.795      0.000
 342  315      0.398     -0.294      0.000
 343  317      0.417     -0.934      0.000
  -1   -2      0.419      0.486      0.000
 345  320      0.437     -0.716      0.000
 347  319      0.440      0.055      0.000
 348  321      0.440     -0.301      0.000
  -1   -2      0.443      0.511      0.000
 349  322      0.447     -0.347      0.000
 351  324      0.459      0.231      0.000
 350  327      0.468     -1.122      0.000
 353  323      0.469      0.691      0.000
 352  325      0.471      1.002      0.000
 354  326      0.473      0.135      0.000
  -1  328      0.478     -0.643      0.000
  -1   -2      0.479     -0.946      0.000
 356   -2      0.486      0.420      0.000
 358  329      0.487     -0.473      0.000
  -1  330      0.493     -0.439      0.000
 359   -2      0.497      0.958      0.000
 360  332      0.510      0.010      0.000
  -1   -2      0.515      0.578      0.000
 361  334      0.520     -0.332      0.000
 362  335      0.523     -0.654      0.000
 363  336      0.537     -1.132      0.000
 364  337      0.541      1.100      0.000
  -1   -2      0.544     -0.905      0.000
  -1  338      0.547      0.397      0.000
 365  339      0.550     -0.505      0.000
 366  340      0.553      0.576      0.000
  -1   -2      0.554      0.482      0.000
 369  341      0.558      0.431      0.000
 370  343      0.560     -0.778      0.000
  -1   -2      0.564      0.665      0.000
 373  342      0.570      0.247      0.000
 368  345      0.570     -0.280      0.000
 371  344      0.570      0.168      0.000
 374   -2      0.574      0.717      0.000
  -1   -2      0.576     -0.829      0.000
 375  346      0.577     -0.019      0.000
 377  347      0.598      0.603      0.000
 376   -2      0.598     -0.986      0.000
 378  349      0.607     -0.475      0.000
 379  350      0.614     -0.877      0.000
 381  351      0.625      1.097      0.000
 382  353      0.626     -1.029      0.000
 384  354      0.641      0.850      0.000
 385  355      0.646     -0.643      0.000
 386  356      0.653      0.732      0.000
 387  357      0.659     -0.740      0.000
 390   -2      0.678     -0.034      0.000
 388   -2      0.679     -0.594      0.000
 391  359      0.683     -0.941      0.000
 393  361      0.697      0.660      0.000
 394  362      0.707      0.416      0.000
  -1   -2      0.708     -0.378      0.000
 383  375      0.715     -1.103      0.000
 397  363      0.717      0.060      0.000
 399  366      0.729     -1.007      0.000
 400  365      0.729     -0.785      0.000
 395  368      0.735      0.775      0.000
 401  367      0.735     -0.413      0.000
 402  370      0.739      1.015      0.000
 407  369      0.741      0.259      0.000
  -1   -2      0.751     -1.162      0.000
 405  373      0.752      0.700      0.000
 404  372      0.753     -0.140      0.000
 406   -2      0.756     -1.061      0.000
 408  374      0.757     -0.585      0.000
 409   -2      0.764      1.006      0.000
  -1   -2      0.765     -0.637      0.000
 412  376      0.767     -0.233      0.000
 413  377      0.772      0.390      0.000
  -1  382      0.775     -1.161      0.000
 416  378      0.777     -0.449      0.000
 414  379      0.780      0.916      0.000
 415  381      0.791     -0.980      0.000
 417  380      0.792      1.022      0.000
 418  383      0.812     -0.342      0.000
 419  384      0.815     -0.781      0.000
 420  385      0.817     -0.599      0.000
 421  386      0.821     -0.018      0.000
 422  387      0.826     -1.103      0.000
 423  388      0.840     -1.043      0.000
 425  389      0.850     -0.850      0.000
 426  392      0.874      1.100      0.000
  -1   -2      0.877     -0.776      0.000
  -1   -2      0.880     -0.040      0.000
 428  393      0.882      0.238      0.000
  -1  396      0.896      0.955      0.000
  -1   -2      0.913     -0.947      0.000
 432  401      0.920      0.537      0.000
 433  403      0.922     -0.603      0.000
 434  404      0.926      0.320      0.000
 435  405      0.929      0.276      0.000
  -1   -2      0.933     -1.089      0.000
 437  406      0.936      0.782      0.000
 438  408      0.941      0.958      0.000
 439  410      0.945     -0.812      0.000
 440  409      0.945      1.070      0.000
 441  411      0.948      1.004      0.000
 442  412      0.961     -0.886      0.000
 443  413      0.972     -0.059      0.000
  -1   -2      0.981     -0.222      0.000
 444  414      0.982     -0.466      0.000
 445  416      0.990     -0.558      0.000
 447  417      0.994      0.062      0.000
  -1   -2      0.996     -0.672      0.000
 448  415      1.000     -0.289      0.000
 449  418      1.013     -0.175      0.000
 450  419      1.020      0.678      0.000
 451  420      1.030      0.625      0.000
 452  421      1.034      0.123      0.000
 453  422      1.035      0.577      0.000
 455  424      1.047      0.451      0.000
  -1  425      1.051      0.081      0.000
  -1  427      1.053     -0.348      0.000
 457  428      1.059      0.367      0.000
  -1   -2      1.063     -0.249      0.000
 459  431      1.072     -0.639      0.000
 460  430      1.072     -0.286      0.000
 461   -2      1.092     -0.751      0.000
 462  433      1.094     -0.190      0.000
 463  435      1.098      0.191      0.000
 464  436      1.105     -1.052      0.000
  -1   -2      1.112     -0.455      0.000
  -1  438      1.123     -0.287      0.000
 466  437      1.123      0.476      0.000
 465  443      1.125     -1.164      0.000
 467  440      1.135     -0.721      0.000
 470  442      1.142      0.411      0.000
 471  444      1.143      0.934      0.000
 472  445      1.153     -0.077      0.000
  -1  446      1.161     -0.954      0.000
 476  450      1.167      1.011      0.000
 473  447      1.169     -0.866      0.000
 474  448      1.170      0.805      0.000
  -1  449      1.172      0.631      0.000
  -1  451      1.182     -0.459      0.000
  -1   -2      1.190      0.313      0.000
  -1  452      1.195      0.687      0.000
 478  454      1.201     -0.049      0.000
 479  455      1.208     -0.641      0.000
 482   -2      1.232      0.195      0.000
 483  457      1.234      0.227      0.000
 484  458      1.246      0.055      0.000
 485  461      1.274     -0.604      0.000
 487  463      1.280     -0.682      0.000
 488   -2      1.283     -0.335      0.000
 489  464      1.289     -0.467      0.000
  -1   -2      1.291     -0.905      0.000
 491  465      1.302      1.027      0.000
  -1  467      1.302     -0.962      0.000
  -1  466      1.302     -1.095      0.000
 492   -2      1.309     -0.738      0.000
 502   -2      1.325     -0.134      0.000
 495  471      1.331      0.250      0.000
 496  462      1.336      0.683      0.000
 494  472      1.337     -0.617      0.000
 497  473      1.357     -0.700      0.000
  -1  475      1.360     -0.229      0.000
 500  476      1.370      0.272      0.000
 498  480      1.371     -1.154      0.000
 499  477      1.372     -1.085      0.000
 501   -2      1.375      0.963      0.000
  -1  481      1.396     -0.169      0.000
 504  482      1.405      0.408      0.000
 505  483      1.409      0.096      0.000
  -1  487      1.435      0.805      0.000
 507  490      1.450     -0.614      0.000
 508  488      1.451      0.466      0.000
 509  491      1.454     -0.472      0.000
  -1  493      1.461     -0.542      0.000
  -1  494      1.462     -0.359      0.000
 510  495      1.472     -0.331      0.000
  -1  492      1.481      0.063      0.000
 511  496      1.483      0.150      0.000
  -1  497      1.491     -1.087      0.000
 512  498      1.496     -0.925      0.000
  -1  499      1.501     -0.062      0.000
  -1   -2      1.509     -0.289      0.000
 514  500      1.519      0.243      0.000
 516  501      1.533      0.592      0.000
 517  502      1.537      1.133      0.000
  -1   -2      1.544     -0.639      0.000
 520  506      1.554     -0.314      0.000
  -1  504      1.554     -0.391      0.000
 521  507      1.557      0.941      0.000
 519  509      1.559     -1.103      0.000
 518  505      1.564     -0.799      0.000
 523  510      1.566     -0.127      0.000
  -1  511      1.572      0.087      0.000
  -1   -2      1.574     -0.352      0.000
