506
  -1   -2     -1.562      0.974      0.000
   0    2     -1.561     -0.918      0.000
   1    3     -1.559      0.180      0.000
   3    4     -1.549     -0.397      0.000
   4    5     -1.548      0.803      0.000
   6    6     -1.532      0.419      0.000
   7    7     -1.525      0.602      0.000
   8   10     -1.506      0.346      0.000
  11   11     -1.494     -0.454      0.000
  12   12     -1.483      0.058      0.000
  -1   13     -1.476      0.846      0.000
  13   -2     -1.473     -0.289      0.000
  15   14     -1.463     -0.744      0.000
  17   15     -1.458     -0.493      0.000
  16   17     -1.456      0.763      0.000
  -1   16     -1.454      1.161      0.000
  18   18     -1.451      0.895      0.000
  19   19     -1.447      0.725      0.000
  21   20     -1.446     -0.028      0.000
  22   22     -1.440      0.195      0.000
  35    0     -1.436      0.386      0.000
  24   -2     -1.418     -0.288      0.000
  -1   -2     -1.413      0.991      0.000
  -1   -2     -1.412     -0.831      0.000
  26   23     -1.406     -1.119      0.000
  -1   25     -1.397      0.463      0.000
  29   28     -1.391      0.649      0.000
  30   29     -1.381     -0.421      0.000
  31   31     -1.365     -0.028      0.000
  33   30     -1.362     -0.772      0.000
  34   32     -1.356      0.592      0.000
  36   33     -1.353     -0.984      0.000
  38   35     -1.338     -0.163      0.000
  37   34     -1.336      1.048      0.000
  40   36     -1.322     -1.025      0.000
  28   55     -1.301     -0.621      0.000
  42   38     -1.291     -0.730      0.000
  44   40     -1.279     -0.945      0.000
  43   41     -1.278      0.453      0.000
  -1   -2     -1.275     -0.684      0.000
  -1   -2     -1.266     -1.116      0.000
  46   42     -1.264      0.046      0.000
  47   43     -1.261      0.709      0.000
  -1   -2     -1.258      0.487      0.000
  48   44     -1.254      0.920      0.000
  49   45     -1.252      0.809      0.000
  51   47     -1.243     -0.128      0.000
  53   46     -1.243      1.101      0.000
  52   -2     -1.242     -0.408      0.000
  54   48     -1.238     -0.077      0.000
  55   49     -1.229     -0.736      0.000
  50   51     -1.219     -1.105      0.000
  57   52     -1.218     -0.940      0.000
  56   53     -1.218      0.440      0.000
  58   -2     -1.214     -0.484      0.000
  -1   -2     -1.210     -0.876      0.000
  59   54     -1.208      0.718      0.000
  -1   -2     -1.206     -0.638      0.000
  60   57     -1.196     -0.329      0.000
  61   56     -1.195     -0.426      0.000
  -1   58     -1.188      0.525      0.000
  62   -2     -1.187      0.207      0.000
  -1   59     -1.180      0.602      0.000
  -1   61     -1.179     -0.185      0.000
  63   62     -1.174      0.424      0.000
  66   63     -1.167     -1.171      0.000
  -1   -2     -1.165     -0.539      0.000
  68   -2     -1.160      1.083      0.000
  69   64     -1.155      1.125      0.000
  70   65     -1.153     -0.925      0.000
  74   66     -1.148     -0.964      0.000
  72   67     -1.146     -0.247      0.000
  73   68     -1.143      0.365      0.000
  75   69     -1.141      0.623      0.000
  -1   -2     -1.132     -1.128      0.000
  76   70     -1.126      0.864      0.000
  77   -2     -1.124      0.470      0.000
  78   71     -1.110      1.115      0.000
  79   72     -1.096     -0.472      0.000
  81   73     -1.094     -1.102      0.000
  80   74     -1.087      0.324      0.000
  -1   -2     -1.073     -0.095      0.000
  82   75     -1.063     -0.793      0.000
  -1   -2     -1.049      0.523      0.000
  83   77     -1.048      0.599      0.000
  -1   76     -1.031     -1.148      0.000
  86   80     -1.013     -0.141      0.000
  87   79     -1.011     -0.928      0.000
  88   84     -1.001      0.339      0.000
  89   81     -1.001      1.074      0.000
  90   82     -0.992     -0.012      0.000
  91   83     -0.990     -0.222      0.000
  -1   88     -0.978      0.457      0.000
  85  100     -0.973     -1.132      0.000
  95   -2     -0.963      0.320      0.000
  96   90     -0.957      0.396      0.000
  97   91     -0.953     -0.456      0.000
 100   86     -0.936      0.619      0.000
  -1   93     -0.936     -0.544      0.000
  99   94     -0.935     -0.054      0.000
 104   96     -0.931     -0.992      0.000
 101   98     -0.925      0.039      0.000
 102   95     -0.925     -0.631      0.000
 103   99     -0.923      0.745      0.000
 105   97     -0.922      1.157      0.000
 106   -2     -0.914     -1.066      0.000
 107  101     -0.905      1.113      0.000
 108  102     -0.902     -0.769      0.000
 110  103     -0.899     -0.717      0.000
 109  104     -0.897      0.140      0.000
 111  106     -0.878     -0.144      0.000
 112  105     -0.875     -1.164      0.000
 113  107     -0.869      0.813      0.000
 114  108     -0.866     -0.444      0.000
  -1   -2     -0.855      0.632      0.000
 116   -2     -0.851     -0.343      0.000
 115  109     -0.848     -0.097      0.000
 119  111     -0.838      0.879      0.000
 120  112     -0.837      1.050      0.000
  -1  113     -0.829      0.218      0.000
 121  115     -0.824     -0.761      0.000
 122  114     -0.823      1.095      0.000
 123  117     -0.821      0.987      0.000
  -1  110     -0.799      0.030      0.000
  -1   -2     -0.798     -0.949      0.000
  -1   -2     -0.786      0.776      0.000
 125  119     -0.778     -0.538      0.000
 126  118     -0.778      0.702      0.000
 127  121     -0.768     -0.286      0.000
 128  120     -0.766      0.956      0.000
  -1   -2     -0.756      0.847      0.000
 130  124     -0.744     -0.946      0.000
 131  127     -0.743     -0.667      0.000
 129  125     -0.742      0.051      0.000
 132  128     -0.741     -0.253      0.000
 133  129     -0.717      0.327      0.000
 134  130     -0.715     -1.012      0.000
  -1   -2     -0.714      0.973      0.000
 135  131     -0.701      1.029      0.000
 136  134     -0.697     -0.477      0.000
  -1   -2     -0.693      1.090      0.000
 138  135     -0.690     -1.171      0.000
 137   -2     -0.689      0.590      0.000
 139  136     -0.682     -0.207      0.000
 140  137     -0.677      0.442      0.000
  -1  132     -0.675      0.262      0.000
 141  138     -0.671      0.838      0.000
 142  139     -0.669     -0.733      0.000
 143  140     -0.662      1.151      0.000
 144  142     -0.654      0.079      0.000
 146  141     -0.651     -0.263      0.000
 145  143     -0.649      0.173      0.000
  -1   -2     -0.646      1.064      0.000
 147  144     -0.643     -0.469      0.000
 148  145     -0.641      1.099      0.000
  -1  146     -0.638      1.022      0.000
 151  147     -0.628     -0.730      0.000
 149  148     -0.627      0.631      0.000
 150  150     -0.626     -0.032      0.000
  -1  149     -0.624      0.745      0.000
 152  151     -0.618     -0.972      0.000
 153  152     -0.615     -1.051      0.000
 154  165     -0.602     -0.104      0.000
  -1  153     -0.596      0.120      0.000
 155  154     -0.582      0.986      0.000
 158  155     -0.580     -1.172      0.000
 156  156     -0.578     -0.242      0.000
 157  157     -0.565      0.410      0.000
  -1  158     -0.559     -0.933      0.000
 159   -2     -0.550     -0.928      0.000
 161  161     -0.544     -0.612      0.000
 162   -2     -0.539     -1.085      0.000
 163  163     -0.534      0.292      0.000
 164  162     -0.530      0.889      0.000
 165  164     -0.528      1.103      0.000
 166  166     -0.523     -0.150      0.000
 167  167     -0.514      0.456      0.000
 171  168     -0.493     -0.693      0.000
 170  170     -0.492      0.666      0.000
 169  169     -0.488     -0.242      0.000
  -1   -2     -0.487     -1.165      0.000
 172  172     -0.484     -0.207      0.000
 174  171     -0.482     -1.140      0.000
  -1  173     -0.474     -0.526      0.000
 175  174     -0.462     -0.754      0.000
 168   -2     -0.459      0.639      0.000
  -1  175     -0.458     -1.102      0.000
 178  177     -0.454     -0.864      0.000
 179  178     -0.444     -0.582      0.000
  -1  179     -0.436     -0.361      0.000
 181  180     -0.421      1.106      0.000
 182  181     -0.420     -0.649      0.000
  -1  183     -0.417     -1.119      0.000
 183  184     -0.415      0.264      0.000
  -1  185     -0.406      0.463      0.000
 184  186     -0.404      0.763      0.000
 185  187     -0.402      0.947      0.000
 186  188     -0.398     -0.483      0.000
  -1   -2     -0.395     -1.051      0.000
 187  189     -0.393      0.870      0.000
 188  190     -0.393     -0.858      0.000
 189  191     -0.381     -0.143      0.000
 190  192     -0.367      0.687      0.000
 191  193     -0.365     -0.390      0.000
 180  194     -0.361      0.356      0.000
 205   -2     -0.353     -1.171      0.000
 193  201     -0.352     -1.102      0.000
 194  195     -0.348     -0.637      0.000
 195  196     -0.340      0.111      0.000
 196  197     -0.337     -0.320      0.000
 197  198     -0.334      1.124      0.000
  -1  207     -0.334     -0.725      0.000
 198  199     -0.327     -0.810      0.000
 199  200     -0.314      0.648      0.000
 200  202     -0.304     -0.858      0.000
 201  203     -0.299     -0.561      0.000
 203  204     -0.297      0.028      0.000
 206  209     -0.273      0.595      0.000
  -1   -2     -0.270     -0.735      0.000
 207  211     -0.266      0.843      0.000
  -1   -2     -0.264      0.075      0.000
 208  210     -0.264     -0.935      0.000
  -1  208     -0.259     -1.163      0.000
 209  213     -0.248     -1.053      0.000
 212  215     -0.230      0.905      0.000
 213  216     -0.225     -1.093      0.000
 214  218     -0.218     -0.137      0.000
 215  220     -0.197      0.397      0.000
 216   -2     -0.195      0.322      0.000
  -1   -2     -0.192     -0.125      0.000
  -1  219     -0.191     -0.629      0.000
 217  223     -0.188     -0.047      0.000
  -1  222     -0.185     -1.069      0.000
 218  221     -0.182     -0.525      0.000
 219  224     -0.177      1.109      0.000
  -1   -2     -0.176      1.070      0.000
 222  226     -0.170      0.510      0.000
 221  225     -0.170      0.275      0.000
 223  227     -0.150      0.195      0.000
  -1   -2     -0.143     -0.109      0.000
 227  228     -0.142     -1.126      0.000
 224  229     -0.139     -0.856      0.000
 225  230     -0.131      0.746      0.000
 220  233     -0.120     -0.242      0.000
 231  232     -0.119      1.114      0.000
 230  234     -0.118      0.290      0.000
 232  231     -0.118     -0.497      0.000
 234  238     -0.096      0.012      0.000
 226  241     -0.087     -1.164      0.000
 235  239     -0.087      0.952      0.000
 236  240     -0.079     -0.916      0.000
 240  246     -0.075      0.777      0.000
 239  243     -0.067      1.064      0.000
 241  245     -0.050     -0.084      0.000
 249  248     -0.041      0.260      0.000
  -1   -2     -0.037      0.961      0.000
 245  252     -0.033      1.017      0.000
 243  249     -0.029      0.459      0.000
 246  251     -0.021      0.051      0.000
 244   -2     -0.000     -1.165      0.000
 248  254      0.004      0.117      0.000
 250  255      0.005      0.794      0.000
 252   -2      0.013     -0.018      0.000
  -1  256      0.014      0.275      0.000
 255  258      0.048      0.525      0.000
 256  259      0.057      0.728      0.000
 257  260      0.062     -0.887      0.000
  -1  261      0.068     -0.734      0.000
 259  262      0.071      0.134      0.000
 260  263      0.079     -0.550      0.000
 261  265      0.082      0.100      0.000
 263  264      0.083     -0.024      0.000
  -1   -2      0.084     -0.647      0.000
 262   -2      0.088     -0.776      0.000
  -1   -2      0.094      0.363      0.000
 264  267      0.099     -1.159      0.000
 265  268      0.109      0.999      0.000
  -1  269      0.110      0.328      0.000
 266  272      0.137     -0.356      0.000
 267  273      0.139     -0.954      0.000
 268  274      0.142      0.682      0.000
  -1   -2      0.145     -1.004      0.000
 269  275      0.150      0.540      0.000
  -1  276      0.153     -1.047      0.000
  -1   -2      0.154     -0.513      0.000
 270  277      0.165      0.850      0.000
 271  286      0.185     -0.536      0.000
 272  279      0.187      0.301      0.000
 273  280      0.189     -1.007      0.000
 274  281      0.198     -0.340      0.000
  -1  282      0.210      0.585      0.000
 275  283      0.211     -0.824      0.000
 276  284      0.218      1.052      0.000
 278  285      0.222      0.040      0.000
  -1   -2      0.225     -0.582      0.000
 277   -2      0.227      0.866      0.000
 281   -2      0.230      0.448      0.000
 280  288      0.230     -0.705      0.000
 284  290      0.240     -1.004      0.000
 285  291      0.247     -0.101      0.000
 286  293      0.273     -0.272      0.000
 288  294      0.284      0.781      0.000
 289  295      0.291      0.988      0.000
  -1  304      0.292     -0.679      0.000
 291   -2      0.296      1.142      0.000
 290  297      0.297      0.917      0.000
 292  298      0.302      0.205      0.000
 293   -2      0.305      0.578      0.000
 294  300      0.328     -1.172      0.000
 295  301      0.342     -0.246      0.000
  -1   -2      0.346     -0.301      0.000
 297  302      0.351     -0.136      0.000
 298  303      0.353      0.056      0.000
  -1   -2      0.359      1.122      0.000
 301  306      0.360     -1.021      0.000
 302  305      0.360      0.836      0.000
 304  308      0.377     -1.085      0.000
  -1   -2      0.377      0.159      0.000
  -1  312      0.385     -0.915      0.000
 305  310      0.388     -0.312      0.000
 306  311      0.392     -0.661      0.000
 310  313      0.395      0.583      0.000
 309  315      0.417     -0.966      0.000
 312  316      0.423      0.054      0.000
 313  317      0.430     -0.320      0.000
 314  318      0.433     -0.746      0.000
 315  320      0.437     -0.363      0.000
 316  321      0.445      0.243      0.000
 317   -2      0.453     -0.548      0.000
 318  323      0.457      0.141      0.000
 319  325      0.461      1.039      0.000
 320  328      0.472     -0.671      0.000
 321  329      0.479     -0.495      0.000
 311   -2      0.483     -1.156      0.000
  -1  327      0.493      0.676      0.000
 323  330      0.501      0.012      0.000
 324  331      0.506     -0.348      0.000
  -1  333      0.511     -0.830      0.000
 338   -2      0.516     -0.093      0.000
 325  334      0.516     -0.678      0.000
 326  335      0.519      0.594      0.000
 328  340      0.537      1.137      0.000
 332  336      0.539      0.456      0.000
 330  338      0.546     -0.525      0.000
 329   -2      0.553      0.259      0.000
 334  342      0.557     -0.020      0.000
 335  344      0.557      0.750      0.000
 331   -2      0.558     -0.809      0.000
 336   -2      0.578      0.631      0.000
 333  359      0.583     -0.237      0.000
  -1   -2      0.592     -1.131      0.000
 340  348      0.594     -0.489      0.000
 341  349      0.597     -0.995      0.000
  -1  341      0.610     -0.797      0.000
 342  350      0.611     -0.897      0.000
  -1   -2      0.613     -1.167      0.000
 344  351      0.614     -1.051      0.000
 345  352      0.619      1.134      0.000
  -1   -2      0.620      0.704      0.000
 346  353      0.627      0.885      0.000
 348  354      0.633      0.762      0.000
 349  346      0.635      0.131      0.000
 350  355      0.636     -0.659      0.000
 351  358      0.654     -0.755      0.000
  -1  357      0.656     -0.033      0.000
 352  360      0.669     -0.605      0.000
 354  361      0.677      0.417      0.000
 356  363      0.681      0.450      0.000
 353   -2      0.681      1.032      0.000
 355  362      0.684      0.680      0.000
 357  364      0.703      0.068      0.000
 358  365      0.712      0.270      0.000
  -1  368      0.715     -0.411      0.000
 361  366      0.717      0.803      0.000
 360  369      0.722     -0.792      0.000
 386  337      0.726      0.467      0.000
 362  373      0.728     -1.023      0.000
 363  372      0.730      0.727      0.000
 367  374      0.742      0.408      0.000
 368  376      0.747     -0.592      0.000
 365  379      0.750      1.045      0.000
 370  378      0.752     -0.645      0.000
 371  380      0.760     -1.072      0.000
 372  381      0.766      0.949      0.000
  -1   -2      0.786     -1.033      0.000
 376  387      0.789     -0.983      0.000
 377  384      0.791     -0.345      0.000
 378  385      0.797      0.907      0.000
 379  386      0.804     -0.606      0.000
 380  388      0.811     -0.783      0.000
  -1  389      0.821      0.100      0.000
 381  390      0.830     -1.111      0.000
  -1  391      0.840      0.216      0.000
 382  393      0.842     -1.049      0.000
 384  394      0.845     -0.853      0.000
  -1   -2      0.859      0.598      0.000
 387  396      0.867     -0.283      0.000
 393  399      0.871     -0.141      0.000
 390  400      0.872      0.813      0.000
 401   -2      0.877     -1.129      0.000
 391  401      0.878      1.122      0.000
  -1   -2      0.885      0.392      0.000
 394  402      0.886      0.556      0.000
 395  405      0.894      0.332      0.000
 396  406      0.895      0.288      0.000
  -1   -2      0.898     -1.006      0.000
  -1  395      0.908      0.456      0.000
  -1  408      0.912     -0.946      0.000
 399  407      0.913      0.804      0.000
 402  410      0.932      0.999      0.000
 403  412      0.938      1.089      0.000
 404  413      0.939     -0.808      0.000
 405  414      0.944     -0.053      0.000
 407  415      0.966     -0.462      0.000
 408  416      0.975     -0.279      0.000
 409  417      0.977     -0.554      0.000
 406   -2      0.983     -1.160      0.000
  -1  419      0.984     -0.718      0.000
 410  418      0.984     -0.170      0.000
 412  420      0.992      0.695      0.000
 413  422      1.000      0.636      0.000
 414  424      1.003      0.132      0.000
 415  423      1.004      0.590      0.000
 416   -2      1.005      0.967      0.000
  -1   -2      1.011      0.199      0.000
 419  427      1.023      0.376      0.000
  -1  429      1.023      0.260      0.000
 411  426      1.024      0.091      0.000
 418  428      1.025     -0.857      0.000
 422  421      1.030     -0.337      0.000
  -1   -2      1.050     -0.004      0.000
 421  430      1.050     -0.276      0.000
  -1  431      1.056     -0.925      0.000
 423  433      1.061     -0.627      0.000
 424  432      1.063      0.195      0.000
 429   -2      1.064     -0.176      0.000
  -1  434      1.075      0.338      0.000
 427  436      1.087      0.484      0.000
  -1   -2      1.092     -0.488      0.000
 428   -2      1.094      1.138      0.000
  -1  437      1.101     -0.275      0.000
 431  438      1.105      0.417      0.000
 430  440      1.110     -1.034      0.000
 433  439      1.111     -0.370      0.000
  -1   -2      1.113      0.722      0.000
 434  442      1.119      1.015      0.000
 435  441      1.123     -0.067      0.000
 436  444      1.127     -0.705      0.000
 437  443      1.129      0.940      0.000
 439  447      1.147      0.807      0.000
  -1   -2      1.158     -0.632      0.000
 441  451      1.163      1.016      0.000
 438  450      1.165      0.693      0.000
 442  452      1.167     -0.849      0.000
 443  453      1.176     -0.038      0.000
 446  456      1.197     -0.621      0.000
 447  457      1.203      0.231      0.000
  -1  458      1.208      0.173      0.000
 448  459      1.216      0.065      0.000
 450  461      1.250      0.884      0.000
  -1   -2      1.253      0.177      0.000
 452  462      1.263     -0.580      0.000
 454  465      1.274     -0.444      0.000
 455   -2      1.290      1.021      0.000
  -1  466      1.296      1.090      0.000
 453  473      1.297     -1.173      0.000
 456  468      1.299     -0.120      0.000
 457  469      1.300     -0.259      0.000
 458  463      1.323     -1.004      0.000
 460  471      1.329     -0.589      0.000
 461  474      1.340      0.275      0.000
 463  476      1.350     -0.671      0.000
 467  479      1.379      0.404      0.000
 466  484      1.381     -1.172      0.000
 468  480      1.384     -1.110      0.000
 465  481      1.386     -1.058      0.000
  -1  482      1.420      0.793      0.000
 471  483      1.421      0.456      0.000
  -1  491      1.438     -0.762      0.000
 473  485      1.440     -0.577      0.000
 472  486      1.445     -0.438      0.000
 474   -2      1.446     -1.169      0.000
 475  488      1.451     -0.509      0.000
 476  487      1.452     -0.322      0.000
 477   -2      1.458      0.161      0.000
 462   -2      1.459      0.594      0.000
 478  489      1.461      0.071      0.000
 464  501      1.477     -0.046      0.000
  -1  492      1.490      0.682      0.000
 479  493      1.492     -0.886      0.000
  -1   -2      1.493     -1.064      0.000
 480   -2      1.499     -0.263      0.000
 481  494      1.499      0.240      0.000
 482  495      1.507      0.573      0.000
  -1   -2      1.524      1.104      0.000
 483  496      1.536      0.660      0.000
 486  497      1.541      0.915      0.000
 484  499      1.541     -0.355      0.000
 485  498      1.542     -0.601      0.000
  -1   -2      1.546     -0.667      0.000
  -1   -2      1.546      0.026      0.000
 487  500      1.549     -0.296      0.000
 488  502      1.552     -0.107      0.000
 489  503      1.554      0.289      0.000
  -1   -2      1.560     -0.754      0.000
 490  504      1.562     -1.062      0.000
