516
   0    0     -1.570      0.881      0.000
   2    2     -1.542      0.969      0.000
   7    4     -1.524      0.228      0.000
   9    6     -1.510      0.287      0.000
  10    7     -1.505      0.542      0.000
  12    8     -1.503      0.669      0.000
  11   10     -1.499      0.422      0.000
  13   11     -1.497     -0.302      0.000
  14   -2     -1.489      0.884      0.000
  16   -2     -1.487     -0.752      0.000
  -1   12     -1.482     -0.398      0.000
  15   13     -1.481      0.158      0.000
   8   14     -1.468      1.032      0.000
  23   17     -1.451     -0.996      0.000
  20   18     -1.451     -0.622      0.000
  21   19     -1.447      0.351      0.000
  22   21     -1.442     -0.356      0.000
  24   20     -1.437     -1.113      0.000
  -1   34     -1.436      1.144      0.000
  -1   23     -1.429      0.215      0.000
  -1   -2     -1.422     -1.171      0.000
  26   24     -1.420     -0.725      0.000
  27   25     -1.411      0.775      0.000
  28   26     -1.406      0.288      0.000
  29   27     -1.405     -0.392      0.000
  -1   29     -1.394      0.653      0.000
  30   28     -1.392      0.069      0.000
  32   -2     -1.381     -0.869      0.000
  31   33     -1.375      0.620      0.000
  33   31     -1.373     -1.126      0.000
  -1   36     -1.361     -0.132      0.000
  35   -2     -1.358      1.128      0.000
  36   37     -1.356     -0.909      0.000
  40   38     -1.344      0.038      0.000
  38   39     -1.344     -0.006      0.000
  41   40     -1.340     -1.053      0.000
  46   -2     -1.335      0.707      0.000
  42   41     -1.331      0.172      0.000
  43   42     -1.325      0.939      0.000
  48   -2     -1.320      1.096      0.000
  44   45     -1.307     -0.344      0.000
  -1   -2     -1.302     -0.417      0.000
  47   47     -1.297     -0.840      0.000
  51   -2     -1.287     -0.023      0.000
  49   49     -1.281      0.396      0.000
  52   51     -1.267     -0.638      0.000
  53   50     -1.265     -0.995      0.000
  -1   -2     -1.263      0.041      0.000
  34   -2     -1.255     -0.534      0.000
  56   53     -1.243      1.007      0.000
  58   55     -1.232     -0.846      0.000
  59   57     -1.223     -0.128      0.000
  -1   -2     -1.213     -0.784      0.000
  60   58     -1.209      0.843      0.000
  -1   59     -1.202     -0.653      0.000
  -1   61     -1.192     -0.108      0.000
  62   60     -1.191     -1.140      0.000
  -1   62     -1.186      0.732      0.000
  65   63     -1.174     -1.100      0.000
  64   68     -1.170      0.633      0.000
  66   65     -1.166     -0.878      0.000
  68   66     -1.164      1.048      0.000
  67   67     -1.164     -0.841      0.000
  61   78     -1.161     -0.568      0.000
  -1   69     -1.158      1.008      0.000
  70   -2     -1.151     -0.353      0.000
  71   70     -1.150      0.406      0.000
  -1   72     -1.134     -0.428      0.000
  73   75     -1.134     -1.110      0.000
  63   91     -1.127     -1.163      0.000
  75   73     -1.120      0.657      0.000
  76   74     -1.117      1.050      0.000
  77   76     -1.111     -0.107      0.000
  -1   -2     -1.102     -1.116      0.000
  78   77     -1.101     -0.377      0.000
  79   -2     -1.097     -1.072      0.000
  -1   -2     -1.095      0.029      0.000
  81   -2     -1.092     -0.485      0.000
  82   81     -1.083     -0.287      0.000
  83   82     -1.081      0.401      0.000
  -1   -2     -1.079      0.260      0.000
  84   83     -1.069      0.809      0.000
  96   -2     -1.067     -0.694      0.000
  85   85     -1.062      0.481      0.000
  86   87     -1.044     -0.161      0.000
  87   86     -1.043     -0.735      0.000
  89   89     -1.037      0.580      0.000
  -1   92     -1.034      0.184      0.000
  88   90     -1.033      0.390      0.000
  91   93     -1.022     -1.066      0.000
  92   95     -1.018     -0.222      0.000
  93   94     -1.017     -0.871      0.000
  95   99     -1.006     -0.436      0.000
  94   97     -1.005     -0.784      0.000
  99  100     -0.997      1.031      0.000
  98  101     -0.996      0.917      0.000
  97  102     -0.994      0.341      0.000
 100  103     -0.981     -1.000      0.000
 104  106     -0.960      0.782      0.000
 105  107     -0.950     -1.015      0.000
 106  108     -0.940     -0.941      0.000
 107  110     -0.930      0.308      0.000
 108  109     -0.928      0.572      0.000
 103  111     -0.919     -1.107      0.000
  -1  113     -0.917     -0.089      0.000
 110  114     -0.910      1.087      0.000
 112  116     -0.900      0.903      0.000
 113   -2     -0.881      0.692      0.000
 115  118     -0.867     -0.745      0.000
 116  119     -0.865     -0.615      0.000
 117  120     -0.861     -0.135      0.000
 120  122     -0.852     -0.691      0.000
 119  123     -0.849     -0.217      0.000
  -1   -2     -0.843      0.331      0.000
 114   -2     -0.840     -1.168      0.000
 122  125     -0.835     -0.009      0.000
 124  126     -0.833      0.733      0.000
 127   -2     -0.823      1.044      0.000
 128  129     -0.822      1.091      0.000
  -1   -2     -0.818      0.255      0.000
 130  130     -0.817     -0.944      0.000
 131  133     -0.805      0.812      0.000
 125   -2     -0.804      0.393      0.000
 123  134     -0.803     -1.096      0.000
 129  132     -0.800      0.312      0.000
 133  137     -0.789      0.993      0.000
 134  138     -0.788     -0.800      0.000
 135  139     -0.784     -0.753      0.000
 136  140     -0.782      0.884      0.000
 137  141     -0.776     -0.056      0.000
 140  142     -0.765     -1.164      0.000
 138  145     -0.765      0.034      0.000
  -1   -2     -0.765      1.166      0.000
 139  144     -0.764     -0.445      0.000
  -1  143     -0.763      0.381      0.000
  -1   -2     -0.762     -1.077      0.000
 141   -2     -0.758     -0.602      0.000
 142  146     -0.750     -0.925      0.000
 144  147     -0.737     -0.962      0.000
 146  148     -0.733     -1.009      0.000
 145  150     -0.733      0.139      0.000
 147  149     -0.730      0.977      0.000
  -1   -2     -0.726      0.516      0.000
 148  151     -0.726     -0.149      0.000
 149  153     -0.721     -1.161      0.000
  -1  160     -0.708      0.767      0.000
 151  155     -0.697     -0.103      0.000
 153  154     -0.696      1.116      0.000
 152  157     -0.694     -0.553      0.000
 154  156     -0.694      0.871      0.000
 155   -2     -0.690     -1.130      0.000
 158  158     -0.686     -0.684      0.000
 143  173     -0.686      0.728      0.000
 156  159     -0.684      1.059      0.000
 161  162     -0.661     -1.173      0.000
  -1  170     -0.654     -0.817      0.000
 165  167     -0.654     -1.109      0.000
  -1   -2     -0.645     -0.904      0.000
 162  165     -0.642      1.140      0.000
 164  166     -0.639     -1.074      0.000
 163  168     -0.637     -0.305      0.000
 168   -2     -0.625     -0.762      0.000
 169  169     -0.624     -1.000      0.000
 167   -2     -0.619      1.068      0.000
 172   -2     -0.609      0.883      0.000
 171  174     -0.605     -0.429      0.000
 173  175     -0.601     -0.506      0.000
 174  176     -0.599     -0.277      0.000
 166   -2     -0.584      0.045      0.000
 176  178     -0.583     -0.767      0.000
  -1  179     -0.573      0.349      0.000
 182  181     -0.549     -0.508      0.000
 184  182     -0.546     -0.233      0.000
 183  185     -0.544      0.474      0.000
 177  188     -0.540     -1.167      0.000
 178   -2     -0.538     -1.085      0.000
 186  186     -0.534      0.669      0.000
 188  189     -0.501      0.185      0.000
 189  190     -0.498      0.085      0.000
 190   -2     -0.487      0.963      0.000
 192  191     -0.480     -0.670      0.000
 191  192     -0.480     -0.047      0.000
  -1  193     -0.464     -0.127      0.000
 196  194     -0.452     -0.283      0.000
 198  195     -0.440     -0.941      0.000
 199  198     -0.436      0.442      0.000
 201  197     -0.433     -1.131      0.000
 194  206     -0.429     -1.164      0.000
 200  199     -0.425     -0.831      0.000
 202  201     -0.408      0.743      0.000
 203   -2     -0.407     -0.508      0.000
 204   -2     -0.404      0.628      0.000
 205  202     -0.399      0.319      0.000
 206  203     -0.395     -0.600      0.000
 207  205     -0.393     -0.341      0.000
 208  204     -0.391     -0.180      0.000
 212  208     -0.378     -0.950      0.000
 210  211     -0.373     -0.288      0.000
 213  209     -0.373      0.719      0.000
 209  210     -0.370     -0.661      0.000
 211  207     -0.368      1.053      0.000
 214  213     -0.366     -0.249      0.000
  -1   -2     -0.359      0.665      0.000
 215  216     -0.355      0.978      0.000
 219  217     -0.345      0.864      0.000
 220  219     -0.325     -0.565      0.000
 221  220     -0.307      0.527      0.000
 222  221     -0.303     -0.920      0.000
 223  222     -0.301      0.788      0.000
 224  224     -0.298      0.296      0.000
 226  226     -0.290     -0.971      0.000
 228   -2     -0.277     -0.473      0.000
  -1   -2     -0.277     -1.165      0.000
 229  227     -0.271     -0.190      0.000
 230  228     -0.263     -1.058      0.000
 231  229     -0.259      0.409      0.000
  -1   -2     -0.256      0.776      0.000
 232  230     -0.247     -0.394      0.000
 233   -2     -0.244     -1.136      0.000
 234  232     -0.240     -0.666      0.000
 235  233     -0.239     -0.856      0.000
 236  234     -0.233      0.119      0.000
 238  235     -0.226     -1.093      0.000
  -1   -2     -0.220      0.333      0.000
 239  236     -0.211     -0.201      0.000
 240  237     -0.206      0.699      0.000
  -1   -2     -0.198     -1.173      0.000
  -1   -2     -0.197      0.008      0.000
  -1   -2     -0.175     -0.122      0.000
 241  241     -0.168      0.072      0.000
 242  242     -0.158     -0.258      0.000
 243  244     -0.149     -0.762      0.000
 245  246     -0.144     -1.118      0.000
 247  248     -0.136     -0.642      0.000
 248  249     -0.131     -1.005      0.000
 246  250     -0.131     -0.185      0.000
 249  251     -0.127      0.474      0.000
 250  252     -0.122      0.375      0.000
 251  253     -0.111      0.608      0.000
 252  254     -0.108     -0.078      0.000
  -1  255     -0.101     -0.807      0.000
 254  257     -0.098      0.321      0.000
 255  259     -0.085      1.122      0.000
 257  260     -0.077      0.220      0.000
 260  262     -0.074     -0.623      0.000
 272  240     -0.074     -0.159      0.000
 256  261     -0.072     -1.079      0.000
 253  269     -0.067     -1.160      0.000
 261  266     -0.060     -0.322      0.000
  -1   -2     -0.058     -0.821      0.000
 263  265     -0.057      0.341      0.000
 264  267     -0.050      0.576      0.000
  -1   -2     -0.045     -1.126      0.000
  -1   -2     -0.026     -0.864      0.000
  -1   -2     -0.026     -0.409      0.000
  -1  270     -0.012     -0.501      0.000
 265   -2     -0.006     -0.464      0.000
  -1   -2      0.007     -0.609      0.000
 267  271      0.008      0.304      0.000
 268  272      0.012      0.957      0.000
 269  273      0.017      0.844      0.000
  -1  276      0.020     -1.105      0.000
 270  274      0.024      0.361      0.000
 271  275      0.025      0.046      0.000
 273  277      0.038      0.559      0.000
 274  278      0.049      0.324      0.000
 275  279      0.056     -0.050      0.000
 278  282      0.062      0.635      0.000
 276  280      0.062      0.884      0.000
 277  281      0.064     -1.062      0.000
 279  285      0.076     -0.900      0.000
 280  287      0.095      0.145      0.000
  -1   -2      0.105      0.439      0.000
 283  292      0.107     -0.161      0.000
 282  291      0.107      0.100      0.000
 284  290      0.116     -1.159      0.000
 285   -2      0.120      0.391      0.000
  -1   -2      0.134      0.853      0.000
 286  294      0.138      0.819      0.000
  -1  295      0.145      0.660      0.000
  -1  296      0.145      0.194      0.000
 287  297      0.149     -0.467      0.000
 288  298      0.150     -0.579      0.000
 289  299      0.153      1.021      0.000
 290  300      0.161     -0.653      0.000
  -1   -2      0.167     -0.257      0.000
  -1  301      0.169     -0.094      0.000
 291  302      0.176      0.354      0.000
 292  303      0.185     -0.676      0.000
 294  304      0.191     -1.173      0.000
 295  305      0.203     -0.442      0.000
 297  306      0.213      0.542      0.000
 298  307      0.215      0.024      0.000
 293  309      0.216      1.023      0.000
 299  308      0.216     -0.993      0.000
 301  311      0.238     -0.149      0.000
 300  312      0.239     -0.865      0.000
 302  314      0.252      0.945      0.000
 306   -2      0.260     -0.363      0.000
 308  318      0.274      1.089      0.000
 309  319      0.275      0.236      0.000
 310  321      0.287      0.146      0.000
 312  322      0.301      0.568      0.000
 311   -2      0.302     -0.992      0.000
 313  315      0.316     -0.321      0.000
  -1   -2      0.317      0.874      0.000
 315  324      0.318      0.050      0.000
 316  325      0.328      0.997      0.000
  -1   -2      0.329     -0.585      0.000
 318  326      0.330     -1.163      0.000
 319   -2      0.354      1.045      0.000
 321  327      0.358     -0.397      0.000
 323   -2      0.373      0.234      0.000
 322  330      0.375     -0.789      0.000
 324  329      0.376      0.053      0.000
  -1   -2      0.379      1.103      0.000
  -1   -2      0.380      0.646      0.000
  -1   -2      0.380     -1.051      0.000
 325  332      0.387      0.287      0.000
 328  334      0.393     -0.403      0.000
 326  333      0.394     -0.957      0.000
 329  335      0.398      0.161      0.000
 333  338      0.421     -0.870      0.000
 334  339      0.421     -1.099      0.000
  -1  340      0.424      1.000      0.000
 337  341      0.425     -0.656      0.000
  -1   -2      0.427     -1.152      0.000
 335  342      0.434     -0.003      0.000
  -1   -2      0.440      0.810      0.000
 336   -2      0.442      0.689      0.000
  -1  343      0.448     -0.591      0.000
  -1  331      0.449      1.083      0.000
 342  347      0.458      0.307      0.000
 338  348      0.461     -0.422      0.000
 340  349      0.463      0.721      0.000
 339  350      0.466      0.547      0.000
  -1  352      0.475      0.060      0.000
 343  353      0.481     -1.104      0.000
 344  354      0.486     -0.032      0.000
 345  355      0.492     -0.780      0.000
  -1  356      0.496      0.311      0.000
 350  362      0.497      0.670      0.000
 346  357      0.499     -0.612      0.000
  -1   -2      0.499      0.883      0.000
 327   -2      0.500      0.432      0.000
 347  359      0.501     -0.353      0.000
 348  360      0.503     -0.935      0.000
 349  361      0.509      0.747      0.000
 352  364      0.539     -0.898      0.000
  -1   -2      0.547      0.827      0.000
  -1  365      0.547     -0.568      0.000
  -1   -2      0.558      0.205      0.000
 362   -2      0.560     -0.946      0.000
 357  367      0.567     -0.041      0.000
 356   -2      0.567     -0.433      0.000
 358  368      0.570      0.890      0.000
 359  369      0.578      1.019      0.000
 360  370      0.583      0.493      0.000
 361  371      0.587      0.532      0.000
  -1  372      0.594     -1.164      0.000
  -1   -2      0.598      0.087      0.000
 364  373      0.602      0.797      0.000
 363  374      0.604     -0.733      0.000
 365  376      0.608      0.319      0.000
 366  377      0.619     -0.622      0.000
 370   -2      0.626     -1.167      0.000
  -1   -2      0.626     -1.130      0.000
 367  378      0.626     -0.668      0.000
 368  379      0.630     -0.827      0.000
 371  380      0.636      0.479      0.000
 369  381      0.639      0.542      0.000
 372  383      0.639     -0.399      0.000
 373  385      0.651      0.922      0.000
  -1  384      0.652     -1.116      0.000
 374  386      0.653      0.839      0.000
 375  387      0.654     -0.447      0.000
  -1  389      0.661     -0.486      0.000
 387  390      0.680     -1.020      0.000
  -1   -2      0.681      0.285      0.000
 377  391      0.703     -0.849      0.000
 379  392      0.708     -0.449      0.000
 380  393      0.714     -0.371      0.000
 382  395      0.722      1.058      0.000
 383  397      0.724      0.270      0.000
 386  398      0.731     -0.881      0.000
  -1   -2      0.751      1.005      0.000
 389  400      0.760     -0.636      0.000
 391  403      0.769      0.384      0.000
 392  404      0.769      0.332      0.000
 393  405      0.775      0.630      0.000
 390  408      0.782     -1.122      0.000
 394   -2      0.783      1.043      0.000
 395  407      0.797      0.905      0.000
 396  409      0.820     -0.038      0.000
 397  411      0.836      0.886      0.000
 398  412      0.845     -0.790      0.000
 399  414      0.849     -1.065      0.000
 401  415      0.870      0.162      0.000
 402  416      0.871     -0.262      0.000
  -1  417      0.875     -0.152      0.000
 407   -2      0.883      0.511      0.000
 404  420      0.885     -0.668      0.000
  -1   -2      0.885      0.293      0.000
 408  421      0.886      0.645      0.000
 409  423      0.888      0.418      0.000
 411  424      0.890      0.696      0.000
 405  425      0.894      1.076      0.000
 400  433      0.894     -1.134      0.000
 412  426      0.896     -0.454      0.000
 413  428      0.902     -0.875      0.000
  -1   -2      0.906     -0.942      0.000
 416  429      0.919     -0.542      0.000
 415  430      0.919      1.163      0.000
 417  431      0.927      0.229      0.000
 419  432      0.932      0.797      0.000
 418   -2      0.934     -1.077      0.000
 420   -2      0.944     -0.866      0.000
  -1  441      0.944     -1.171      0.000
 421  436      0.954     -0.254      0.000
 423  437      0.956      0.519      0.000
 422   -2      0.958     -0.155      0.000
 425   -2      0.967      0.448      0.000
  -1  440      0.968     -0.613      0.000
 424   -2      0.980     -1.119      0.000
  -1  444      0.997     -0.296      0.000
 426  443      1.000     -0.038      0.000
 427  445      1.004     -0.828      0.000
 428   -2      1.010      0.758      0.000
 432  439      1.012      0.360      0.000
 429  446      1.015     -0.595      0.000
 431  447      1.024      0.660      0.000
 430  448      1.027     -0.332      0.000
 433  450      1.046     -0.009      0.000
  -1  451      1.059      0.712      0.000
 435  453      1.061      0.830      0.000
  -1  452      1.065     -0.882      0.000
 437  456      1.067      0.964      0.000
 434  455      1.068     -1.170      0.000
 439  457      1.075      0.256      0.000
 447   -2      1.084      0.167      0.000
 441  459      1.088      0.096      0.000
 442  460      1.089     -0.651      0.000
  -1   -2      1.104     -0.338      0.000
 444  461      1.107     -0.567      0.000
 445  463      1.111      1.029      0.000
 446  462      1.112     -0.976      0.000
  -1  467      1.140     -1.130      0.000
 448  465      1.143     -0.781      0.000
 450  469      1.153     -1.083      0.000
 451  468      1.154     -0.552      0.000
 453  471      1.174      0.879      0.000
  -1  472      1.177      0.963      0.000
 456  473      1.189     -1.173      0.000
 458  474      1.195     -0.070      0.000
 457  475      1.201      0.024      0.000
  -1  477      1.207     -0.370      0.000
 461  478      1.212      0.280      0.000
 460  479      1.213     -0.499      0.000
 463  482      1.235     -0.570      0.000
 464  483      1.241      0.994      0.000
 466  484      1.251      0.392      0.000
 462  486      1.251     -0.155      0.000
 455   -2      1.252     -0.313      0.000
  -1   -2      1.257      0.824      0.000
  -1  485      1.264     -0.506      0.000
  -1   -2      1.268     -0.450      0.000
  -1  489      1.269     -1.006      0.000
 469  487      1.294     -0.480      0.000
 471  488      1.301      0.426      0.000
 472   -2      1.311     -0.966      0.000
 473  490      1.314     -0.563      0.000
 474  476      1.323      0.734      0.000
 476  491      1.338     -1.121      0.000
 477  492      1.346     -1.075      0.000
  -1   -2      1.351     -0.716      0.000
 479  493      1.359      0.167      0.000
 480  495      1.369     -0.931      0.000
 478  496      1.370     -1.169      0.000
  -1   -2      1.374      1.092      0.000
 481  497      1.377      1.095      0.000
 482  499      1.385     -0.990      0.000
 483  498      1.387     -0.231      0.000
 484  500      1.389     -0.336      0.000
 485  501      1.398      0.239      0.000
 486  502      1.403      0.517      0.000
 487  504      1.406     -0.395      0.000
 488  503      1.406     -0.455      0.000
 489  505      1.409     -0.938      0.000
 503   -2      1.435     -0.371      0.000
  -1   -2      1.436     -0.176      0.000
 490  506      1.439      0.587      0.000
 491  507      1.451     -1.094      0.000
 494  508      1.465      0.271      0.000
 495  509      1.467      0.821      0.000
 496  510      1.470      0.057      0.000
 504  511      1.479     -0.735      0.000
 500  512      1.489     -0.047      0.000
 499  513      1.492     -0.196      0.000
  -1   -2      1.492      0.880      0.000
 501  515      1.495     -1.069      0.000
 502  514      1.499     -0.252      0.000
 506  516      1.507      0.428      0.000
  -1   -2      1.509     -0.480      0.000
 505  519      1.509     -1.153      0.000
 507  517      1.513      0.073      0.000
  -1   -2      1.530     -1.175      0.000
 509   -2      1.531      0.669      0.000
 510  520      1.533      1.089      0.000
  -1  518      1.539      0.707      0.000
 511  522      1.542     -0.605      0.000
 513  521      1.543      0.583      0.000
 514  523      1.549     -1.029      0.000
 512  524      1.550     -0.906      0.000
 515  525      1.557      0.378      0.000
 516  526      1.561     -0.807      0.000
 517  529      1.569      1.132      0.000
