490
  -1    0     -1.568     -0.845      0.000
   1   -2     -1.559      0.247      0.000
   2   -2     -1.559      0.366      0.000
   4    2     -1.549      0.311      0.000
   5    3     -1.542      0.595      0.000
   6    4     -1.538      0.464      0.000
   7    5     -1.529      0.733      0.000
  10    6     -1.520     -0.337      0.000
   9    7     -1.519      0.169      0.000
  -1   -2     -1.506      0.645      0.000
  -1    8     -1.494     -1.134      0.000
  13   12     -1.491      0.545      0.000
  12   11     -1.491      0.384      0.000
  -1   -2     -1.473      0.147      0.000
  15   13     -1.471     -0.400      0.000
  16   14     -1.464      1.096      0.000
  18   15     -1.461     -0.681      0.000
  17   16     -1.458      0.318      0.000
  19   17     -1.454      0.784      0.000
  20   -2     -1.439      0.064      0.000
  22   -2     -1.433      0.020      0.000
  23   18     -1.432      0.830      0.000
  24   19     -1.431     -0.437      0.000
  25   20     -1.428      0.705      0.000
  26   21     -1.425     -1.050      0.000
  -1   -2     -1.420     -0.782      0.000
  -1   22     -1.412      0.669      0.000
  28   24     -1.396     -0.013      0.000
  29   -2     -1.393      0.028      0.000
  -1   25     -1.387     -0.591      0.000
  31   27     -1.386      0.183      0.000
  32   29     -1.368      0.755      0.000
  33   34     -1.346      0.603      0.000
  34   33     -1.345     -0.377      0.000
  35   35     -1.343     -0.965      0.000
  27   36     -1.341     -1.171      0.000
  36   39     -1.332     -0.323      0.000
  37   38     -1.332      0.993      0.000
  38   41     -1.313     -1.106      0.000
  39   43     -1.307      0.553      0.000
  41   -2     -1.298     -0.878      0.000
  44   45     -1.281     -0.679      0.000
  45   48     -1.279     -0.574      0.000
  43   47     -1.279     -0.136      0.000
  -1   44     -1.274     -0.907      0.000
  47   -2     -1.256     -0.640      0.000
  42   50     -1.252     -1.076      0.000
  49   -2     -1.244     -1.044      0.000
  48   49     -1.244      1.054      0.000
  50   51     -1.230      0.884      0.000
  51   52     -1.225     -0.892      0.000
  54   53     -1.218     -0.691      0.000
  53   54     -1.218      0.771      0.000
  52   -2     -1.213      0.666      0.000
  55   56     -1.213      0.427      0.000
  -1   -2     -1.212     -0.827      0.000
  56   57     -1.198     -0.379      0.000
  -1   -2     -1.196      0.055      0.000
  57   59     -1.184     -0.598      0.000
  58   60     -1.178     -0.115      0.000
  59   61     -1.164      0.683      0.000
  60   62     -1.161      1.048      0.000
  61   63     -1.161      1.085      0.000
  62   64     -1.159     -0.882      0.000
  63   65     -1.159     -0.918      0.000
  64   66     -1.150      0.418      0.000
  65   67     -1.148     -0.397      0.000
  66   69     -1.139     -0.301      0.000
  68   68     -1.129     -1.163      0.000
  67   71     -1.124      0.497      0.000
  -1   70     -1.123     -0.510      0.000
  72   72     -1.112      1.083      0.000
  70   73     -1.112     -0.170      0.000
  71   74     -1.106      0.201      0.000
  73   75     -1.104      0.407      0.000
  74   76     -1.097      0.833      0.000
  -1   78     -1.094     -1.164      0.000
  77   80     -1.081     -0.188      0.000
  76   79     -1.080     -0.231      0.000
  81   81     -1.073     -1.107      0.000
  80   82     -1.069      0.352      0.000
  82   -2     -1.054     -0.762      0.000
  83   84     -1.050     -0.449      0.000
  -1   86     -1.048      0.446      0.000
  84   85     -1.047      0.583      0.000
  -1   83     -1.021     -0.759      0.000
  85   87     -1.017      0.936      0.000
  86   88     -1.015     -0.897      0.000
  88   89     -1.009      0.795      0.000
  87   90     -1.007      0.314      0.000
  92   91     -1.001     -1.097      0.000
  90   92     -1.000      1.053      0.000
  93   94     -0.988      0.587      0.000
  95  105     -0.984     -0.676      0.000
  98  112     -0.940      0.754      0.000
 100   96     -0.934     -0.135      0.000
  99   95     -0.933     -0.969      0.000
 101   -2     -0.929      0.698      0.000
  -1   -2     -0.926      0.913      0.000
 103   97     -0.917     -0.217      0.000
 104  100     -0.915      1.120      0.000
  -1   -2     -0.915     -1.160      0.000
 105  101     -0.910     -0.014      0.000
 107   -2     -0.910     -0.540      0.000
 106  103     -0.906      0.457      0.000
 108  102     -0.900     -0.444      0.000
 111   -2     -0.895     -0.620      0.000
 109  106     -0.892      0.262      0.000
 112  104     -0.890     -1.163      0.000
 110  107     -0.886      0.319      0.000
 113  108     -0.885     -0.756      0.000
 114  109     -0.878      0.394      0.000
 116  111     -0.875     -0.702      0.000
 117  113     -0.852     -0.053      0.000
  -1   -2     -0.846     -1.113      0.000
 119  115     -0.842      0.382      0.000
 118  114     -0.841      0.039      0.000
 120  116     -0.835      0.813      0.000
  -1   -2     -0.835     -1.106      0.000
 121  117     -0.829      1.047      0.000
 122  118     -0.822      1.094      0.000
  -1  119     -0.818     -0.382      0.000
 123  121     -0.814     -0.441      0.000
 124  123     -0.811      0.141      0.000
 125  122     -0.809      0.881      0.000
 126  124     -0.802     -0.755      0.000
 128  125     -0.801      0.992      0.000
 127  126     -0.799     -0.143      0.000
 131  128     -0.783     -0.340      0.000
 130  129     -0.777     -1.108      0.000
 134  130     -0.772      0.511      0.000
 133  131     -0.767     -0.097      0.000
  -1   -2     -0.757      1.164      0.000
 135  133     -0.754      0.062      0.000
 138  134     -0.745      0.967      0.000
 129  152     -0.736     -0.550      0.000
 137  139     -0.733     -0.962      0.000
 142   -2     -0.728      0.713      0.000
 143   -2     -0.722      0.860      0.000
 145   -2     -0.720     -1.009      0.000
 146  140     -0.714     -0.675      0.000
 148  135     -0.712     -1.169      0.000
 147  141     -0.709     -0.629      0.000
 149  142     -0.700     -0.293      0.000
  -1  144     -0.699     -0.550      0.000
 150  143     -0.696      0.990      0.000
 151  145     -0.690      1.043      0.000
 152  147     -0.664     -0.265      0.000
 153  150     -0.658      0.049      0.000
 157  151     -0.645     -0.745      0.000
 156   -2     -0.645     -0.489      0.000
 155  154     -0.644      0.339      0.000
 158  153     -0.641      1.123      0.000
 159  155     -0.637      0.861      0.000
 160  156     -0.636     -1.104      0.000
  -1   -2     -0.631      0.607      0.000
 162  157     -0.626     -1.062      0.000
 163  158     -0.621      1.056      0.000
 164   -2     -0.617     -0.986      0.000
 166  160     -0.609     -0.217      0.000
 169  159     -0.608      0.262      0.000
 165  161     -0.607      0.457      0.000
 167  162     -0.603     -0.747      0.000
 168  163     -0.596      0.513      0.000
 170  165     -0.593     -0.485      0.000
 171  166     -0.583      0.643      0.000
 172  167     -0.578      0.082      0.000
 173  169     -0.569      0.181      0.000
 174  168     -0.568      1.009      0.000
 176  164     -0.562     -0.949      0.000
 177  170     -0.548     -0.038      0.000
 178  171     -0.540     -1.092      0.000
 180  172     -0.529      1.141      0.000
 179  173     -0.527     -0.114      0.000
 181  175     -0.509     -0.260      0.000
 182  174     -0.508      0.127      0.000
 183  176     -0.507     -0.641      0.000
 185  178     -0.505      0.926      0.000
  -1   -2     -0.502      0.454      0.000
 186  177     -0.500     -1.167      0.000
 187  180     -0.495      0.419      0.000
  -1  183     -0.457      0.302      0.000
 189  184     -0.451     -0.161      0.000
 190  188     -0.443     -0.902      0.000
 191  190     -0.441     -0.792      0.000
 192  189     -0.434      0.695      0.000
 193  191     -0.431     -0.558      0.000
 194  192     -0.425     -0.261      0.000
 196   -2     -0.423      1.156      0.000
 195  193     -0.421     -0.226      0.000
  -1   -2     -0.402      0.479      0.000
 198  196     -0.398     -0.616      0.000
 200  197     -0.382     -0.903      0.000
  -1   -2     -0.380      0.849      0.000
 201  198     -0.377      0.997      0.000
 202  199     -0.371      0.814      0.000
 203  200     -0.370      0.925      0.000
 204  201     -0.357      0.287      0.000
 205  202     -0.354     -0.523      0.000
 206  203     -0.351      0.181      0.000
 209  206     -0.340      0.259      0.000
 210  207     -0.330      0.736      0.000
 211  208     -0.323     -0.161      0.000
 212  209     -0.314     -0.688      0.000
 213  211     -0.312     -0.864      0.000
 207  212     -0.306     -1.165      0.000
 221  204     -0.304      0.382      0.000
  -1  210     -0.299     -0.454      0.000
 216  214     -0.293     -0.915      0.000
 217  215     -0.286     -0.355      0.000
 219  216     -0.279      0.119      0.000
 222  218     -0.267     -0.610      0.000
 224  219     -0.260     -0.998      0.000
  -1  220     -0.253     -1.113      0.000
 225  221     -0.248     -0.793      0.000
 230  223     -0.235      0.647      0.000
  -1  224     -0.231     -1.083      0.000
 231  227     -0.224      0.977      0.000
 232  226     -0.215      0.059      0.000
 234  225     -0.205     -0.224      0.000
 233  231     -0.204     -0.446      0.000
 235  233     -0.178      1.144      0.000
 246   -2     -0.166     -0.695      0.000
 237  236     -0.166     -0.155      0.000
 238  237     -0.156      0.437      0.000
 240  238     -0.146     -0.584      0.000
 241  239     -0.143     -0.066      0.000
 242  240     -0.137      0.559      0.000
 243  242     -0.132     -0.931      0.000
 244  243     -0.129      0.298      0.000
  -1   -2     -0.124     -1.150      0.000
 245  244     -0.110      0.207      0.000
  -1   -2     -0.110     -0.734      0.000
  -1  257     -0.105      0.839      0.000
 248  245     -0.104     -0.131      0.000
 247  247     -0.086     -0.549      0.000
 249  249     -0.085     -0.276      0.000
 250  250     -0.084      0.316      0.000
 251  248     -0.083      1.039      0.000
 254  251     -0.073     -0.997      0.000
 255   -2     -0.070      1.154      0.000
 256  252     -0.068      0.523      0.000
 257  255     -0.060      0.005      0.000
 258  256     -0.045     -0.356      0.000
  -1   -2     -0.044      1.053      0.000
 260  258     -0.034      1.109      0.000
 262  260     -0.026     -0.407      0.000
 265  262     -0.012      0.282      0.000
 264  263     -0.011      0.507      0.000
 268  254     -0.002     -1.168      0.000
 266  265      0.008      0.047      0.000
 267  266      0.011      0.878      0.000
  -1   -2      0.014      0.779      0.000
 269   -2      0.020     -1.115      0.000
  -1   -2      0.027      0.512      0.000
 270  267      0.027      0.309      0.000
 271  268      0.043     -0.034      0.000
 272  270      0.055      0.579      0.000
 273  269      0.062      0.804      0.000
 274  271      0.064     -0.976      0.000
 275  272      0.067      0.533      0.000
 276  274      0.073     -0.815      0.000
 278  275      0.085      0.140      0.000
 279  276      0.089     -0.619      0.000
 281   -2      0.090      1.031      0.000
 282  277      0.097      0.102      0.000
 284  278      0.098      1.096      0.000
 285  280      0.102      0.400      0.000
  -1  286      0.102     -0.457      0.000
 287  281      0.110     -1.155      0.000
  -1  282      0.138     -0.952      0.000
 289  284      0.139     -0.509      0.000
 290  285      0.140      0.754      0.000
  -1  287      0.150      0.598      0.000
  -1   -2      0.158     -0.583      0.000
 293  288      0.161      0.938      0.000
 294  289      0.182      0.330      0.000
 295  302      0.187     -0.605      0.000
 292   -2      0.191     -1.093      0.000
 297  291      0.198     -0.391      0.000
  -1  294      0.202     -1.169      0.000
 298   -2      0.212      1.148      0.000
 299  295      0.215     -0.909      0.000
  -1   -2      0.217     -1.123      0.000
 300  296      0.218      0.032      0.000
 302  293      0.219      0.952      0.000
 303  313      0.222      0.496      0.000
 301  297      0.224     -0.488      0.000
 304  299      0.230     -0.783      0.000
 307  300      0.243     -0.123      0.000
 296   -2      0.245     -1.027      0.000
 310  303      0.266      0.865      0.000
 309  304      0.268     -0.313      0.000
 311  305      0.280      1.078      0.000
 312  307      0.287      1.004      0.000
 314  309      0.289      0.643      0.000
 313  308      0.289      0.221      0.000
 315  311      0.302     -0.913      0.000
 308  310      0.303     -0.606      0.000
  -1   -2      0.323      0.576      0.000
  -1  314      0.328     -0.281      0.000
  -1  316      0.335     -0.165      0.000
 317  318      0.337      0.055      0.000
  -1  319      0.343      0.920      0.000
  -1   -2      0.351      0.306      0.000
 320  322      0.363     -1.093      0.000
 321  323      0.373     -0.353      0.000
 324  321      0.374     -1.165      0.000
 325  324      0.380      0.566      0.000
 323  325      0.383     -0.726      0.000
  -1  339      0.391     -0.888      0.000
 326  326      0.393      1.023      0.000
 327  328      0.401      0.055      0.000
 328  329      0.411     -0.359      0.000
 329  331      0.416      0.266      0.000
 330  332      0.418     -0.407      0.000
 331  333      0.421     -1.034      0.000
 332  335      0.426     -0.809      0.000
 333  334      0.427      0.154      0.000
  -1  330      0.442      0.930      0.000
 334  338      0.450      1.124      0.000
  -1   -2      0.460     -0.725      0.000
 335  340      0.464     -0.534      0.000
 336  345      0.469      0.630      0.000
 337  342      0.474      0.007      0.000
 339  343      0.484     -0.382      0.000
 340   -2      0.496      0.670      0.000
 341  344      0.497      0.556      0.000
 343  348      0.503     -0.727      0.000
 344  347      0.504      0.284      0.000
  -1   -2      0.505      0.021      0.000
 347  351      0.522     -0.568      0.000
 345  350      0.523     -0.023      0.000
 338  349      0.524      0.323      0.000
 348  352      0.525      0.819      0.000
 349   -2      0.527     -0.324      0.000
  -1   -2      0.539     -0.145      0.000
  -1  354      0.540      0.689      0.000
  -1  355      0.545     -0.847      0.000
 351  358      0.561      0.613      0.000
 350  363      0.567     -0.898      0.000
 353  359      0.571     -0.525      0.000
  -1   -2      0.574      0.291      0.000
  -1   -2      0.585      0.767      0.000
 354   -2      0.593     -0.396      0.000
 356  360      0.600      0.827      0.000
 355  361      0.601      0.953      0.000
 357  362      0.609     -0.036      0.000
 358  365      0.619     -0.695      0.000
 361  366      0.627      0.455      0.000
 359  368      0.631     -1.082      0.000
 363  367      0.632      0.490      0.000
 364  371      0.637      0.133      0.000
 366  372      0.640     -0.791      0.000
 367  369      0.641      0.740      0.000
 368  373      0.650     -0.637      0.000
  -1   -2      0.660      0.295      0.000
 369  374      0.664      1.100      0.000
 371  379      0.671     -0.376      0.000
  -1  375      0.677      0.515      0.000
 372  376      0.680      0.864      0.000
 373  377      0.682     -0.149      0.000
 374  380      0.688      0.443      0.000
 375  381      0.689      0.784      0.000
 376   -2      0.698     -0.459      0.000
 395   -2      0.707     -0.170      0.000
 377  383      0.712     -0.825      0.000
  -1   -2      0.713     -1.099      0.000
 378  388      0.716      0.058      0.000
 379  385      0.717      1.109      0.000
 380   -2      0.723     -0.615      0.000
 381  386      0.733     -1.047      0.000
 382  387      0.736     -0.663      0.000
 393   -2      0.741     -0.007      0.000
 385   -2      0.741      1.008      0.000
 387  390      0.752     -0.354      0.000
 388  391      0.765     -1.088      0.000
 389   -2      0.766      0.109      0.000
  -1   -2      0.772      0.641      0.000
  -1   -2      0.777     -1.162      0.000
 391  392      0.778      0.237      0.000
 392  393      0.783     -0.618      0.000
 394  396      0.800     -0.798      0.000
  -1  395      0.803      0.267      0.000
 398  397      0.829      0.358      0.000
 397  399      0.830      0.591      0.000
 399  398      0.830      0.311      0.000
 403   -2      0.838     -0.861      0.000
 402  400      0.839     -1.119      0.000
 404  401      0.852     -1.060      0.000
  -1   -2      0.855      1.025      0.000
 405   -2      0.859     -0.784      0.000
 406  403      0.862     -0.533      0.000
 407  405      0.872      0.845      0.000
 413  404      0.880     -1.154      0.000
 408  407      0.881     -0.045      0.000
 410  408      0.895     -0.663      0.000
 412  409      0.900      0.080      0.000
  -1   -2      0.902     -1.005      0.000
 414  410      0.912      1.028      0.000
 415  411      0.914     -0.873      0.000
 416  412      0.918     -0.264      0.000
 417  414      0.927      1.127      0.000
 419  415      0.929     -0.455      0.000
 421  418      0.933     -1.078      0.000
  -1  417      0.933      0.148      0.000
 423  419      0.940      0.723      0.000
 424  420      0.942      0.666      0.000
 425  421      0.943      0.617      0.000
 426  425      0.947     -0.545      0.000
  -1  422      0.948      0.099      0.000
 427  426      0.954      0.398      0.000
  -1   -2      0.957      0.450      0.000
  -1  423      0.960      0.275      0.000
 429   -2      0.976      0.768      0.000
  -1   -2      0.976     -0.613      0.000
 430  429      0.993      0.216      0.000
 431  428      1.001     -0.263      0.000
 432  431      1.005      0.357      0.000
 434  433      1.018     -0.843      0.000
 435  432      1.021      0.499      0.000
 437  435      1.036      0.431      0.000
 436  434      1.039     -0.607      0.000
 438  436      1.052     -0.257      0.000
 439  437      1.060      0.738      0.000
 440   -2      1.061     -0.051      0.000
 441  438      1.068     -0.347      0.000
  -1  441      1.071     -0.718      0.000
  -1  443      1.079      1.157      0.000
 442  442      1.083      0.644      0.000
 445  447      1.104      0.818      0.000
 444  448      1.105      1.024      0.000
 447  445      1.106     -0.024      0.000
 446  449      1.108     -0.676      0.000
 449  450      1.111      0.701      0.000
 448  451      1.111     -1.005      0.000
 450  452      1.143      0.247      0.000
 451  453      1.144      1.022      0.000
 452  455      1.147     -1.124      0.000
 455  454      1.150      0.083      0.000
 454  456      1.153     -0.812      0.000
 457   -2      1.165     -0.392      0.000
 458  457      1.175     -0.583      0.000
 460  458      1.224     -0.283      0.000
  -1   -2      1.237     -0.223      0.000
 463  460      1.237     -0.539      0.000
 462   -2      1.239      0.260      0.000
 465  461      1.243     -0.403      0.000
 467  464      1.268      1.006      0.000
  -1   -2      1.280      0.276      0.000
 466  467      1.290     -0.550      0.000
 470  469      1.295     -1.153      0.000
  -1  463      1.296     -0.177      0.000
  -1  473      1.296      0.574      0.000
  -1   -2      1.297     -0.498      0.000
 471  468      1.312      0.392      0.000
 472  471      1.319     -0.527      0.000
 473  472      1.333     -0.613      0.000
 476  476      1.373     -0.990      0.000
 477   -2      1.375     -0.152      0.000
 478  477      1.387     -1.047      0.000
 480  478      1.397      1.125      0.000
 481  479      1.411      0.168      0.000
 482  481      1.415     -1.000      0.000
 484  482      1.419     -0.384      0.000
 485  483      1.421     -0.272      0.000
 486  484      1.428     -0.511      0.000
 487  485      1.430     -0.447      0.000
  -1   -2      1.436     -0.020      0.000
 489  489      1.452     -1.112      0.000
 490  487      1.453      0.237      0.000
 491  488      1.456      0.544      0.000
  -1   -2      1.471     -0.765      0.000
  -1   -2      1.484      1.099      0.000
 493  493      1.486     -0.810      0.000
  -1   -2      1.492     -0.987      0.000
  -1   -2      1.500     -0.772      0.000
 494  495      1.505      0.865      0.000
 495  496      1.510      0.279      0.000
 496  498      1.522     -0.238      0.000
 497  499      1.522     -0.073      0.000
 498  497      1.522     -0.303      0.000
  -1   -2      1.527     -0.938      0.000
 501  503      1.550      0.059      0.000
 503  504      1.552      0.453      0.000
 500  505      1.552     -1.103      0.000
 504  506      1.553      1.137      0.000
  -1  501      1.554     -0.675      0.000
 502  507      1.555     -0.986      0.000
  -1  508      1.569     -0.883      0.000
