522
  -1   -2     -1.560     -0.149      0.000
  -1   -2     -1.549      0.872      0.000
   1    0     -1.547      0.238      0.000
   3    4     -1.533      0.301      0.000
   5    5     -1.528      0.572      0.000
   6    6     -1.524      0.447      0.000
   7    7     -1.515      0.709      0.000
  -1   -2     -1.515      1.130      0.000
   8    8     -1.512     -0.323      0.000
  10    9     -1.507     -1.108      0.000
   9   10     -1.506      0.165      0.000
  12   11     -1.497      0.923      0.000
  -1   12     -1.490      0.616      0.000
  15   15     -1.474      0.371      0.000
  13   18     -1.474      0.528      0.000
  17   16     -1.469     -0.553      0.000
  16   17     -1.467      1.068      0.000
  18   21     -1.456     -0.382      0.000
  19   20     -1.455     -0.655      0.000
  20   -2     -1.455      0.225      0.000
  21   22     -1.444      0.757      0.000
  22   24     -1.440      0.308      0.000
  23   -2     -1.434     -1.031      0.000
  25   25     -1.425      0.809      0.000
  27   28     -1.422     -0.232      0.000
  26   27     -1.421     -0.418      0.000
  24   26     -1.419      0.068      0.000
  -1   29     -1.414      0.683      0.000
  -1   -2     -1.403     -1.160      0.000
  28   30     -1.400      0.649      0.000
  -1   -2     -1.398      0.903      0.000
  -1   -2     -1.387     -0.571      0.000
  29   31     -1.376     -0.010      0.000
  31   32     -1.372     -0.903      0.000
  30   33     -1.369      0.033      0.000
  32   34     -1.364      0.179      0.000
  33   -2     -1.363      0.733      0.000
  -1   35     -1.356      1.159      0.000
  34   36     -1.353      0.335      0.000
  35   37     -1.347     -0.941      0.000
  36   46     -1.332     -1.165      0.000
  38   39     -1.330     -0.363      0.000
  39   38     -1.329      0.971      0.000
  41   41     -1.321     -1.091      0.000
  37   40     -1.320      0.589      0.000
  40   -2     -1.318      0.695      0.000
  42   43     -1.317      0.416      0.000
  45   -2     -1.299     -0.462      0.000
  44   45     -1.297     -0.020      0.000
  -1   -2     -1.295     -1.174      0.000
  46   44     -1.293     -0.870      0.000
  48   47     -1.274     -0.659      0.000
  49   48     -1.270     -0.557      0.000
  50   50     -1.258     -0.135      0.000
  51   49     -1.255     -1.031      0.000
  -1   -2     -1.242      1.030      0.000
  -1   52     -1.238      1.081      0.000
  53   53     -1.229     -0.872      0.000
  54   55     -1.227      0.860      0.000
  55   58     -1.211     -0.674      0.000
  -1   57     -1.210     -0.806      0.000
  56   59     -1.206      0.755      0.000
  58   60     -1.188      0.420      0.000
  59   61     -1.179     -0.366      0.000
  60   51     -1.177     -0.585      0.000
  57   63     -1.176      0.665      0.000
  61   62     -1.170     -1.166      0.000
  -1   64     -1.165     -0.902      0.000
  63   65     -1.164     -0.864      0.000
  62   66     -1.163      1.053      0.000
  64   67     -1.159     -1.120      0.000
  65   68     -1.151     -0.111      0.000
  -1   -2     -1.142      0.121      0.000
  67   70     -1.130     -0.389      0.000
  68   -2     -1.123     -1.035      0.000
  69   71     -1.123      0.411      0.000
  -1   -2     -1.118      0.267      0.000
  70   73     -1.118     -0.295      0.000
  71   72     -1.115      1.069      0.000
  72   75     -1.101      0.489      0.000
  52   -2     -1.099      0.957      0.000
  74   76     -1.085      0.821      0.000
  73   -2     -1.084     -0.167      0.000
  75   77     -1.078     -1.092      0.000
  77   79     -1.076      0.399      0.000
  76   78     -1.075      0.198      0.000
  78   -2     -1.072      0.264      0.000
  -1   -2     -1.071      0.073      0.000
  80   81     -1.062     -1.163      0.000
  79   80     -1.060      0.591      0.000
  82   -2     -1.056     -0.674      0.000
  81   82     -1.055     -0.226      0.000
  83   83     -1.048     -0.752      0.000
  84   85     -1.039      0.347      0.000
  85   86     -1.033     -0.442      0.000
  87   87     -1.017     -0.888      0.000
  95   -2     -1.012     -0.796      0.000
  90   88     -1.011     -1.084      0.000
  91   90     -1.008      0.928      0.000
  92   91     -1.000      1.044      0.000
  93   -2     -0.997      0.791      0.000
  -1   92     -0.986     -0.592      0.000
  94   94     -0.977      0.311      0.000
  -1   -2     -0.975     -0.668      0.000
  97   95     -0.966      1.069      0.000
  98   96     -0.966      0.582      0.000
 100   -2     -0.954      0.509      0.000
 101   98     -0.937     -0.962      0.000
 105   99     -0.908      1.094      0.000
 103  100     -0.907      0.697      0.000
 104  101     -0.906     -0.135      0.000
  -1  103     -0.895      0.475      0.000
 107  102     -0.893     -1.159      0.000
 106  104     -0.891     -0.215      0.000
 108  106     -0.887     -0.021      0.000
 110  107     -0.882     -0.618      0.000
 109  109     -0.882     -0.444      0.000
 111  108     -0.881     -0.751      0.000
 112  110     -0.867      0.446      0.000
 114  111     -0.865     -0.698      0.000
 117  115     -0.862      0.304      0.000
 116   -2     -0.860     -1.111      0.000
 115  113     -0.854      0.733      0.000
 118  114     -0.828      0.385      0.000
 119  116     -0.827      1.047      0.000
  -1  127     -0.826     -0.380      0.000
 120  119     -0.825      0.816      0.000
 122  117     -0.822      1.093      0.000
 121  120     -0.821     -0.055      0.000
 123  123     -0.807      0.037      0.000
  -1  121     -0.803     -0.949      0.000
 126  122     -0.802     -0.793      0.000
 124  125     -0.798      0.881      0.000
 127  124     -0.797      0.992      0.000
 129  126     -0.795     -0.753      0.000
 128   -2     -0.794     -0.440      0.000
  -1   -2     -0.783     -1.105      0.000
 130  129     -0.778      0.140      0.000
 132  130     -0.768     -0.144      0.000
 125  131     -0.753     -1.082      0.000
  -1  136     -0.750     -0.925      0.000
 142  132     -0.746     -1.165      0.000
 134  134     -0.742      0.970      0.000
 135  135     -0.739     -0.100      0.000
 136   -2     -0.735     -0.962      0.000
 138  138     -0.734      0.775      0.000
 137   -2     -0.732     -0.481      0.000
 140  137     -0.727     -1.009      0.000
 139  139     -0.726      0.064      0.000
 141  141     -0.719     -0.552      0.000
 143  142     -0.712      0.719      0.000
  -1  143     -0.712      0.216      0.000
 144  144     -0.701     -0.677      0.000
 145  153     -0.697      1.106      0.000
 146  146     -0.688      1.050      0.000
 147  148     -0.685      0.915      0.000
  -1   -2     -0.662     -0.815      0.000
 149  157     -0.662     -0.287      0.000
  -1  154     -0.658     -1.170      0.000
  -1   -2     -0.649     -0.895      0.000
 152  156     -0.642      1.131      0.000
 153  155     -0.642     -1.106      0.000
 154  159     -0.637     -0.420      0.000
 155  158     -0.637     -0.753      0.000
 156  164     -0.631      0.047      0.000
 157  160     -0.630     -1.065      0.000
 158  162     -0.626     -0.495      0.000
 159  163     -0.625      0.869      0.000
 161  165     -0.620      1.061      0.000
 160  166     -0.616     -0.991      0.000
 162  168     -0.615      0.341      0.000
 163   -2     -0.608     -1.104      0.000
 164  169     -0.596     -0.756      0.000
  -1  175     -0.594      0.643      0.000
 165  170     -0.585      0.265      0.000
 166  167     -0.583     -0.222      0.000
 167  172     -0.580      0.465      0.000
 169  173     -0.573     -0.494      0.000
 170   -2     -0.562      0.654      0.000
 171  174     -0.561      1.030      0.000
 172  176     -0.550     -0.957      0.000
 174  179     -0.547      0.081      0.000
 175  181     -0.541      0.183      0.000
 176  182     -0.531      1.152      0.000
 177  183     -0.520     -0.042      0.000
 185  184     -0.506     -1.166      0.000
 179  185     -0.500     -0.120      0.000
 180   -2     -0.497      0.940      0.000
 181  186     -0.494     -0.654      0.000
 184  187     -0.486     -0.268      0.000
 183   -2     -0.485      0.128      0.000
 186  189     -0.469      0.427      0.000
 187  191     -0.442     -0.918      0.000
 188  193     -0.437      0.310      0.000
 189  192     -0.434     -0.807      0.000
 191  194     -0.431     -0.486      0.000
 193  197     -0.430      0.718      0.000
 192  196     -0.429     -0.172      0.000
  -1   -2     -0.427     -1.023      0.000
 194  198     -0.418     -0.573      0.000
  -1  199     -0.413     -1.124      0.000
 195  202     -0.400     -0.235      0.000
 196   -2     -0.397      0.696      0.000
 197  203     -0.395     -0.634      0.000
 198  204     -0.380      1.023      0.000
  -1   -2     -0.380     -0.707      0.000
 200  205     -0.379     -0.923      0.000
 201  206     -0.363      0.947      0.000
 202  208     -0.359      0.833      0.000
 203   -2     -0.356     -1.131      0.000
 205  209     -0.339      0.174      0.000
 204  210     -0.339     -0.539      0.000
 206   -2     -0.329      0.510      0.000
 208  211     -0.329      0.285      0.000
  -1   -2     -0.323     -1.170      0.000
 209  212     -0.318      0.757      0.000
 211  214     -0.308     -0.887      0.000
 212  215     -0.307     -0.708      0.000
 213  217     -0.301     -0.446      0.000
  -1  218     -0.301     -0.172      0.000
 214  220     -0.292     -0.938      0.000
  -1   -2     -0.291     -1.107      0.000
 215  221     -0.285      0.391      0.000
  -1   -2     -0.275      0.926      0.000
 217  222     -0.270     -0.369      0.000
 219  223     -0.261     -1.022      0.000
  -1   -2     -0.261      0.117      0.000
 220  226     -0.257     -0.634      0.000
 221  227     -0.245     -0.818      0.000
 223  225     -0.240     -1.113      0.000
 225  230     -0.223      0.667      0.000
  -1  229     -0.220     -0.190      0.000
 224   -2     -0.199      0.032      0.000
 228  234     -0.198     -0.042      0.000
 227  235     -0.193      0.073      0.000
 229  236     -0.184     -0.240      0.000
 230  238     -0.159     -0.722      0.000
 231  239     -0.151     -0.166      0.000
 232  245     -0.144     -0.610      0.000
 234  241     -0.140      0.361      0.000
 233  240     -0.139      0.451      0.000
 235  242     -0.131     -0.962      0.000
 236  243     -0.128     -0.072      0.000
 222   -2     -0.126      0.579      0.000
  -1  249     -0.120     -0.835      0.000
 239  248     -0.117      0.308      0.000
  -1   -2     -0.116     -0.901      0.000
 226   -2     -0.096     -1.074      0.000
 240  252     -0.095      0.214      0.000
 252   -2     -0.091     -0.140      0.000
  -1  251     -0.084     -0.585      0.000
 242  253     -0.083      1.074      0.000
 238   -2     -0.082      0.646      0.000
 254   -2     -0.078     -1.026      0.000
 244  257     -0.075     -0.291      0.000
 245  258     -0.072      0.326      0.000
 246  260     -0.060      0.545      0.000
 247  262     -0.050     -0.001      0.000
 249   -2     -0.040     -0.384      0.000
 250  264     -0.035      1.145      0.000
 253   -2     -0.017     -0.430      0.000
  -1  255     -0.014     -1.076      0.000
 255  266     -0.008      0.523      0.000
 256  267     -0.003      0.291      0.000
 257  269      0.012      0.910      0.000
 259  270      0.015      0.044      0.000
  -1  271      0.017      0.799      0.000
 260  268      0.024     -1.156      0.000
 261  273      0.033      0.534      0.000
 262  274      0.035      0.319      0.000
 263  276      0.048     -0.041      0.000
  -1  277      0.051      1.107      0.000
 265  278      0.061      0.837      0.000
 264  279      0.061      0.603      0.000
 266  280      0.066     -1.010      0.000
 268  282      0.075     -0.850      0.000
 270  285      0.089      0.143      0.000
 271  283      0.092     -0.651      0.000
  -1  288      0.096     -0.482      0.000
 272  287      0.101      1.131      0.000
 273  286      0.101      0.102      0.000
  -1  289      0.102     -0.148      0.000
 276  290      0.117      0.371      0.000
  -1   -2      0.137      0.898      0.000
 277  291      0.138      0.785      0.000
  -1   -2      0.141     -1.121      0.000
 280  293      0.144     -0.434      0.000
 279  294      0.148      0.627      0.000
 282  297      0.156     -0.612      0.000
 284  295      0.156      0.972      0.000
 285  298      0.178      0.339      0.000
  -1  299      0.187     -0.632      0.000
 286   -2      0.198     -0.411      0.000
  -1  296      0.205     -1.146      0.000
 288  300      0.210      0.894      0.000
 289  301      0.215     -0.944      0.000
 290  302      0.216      0.029      0.000
  -1  303      0.219      0.513      0.000
 293  306      0.228     -0.814      0.000
 294  307      0.241     -0.133      0.000
 295  308      0.254     -1.117      0.000
 296  310      0.259     -0.833      0.000
  -1   -2      0.260     -0.590      0.000
 297  311      0.262      0.898      0.000
 298  313      0.265     -0.335      0.000
 299  312      0.265      0.126      0.000
 300  314      0.275      1.114      0.000
 301  316      0.281      1.039      0.000
 302  317      0.283      0.227      0.000
  -1   -2      0.303     -0.947      0.000
  -1   -2      0.315      0.545      0.000
  -1  319      0.322     -1.166      0.000
 304  318      0.322     -0.296      0.000
 305  322      0.327      0.054      0.000
  -1  320      0.328      0.652      0.000
 306  321      0.329      0.840      0.000
  -1   -2      0.337      0.951      0.000
  -1  309      0.338     -0.546      0.000
  -1  328      0.347     -0.775      0.000
 307  324      0.363      0.998      0.000
 308  327      0.365     -1.122      0.000
 309  325      0.366     -0.370      0.000
  -1   -2      0.370      0.590      0.000
  -1   -2      0.377     -1.013      0.000
 310   -2      0.380     -0.753      0.000
 312  330      0.390      0.051      0.000
 313  331      0.393     -1.173      0.000
 314  332      0.403     -0.376      0.000
 315  333      0.404      0.275      0.000
 316  334      0.414     -0.423      0.000
 317  335      0.415      0.155      0.000
 318  336      0.420     -1.062      0.000
 319  337      0.423     -0.833      0.000
 320  339      0.430      0.824      0.000
  -1   -2      0.432     -0.618      0.000
 322  343      0.446     -1.165      0.000
 323  353      0.449     -0.926      0.000
 340  345      0.455     -0.554      0.000
 327  344      0.458      0.002      0.000
 328   -2      0.473     -0.398      0.000
  -1   -2      0.474     -0.122      0.000
  -1  340      0.475     -0.615      0.000
 332  348      0.480      0.691      0.000
 334  351      0.493      0.063      0.000
 333  350      0.495      0.296      0.000
 335  352      0.499     -0.750      0.000
 337  354      0.506     -0.025      0.000
 339  356      0.516      0.843      0.000
 331   -2      0.517      0.640      0.000
 338  347      0.520     -0.335      0.000
  -1  357      0.521     -0.582      0.000
  -1  355      0.534      0.642      0.000
 342  359      0.548     -0.881      0.000
 345  362      0.563     -0.539      0.000
 347  367      0.570      0.791      0.000
 346  363      0.571      0.446      0.000
 349  364      0.586      0.852      0.000
 351  366      0.591     -0.036      0.000
 350  365      0.591      0.981      0.000
 352  369      0.605     -0.959      0.000
 353  368      0.610      0.469      0.000
  -1  375      0.612     -1.168      0.000
 354  370      0.613     -0.709      0.000
 355  371      0.613      0.507      0.000
  -1  383      0.613     -0.238      0.000
 356   -2      0.625      0.764      0.000
 358  372      0.626     -0.602      0.000
 380   -2      0.627      0.082      0.000
 359  373      0.633     -1.097      0.000
 360  374      0.636     -0.804      0.000
  -1   -2      0.649      0.308      0.000
 363  377      0.656      0.527      0.000
  -1   -2      0.660      1.124      0.000
 365  378      0.665      0.457      0.000
 364  379      0.667      0.887      0.000
 366   -2      0.669     -0.431      0.000
 367   -2      0.673     -0.157      0.000
 369  381      0.674      0.808      0.000
 368   -2      0.674     -0.470      0.000
  -1   -2      0.684     -0.249      0.000
 371   -2      0.686     -0.770      0.000
 372  384      0.708     -0.835      0.000
 373  386      0.714     -0.625      0.000
 386  380      0.717     -0.477      0.000
  -1  388      0.718     -0.003      0.000
 374  389      0.720      1.127      0.000
 375  391      0.728     -0.675      0.000
 377  392      0.730     -1.059      0.000
 376  393      0.730      1.032      0.000
 379  394      0.737     -0.359      0.000
 378  395      0.737     -0.867      0.000
  -1  397      0.751     -0.772      0.000
  -1  398      0.755      0.244      0.000
 381  399      0.760      0.281      0.000
 382  400      0.760     -1.088      0.000
  -1   -2      0.773      0.653      0.000
 384  401      0.773     -0.625      0.000
 387  402      0.788     -1.047      0.000
 388  403      0.794     -0.808      0.000
  -1   -2      0.795     -0.134      0.000
  -1   -2      0.801      1.016      0.000
 390   -2      0.803      0.368      0.000
 391  405      0.803      0.320      0.000
  -1  404      0.804     -0.168      0.000
 392  406      0.805      0.607      0.000
 393  407      0.808      0.801      0.000
  -1   -2      0.811     -0.076      0.000
 395  409      0.816      0.877      0.000
  -1  410      0.826      0.923      0.000
 396  411      0.832     -0.865      0.000
 399  413      0.840     -1.122      0.000
 398   -2      0.851     -1.062      0.000
 400   -2      0.853     -0.534      0.000
 401  415      0.855     -0.786      0.000
 403  414      0.856     -0.042      0.000
 402  416      0.857      0.861      0.000
 406  418      0.892     -0.664      0.000
  -1  417      0.899     -1.162      0.000
 407  419      0.900     -1.005      0.000
 408  420      0.902      1.043      0.000
  -1   -2      0.907     -0.158      0.000
 411  423      0.908      0.153      0.000
 409  422      0.908     -0.270      0.000
 412  424      0.913     -0.454      0.000
 415  426      0.919      0.627      0.000
 416  429      0.923      1.144      0.000
 417  430      0.923     -0.802      0.000
 418  428      0.924      0.679      0.000
 421  431      0.926      0.407      0.000
  -1   -2      0.927      0.284      0.000
 420   -2      0.928     -1.080      0.000
 422  433      0.936     -0.544      0.000
 424  435      0.958      0.780      0.000
 425  436      0.967      0.220      0.000
 426  437      0.976     -1.123      0.000
 427  438      0.977     -0.613      0.000
 429  439      0.988     -0.166      0.000
  -1  441      0.993      1.140      0.000
 430  440      0.994      0.508      0.000
 431  434      1.011     -0.834      0.000
 432  442      1.016      0.442      0.000
 434  444      1.027     -0.601      0.000
 435  445      1.031     -0.253      0.000
 436  446      1.036     -0.044      0.000
  -1   -2      1.051      0.922      0.000
 438  447      1.053     -0.345      0.000
 440  449      1.065      0.648      0.000
 442  452      1.076      1.155      0.000
 443  451      1.077     -0.017      0.000
  -1   -2      1.081     -0.841      0.000
 445  453      1.082      0.823      0.000
 444  454      1.084      0.955      0.000
  -1  455      1.088      0.704      0.000
 446  456      1.099      1.028      0.000
 447  457      1.101     -0.666      0.000
  -1   -2      1.105     -0.558      0.000
 448  459      1.113     -0.993      0.000
 449  458      1.113      0.250      0.000
 450  460      1.119     -0.002      0.000
 451  462      1.123      0.090      0.000
  -1   -2      1.124     -0.591      0.000
 452  464      1.136      1.025      0.000
  -1  467      1.137     -1.173      0.000
 453  465      1.147     -0.800      0.000
 454   -2      1.150     -1.104      0.000
 455  466      1.154     -0.885      0.000
 456  468      1.164     -0.570      0.000
  -1   -2      1.196      0.018      0.000
 459  470      1.196      0.880      0.000
 461  472      1.210     -0.270      0.000
  -1   -2      1.211      0.260      0.000
  -1  473      1.212      0.232      0.000
 463  476      1.226     -0.389      0.000
 465  477      1.228     -0.520      0.000
 462  478      1.232     -0.204      0.000
 467  481      1.250      0.277      0.000
 468  482      1.255      1.003      0.000
 469  483      1.271     -0.164      0.000
  -1  488      1.271     -1.167      0.000
 474   -2      1.276      0.559      0.000
  -1   -2      1.276     -0.683      0.000
  -1  493      1.280     -0.801      0.000
 472  485      1.291      0.398      0.000
 473  487      1.295     -0.518      0.000
  -1   -2      1.310     -0.995      0.000
 475  490      1.325     -0.591      0.000
 477   -2      1.341      0.435      0.000
 476  491      1.345     -1.105      0.000
 479  494      1.370     -0.966      0.000
 480  495      1.387     -1.023      0.000
  -1   -2      1.388      1.111      0.000
 481  496      1.389      1.113      0.000
 483   -2      1.390      0.092      0.000
 482  497      1.393      0.165      0.000
 484  498      1.407     -0.362      0.000
 485  499      1.408     -0.254      0.000
  -1  500      1.410     -0.974      0.000
 486  502      1.418     -0.489      0.000
 487  504      1.420     -0.425      0.000
  -1  509      1.425     -1.170      0.000
 489  505      1.430      0.239      0.000
 490  506      1.434      0.532      0.000
 478  512      1.442     -0.761      0.000
 497   -2      1.443      1.054      0.000
 492   -2      1.451     -1.087      0.000
 488  508      1.453     -1.127      0.000
 493  510      1.469      0.606      0.000
 494   -2      1.481     -0.776      0.000
 495  513      1.490      0.848      0.000
 496  514      1.492      0.276      0.000
 500  515      1.510     -0.276      0.000
 498  516      1.510     -0.062      0.000
 499  517      1.510     -0.219      0.000
 502  520      1.534      0.442      0.000
 503  521      1.534      0.066      0.000
 504  522      1.548      1.116      0.000
 505  523      1.553     -0.646      0.000
 506  524      1.554     -1.070      0.000
 507  525      1.554     -0.957      0.000
  -1  526      1.563      0.734      0.000
 508  528      1.565     -0.853      0.000
  -1  527      1.570      0.605      0.000
