521
   2    1     -1.552      0.240      0.000
   3   -2     -1.547      0.355      0.000
   5    2     -1.546      1.021      0.000
   6    3     -1.537      0.304      0.000
   7    5     -1.530      0.578      0.000
   8    6     -1.526      0.451      0.000
   9    7     -1.518      0.717      0.000
  10    8     -1.514     -0.327      0.000
  11    9     -1.509      0.167      0.000
  12   10     -1.504     -1.117      0.000
  14   12     -1.496      0.932      0.000
  -1   -2     -1.493      0.623      0.000
  15   13     -1.481      0.532      0.000
  16   15     -1.477      0.374      0.000
  17   16     -1.464      1.079      0.000
  18   17     -1.462     -0.590      0.000
  19   18     -1.462     -0.386      0.000
  20   19     -1.455     -0.660      0.000
  -1   20     -1.455      0.225      0.000
  22   21     -1.445      0.765      0.000
  21   22     -1.444      0.309      0.000
  23   24     -1.431      0.069      0.000
  26   23     -1.428     -1.039      0.000
  24   25     -1.427      0.814      0.000
  25   26     -1.423     -0.424      0.000
  -1   -2     -1.421     -0.736      0.000
  27   28     -1.418      0.690      0.000
   0   -2     -1.410      0.015      0.000
  -1   -2     -1.393     -1.164      0.000
  -1   -2     -1.391      0.596      0.000
  29   -2     -1.387     -0.574      0.000
  30   29     -1.382     -0.011      0.000
  -1   30     -1.381      0.028      0.000
  32   31     -1.373     -0.910      0.000
  31   32     -1.370      0.180      0.000
  -1   -2     -1.367     -0.706      0.000
  -1   33     -1.358      0.742      0.000
  33   35     -1.345     -0.948      0.000
  35   37     -1.334      0.590      0.000
  34   38     -1.334     -0.368      0.000
  36   39     -1.330      0.978      0.000
  -1   -2     -1.329     -0.312      0.000
  37   42     -1.323      0.416      0.000
  -1   -2     -1.322      0.933      0.000
  38   41     -1.317     -1.097      0.000
  39   52     -1.314      1.134      0.000
  -1   44     -1.302     -0.019      0.000
  40   45     -1.299     -0.466      0.000
  41   -2     -1.298     -0.864      0.000
  -1   -2     -1.286     -0.217      0.000
  42   46     -1.281     -0.892      0.000
  45   48     -1.277     -0.666      0.000
  44   49     -1.273     -0.561      0.000
  46   50     -1.268     -0.141      0.000
  48   51     -1.250     -1.030      0.000
  50   53     -1.228     -0.877      0.000
  51   54     -1.228      0.868      0.000
  52   55     -1.212     -0.678      0.000
  54   -2     -1.212     -0.812      0.000
  53   56     -1.209      0.759      0.000
  55   57     -1.208      0.661      0.000
  57   -2     -1.195     -1.102      0.000
  56   58     -1.195      0.421      0.000
  58   59     -1.184     -0.369      0.000
  59   61     -1.169     -1.170      0.000
  60   62     -1.162      1.054      0.000
  63   63     -1.161     -0.906      0.000
  61   -2     -1.161     -0.868      0.000
  62   65     -1.158     -0.112      0.000
  68   64     -1.155     -1.127      0.000
  64   66     -1.154      0.675      0.000
  -1   -2     -1.144     -0.061      0.000
  65   67     -1.134     -0.391      0.000
  66   69     -1.130      0.413      0.000
  67   70     -1.123     -0.297      0.000
  69   71     -1.113      1.073      0.000
  70   72     -1.104      0.494      0.000
  77   -2     -1.090     -1.124      0.000
  73   74     -1.087      0.826      0.000
  72   76     -1.085      0.197      0.000
  74   77     -1.082      0.400      0.000
  71   73     -1.077     -0.175      0.000
  76   79     -1.070      0.594      0.000
  78   81     -1.061     -0.227      0.000
  79   83     -1.050     -0.754      0.000
  -1   -2     -1.049     -0.399      0.000
  80   84     -1.046      0.348      0.000
  81   85     -1.038     -0.445      0.000
  83   87     -1.015     -0.888      0.000
  84   91     -1.009      0.930      0.000
  86   80     -1.009     -1.168      0.000
  85   89     -1.008     -0.796      0.000
  88   90     -1.007     -1.088      0.000
  89   92     -1.000      1.046      0.000
  87   93     -0.998      0.793      0.000
  90   95     -0.989     -0.594      0.000
  91   94     -0.984      0.312      0.000
  92   96     -0.973     -0.437      0.000
  95  101     -0.970     -1.025      0.000
  94   99     -0.969     -0.089      0.000
  93   98     -0.968      0.578      0.000
  96   97     -0.966      1.069      0.000
 104  102     -0.937      0.752      0.000
  97   -2     -0.935     -0.964      0.000
  98  103     -0.914      0.696      0.000
  99  104     -0.913     -0.135      0.000
 100  105     -0.907      1.095      0.000
 105  106     -0.899     -0.215      0.000
 106  108     -0.894     -0.011      0.000
 107  107     -0.892     -1.162      0.000
  -1   -2     -0.889     -0.015      0.000
  -1  109     -0.887     -0.444      0.000
 108  110     -0.885     -0.618      0.000
 109  111     -0.882     -0.751      0.000
 112  117     -0.871      0.321      0.000
 113  114     -0.869     -0.699      0.000
 114  115     -0.862      0.736      0.000
  -1  118     -0.861      0.405      0.000
 101  125     -0.856     -1.110      0.000
 116  121     -0.829     -0.053      0.000
 117  119     -0.827      1.047      0.000
 118  120     -0.825      0.815      0.000
 120  122     -0.821      1.093      0.000
 121  123     -0.814      0.038      0.000
 126  126     -0.802     -0.796      0.000
 124  124     -0.800      0.881      0.000
 132   -2     -0.799     -1.100      0.000
 125  128     -0.799     -0.440      0.000
 127  127     -0.798      0.991      0.000
 128  129     -0.796     -0.754      0.000
 129  130     -0.787      0.140      0.000
 131  131     -0.780     -0.597      0.000
 133  132     -0.775     -0.144      0.000
 123   -2     -0.752     -0.929      0.000
 135  133     -0.751      0.532      0.000
 138  135     -0.748     -0.099      0.000
  -1  137     -0.736     -0.483      0.000
 141  136     -0.733     -0.963      0.000
 136  138     -0.733      0.768      0.000
  -1   -2     -0.732     -0.573      0.000
 140  139     -0.727      0.069      0.000
 142  140     -0.723     -1.008      0.000
 144  141     -0.721     -0.546      0.000
  -1   -2     -0.719      0.217      0.000
 130   -2     -0.716      0.719      0.000
 143  142     -0.715     -1.168      0.000
 145  147     -0.714      0.864      0.000
 146  144     -0.705     -0.677      0.000
 150  145     -0.688      1.046      0.000
 153   -2     -0.683      0.915      0.000
 152  149     -0.681     -0.296      0.000
 154  148     -0.680     -1.125      0.000
 156  151     -0.646     -0.268      0.000
 155  154     -0.646     -0.419      0.000
 157  152     -0.642      1.128      0.000
 159  156     -0.641      0.047      0.000
 158  155     -0.639     -0.750      0.000
  -1  158     -0.631     -0.494      0.000
 162  159     -0.628      0.866      0.000
 163  157     -0.627     -1.064      0.000
 165  161     -0.620      1.058      0.000
 164  162     -0.618      0.338      0.000
 166  160     -0.615     -0.989      0.000
  -1  163     -0.604     -1.101      0.000
 168  164     -0.597     -0.754      0.000
 169  167     -0.591      0.464      0.000
 167  165     -0.591      0.265      0.000
 170  166     -0.588     -0.221      0.000
 172  169     -0.578     -0.491      0.000
 176  170     -0.566      0.650      0.000
 174  171     -0.562      1.027      0.000
 175  174     -0.553      0.082      0.000
 177  175     -0.548      0.183      0.000
  -1  173     -0.545     -1.086      0.000
  -1   -2     -0.542      0.892      0.000
 179  176     -0.531      1.149      0.000
 178  177     -0.527     -0.040      0.000
 180  179     -0.507     -0.120      0.000
 183  178     -0.507     -1.169      0.000
  -1  180     -0.499      0.937      0.000
 182  181     -0.496     -0.651      0.000
  -1   -2     -0.496      0.986      0.000
 184  183     -0.491      0.128      0.000
 185  184     -0.491     -0.267      0.000
  -1  185     -0.477     -1.143      0.000
 187  186     -0.476      0.426      0.000
 189   -2     -0.461     -0.734      0.000
 190  188     -0.443      0.308      0.000
 191  187     -0.442     -0.915      0.000
 192  192     -0.436     -0.167      0.000
 193  190     -0.435      0.489      0.000
  -1  191     -0.435     -0.481      0.000
 195  189     -0.434     -0.802      0.000
 194  193     -0.433      0.715      0.000
 197  194     -0.421     -0.568      0.000
  -1   -2     -0.412     -1.116      0.000
 199  195     -0.406     -0.244      0.000
  -1   -2     -0.406     -1.168      0.000
 201  196     -0.400      0.689      0.000
 202   -2     -0.397     -0.631      0.000
  -1   -2     -0.386      0.637      0.000
 205  200     -0.379     -0.917      0.000
 206  198     -0.374      1.014      0.000
 207  197     -0.368     -0.621      0.000
 208  201     -0.365      0.940      0.000
 209  202     -0.361      0.827      0.000
 210  203     -0.356     -1.129      0.000
 212  204     -0.343     -0.535      0.000
 213  205     -0.342      0.180      0.000
  -1  206     -0.336      0.503      0.000
 214  208     -0.334      0.284      0.000
 215  209     -0.321      0.751      0.000
  -1  212     -0.309     -0.701      0.000
 217  211     -0.308     -0.880      0.000
  -1   -2     -0.305     -0.172      0.000
 211  226     -0.300     -1.170      0.000
 220  218     -0.294     -1.102      0.000
 221  214     -0.290     -0.930      0.000
 219  215     -0.290      0.389      0.000
  -1   -2     -0.275      0.739      0.000
 222  217     -0.275     -0.366      0.000
  -1  222     -0.272      0.558      0.000
  -1   -2     -0.264      0.120      0.000
 225  219     -0.260     -1.015      0.000
 223  216     -0.260      0.699      0.000
 226  220     -0.257     -0.625      0.000
 227   -2     -0.255     -1.129      0.000
 229  223     -0.231     -1.088      0.000
 228  224     -0.227      0.014      0.000
 230  225     -0.225      0.662      0.000
 231   -2     -0.222     -0.196      0.000
  -1  227     -0.210      0.056      0.000
 234  230     -0.201     -0.742      0.000
 232   -2     -0.197     -0.111      0.000
  -1  228     -0.195     -0.040      0.000
 235  229     -0.191     -0.235      0.000
 236   -2     -0.180     -1.128      0.000
 250   -2     -0.162     -0.714      0.000
 240  231     -0.159     -0.164      0.000
 242  232     -0.146     -0.603      0.000
 241  233     -0.143      0.447      0.000
 243  234     -0.142      0.358      0.000
 248   -2     -0.142     -1.120      0.000
  -1  238     -0.137      0.743      0.000
 245  235     -0.131     -0.952      0.000
 244  236     -0.130     -0.070      0.000
 246  237     -0.128      0.573      0.000
 247  244     -0.123     -0.285      0.000
 249  239     -0.119      0.305      0.000
 252  240     -0.099      0.213      0.000
 253  241     -0.094     -0.138      0.000
 251   -2     -0.092     -1.122      0.000
 264   -2     -0.087     -0.576      0.000
  -1   -2     -0.084      0.640      0.000
 256  242     -0.082      1.066      0.000
 257   -2     -0.078     -0.288      0.000
 258  245     -0.075      0.324      0.000
 259  243     -0.075     -1.012      0.000
 260  246     -0.062      0.538      0.000
 261  247     -0.052     -0.000      0.000
 263  250     -0.033      1.135      0.000
  -1   -2     -0.025     -1.077      0.000
 265  252     -0.018     -0.116      0.000
 266  253     -0.018     -0.424      0.000
 267  255     -0.008      0.520      0.000
 268  256     -0.005      0.289      0.000
  -1  260      0.008     -1.166      0.000
 272  258      0.013      0.339      0.000
 271  257      0.013      0.900      0.000
 273  259      0.014      0.044      0.000
 274   -2      0.014      0.790      0.000
 270  254      0.022     -1.121      0.000
 276  261      0.030      0.526      0.000
 277  262      0.041      0.308      0.000
 278  263      0.048     -0.040      0.000
 279  264      0.062      0.596      0.000
 280  265      0.063      0.827      0.000
 281  266      0.066     -0.998      0.000
 282   -2      0.069      0.723      0.000
 284  267      0.074      0.538      0.000
 283  268      0.075     -0.841      0.000
 286   -2      0.083     -0.888      0.000
 287  270      0.088      0.142      0.000
 289  271      0.094     -0.649      0.000
 291  272      0.097      1.124      0.000
 290  273      0.100      0.102      0.000
 292   -2      0.104      0.412      0.000
 294  276      0.118      0.368      0.000
 297  277      0.139      0.778      0.000
 299  275      0.140     -1.113      0.000
  -1   -2      0.143      0.039      0.000
 300  280      0.146     -0.425      0.000
 301  279      0.149      0.612      0.000
 302  282      0.155     -0.606      0.000
 303  284      0.160      0.964      0.000
 304  285      0.179      0.337      0.000
 305   -2      0.187     -0.625      0.000
 306  286      0.200     -0.405      0.000
 308  287      0.204      0.995      0.000
  -1   -2      0.206     -1.134      0.000
 307  288      0.209      0.884      0.000
 309  289      0.214     -0.932      0.000
 310  290      0.217      0.030      0.000
 311   -2      0.225      0.502      0.000
 313  293      0.229     -0.805      0.000
 314  294      0.242     -0.130      0.000
 315  295      0.254     -1.110      0.000
 312   -2      0.259     -0.586      0.000
  -1  296      0.261     -0.824      0.000
 316  297      0.263      0.888      0.000
 317  298      0.265     -0.329      0.000
 318  300      0.278      1.104      0.000
 319  301      0.285      1.029      0.000
 320  302      0.286      0.226      0.000
 324   -2      0.287      0.660      0.000
  -1   -2      0.290     -0.129      0.000
 321   -2      0.313     -1.169      0.000
  -1   -2      0.318      0.537      0.000
 322  304      0.327     -0.293      0.000
 323   -2      0.330     -0.172      0.000
 327  305      0.331      0.054      0.000
 326  307      0.336      0.940      0.000
 328  308      0.365     -1.114      0.000
 329  309      0.369     -0.365      0.000
  -1   -2      0.377     -1.006      0.000
 330  310      0.382     -0.743      0.000
 331  311      0.389      1.047      0.000
  -1  323      0.389     -0.917      0.000
 332  313      0.391     -1.167      0.000
 333  314      0.405     -0.371      0.000
 334  315      0.407      0.271      0.000
 335  316      0.411     -0.417      0.000
 336  317      0.419      0.155      0.000
 337  318      0.419     -1.054      0.000
 338  319      0.424     -0.827      0.000
  -1   -2      0.427      0.499      0.000
 339  320      0.433      0.816      0.000
 340   -2      0.435     -0.617      0.000
 342  322      0.440     -1.158      0.000
 344  325      0.458     -0.557      0.000
  -1   -2      0.461     -0.514      0.000
 345  327      0.464      0.006      0.000
  -1   -2      0.465      0.637      0.000
 346  331      0.467      0.466      0.000
 349   -2      0.476     -0.116      0.000
 348  328      0.477     -0.393      0.000
 347  329      0.480     -1.119      0.000
 351  330      0.485      0.567      0.000
  -1   -2      0.489      0.514      0.000
 353  332      0.489      0.680      0.000
 352   -2      0.490     -1.152      0.000
  -1   -2      0.493      0.195      0.000
 355  335      0.500     -0.742      0.000
 357  333      0.501      0.292      0.000
 358  337      0.510     -0.024      0.000
 359   -2      0.511      0.624      0.000
 361  339      0.517      0.837      0.000
 362   -2      0.522     -0.581      0.000
  -1   -2      0.532      0.705      0.000
 354   -2      0.544     -0.861      0.000
 364  344      0.563     -0.910      0.000
 365  345      0.566     -0.535      0.000
 366  346      0.576      0.444      0.000
  -1  347      0.579      0.785      0.000
 367  349      0.591      0.846      0.000
 368  350      0.596      0.973      0.000
 369  351      0.598     -0.037      0.000
 370  352      0.607     -0.950      0.000
 372  353      0.612      0.467      0.000
 371  354      0.615     -0.705      0.000
 373  355      0.618      0.503      0.000
 375  356      0.628      0.757      0.000
 391  340      0.629     -0.609      0.000
  -1  359      0.633     -1.090      0.000
 379  362      0.635     -1.169      0.000
 378  360      0.637     -0.801      0.000
 381  363      0.662      0.520      0.000
 382  364      0.670      0.882      0.000
 383  365      0.671      0.453      0.000
 385  369      0.679      0.799      0.000
 384  368      0.679     -0.449      0.000
 388  367      0.681     -0.158      0.000
  -1   -2      0.690     -0.247      0.000
 389  372      0.709     -0.831      0.000
  -1   -2      0.715     -0.057      0.000
 394  374      0.722      1.120      0.000
 396  357      0.722     -0.003      0.000
  -1   -2      0.723      0.272      0.000
  -1  375      0.730     -0.672      0.000
 398  376      0.733      1.029      0.000
 397  377      0.733     -1.053      0.000
 399  378      0.737     -0.866      0.000
 400  379      0.743     -0.358      0.000
 401   -2      0.754     -0.772      0.000
 392  385      0.763      0.240      0.000
 402  382      0.766     -1.092      0.000
  -1  383      0.768      1.121      0.000
 405  381      0.768      0.278      0.000
 403   -2      0.776     -0.029      0.000
 404  384      0.778     -0.623      0.000
  -1  386      0.788     -0.450      0.000
  -1  387      0.791     -1.047      0.000
 406  388      0.799     -0.804      0.000
 408  394      0.805     -0.137      0.000
  -1  390      0.810      0.364      0.000
 409  392      0.812      0.604      0.000
 411  391      0.812      0.317      0.000
 410  393      0.820      0.803      0.000
 412  395      0.823      0.871      0.000
 413   -2      0.827      0.494      0.000
 414  396      0.834     -0.864      0.000
 416  398      0.848     -1.058      0.000
 417   -2      0.849      1.035      0.000
 419  400      0.857     -0.534      0.000
 420  402      0.861      0.856      0.000
 421  403      0.863     -0.044      0.000
 415  399      0.875     -1.151      0.000
  -1  404      0.877     -0.606      0.000
 423   -2      0.886     -0.204      0.000
  -1  407      0.902     -1.005      0.000
 441  389      0.906      1.038      0.000
 426  409      0.910     -0.267      0.000
 427   -2      0.912     -0.159      0.000
 429  412      0.919     -0.454      0.000
  -1   -2      0.920     -0.873      0.000
  -1  405      0.924      0.031      0.000
 431  416      0.925      1.139      0.000
 430  417      0.925     -0.803      0.000
 432  419      0.926      0.733      0.000
 433  415      0.927      0.626      0.000
 435  418      0.929      0.675      0.000
 428  414      0.929      0.103      0.000
 434  420      0.930     -1.079      0.000
 436  421      0.935      0.404      0.000
 437  422      0.940     -0.545      0.000
 418   -2      0.959     -0.705      0.000
 439  424      0.965      0.776      0.000
  -1   -2      0.971     -0.323      0.000
 442  428      0.974     -0.229      0.000
 443  425      0.974      0.218      0.000
  -1  427      0.978     -0.614      0.000
 445  429      0.994     -0.167      0.000
 446  430      1.001      0.507      0.000
 447  431      1.014     -0.836      0.000
 448  432      1.017      0.437      0.000
 449  434      1.032     -0.605      0.000
 450  435      1.035     -0.255      0.000
  -1  436      1.044     -0.047      0.000
 451  437      1.046      0.742      0.000
  -1   -2      1.051     -0.465      0.000
  -1   -2      1.055      0.696      0.000
 452  438      1.056     -0.346      0.000
 453  440      1.064      0.648      0.000
  -1  441      1.077     -0.108      0.000
 456  443      1.085     -0.018      0.000
 458  445      1.090      0.821      0.000
 457  444      1.091      0.956      0.000
 460   -2      1.096      0.706      0.000
 459   -2      1.096      0.280      0.000
 461  446      1.103      1.025      0.000
 462  447      1.104     -0.668      0.000
 463  448      1.113     -0.995      0.000
  -1   -2      1.113      0.573      0.000
 473  439      1.120     -1.129      0.000
 464  449      1.122      0.249      0.000
 467  451      1.133      0.087      0.000
 468  452      1.138      1.024      0.000
 469  453      1.149     -0.804      0.000
 474  456      1.168     -0.573      0.000
  -1   -2      1.200      0.019      0.000
 479  463      1.232     -0.392      0.000
 478  465      1.232     -0.524      0.000
 477  467      1.240      0.268      0.000
 495   -2      1.246      0.658      0.000
  -1   -2      1.252      0.557      0.000
  -1   -2      1.253     -0.595      0.000
  -1   -2      1.255     -1.169      0.000
 481  468      1.260      1.004      0.000
 486  469      1.282     -0.168      0.000
 485  473      1.284     -0.538      0.000
 488  472      1.297      0.394      0.000
 491   -2      1.313     -0.513      0.000
  -1  474      1.316      0.611      0.000
 492  475      1.328     -0.598      0.000
 493  476      1.342     -1.112      0.000
 494  477      1.348      0.436      0.000
  -1  478      1.359     -0.754      0.000
 496  479      1.372     -0.973      0.000
 497  480      1.388     -1.030      0.000
 498  481      1.393      1.118      0.000
 499  482      1.397      0.163      0.000
 500  483      1.403      0.093      0.000
 501  484      1.410     -0.369      0.000
 502  485      1.412     -0.260      0.000
  -1   -2      1.412     -0.981      0.000
  -1   -2      1.422     -0.013      0.000
 503  486      1.422     -0.494      0.000
  -1  488      1.423     -1.171      0.000
 504  487      1.429     -0.429      0.000
 505  489      1.437      0.238      0.000
 506  490      1.441      0.535      0.000
 508  491      1.448     -0.397      0.000
  -1  492      1.452     -1.094      0.000
  -1   -2      1.454     -1.131      0.000
 509  493      1.475      0.608      0.000
 511  494      1.484     -0.789      0.000
 512  495      1.495      0.852      0.000
 513  496      1.498      0.277      0.000
  -1   -2      1.510     -0.698      0.000
 515  498      1.513     -0.066      0.000
  -1   -2      1.517      0.919      0.000
 514  499      1.521     -0.233      0.000
 519  503      1.539      0.062      0.000
 520  502      1.539      0.445      0.000
 521  505      1.552     -0.656      0.000
 522  504      1.553      1.124      0.000
  -1  507      1.555     -0.964      0.000
 523  506      1.555     -1.078      0.000
 524  508      1.567     -0.863      0.000
  -1   -2      1.569      0.740      0.000
 525   -2      1.572      0.857      0.000
