509
   0    0     -1.573      0.898      0.000
  -1   10     -1.561     -0.262      0.000
  -1   15     -1.551     -0.139      0.000
  -1    1     -1.546      0.843      0.000
   1   -2     -1.545      0.987      0.000
   2    2     -1.536      0.231      0.000
   9   -2     -1.534      0.891      0.000
  -1   -2     -1.530      0.340      0.000
  -1    4     -1.521      1.104      0.000
   4    5     -1.520      0.291      0.000
   5    7     -1.516      0.555      0.000
  -1    6     -1.516     -1.087      0.000
   6    8     -1.508      0.431      0.000
   7    9     -1.506      0.688      0.000
   8   -2     -1.501     -0.306      0.000
  10   13     -1.490      0.161      0.000
  12   14     -1.479      0.601      0.000
  13   16     -1.467      1.046      0.000
  14   17     -1.463      0.510      0.000
  -1   -2     -1.460     -0.549      0.000
  15   18     -1.457      0.357      0.000
  16   -2     -1.456     -0.314      0.000
  17   19     -1.454     -0.634      0.000
  -1   20     -1.446     -0.363      0.000
  -1   -2     -1.441     -1.005      0.000
  19   22     -1.436      0.737      0.000
  20   21     -1.436      1.151      0.000
  11   31     -1.429     -1.125      0.000
  23   25     -1.421      0.299      0.000
  33   -2     -1.418     -0.724      0.000
  24   -2     -1.416      0.788      0.000
  25   26     -1.410     -0.404      0.000
  26   27     -1.410      0.068      0.000
  27   28     -1.403      0.665      0.000
  29   -2     -1.369     -0.499      0.000
  32   33     -1.362      1.142      0.000
  34   36     -1.357     -0.007      0.000
  36   35     -1.352     -0.922      0.000
  37   37     -1.345      0.175      0.000
  35   -2     -1.339      0.721      0.000
  39   38     -1.334     -1.064      0.000
  40   39     -1.327      0.949      0.000
  41   40     -1.315     -0.349      0.000
  -1   -2     -1.313     -1.029      0.000
  43   -2     -1.312     -1.103      0.000
  42   41     -1.311      0.574      0.000
  44   44     -1.308     -1.165      0.000
  46   43     -1.301      0.401      0.000
  47   42     -1.296     -0.852      0.000
  50   48     -1.270     -0.646      0.000
  49   49     -1.267      0.524      0.000
  52   50     -1.263     -1.013      0.000
  51   51     -1.262     -0.543      0.000
  54   52     -1.245      1.018      0.000
  -1   53     -1.235     -0.130      0.000
  55   54     -1.231     -0.856      0.000
  56   55     -1.218      0.847      0.000
  57   56     -1.213     -0.795      0.000
  58   57     -1.208     -0.661      0.000
  60   58     -1.195      0.741      0.000
  61   59     -1.182      0.648      0.000
  -1   -2     -1.178      0.037      0.000
  66   60     -1.167     -1.108      0.000
  64   61     -1.167     -0.888      0.000
  68   62     -1.165      1.055      0.000
  65   -2     -1.165     -0.574      0.000
  63   64     -1.164      0.411      0.000
  69   63     -1.164     -0.850      0.000
  67   65     -1.162     -0.358      0.000
  70   -2     -1.160      1.017      0.000
  -1   66     -1.132     -1.024      0.000
  71   68     -1.131      0.662      0.000
  72   69     -1.128     -0.109      0.000
  73   67     -1.126     -1.121      0.000
  75   70     -1.116      1.055      0.000
  -1   71     -1.113     -0.381      0.000
  76   72     -1.098      0.403      0.000
  74   -2     -1.098     -0.290      0.000
  80   74     -1.084     -1.084      0.000
  82   75     -1.077      0.810      0.000
  81   76     -1.076      0.485      0.000
  83   -2     -1.061     -0.163      0.000
  84   77     -1.051      0.395      0.000
  86   80     -1.045      0.587      0.000
  87   81     -1.033     -0.224      0.000
  -1   -2     -1.029     -0.183      0.000
  91   82     -1.021     -1.075      0.000
  89   83     -1.017     -0.878      0.000
  88   84     -1.017     -0.439      0.000
  -1   -2     -1.015     -0.782      0.000
  90   85     -1.013      0.343      0.000
  -1   86     -1.011     -0.665      0.000
  92   87     -1.001      0.921      0.000
  93   88     -0.999      1.036      0.000
  -1   -2     -0.992     -1.162      0.000
  95   -2     -0.966      1.062      0.000
  -1   -2     -0.951     -0.977      0.000
  96   92     -0.949      0.310      0.000
  98   -2     -0.947      1.135      0.000
  97   94     -0.944      0.574      0.000
  99   93     -0.938     -0.950      0.000
  -1   96     -0.935     -0.089      0.000
  -1   95     -0.934      0.505      0.000
  -1   99     -0.909      1.093      0.000
  -1  101     -0.904     -1.074      0.000
 101  103     -0.879     -0.135      0.000
 102  104     -0.876     -0.746      0.000
 103  105     -0.871     -0.615      0.000
 104  107     -0.866     -0.214      0.000
 118   97     -0.866     -1.102      0.000
 110  108     -0.865     -0.443      0.000
 107  110     -0.857     -0.696      0.000
 108  112     -0.854     -0.008      0.000
  -1  114     -0.846      0.446      0.000
  -1   -2     -0.842      0.734      0.000
 112  111     -0.837      0.299      0.000
 114  116     -0.825      1.046      0.000
 113   -2     -0.823      0.391      0.000
 115  117     -0.822      1.092      0.000
  -1  115     -0.818     -0.945      0.000
 116  120     -0.817      0.817      0.000
 117  128     -0.816     -0.380      0.000
 119  125     -0.792     -0.054      0.000
 120  123     -0.792      0.992      0.000
 122  126     -0.789     -0.753      0.000
 121  127     -0.789      0.883      0.000
  -1  122     -0.786      0.380      0.000
 123  129     -0.780      0.036      0.000
 124   -2     -0.778     -0.428      0.000
 126  131     -0.765     -0.599      0.000
 129  134     -0.755      0.640      0.000
  -1  133     -0.750     -0.925      0.000
 128  135     -0.749      0.139      0.000
 130   -2     -0.744     -0.348      0.000
 131  136     -0.743     -0.146      0.000
 132  137     -0.737     -0.964      0.000
  -1  139     -0.730     -1.008      0.000
 135  140     -0.720     -1.165      0.000
 136  141     -0.714     -0.102      0.000
 137  144     -0.708     -0.556      0.000
  -1   -2     -0.707     -0.274      0.000
 138  142     -0.700      0.868      0.000
  -1   -2     -0.694      0.065      0.000
 139  143     -0.687      0.720      0.000
 142  146     -0.686      1.056      0.000
  -1  145     -0.686      1.001      0.000
  -1   -2     -0.685      0.216      0.000
 141  147     -0.678     -0.648      0.000
 145  149     -0.653     -0.301      0.000
 146   -2     -0.652     -0.815      0.000
  -1   -2     -0.642      1.137      0.000
  -1   -2     -0.636      0.147      0.000
 148  151     -0.635     -1.070      0.000
 150  152     -0.630     -1.109      0.000
 149  153     -0.629     -0.757      0.000
 152  154     -0.625     -0.997      0.000
 151  155     -0.625     -0.427      0.000
 155  157     -0.616      0.877      0.000
 154  158     -0.614     -0.273      0.000
  -1   -2     -0.612      0.411      0.000
 157  159     -0.612     -0.502      0.000
 158  160     -0.601      0.046      0.000
 159  162     -0.588     -0.764      0.000
 156  163     -0.586      0.341      0.000
 160   -2     -0.577     -1.103      0.000
 165  165     -0.566     -0.967      0.000
 162  164     -0.565      0.474      0.000
 163  167     -0.560     -0.228      0.000
 164  168     -0.558     -0.502      0.000
 166  166     -0.557      1.041      0.000
 167  169     -0.544      0.664      0.000
 168  170     -0.539     -1.087      0.000
 170  171     -0.522      0.080      0.000
 171  172     -0.515      0.184      0.000
 176   -2     -0.508     -1.168      0.000
 173  173     -0.495     -0.046      0.000
 175  175     -0.485     -0.664      0.000
 174   -2     -0.484      0.999      0.000
  -1   -2     -0.482      0.824      0.000
 177  176     -0.476     -0.120      0.000
 179  178     -0.465     -0.278      0.000
 178  177     -0.463      0.129      0.000
  -1   -2     -0.453     -0.753      0.000
 180  179     -0.448      0.436      0.000
 182  180     -0.440     -0.932      0.000
 183  183     -0.433     -0.817      0.000
 184  182     -0.427     -1.036      0.000
  -1   -2     -0.422     -1.164      0.000
  -1   -2     -0.416     -0.498      0.000
 186  186     -0.415      0.316      0.000
 185  184     -0.415     -1.122      0.000
 188  185     -0.405      0.725      0.000
 187  188     -0.405     -0.589      0.000
 189  187     -0.403     -0.176      0.000
  -1  189     -0.400     -0.333      0.000
 190   -2     -0.387     -0.279      0.000
 191  190     -0.385     -0.650      0.000
 194  194     -0.381      1.041      0.000
 192  193     -0.379     -0.244      0.000
 193  192     -0.378     -0.939      0.000
 196  196     -0.361      0.965      0.000
 197  197     -0.357     -1.133      0.000
 200  198     -0.351      0.852      0.000
 201  200     -0.327     -0.556      0.000
 204  212     -0.316      0.092      0.000
 202  202     -0.316      0.299      0.000
 205  201     -0.308      0.776      0.000
 206  203     -0.306     -0.906      0.000
 209  205     -0.291     -0.958      0.000
 208  206     -0.291     -0.454      0.000
 213  208     -0.270      0.400      0.000
 214  209     -0.263     -1.043      0.000
 215  210     -0.258     -0.383      0.000
 217  211     -0.249     -0.654      0.000
 218   -2     -0.240      0.120      0.000
 203  229     -0.225      0.513      0.000
 219   -2     -0.225     -1.094      0.000
  -1   -2     -0.217      1.033      0.000
 225  215     -0.211      0.686      0.000
 224  217     -0.209      0.012      0.000
 226  216     -0.208     -0.204      0.000
  -1  222     -0.192     -0.771      0.000
  -1   -2     -0.186     -1.166      0.000
  -1  218     -0.183     -0.511      0.000
 227  219     -0.182     -0.120      0.000
  -1   -2     -0.179     -0.045      0.000
 228  221     -0.179      0.072      0.000
 229  223     -0.168     -0.248      0.000
 230   -2     -0.150     -0.748      0.000
  -1  225     -0.140     -1.127      0.000
 232  226     -0.139     -0.178      0.000
 233  228     -0.132     -0.988      0.000
 234  230     -0.130      0.371      0.000
 235   -2     -0.129      0.467      0.000
 231  239     -0.120     -0.622      0.000
 236  231     -0.118     -0.076      0.000
 237  232     -0.117      0.597      0.000
 239  235     -0.105      0.315      0.000
 238  245     -0.101     -1.103      0.000
 242  237     -0.086      0.217      0.000
 243  238     -0.085      1.104      0.000
 245  240     -0.079     -0.153      0.000
 246   -2     -0.079     -1.056      0.000
  -1   -2     -0.077      0.668      0.000
 254   -2     -0.065     -0.312      0.000
 248  243     -0.063      0.335      0.000
 249  224     -0.061     -0.805      0.000
 250  246     -0.054      0.562      0.000
 252  248     -0.040     -0.006      0.000
  -1   -2     -0.005     -1.168      0.000
 257  250      0.000      0.543      0.000
 258  251      0.002      0.301      0.000
 259  252      0.012      0.939      0.000
 261  255      0.021      0.043      0.000
 262  257      0.037      0.549      0.000
 263  258      0.039      0.329      0.000
  -1  265      0.044     -0.865      0.000
 265  263      0.046     -1.053      0.000
 264  259      0.054     -0.048      0.000
 266  261      0.063      0.865      0.000
 267  260      0.065      0.623      0.000
  -1   -2      0.069      0.757      0.000
 269   -2      0.075     -0.879      0.000
  -1  267      0.093     -0.670      0.000
 271  266      0.093      0.144      0.000
 273  269      0.104      0.101      0.000
 274   -2      0.109     -0.050      0.000
 275  271      0.116      0.385      0.000
  -1   -2      0.131      0.925      0.000
  -1   -2      0.137     -1.107      0.000
 276  272      0.138      0.810      0.000
 277  273      0.145     -0.454      0.000
 291  275      0.148     -0.562      0.000
  -1  274      0.151     -1.164      0.000
 281  277      0.157     -0.640      0.000
 295   -2      0.166      1.010      0.000
 282  278      0.177      0.348      0.000
 284   -2      0.198     -0.432      0.000
  -1  287      0.206      0.925      0.000
 289  282      0.214      0.532      0.000
 279   -2      0.215      0.027      0.000
 288  280      0.217     -0.977      0.000
 290  279      0.222      1.004      0.000
 292  283      0.239     -0.142      0.000
 293  284      0.240     -0.849      0.000
 286  296      0.251     -1.147      0.000
  -1   -2      0.256      0.926      0.000
 297   -2      0.261     -0.352      0.000
  -1  290      0.265     -0.315      0.000
 298  291      0.272      1.145      0.000
  -1   -2      0.276      0.690      0.000
 299  292      0.276      1.070      0.000
 300  293      0.279      0.232      0.000
 301  294      0.291      0.138      0.000
 304   -2      0.312     -1.116      0.000
 309  286      0.317     -1.175      0.000
 307  297      0.318     -0.185      0.000
  -1   -2      0.320     -0.310      0.000
 306  298      0.322      0.052      0.000
 305   -2      0.322     -1.119      0.000
 308  300      0.330      0.979      0.000
 310  302      0.359     -0.384      0.000
  -1  303      0.367     -1.147      0.000
  -1  304      0.375      0.232      0.000
 313  305      0.375     -0.775      0.000
 315  306      0.380      0.056      0.000
 316  301      0.383      1.086      0.000
 311   -2      0.388     -0.942      0.000
 317  309      0.395      0.281      0.000
 318  310      0.396     -0.392      0.000
 319  312      0.404     -0.440      0.000
 320  311      0.405      0.158      0.000
 324   -2      0.419      0.849      0.000
 322  313      0.420     -1.084      0.000
 323  314      0.421     -0.856      0.000
  -1   -2      0.428      0.993      0.000
 325  315      0.429     -0.640      0.000
 327   -2      0.439     -0.001      0.000
 326  319      0.448     -1.166      0.000
  -1   -2      0.451     -0.959      0.000
 328  318      0.452     -0.572      0.000
 329   -2      0.454     -0.768      0.000
 331  320      0.467     -0.411      0.000
 330  321      0.471      0.535      0.000
  -1  323      0.471      0.706      0.000
 336  322      0.472      0.306      0.000
  -1   -2      0.479     -1.080      0.000
 335  317      0.481      0.060      0.000
 334   -2      0.492     -1.152      0.000
 338  325      0.493     -0.028      0.000
 337  327      0.493     -0.767      0.000
  -1  328      0.503     -0.923      0.000
 339   -2      0.503     -0.349      0.000
 344   -2      0.503      0.306      0.000
 340  329      0.505      0.869      0.000
 341  330      0.506     -0.600      0.000
 342  331      0.516      0.735      0.000
  -1   -2      0.527      1.014      0.000
 343  332      0.540     -0.885      0.000
 346  333      0.556     -0.555      0.000
 347  334      0.559      0.813      0.000
  -1   -2      0.560     -0.934      0.000
 349  338      0.576     -0.039      0.000
 348  337      0.576      0.875      0.000
 350  340      0.584      1.004      0.000
 351  341      0.592      0.484      0.000
 352  342      0.597      0.521      0.000
 355  346      0.604     -0.720      0.000
 354  345      0.604     -0.971      0.000
 356  347      0.613      0.784      0.000
 359  343      0.618      0.314      0.000
 360   -2      0.622     -0.613      0.000
 358  348      0.624     -1.060      0.000
 361  350      0.633     -0.818      0.000
  -1  351      0.633     -0.663      0.000
 357  352      0.636     -1.113      0.000
 362  354      0.642      0.539      0.000
  -1   -2      0.644     -1.171      0.000
 363  353      0.647      0.468      0.000
 365  355      0.656      1.144      0.000
 366  356      0.657      0.908      0.000
 367  358      0.658     -0.441      0.000
 368  357      0.662      0.825      0.000
 369   -2      0.664     -0.479      0.000
 364   -2      0.677     -0.250      0.000
 370   -2      0.681     -1.013      0.000
 372  359      0.703     -0.845      0.000
 373  361      0.707      1.153      0.000
 374  362      0.714     -0.440      0.000
  -1  365      0.721     -0.684      0.000
 375  363      0.721     -0.367      0.000
 376  364      0.725      1.047      0.000
 378  366      0.729      0.246      0.000
 379  368      0.733     -0.875      0.000
 377  367      0.734     -1.065      0.000
 380  369      0.740      0.289      0.000
  -1   -2      0.749     -0.023      0.000
  -1  370      0.763      1.145      0.000
 381  371      0.764     -0.631      0.000
 382   -2      0.769     -1.101      0.000
 385   -2      0.782      0.377      0.000
 386  373      0.783      0.328      0.000
 388   -2      0.790     -0.810      0.000
 387  375      0.791      0.618      0.000
 390  376      0.797     -0.981      0.000
  -1   -2      0.805      0.526      0.000
  -1  378      0.809      0.894      0.000
 392  381      0.835     -0.041      0.000
 395  382      0.844      0.876      0.000
 398   -2      0.847     -0.788      0.000
 396  384      0.849     -1.061      0.000
 399   -2      0.849      0.088      0.000
 400  383      0.855     -0.829      0.000
 394   -2      0.859     -1.156      0.000
 401  385      0.865     -0.608      0.000
 407   -2      0.867     -0.202      0.000
 403  388      0.881      0.156      0.000
 406  387      0.881     -0.262      0.000
 404   -2      0.885     -0.665      0.000
 410  391      0.896      0.633      0.000
 405  393      0.897      1.055      0.000
  -1  392      0.900      0.110      0.000
 408  398      0.902     -0.454      0.000
 412  395      0.903      0.690      0.000
 414  397      0.904      0.414      0.000
 413   -2      0.907      1.089      0.000
 411   -2      0.909     -0.873      0.000
  -1   -2      0.910      0.464      0.000
 416  400      0.919     -0.801      0.000
 417  401      0.919      1.155      0.000
 418  402      0.926     -0.542      0.000
 419  403      0.935     -1.078      0.000
  -1  399      0.939     -0.326      0.000
 421  405      0.941      0.227      0.000
 422  394      0.944      0.787      0.000
  -1  404      0.944     -0.866      0.000
 420   -2      0.945      0.021      0.000
  -1  406      0.960     -0.247      0.000
 424  407      0.971     -0.156      0.000
 423  408      0.972      0.515      0.000
 425  409      0.977     -1.121      0.000
 426  410      0.992      0.449      0.000
  -1   -2      0.992      1.152      0.000
  -1  411      1.005     -0.296      0.000
 427  412      1.012     -0.039      0.000
 429  414      1.021     -0.595      0.000
  -1   -2      1.022      0.752      0.000
 432  416      1.036      0.660      0.000
 433  417      1.043     -0.341      0.000
 435  418      1.058     -0.010      0.000
 437  419      1.061     -1.169      0.000
 438  420      1.067      0.708      0.000
 439  422      1.070      0.828      0.000
  -1  423      1.075      0.965      0.000
 442  425      1.095     -0.657      0.000
 441   -2      1.097      0.155      0.000
 443  427      1.097      0.092      0.000
 431   -2      1.103     -0.399      0.000
 444  428      1.114     -0.984      0.000
 445  429      1.118      1.027      0.000
  -1   -2      1.147     -1.143      0.000
 448  430      1.147     -0.787      0.000
 449  431      1.150     -0.875      0.000
 450  432      1.152     -1.090      0.000
 451  433      1.159     -0.558      0.000
  -1  434      1.182      0.880      0.000
 453  435      1.190      0.253      0.000
 452  437      1.194      0.962      0.000
 455  439      1.217     -0.377      0.000
 458  441      1.219     -0.507      0.000
  -1  440      1.220     -0.199      0.000
  -1  444      1.222      0.551      0.000
  -1  443      1.230      0.278      0.000
 460  445      1.237     -0.579      0.000
 461  446      1.247      0.999      0.000
 463  448      1.258     -0.157      0.000
 466  449      1.268      0.394      0.000
  -1   -2      1.271      0.444      0.000
  -1   -2      1.271     -1.009      0.000
 467  451      1.272     -0.517      0.000
  -1  452      1.292     -0.097      0.000
 469  453      1.296     -0.486      0.000
 457   -2      1.297      0.595      0.000
 470  454      1.311     -0.974      0.000
 472  455      1.319      0.433      0.000
 471  456      1.319     -0.575      0.000
 474  459      1.340     -1.171      0.000
 473  457      1.343     -1.084      0.000
 475  461      1.369     -0.945      0.000
 476  460      1.371      0.168      0.000
 477  462      1.375      0.094      0.000
 478  463      1.382      1.101      0.000
  -1  464      1.386     -1.000      0.000
 480  465      1.396     -0.242      0.000
 481  466      1.397     -0.343      0.000
  -1   -2      1.405      0.619      0.000
 482  468      1.410     -0.470      0.000
 484  467      1.411      0.238      0.000
 483  470      1.412     -0.952      0.000
 485  469      1.414      0.523      0.000
 486  471      1.424     -0.396      0.000
  -1   -2      1.442     -0.751      0.000
  -1   -2      1.444     -0.185      0.000
 488  473      1.451      0.594      0.000
  -1   -2      1.452     -1.068      0.000
  -1   -2      1.452     -1.106      0.000
 489   -2      1.471      1.067      0.000
 490  474      1.476      0.830      0.000
 491  475      1.477      0.274      0.000
 492  476      1.479     -0.758      0.000
 494  478      1.492     -1.081      0.000
 497  480      1.498     -0.204      0.000
 496  479      1.499     -0.057      0.000
  -1  481      1.503     -0.263      0.000
  -1   -2      1.512     -0.475      0.000
 498  483      1.518      0.433      0.000
 499  484      1.520      0.070      0.000
  -1  487      1.537      0.673      0.000
 502  488      1.538      1.097      0.000
 504  489      1.546     -0.622      0.000
  -1  490      1.548      0.719      0.000
 505  492      1.551     -1.045      0.000
 506  491      1.553      0.592      0.000
 503  493      1.553     -0.932      0.000
 493   -2      1.561     -0.821      0.000
 507  495      1.565      0.103      0.000
 508  496      1.567      0.384      0.000
  -1   -2      1.571      0.192      0.000
  -1   -2      1.574      1.143      0.000
