491
  -1   -2     -1.571      0.330      0.000
   0    0     -1.567     -0.888      0.000
   1    2     -1.560      0.492      0.000
  -1    1     -1.560      0.946      0.000
   2    3     -1.559      0.630      0.000
   3    4     -1.546      0.177      0.000
  -1   -2     -1.542      1.083      0.000
   4    7     -1.539      0.775      0.000
   5    6     -1.539     -0.375      0.000
   7    9     -1.511      0.401      0.000
  -1   -2     -1.504      0.992      0.000
  -1   -2     -1.491     -1.170      0.000
   9   11     -1.489      0.335      0.000
  10   12     -1.485     -0.432      0.000
  -1   -2     -1.482      0.621      0.000
  -1   -2     -1.475     -1.130      0.000
  11   13     -1.472      0.064      0.000
  12   14     -1.467      0.821      0.000
  13   15     -1.463     -0.720      0.000
  14   16     -1.458      1.137      0.000
  15   18     -1.447     -0.471      0.000
  16   19     -1.447      0.740      0.000
  17   20     -1.445      0.871      0.000
  -1   -2     -1.432      0.644      0.000
  20   22     -1.428     -0.022      0.000
  -1   -2     -1.425      0.381      0.000
  21   24     -1.421      0.189      0.000
  23   25     -1.413     -1.095      0.000
  24   23     -1.413     -0.821      0.000
  25   26     -1.393     -0.627      0.000
  28   -2     -1.372      0.445      0.000
  30   28     -1.367     -0.402      0.000
  -1   29     -1.361     -0.965      0.000
  31   30     -1.361     -0.768      0.000
  34   32     -1.338      0.575      0.000
  35   33     -1.333      1.025      0.000
  36   34     -1.329     -1.001      0.000
  37   -2     -1.327     -0.506      0.000
  38   35     -1.317     -0.154      0.000
  27   36     -1.305     -1.161      0.000
  39   37     -1.294     -0.603      0.000
  42   -2     -1.290     -0.914      0.000
  40   38     -1.287     -0.710      0.000
  41   40     -1.286     -0.125      0.000
  -1   39     -1.271     -0.941      0.000
  -1   42     -1.265     -0.651      0.000
  44   43     -1.252      0.443      0.000
  -1   -2     -1.252      0.043      0.000
  45   46     -1.246      0.695      0.000
  46   44     -1.245      0.906      0.000
  47   45     -1.243      1.082      0.000
  48   47     -1.240      0.793      0.000
  -1   49     -1.232      0.475      0.000
  51   48     -1.227     -1.077      0.000
  50   50     -1.226     -0.713      0.000
  49   51     -1.225     -0.395      0.000
  53   52     -1.220     -0.923      0.000
  52   53     -1.220     -0.123      0.000
  55   54     -1.211     -0.857      0.000
  54   55     -1.208     -0.067      0.000
  -1   -2     -1.202      0.273      0.000
  56   -2     -1.200     -0.474      0.000
  57   56     -1.195      0.706      0.000
  58   57     -1.193      0.432      0.000
  60   58     -1.178     -0.414      0.000
  62   59     -1.174     -0.315      0.000
  64   61     -1.163      0.514      0.000
  65   60     -1.161      1.071      0.000
  66   62     -1.157      1.111      0.000
  68   63     -1.155     -0.909      0.000
  67   65     -1.155      0.200      0.000
  72   68     -1.153     -0.178      0.000
  61   -2     -1.152     -0.946      0.000
  69   66     -1.148      0.418      0.000
  71   -2     -1.141     -0.526      0.000
  74   69     -1.124      0.613      0.000
  73   70     -1.120     -0.240      0.000
  75   71     -1.115      0.360      0.000
  76   72     -1.113      0.852      0.000
  78   -2     -1.102     -1.090      0.000
  -1   76     -1.087      0.457      0.000
  79   75     -1.078     -0.462      0.000
  77   77     -1.067     -1.172      0.000
  82   78     -1.060     -0.781      0.000
  81   74     -1.058     -1.096      0.000
  80   79     -1.056      0.320      0.000
  84   -2     -1.052     -1.134      0.000
  83   -2     -1.038     -0.094      0.000
  87   81     -1.028      0.949      0.000
  85   82     -1.025      0.589      0.000
  -1   83     -1.024      0.803      0.000
  88   -2     -1.012     -0.916      0.000
  89   86     -1.001      1.065      0.000
  -1   95     -0.999     -0.365      0.000
  91   -2     -0.983     -1.119      0.000
  90   87     -0.982     -0.138      0.000
  94   89     -0.970     -0.023      0.000
  92   91     -0.964      0.390      0.000
  95   90     -0.963     -0.216      0.000
  96   88     -0.957      0.703      0.000
  -1   85     -0.950     -0.916      0.000
  -1   -2     -0.940      0.442      0.000
  -1   -2     -0.937      0.305      0.000
  99   93     -0.935      0.315      0.000
 100   94     -0.934     -0.982      0.000
 101   96     -0.926      0.397      0.000
 102   98     -0.919      1.148      0.000
 103   97     -0.913     -0.626      0.000
 104   -2     -0.909      0.743      0.000
 107   99     -0.906      1.107      0.000
 106  100     -0.902     -0.053      0.000
 110  101     -0.894     -0.762      0.000
 108  102     -0.894     -1.164      0.000
 109  104     -0.892      0.040      0.000
 111  103     -0.888     -0.708      0.000
 114  106     -0.863      0.141      0.000
 115  108     -0.857      0.810      0.000
 117  111     -0.846     -0.135      0.000
 118  110     -0.846     -0.441      0.000
 119  112     -0.833      1.049      0.000
  -1   -2     -0.828     -0.342      0.000
 121  113     -0.825      0.879      0.000
 122  114     -0.822      1.095      0.000
 123  117     -0.816     -0.095      0.000
  -1  116     -0.816     -0.913      0.000
 125   -2     -0.816     -0.759      0.000
 124  115     -0.815      0.987      0.000
  -1   -2     -0.810     -0.805      0.000
  -1  121     -0.777     -0.043      0.000
 126  119     -0.775      0.779      0.000
 128  123     -0.760     -0.539      0.000
 129  122     -0.759      0.960      0.000
 127   -2     -0.758      0.708      0.000
 130   -2     -0.757     -1.140      0.000
 131  127     -0.744     -0.946      0.000
 132   -2     -0.742      0.850      0.000
 133  126     -0.740     -0.288      0.000
 135  128     -0.729     -0.677      0.000
 137  129     -0.725     -0.625      0.000
 138   -2     -0.722     -0.634      0.000
 140  130     -0.715     -1.011      0.000
 139  131     -0.709      0.050      0.000
 141  133     -0.707     -0.258      0.000
 143  136     -0.696      1.034      0.000
 144  134     -0.692     -1.171      0.000
 142  138     -0.690      0.334      0.000
 145  139     -0.683     -1.138      0.000
 146  140     -0.676     -0.480      0.000
 147   -2     -0.665      0.256      0.000
 148  141     -0.659     -0.738      0.000
 149  143     -0.657      0.847      0.000
 152  142     -0.655     -0.885      0.000
 150  144     -0.653     -0.210      0.000
  -1   -2     -0.651     -0.267      0.000
 153  145     -0.647      0.451      0.000
 151  146     -0.640      1.107      0.000
 155  149     -0.633      1.031      0.000
 158  153     -0.622      0.082      0.000
 156  150     -0.622     -0.475      0.000
 159  154     -0.618     -0.738      0.000
 161  151     -0.618     -1.054      0.000
 157  155     -0.618      0.179      0.000
 160  152     -0.617     -0.977      0.000
 162  156     -0.610      0.639      0.000
  -1   -2     -0.607      0.795      0.000
 163  158     -0.596     -0.035      0.000
 166  159     -0.575      0.997      0.000
 167  160     -0.571     -0.109      0.000
 168  161     -0.557     -0.936      0.000
 169  163     -0.549     -0.251      0.000
 171  157     -0.540     -1.087      0.000
 170  164     -0.537      0.417      0.000
 172  165     -0.532     -0.619      0.000
 173  166     -0.526      1.119      0.000
 174  167     -0.520      0.902      0.000
  -1   -2     -0.517     -1.166      0.000
 176  168     -0.505      0.297      0.000
 177  169     -0.490     -0.152      0.000
 178  171     -0.489      0.465      0.000
 181  172     -0.474     -0.461      0.000
 184  175     -0.473      0.680      0.000
 182   -2     -0.471      0.984      0.000
 183  173     -0.469     -0.247      0.000
 175  174     -0.460     -1.109      0.000
 185  176     -0.459     -0.212      0.000
 186  177     -0.457     -0.539      0.000
 188  178     -0.454     -0.768      0.000
 189  179     -0.448     -0.877      0.000
 180   -2     -0.440      0.654      0.000
 190  180     -0.427     -0.594      0.000
 192  181     -0.419      1.127      0.000
  -1  188     -0.407     -1.164      0.000
 194   -2     -0.397      0.817      0.000
 195  184     -0.391      0.782      0.000
 197  185     -0.388     -0.875      0.000
 196  186     -0.387      0.269      0.000
 199  183     -0.387      0.965      0.000
 200   -2     -0.383      0.473      0.000
 198  187     -0.383      0.893      0.000
 201  189     -0.379     -0.499      0.000
 204  191     -0.352      0.706      0.000
 206  190     -0.348     -1.130      0.000
 207  193     -0.338      0.365      0.000
 208   -2     -0.334      1.149      0.000
 209  195     -0.324     -0.745      0.000
 212  196     -0.319     -0.829      0.000
 211  197     -0.316     -0.333      0.000
 210   -2     -0.316      0.113      0.000
 214  198     -0.305      0.689      0.000
 215  199     -0.298     -0.879      0.000
 216  200     -0.294      0.652      0.000
  -1  204     -0.293     -1.171      0.000
 218  216     -0.288     -0.464      0.000
 217  202     -0.285     -0.581      0.000
 213  212     -0.275      0.466      0.000
 221  205     -0.261     -0.959      0.000
 219  206     -0.260     -0.756      0.000
 222  207     -0.258      0.614      0.000
 223  208     -0.247      0.875      0.000
  -1   -2     -0.243      0.035      0.000
 224  211     -0.242      0.074      0.000
 225  209     -0.241     -1.080      0.000
  -1   -2     -0.240     -0.032      0.000
  -1  213     -0.228      0.935      0.000
 227  214     -0.225     -0.204      0.000
 229  217     -0.198     -0.140      0.000
 233  220     -0.180      0.328      0.000
 232  222     -0.179      0.412      0.000
 234   -2     -0.179     -0.654      0.000
 235  219     -0.179     -1.068      0.000
  -1  218     -0.177      1.102      0.000
 236  221     -0.176      1.140      0.000
 237  225     -0.170     -0.547      0.000
 238  223     -0.167     -0.056      0.000
 239  224     -0.155      0.528      0.000
  -1  226     -0.153     -0.255      0.000
 240   -2     -0.153      0.283      0.000
  -1   -2     -0.142     -1.121      0.000
 241  227     -0.136     -0.884      0.000
 242  228     -0.132      0.199      0.000
 243  229     -0.126     -0.118      0.000
 246  231     -0.121      1.148      0.000
 247  232     -0.106     -0.255      0.000
 245  249     -0.104     -1.166      0.000
  -1  234     -0.104      0.587      0.000
 249  233     -0.104      0.300      0.000
 230  242     -0.100     -0.512      0.000
  -1   -2     -0.097      0.256      0.000
 251   -2     -0.086      0.497      0.000
 253  236     -0.084      0.987      0.000
 254  237     -0.081      0.008      0.000
 255  238     -0.078     -0.946      0.000
 256  239     -0.069      1.098      0.000
 257  240     -0.065     -0.327      0.000
 244   -2     -0.060      0.802      0.000
  -1   -2     -0.043     -1.127      0.000
 259  244     -0.037      1.045      0.000
  -1  245     -0.027      0.622      0.000
 260  246     -0.026      0.267      0.000
 261  247     -0.022      0.476      0.000
 263  248     -0.009      0.050      0.000
 268  250      0.007      0.827      0.000
 270  252      0.015      0.294      0.000
 269  253      0.016      0.482      0.000
 271  255      0.058      0.538      0.000
 272  256      0.061      0.759      0.000
 275  257      0.064     -0.922      0.000
 276  260      0.072     -0.764      0.000
 277  261      0.076      0.136      0.000
 279  263      0.088      0.100      0.000
 280   -2      0.098     -1.165      0.000
 281  265      0.103      1.036      0.000
 283  266      0.138      0.811      0.000
 284  267      0.141     -0.376      0.000
 285  268      0.142      0.709      0.000
  -1  269      0.144     -0.472      0.000
 286  270      0.150      0.562      0.000
 287  271      0.153     -1.075      0.000
 288  272      0.165      0.883      0.000
  -1  274      0.174     -0.551      0.000
 290  273      0.178      0.309      0.000
 291  275      0.191     -1.041      0.000
 292  276      0.199     -0.357      0.000
  -1  280      0.213     -1.155      0.000
 293  279      0.213     -0.858      0.000
  -1  278      0.215     -1.078      0.000
 294  282      0.217      1.090      0.000
 295  283      0.220      0.037      0.000
 296  281      0.220      0.813      0.000
  -1  284      0.223     -1.001      0.000
 297  286      0.229     -0.733      0.000
 298  287      0.231      0.466      0.000
 299  288      0.246     -0.108      0.000
  -1  290      0.262     -0.758      0.000
 300   -2      0.271     -0.533      0.000
 301  291      0.271     -0.292      0.000
 302   -2      0.274      0.123      0.000
 303  292      0.277      0.811      0.000
 304  293      0.286      1.022      0.000
 305  294      0.294      0.950      0.000
 307  295      0.298      0.210      0.000
 308  297      0.306     -1.171      0.000
  -1   -2      0.307      0.147      0.000
  -1   -2      0.321     -1.084      0.000
 310  299      0.333     -0.255      0.000
 313  302      0.347      0.056      0.000
 315   -2      0.351     -0.489      0.000
 316  303      0.355      0.868      0.000
 317  304      0.355      1.159      0.000
 319  305      0.360     -1.049      0.000
 322  306      0.376      0.914      0.000
 323  308      0.382     -0.326      0.000
 321  307      0.384     -1.114      0.000
 325  309      0.384     -0.689      0.000
 324   -2      0.387     -0.936      0.000
 328  313      0.411      0.052      0.000
 329  315      0.418     -0.993      0.000
 330  316      0.422     -0.334      0.000
 331  318      0.431     -0.769      0.000
  -1  319      0.433     -0.098      0.000
 332  320      0.434      0.251      0.000
 333  321      0.445      0.147      0.000
 334  322      0.450     -0.567      0.000
  -1   -2      0.456      0.459      0.000
 336  323      0.458      1.074      0.000
 342  310      0.465     -1.163      0.000
 339  325      0.475     -0.505      0.000
 341  327      0.483      0.006      0.000
 344  333      0.497      0.427      0.000
 345  328      0.498     -0.361      0.000
 346   -2      0.510     -0.849      0.000
 343  329      0.510      0.580      0.000
 338  330      0.511     -0.697      0.000
 348  332      0.520      0.625      0.000
  -1  334      0.523      0.185      0.000
 351  336      0.533     -0.538      0.000
 349  335      0.536      0.269      0.000
 352  337      0.542     -0.021      0.000
 353  338      0.546      0.775      0.000
 355  339      0.552     -0.818      0.000
 356  341      0.559      0.579      0.000
 357  340      0.565      0.656      0.000
 358  342      0.569     -0.868      0.000
 360  343      0.586     -0.503      0.000
 377   -2      0.605      0.729      0.000
 364  347      0.610     -0.910      0.000
 366  349      0.616      0.911      0.000
 367  348      0.616      1.161      0.000
 368  350      0.620      0.788      0.000
 369  351      0.628     -1.065      0.000
 370  352      0.630     -0.673      0.000
 373  355      0.651     -0.766      0.000
  -1  356      0.653     -0.573      0.000
 374  357      0.654     -0.224      0.000
 375  359      0.660     -0.617      0.000
 376  358      0.660      0.448      0.000
 378  371      0.675      1.056      0.000
  -1   -2      0.675      0.075      0.000
 383  363      0.684     -0.369      0.000
  -1   -2      0.701     -0.394      0.000
 382  367      0.701      0.826      0.000
 384  365      0.708     -0.448      0.000
 385  368      0.713      0.749      0.000
 386  370      0.720     -0.805      0.000
 387  369      0.723      0.421      0.000
 388   -2      0.726      1.071      0.000
 391  375      0.743     -0.846      0.000
 392  374      0.745     -0.652      0.000
 393  376      0.757      0.971      0.000
 394  377      0.759     -1.078      0.000
 395  364      0.760     -0.414      0.000
 396  378      0.768      1.067      0.000
 398  379      0.774     -0.346      0.000
  -1   -2      0.778      1.145      0.000
 399  382      0.782     -0.988      0.000
 390  380      0.783     -1.035      0.000
 401  381      0.790      0.915      0.000
  -1  389      0.794     -1.161      0.000
 402  383      0.798     -0.609      0.000
 408  384      0.803      0.610      0.000
 404  385      0.807     -0.788      0.000
 405  386      0.820      0.223      0.000
 406  387      0.824      0.259      0.000
 419   -2      0.833     -1.113      0.000
  -1   -2      0.834      0.672      0.000
 409  390      0.844     -0.855      0.000
 416  392      0.864      0.568      0.000
 410   -2      0.865     -0.084      0.000
 413  394      0.865      1.142      0.000
 414  396      0.867     -0.779      0.000
 417  393      0.869      0.343      0.000
 418  395      0.869      0.296      0.000
  -1  397      0.897      0.819      0.000
 425   -2      0.902     -1.005      0.000
 420  401      0.913     -0.050      0.000
 421  402      0.923      1.003      0.000
 422   -2      0.931      1.038      0.000
 423  403      0.934      1.105      0.000
  -1  404      0.935     -0.806      0.000
 426  405      0.937      0.074      0.000
 427  407      0.952     -0.457      0.000
 428  406      0.954     -0.274      0.000
  -1  408      0.963     -0.162      0.000
 429  409      0.964     -0.547      0.000
 431  411      0.974      0.139      0.000
 430  410      0.974      0.705      0.000
 432  412      0.980      0.646      0.000
 437  413      0.982      0.600      0.000
  -1   -2      0.991      0.094      0.000
 434   -2      0.996      0.268      0.000
 436  415      0.997      0.383      0.000
  -1   -2      1.006      1.114      0.000
 438  417      1.028     -0.261      0.000
 439  418      1.037      0.205      0.000
 440   -2      1.046     -0.175      0.000
 441  419      1.053     -0.620      0.000
 442  421      1.063      0.490      0.000
 445  422      1.081      0.424      0.000
 446  423      1.081     -0.267      0.000
  -1   -2      1.092      0.727      0.000
  -1  424      1.096     -0.359      0.000
 448  426      1.112     -1.024      0.000
 449  427      1.114      0.939      0.000
 450  428      1.116      1.017      0.000
 451  430      1.119     -0.692      0.000
 452  429      1.124      0.641      0.000
 456  425      1.127     -0.043      0.000
 453  432      1.131      0.811      0.000
 443  434      1.143     -1.141      0.000
  -1   -2      1.145      0.695      0.000
 458  436      1.156      1.017      0.000
 457  437      1.157     -0.922      0.000
 459  438      1.164     -0.836      0.000
 460   -2      1.168      0.567      0.000
 461  435      1.171     -0.378      0.000
 462  439      1.184      0.239      0.000
  -1  441      1.188      1.071      0.000
 465   -2      1.189      0.072      0.000
 464  440      1.191     -0.611      0.000
 467  446      1.235      0.970      0.000
 469  445      1.237      0.874      0.000
  -1  443      1.240     -0.007      0.000
  -1   -2      1.248     -0.995      0.000
 472  448      1.255     -0.562      0.000
 473  449      1.263     -0.427      0.000
 474   -2      1.279      0.251      0.000
 475  451      1.282      1.012      0.000
 476  450      1.282     -0.110      0.000
  -1  452      1.294      0.667      0.000
  -1   -2      1.311      0.560      0.000
 483  454      1.313     -1.168      0.000
 478  455      1.317      0.274      0.000
  -1  456      1.322      0.958      0.000
  -1   -2      1.322     -0.197      0.000
 480  458      1.334     -0.559      0.000
 481  457      1.337      0.576      0.000
 482  460      1.344     -0.648      0.000
 484  461      1.349      0.399      0.000
 485  462      1.353     -0.072      0.000
  -1  463      1.371     -0.538      0.000
 479   -2      1.373     -1.027      0.000
 486  464      1.385     -1.086      0.000
 488  466      1.400      0.785      0.000
  -1  467      1.403      0.450      0.000
 489  480      1.405      1.142      0.000
 487   -2      1.417     -1.041      0.000
 491  471      1.437     -0.414      0.000
 490  470      1.438     -0.551      0.000
 492  469      1.440     -0.302      0.000
 493  472      1.440      0.160      0.000
 495  468      1.442      0.075      0.000
 494   -2      1.444     -0.484      0.000
 496  477      1.445      0.584      0.000
 498  474      1.448     -1.161      0.000
 501  475      1.478      0.668      0.000
 499  476      1.481      0.240      0.000
  -1   -2      1.489     -1.029      0.000
 503   -2      1.489      0.561      0.000
 504  478      1.491     -0.857      0.000
 506   -2      1.499     -0.822      0.000
 507  479      1.519      0.640      0.000
 508  481      1.528      0.896      0.000
 512   -2      1.532      0.030      0.000
 509  482      1.534     -0.569      0.000
 510  483      1.535     -0.335      0.000
 514  485      1.537     -0.271      0.000
 511  484      1.537      0.285      0.000
  -1   -2      1.539      0.099      0.000
 513  486      1.541     -0.094      0.000
 516  488      1.556     -1.036      0.000
  -1   -2      1.558     -0.304      0.000
