516
  -1    0     -1.572     -0.026      0.000
   0    1     -1.565      0.853      0.000
   1    2     -1.560      0.261      0.000
  -1   -2     -1.550     -0.427      0.000
   3    3     -1.541      0.801      0.000
  -1    5     -1.527     -0.121      0.000
   5    6     -1.508      0.220      0.000
   6    9     -1.495      0.288      0.000
   8    8     -1.490      0.521      0.000
  12   10     -1.487     -0.728      0.000
  -1   -2     -1.487      1.044      0.000
  10   12     -1.485      0.651      0.000
  14   11     -1.484      0.856      0.000
   9   13     -1.482     -0.284      0.000
  13   15     -1.481      0.406      0.000
  -1   -2     -1.471     -0.380      0.000
  16   16     -1.466      1.004      0.000
  17   17     -1.461      0.156      0.000
  18    4     -1.454     -0.966      0.000
  19   19     -1.445     -0.598      0.000
  20   20     -1.434      0.481      0.000
  47   -2     -1.428     -0.291      0.000
  22   22     -1.425      0.338      0.000
  21   21     -1.425     -0.339      0.000
  23   -2     -1.420     -0.705      0.000
  -1   23     -1.414      0.704      0.000
  25   -2     -1.398      0.749      0.000
  26   24     -1.389     -0.377      0.000
  27   25     -1.386      0.282      0.000
  30   26     -1.384     -0.848      0.000
  28   28     -1.379      0.632      0.000
  31   29     -1.370      0.066      0.000
  33   30     -1.368      1.101      0.000
  35   31     -1.360     -0.887      0.000
  34   32     -1.358      0.602      0.000
  -1   -2     -1.358     -0.481      0.000
  36   33     -1.349     -1.031      0.000
  -1   -2     -1.344      0.547      0.000
  -1   35     -1.330      1.018      0.000
  -1   36     -1.323     -1.128      0.000
  -1   37     -1.322      1.074      0.000
  39   39     -1.322      0.917      0.000
  38   38     -1.322      0.688      0.000
  37   41     -1.320     -0.003      0.000
  40   43     -1.305      0.168      0.000
  42   42     -1.297     -0.819      0.000
  32   44     -1.295     -0.223      0.000
  43   46     -1.290     -0.330      0.000
  45   47     -1.279      0.548      0.000
  -1   48     -1.275      0.651      0.000
  46   49     -1.274     -0.981      0.000
  -1   51     -1.261     -0.425      0.000
  50   52     -1.260     -0.618      0.000
  -1   -2     -1.259      1.074      0.000
  49   53     -1.255      0.387      0.000
  -1   -2     -1.252      0.044      0.000
  51   54     -1.244     -0.520      0.000
  52   55     -1.241      0.989      0.000
  54   57     -1.233     -0.826      0.000
  53   58     -1.232      0.504      0.000
  -1   -2     -1.220     -0.700      0.000
  56   61     -1.202      0.818      0.000
  57   60     -1.201     -1.117      0.000
  58   63     -1.196     -0.122      0.000
  59   62     -1.196     -0.637      0.000
  60   64     -1.186     -1.080      0.000
  61   66     -1.169      0.719      0.000
  62   67     -1.166     -0.845      0.000
  64   68     -1.156      0.993      0.000
  -1   -2     -1.153      0.627      0.000
  66   69     -1.145      0.623      0.000
  67   70     -1.143     -1.100      0.000
  69   71     -1.125     -0.342      0.000
  70   72     -1.119      0.397      0.000
  71   73     -1.115      1.032      0.000
  81   74     -1.109     -1.018      0.000
  72   75     -1.108     -1.055      0.000
  73   76     -1.100      0.642      0.000
  74   78     -1.082     -0.106      0.000
  75   79     -1.080     -0.372      0.000
  -1   80     -1.070     -0.477      0.000
  -1   -2     -1.062      0.678      0.000
  76   81     -1.059     -0.281      0.000
  77   83     -1.054      0.395      0.000
  78   82     -1.053      0.798      0.000
  -1   84     -1.048      0.259      0.000
  -1   -2     -1.036     -0.724      0.000
  -1   86     -1.033     -1.053      0.000
  80   88     -1.033      0.475      0.000
  84   89     -1.018     -0.858      0.000
  83   90     -1.015     -0.159      0.000
  85   91     -1.008      0.575      0.000
  89   85     -1.005     -0.775      0.000
  87   -2     -1.004     -0.395      0.000
  86   92     -1.004      0.387      0.000
  88   93     -1.000      0.188      0.000
  90   94     -0.995      1.022      0.000
  91   98     -0.990     -0.220      0.000
  93   96     -0.989      0.908      0.000
  92   97     -0.987     -0.431      0.000
  94   -2     -0.983     -0.179      0.000
  97   99     -0.969      1.056      0.000
  -1   -2     -0.964     -1.160      0.000
  98  100     -0.963      0.337      0.000
 101  102     -0.953      0.776      0.000
  95  103     -0.940     -0.935      0.000
 103  104     -0.908      1.083      0.000
 104   -2     -0.908     -0.766      0.000
 105  105     -0.904      0.570      0.000
 106  106     -0.897      0.305      0.000
  -1  108     -0.890     -1.092      0.000
  -1  109     -0.885     -0.088      0.000
 107  111     -0.862      0.690      0.000
 108  110     -0.861     -0.741      0.000
 109  112     -0.850     -0.613      0.000
 110  114     -0.844     -0.692      0.000
 111  115     -0.832     -0.444      0.000
 112  117     -0.832     -0.136      0.000
 114  119     -0.822     -0.215      0.000
 115  118     -0.822      1.089      0.000
 116   -2     -0.821     -0.943      0.000
 118  120     -0.813      0.734      0.000
 119  122     -0.803     -0.011      0.000
 122  124     -0.792      0.818      0.000
 124  128     -0.791      0.261      0.000
 123  126     -0.786      0.992      0.000
 121  132     -0.785      0.318      0.000
 125  127     -0.783     -0.799      0.000
 127  129     -0.776     -0.753      0.000
 113  150     -0.775     -1.163      0.000
 126  130     -0.772      0.396      0.000
 128  131     -0.771      0.886      0.000
  -1   -2     -0.754     -0.019      0.000
 130  136     -0.747     -0.944      0.000
 131  135     -0.744     -0.059      0.000
 132  134     -0.744     -0.448      0.000
 129   -2     -0.736     -1.011      0.000
  -1  138     -0.735     -0.785      0.000
 135  139     -0.729      0.039      0.000
  -1   -2     -0.718     -1.165      0.000
  -1   -2     -0.706     -0.355      0.000
 137  143     -0.698      0.138      0.000
 138  144     -0.696     -0.154      0.000
 139  142     -0.696      1.119      0.000
 140  146     -0.681      1.064      0.000
 141  147     -0.679     -0.563      0.000
 143  148     -0.677      1.009      0.000
 145  151     -0.666     -0.106      0.000
 147  152     -0.662     -0.654      0.000
 144  153     -0.657      0.729      0.000
 146   -2     -0.653     -1.171      0.000
 148  154     -0.647     -1.079      0.000
 149  155     -0.644      1.147      0.000
  -1  157     -0.643      0.065      0.000
 150   -2     -0.642     -0.569      0.000
  -1  156     -0.641      0.161      0.000
 151  158     -0.629     -1.118      0.000
 152  159     -0.621     -1.005      0.000
 153  160     -0.616     -0.769      0.000
 154   -2     -0.616      1.076      0.000
 155  161     -0.613     -0.311      0.000
 156  162     -0.598      0.892      0.000
 157  163     -0.589     -0.435      0.000
  -1  164     -0.584     -0.924      0.000
 158  165     -0.582     -0.516      0.000
 159  167     -0.576     -0.283      0.000
 160  166     -0.575     -0.776      0.000
 162  169     -0.567     -1.105      0.000
 161  168     -0.563      0.412      0.000
  -1  170     -0.557      0.634      0.000
  -1   -2     -0.556     -0.984      0.000
 163  172     -0.555      0.042      0.000
 164  171     -0.554      1.059      0.000
  -1   -2     -0.553     -1.169      0.000
 165  173     -0.542      0.349      0.000
 166  174     -0.530     -0.519      0.000
 169  175     -0.519     -0.240      0.000
 167   -2     -0.519      0.821      0.000
 171  176     -0.518      0.546      0.000
 170  177     -0.517      0.484      0.000
 172  178     -0.515      0.680      0.000
 168  179     -0.514      0.271      0.000
 175  181     -0.479      0.981      0.000
 176  182     -0.477      0.079      0.000
 178  183     -0.470     -0.688      0.000
 177  184     -0.470      0.189      0.000
 174  185     -0.459     -1.162      0.000
 179  187     -0.453     -0.053      0.000
 181  188     -0.437     -0.957      0.000
 180  190     -0.436     -0.137      0.000
  -1   -2     -0.433     -1.061      0.000
 182  191     -0.430     -0.295      0.000
 183  192     -0.419     -0.848      0.000
 185  193     -0.414      0.457      0.000
  -1   -2     -0.396      1.079      0.000
 188  194     -0.395      0.759      0.000
 187   -2     -0.390      0.644      0.000
 186  195     -0.389     -0.520      0.000
 189  196     -0.382     -0.615      0.000
 192  197     -0.376     -0.971      0.000
 191  199     -0.374      0.324      0.000
 193  200     -0.370     -0.192      0.000
 194  201     -0.367      1.075      0.000
  -1   -2     -0.360     -0.401      0.000
 195  203     -0.359     -0.680      0.000
  -1  202     -0.356      0.738      0.000
 196  206     -0.353     -0.299      0.000
 197  207     -0.350      1.000      0.000
  -1   -2     -0.349     -1.165      0.000
 198  209     -0.345     -0.262      0.000
 199  210     -0.336      0.885      0.000
  -1   -2     -0.330     -0.431      0.000
  -1  211     -0.316      0.464      0.000
 201  213     -0.307     -0.587      0.000
 202  214     -0.301     -0.943      0.000
  -1   -2     -0.291     -0.857      0.000
 204  215     -0.291     -0.997      0.000
 203  216     -0.290      0.809      0.000
  -1  217     -0.288     -0.766      0.000
 206  220     -0.278      0.302      0.000
 205  219     -0.267     -1.167      0.000
 208  221     -0.267     -1.084      0.000
 211  224     -0.240      0.420      0.000
 212  228     -0.232     -0.413      0.000
 213  227     -0.232     -0.689      0.000
 215  229     -0.225     -1.091      0.000
 216  230     -0.211      0.123      0.000
  -1   -2     -0.209     -1.008      0.000
 217  231     -0.201      0.338      0.000
 214  232     -0.200      0.730      0.000
 219  233     -0.185     -0.819      0.000
  -1   -2     -0.183      1.106      0.000
  -1  234     -0.168      0.013      0.000
  -1   -2     -0.163     -0.589      0.000
  -1  235     -0.151      0.069      0.000
 231  236     -0.151     -0.899      0.000
  -1  239     -0.148     -1.122      0.000
 224  238     -0.145     -0.272      0.000
 225  243     -0.144     -0.616      0.000
  -1   -2     -0.136      0.740      0.000
 226  240     -0.131     -1.038      0.000
 227   -2     -0.129     -0.672      0.000
 228  241     -0.118     -0.195      0.000
 229  242     -0.115      0.489      0.000
 230  244     -0.109      0.386      0.000
 238   -2     -0.103     -1.147      0.000
 232  246     -0.101      0.631      0.000
 233  245     -0.101      1.115      0.000
 234  248     -0.093     -0.091      0.000
 235  249     -0.085      0.331      0.000
 237  254     -0.084     -0.332      0.000
 241  252     -0.064      0.225      0.000
 242  251     -0.064     -0.169      0.000
 240   -2     -0.063     -0.643      0.000
 244  250     -0.059     -1.150      0.000
 245   -2     -0.048     -0.342      0.000
 246  255     -0.047      0.352      0.000
 247  256     -0.041      0.595      0.000
  -1  257     -0.026      0.764      0.000
 248  258     -0.020     -0.015      0.000
  -1  259     -0.011      0.122      0.000
 243  260     -0.001     -0.489      0.000
 250  261      0.009      0.573      0.000
 251  262      0.013      0.992      0.000
 252  263      0.015      0.314      0.000
 254  264      0.031      0.373      0.000
 255  265      0.034      0.044      0.000
 256  267      0.041      0.584      0.000
 258  268      0.054      0.334      0.000
 259  269      0.061      0.915      0.000
 261  272      0.065     -1.092      0.000
 260  271      0.067      0.659      0.000
  -1   -2      0.068      0.591      0.000
  -1  273      0.078      0.804      0.000
 262  274      0.079     -0.934      0.000
 263  275      0.082      1.156      0.000
 265  276      0.098      0.146      0.000
 266  278      0.108      0.457      0.000
 268   -2      0.109     -1.166      0.000
 267  279      0.111      0.100      0.000
  -1  281      0.121     -0.068      0.000
  -1   -2      0.128      0.982      0.000
  -1   -2      0.133      0.885      0.000
  -1   -2      0.136      0.806      0.000
 270  282      0.136      0.851      0.000
 272  284      0.150     -0.496      0.000
 273  283      0.150      1.056      0.000
 274  285      0.150     -0.610      0.000
  -1  280      0.164     -1.130      0.000
  -1  287      0.168     -0.269      0.000
  -1  288      0.170     -0.101      0.000
 264   -2      0.174     -0.696      0.000
 276  289      0.178      0.367      0.000
 279   -2      0.198     -0.468      0.000
 280  292      0.201      0.977      0.000
 278  291      0.210      1.068      0.000
 282  293      0.210      0.563      0.000
 283   -2      0.212     -1.163      0.000
 284  294      0.213      0.020      0.000
 281  295      0.214     -1.023      0.000
 285  298      0.226     -0.579      0.000
 286  297      0.226     -0.894      0.000
 287  299      0.237     -0.162      0.000
 299   -2      0.246     -1.018      0.000
 289  302      0.253     -0.664      0.000
 288  300      0.256      0.971      0.000
 290   -2      0.258     -0.383      0.000
 291  304      0.259     -0.911      0.000
 293   -2      0.268      0.734      0.000
  -1  305      0.268      0.802      0.000
 295  307      0.271      0.242      0.000
 294  306      0.271      1.124      0.000
 297  309      0.279     -0.160      0.000
 298  310      0.281      0.159      0.000
  -1  308      0.281     -0.855      0.000
  -1   -2      0.308      0.712      0.000
 300   -2      0.309     -0.337      0.000
 303  311      0.311     -1.171      0.000
 301  313      0.312      0.048      0.000
 302  314      0.313     -0.207      0.000
 308  303      0.319     -0.406      0.000
 306   -2      0.322     -0.600      0.000
 305  316      0.323      1.030      0.000
 309  319      0.367      0.050      0.000
 310  321      0.373     -0.818      0.000
  -1   -2      0.375      1.137      0.000
 312  322      0.377      0.294      0.000
 313  323      0.387     -0.421      0.000
 315  325      0.389      0.163      0.000
 314  324      0.389     -0.984      0.000
 316   -2      0.395     -0.473      0.000
  -1   -2      0.417      1.034      0.000
 318  327      0.420     -0.898      0.000
 319  328      0.421     -0.006      0.000
 320  329      0.421     -0.679      0.000
  -1  332      0.422     -1.125      0.000
  -1   -2      0.424     -1.033      0.000
  -1  333      0.427      0.712      0.000
 321  330      0.440     -0.613      0.000
  -1   -2      0.444     -0.152      0.000
 337  317      0.445      1.119      0.000
  -1   -2      0.450      0.567      0.000
 323  335      0.450      0.319      0.000
 324  334      0.456     -0.440      0.000
 325   -2      0.456      0.752      0.000
 326  338      0.473      0.688      0.000
 327  337      0.474     -0.035      0.000
  -1   -2      0.474     -1.164      0.000
  -1   -2      0.484     -1.119      0.000
 328   -2      0.485      0.319      0.000
 329  340      0.488     -0.803      0.000
 331  341      0.492     -0.360      0.000
 355   -2      0.497     -0.169      0.000
 332  343      0.499      0.772      0.000
 334  344      0.499     -0.630      0.000
 335  345      0.504     -0.965      0.000
 336  346      0.521      0.329      0.000
  -1   -2      0.534     -0.801      0.000
 338  347      0.538     -0.918      0.000
 339  348      0.540     -0.583      0.000
 340  350      0.552     -0.044      0.000
 322  362      0.555     -1.169      0.000
 341  351      0.558     -0.439      0.000
 349   -2      0.559     -0.964      0.000
 342  352      0.560      0.916      0.000
 344  354      0.570      0.548      0.000
 345  355      0.572      1.045      0.000
 346  357      0.588      0.328      0.000
 347  358      0.591      0.822      0.000
  -1   -2      0.596     -0.902      0.000
 348  359      0.599     -0.749      0.000
 351   -2      0.618     -0.416      0.000
 354  361      0.619      0.494      0.000
  -1  363      0.622     -0.685      0.000
 356  364      0.626     -0.843      0.000
 358  366      0.641      0.862      0.000
 359  367      0.643     -0.460      0.000
 361  368      0.648     -0.498      0.000
 357  365      0.650      0.946      0.000
 350   -2      0.650     -1.156      0.000
  -1   -2      0.662      0.295      0.000
 362  370      0.685     -1.035      0.000
 364   -2      0.699     -0.451      0.000
 366  372      0.702     -0.378      0.000
 378  374      0.704     -0.063      0.000
 368   -2      0.708     -0.699      0.000
 370  373      0.712     -0.874      0.000
 367  375      0.715      0.296      0.000
 369  376      0.718      1.087      0.000
  -1  377      0.726     -0.995      0.000
 371  379      0.745      0.395      0.000
 372  378      0.746      0.342      0.000
 375  371      0.749     -0.466      0.000
 374  380      0.751     -0.643      0.000
 377  381      0.757      0.643      0.000
 376  382      0.763     -0.202      0.000
 379   -2      0.784     -0.818      0.000
 380  386      0.804     -0.037      0.000
 381  387      0.804      0.912      0.000
 384  388      0.816      0.096      0.000
 373  400      0.822     -1.135      0.000
 382  390      0.825     -0.876      0.000
 385  392      0.841     -0.795      0.000
  -1  393      0.842     -0.202      0.000
 386  391      0.845      0.166      0.000
 387  394      0.850     -1.068      0.000
  -1   -2      0.856     -0.154      0.000
  -1   -2      0.859     -0.845      0.000
 388  396      0.859     -0.272      0.000
 390  397      0.863      0.427      0.000
 391  398      0.865      0.658      0.000
  -1   -2      0.869      0.297      0.000
 392  399      0.870      0.710      0.000
 393   -2      0.872      0.480      0.000
 396  403      0.881     -0.456      0.000
 397  402      0.888      1.089      0.000
 400  404      0.898      0.235      0.000
 399   -2      0.899     -0.876      0.000
  -1  405      0.902     -1.006      0.000
 401  406      0.907     -0.544      0.000
  -1  407      0.912     -0.801      0.000
 402   -2      0.914     -0.325      0.000
 403   -2      0.916      0.807      0.000
 405  408      0.931     -1.002      0.000
 404  409      0.932      0.026      0.000
 406  410      0.932      0.528      0.000
 407  411      0.934     -0.250      0.000
 408  413      0.935     -0.153      0.000
  -1   -2      0.937     -0.865      0.000
  -1  414      0.938     -1.082      0.000
 410  415      0.941     -0.699      0.000
 411  416      0.952      0.459      0.000
  -1   -2      0.974     -0.287      0.000
 415  418      0.977     -0.036      0.000
 416  419      0.982     -0.240      0.000
 414  420      0.983     -1.112      0.000
  -1   -2      0.990      0.707      0.000
  -1   -2      0.993      0.764      0.000
 419   -2      1.002      0.669      0.000
 418  417      1.004     -0.823      0.000
 420  421      1.005     -0.589      0.000
 421  422      1.011     -0.324      0.000
 430   -2      1.024     -0.006      0.000
 424  426      1.032      0.266      0.000
  -1  424      1.035      0.717      0.000
 426  428      1.043      0.839      0.000
 425  429      1.043     -0.883      0.000
 429  431      1.059      0.971      0.000
  -1  430      1.065      0.097      0.000
 427  432      1.067     -1.168      0.000
 431  434      1.081     -0.642      0.000
 447   -2      1.084      0.637      0.000
 432  440      1.099     -0.557      0.000
 433  436      1.111      1.031      0.000
 434  437      1.112     -0.967      0.000
  -1  438      1.121      0.710      0.000
 435  441      1.140     -0.767      0.000
 436   -2      1.140     -0.541      0.000
 437  442      1.141      0.269      0.000
  -1  443      1.157      1.029      0.000
 440  444      1.157      0.879      0.000
 439  445      1.158     -1.070      0.000
 444  439      1.174     -1.167      0.000
 441  447      1.176      0.962      0.000
 443  448      1.186      0.283      0.000
 445  449      1.190     -0.358      0.000
 446  450      1.203     -0.485      0.000
 448  452      1.225      0.391      0.000
  -1   -2      1.228     -0.139      0.000
 449  453      1.229     -0.549      0.000
 450  454      1.230      0.991      0.000
 453  458      1.272     -0.476      0.000
  -1   -2      1.272     -0.990      0.000
  -1  459      1.279     -1.168      0.000
 454  461      1.300      0.728      0.000
 455   -2      1.304     -0.943      0.000
 456  462      1.305     -0.544      0.000
 457  460      1.321     -0.437      0.000
 458  463      1.335      0.176      0.000
 459  464      1.343     -1.051      0.000
 460  466      1.366     -0.907      0.000
 461  465      1.368      1.080      0.000
 462  467      1.370     -0.215      0.000
 465  468      1.378     -0.318      0.000
 467  469      1.380      0.239      0.000
 466  470      1.380      0.509      0.000
 468  471      1.384     -0.964      0.000
 469  473      1.395     -0.437      0.000
 473  472      1.399     -0.374      0.000
 471  474      1.410     -0.914      0.000
 472  475      1.418      0.574      0.000
 463   -2      1.427     -1.162      0.000
 474  478      1.446      0.268      0.000
 476  480      1.450      0.804      0.000
 475   -2      1.450     -1.067      0.000
  -1   -2      1.455      1.039      0.000
  -1   -2      1.471      0.994      0.000
 477  482      1.474     -0.714      0.000
 478  481      1.475     -0.037      0.000
 479   -2      1.484     -0.179      0.000
  -1  483      1.486     -0.235      0.000
 481  485      1.488      0.418      0.000
 482  486      1.501      0.076      0.000
  -1  487      1.507     -0.704      0.000
  -1  484      1.508     -1.137      0.000
 483  488      1.523      0.684      0.000
 484  489      1.524      0.567      0.000
 485  490      1.528      1.066      0.000
 487  492      1.540      0.369      0.000
 486  491      1.541     -0.578      0.000
  -1  495      1.545      0.106      0.000
  -1  493      1.545      0.763      0.000
 489  496      1.546     -1.001      0.000
 488  494      1.548     -0.885      0.000
 490  497      1.557     -0.778      0.000
 491  498      1.563      1.109      0.000
