510
  -1    0     -1.575      0.531      0.000
   0    1     -1.560      0.380      0.000
   3    3     -1.557     -1.008      0.000
   1    2     -1.555      0.804      0.000
   4    4     -1.543     -0.010      0.000
   6   -2     -1.537      0.893      0.000
  -1    5     -1.534     -0.047      0.000
  -1   -2     -1.533     -1.124      0.000
   5    6     -1.533      0.245      0.000
  -1    7     -1.521     -0.212      0.000
  -1   -2     -1.520      0.757      0.000
  -1    8     -1.495     -0.100      0.000
  -1   -2     -1.495     -1.170      0.000
   9    9     -1.480      0.209      0.000
  11   10     -1.472      0.814      0.000
  13   -2     -1.464      0.490      0.000
  14   15     -1.463     -1.121      0.000
  16   13     -1.462      0.960      0.000
  15   14     -1.462      0.614      0.000
  10   12     -1.462     -0.928      0.000
  17   16     -1.460      0.261      0.000
   8   19     -1.450      0.382      0.000
  18   29     -1.441      1.066      0.000
  19   20     -1.435     -0.561      0.000
  21   22     -1.427      0.150      0.000
  20   21     -1.422     -0.484      0.000
  -1   23     -1.414     -0.663      0.000
  -1   -2     -1.403      0.454      0.000
  -1   25     -1.398     -0.311      0.000
  23   35     -1.391      0.665      0.000
  27   26     -1.390     -0.810      0.000
  25   27     -1.385      0.319      0.000
  26   -2     -1.383      0.268      0.000
  28   -2     -1.379      0.715      0.000
  29   28     -1.375     -1.122      0.000
  30   -2     -1.370      1.062      0.000
  -1   -2     -1.369      0.496      0.000
  32   31     -1.365     -0.849      0.000
  31   32     -1.364     -0.351      0.000
  -1   -2     -1.364      0.133      0.000
  33   30     -1.364     -0.992      0.000
  34   33     -1.352     -0.696      0.000
  43   -2     -1.349      0.602      0.000
  37   34     -1.345     -1.092      0.000
  35   36     -1.345      0.268      0.000
  38   -2     -1.338     -0.189      0.000
  39   -2     -1.335      0.068      0.000
  40   38     -1.323      1.031      0.000
  -1   39     -1.313      0.029      0.000
  -1   40     -1.312      0.882      0.000
  52   24     -1.299     -1.169      0.000
  42   41     -1.298     -0.787      0.000
  -1   -2     -1.292      0.658      0.000
  45   42     -1.286     -0.946      0.000
  46   43     -1.284     -0.007      0.000
  -1   46     -1.270     -0.372      0.000
  44   58     -1.270     -1.093      0.000
  48   48     -1.261      0.163      0.000
  51   49     -1.257      0.309      0.000
  50   50     -1.257     -0.311      0.000
  -1   -2     -1.248      0.627      0.000
  54   51     -1.247     -0.592      0.000
  55   -2     -1.242      0.525      0.000
  57   54     -1.232     -0.795      0.000
  56   55     -1.231      0.954      0.000
  60   -2     -1.225     -1.085      0.000
  58   -2     -1.222     -0.278      0.000
  59   56     -1.221     -0.494      0.000
  62   57     -1.209      0.373      0.000
  64   -2     -1.190      0.484      0.000
  65   60     -1.186      0.797      0.000
  66   61     -1.181     -0.614      0.000
  47   71     -1.175      0.031      0.000
  68   62     -1.168     -0.836      0.000
  69   63     -1.164     -0.800      0.000
  70   64     -1.160      1.004      0.000
  71   66     -1.150     -0.114      0.000
  72   65     -1.149      0.968      0.000
  73   -2     -1.141      0.697      0.000
  -1   -2     -1.140     -0.247      0.000
  75   67     -1.123     -1.026      0.000
  67   68     -1.122      0.609      0.000
  76   69     -1.111      1.011      0.000
  77   70     -1.092     -0.332      0.000
  78   73     -1.071      0.388      0.000
  79   -2     -1.067      0.631      0.000
  80   72     -1.067     -1.171      0.000
  -1   76     -1.048     -1.032      0.000
  81   77     -1.046     -0.361      0.000
  82   78     -1.043     -0.464      0.000
  83   79     -1.032     -0.102      0.000
  84   80     -1.030      0.776      0.000
  85   -2     -1.027     -0.710      0.000
  87   82     -1.017     -0.842      0.000
  86   83     -1.016     -0.275      0.000
  88   86     -1.001      0.388      0.000
  -1   81     -1.001     -0.766      0.000
  89   -2     -1.000     -0.905      0.000
  -1   87     -0.994     -1.091      0.000
  -1   -2     -0.993      0.255      0.000
  92   75     -0.985      0.467      0.000
  93   89     -0.973      0.896      0.000
  94   90     -0.970     -0.982      0.000
  95   91     -0.966      0.569      0.000
  96   93     -0.953     -0.425      0.000
  97   94     -0.952      0.379      0.000
  -1   -2     -0.952     -0.166      0.000
  99   95     -0.946     -0.922      0.000
  98   97     -0.942      0.187      0.000
 100   96     -0.941     -0.216      0.000
 101   98     -0.931     -0.569      0.000
 102  102     -0.909      0.334      0.000
 103  100     -0.909      1.074      0.000
 104  106     -0.906     -0.763      0.000
 106  101     -0.903     -1.082      0.000
 105  103     -0.902      0.432      0.000
 107  104     -0.876      0.897      0.000
 108  105     -0.862      0.566      0.000
 109   -2     -0.850     -0.737      0.000
 110  109     -0.836     -0.090      0.000
 112  110     -0.828     -0.611      0.000
 113  112     -0.827      0.693      0.000
 114  111     -0.826     -0.690      0.000
 115  114     -0.822      1.088      0.000
  -1   -2     -0.821     -0.937      0.000
 116  115     -0.816      1.044      0.000
  -1   -2     -0.815     -0.915      0.000
 117  116     -0.797     -0.445      0.000
 111  138     -0.795     -1.165      0.000
 119  117     -0.783     -0.493      0.000
 118  119     -0.780     -0.140      0.000
 120  118     -0.778      0.995      0.000
  -1   -2     -0.777      0.771      0.000
 122  121     -0.775      0.477      0.000
 121  122     -0.772     -0.221      0.000
 123  123     -0.761     -0.754      0.000
  -1  126     -0.755      0.331      0.000
 129  125     -0.755     -0.930      0.000
 127  127     -0.752      0.891      0.000
 128  128     -0.748     -0.012      0.000
 130  129     -0.743     -1.011      0.000
  -1  132     -0.729      0.256      0.000
 132  133     -0.722      0.398      0.000
 131  134     -0.715      0.316      0.000
 134  135     -0.714      0.988      0.000
 135  136     -0.710     -0.457      0.000
 136  140     -0.691     -0.062      0.000
  -1   -2     -0.686      0.654      0.000
 152   -2     -0.685      0.387      0.000
 140   -2     -0.677     -1.124      0.000
 139  141     -0.677      1.076      0.000
 138  142     -0.675      0.032      0.000
 141   -2     -0.667      0.895      0.000
 145  144     -0.657     -1.084      0.000
 147  147     -0.649     -0.568      0.000
 148  148     -0.648      1.160      0.000
 146  149     -0.647     -0.159      0.000
 149  151     -0.643      0.141      0.000
  -1  150     -0.637     -1.125      0.000
 150  152     -0.635     -1.017      0.000
  -1  153     -0.631      0.549      0.000
  -1  154     -0.626      0.746      0.000
 151  156     -0.617     -0.113      0.000
 153  157     -0.603     -0.783      0.000
  -1   -2     -0.589      0.501      0.000
 154  168     -0.583     -1.151      0.000
 155  158     -0.581      0.911      0.000
 156  159     -0.572     -0.325      0.000
 157  160     -0.563     -0.796      0.000
 158  161     -0.558     -1.002      0.000
 159  163     -0.555     -0.536      0.000
 160  164     -0.550      1.084      0.000
 162  165     -0.539     -1.089      0.000
 161  166     -0.538     -0.296      0.000
  -1   -2     -0.516      0.420      0.000
 164   -2     -0.507      0.825      0.000
 163  169     -0.506      0.040      0.000
 165  170     -0.502     -0.539      0.000
 166  171     -0.496      0.359      0.000
 167   -2     -0.492     -1.168      0.000
 168  172     -0.488      0.701      0.000
 171  175     -0.478     -0.255      0.000
  -1   -2     -0.478     -0.679      0.000
 170  174     -0.477      0.499      0.000
 172  176     -0.471      1.006      0.000
  -1   -2     -0.470      0.274      0.000
 173  177     -0.449     -0.713      0.000
 175  179     -0.443     -1.090      0.000
 176  182     -0.437     -0.986      0.000
 177  183     -0.428      0.076      0.000
 178  180     -0.426     -0.811      0.000
 179  184     -0.425      0.190      0.000
 181  185     -0.412     -0.880      0.000
 180  186     -0.410     -0.061      0.000
 182  187     -0.396     -0.148      0.000
 183  190     -0.396      1.119      0.000
 184  188     -0.393     -0.315      0.000
 186  189     -0.377     -1.004      0.000
 185  191     -0.376      0.469      0.000
  -1   -2     -0.375     -0.032      0.000
 187  192     -0.372      0.793      0.000
 190   -2     -0.366      1.116      0.000
 188  195     -0.366     -0.638      0.000
 189  194     -0.365     -0.550      0.000
 192  196     -0.357      0.670      0.000
 193  197     -0.351     -0.713      0.000
 195  198     -0.348      1.042      0.000
 197  200     -0.339      0.771      0.000
 196  201     -0.337      0.338      0.000
 199  202     -0.336     -0.210      0.000
 200  204     -0.324      0.925      0.000
  -1  206     -0.320     -0.322      0.000
 201  207     -0.313     -0.284      0.000
 206  209     -0.303     -1.163      0.000
 203  210     -0.301     -0.984      0.000
 204  211     -0.299     -0.459      0.000
 205  212     -0.292     -1.038      0.000
 207  213     -0.286     -0.624      0.000
 208   -2     -0.278     -0.806      0.000
 210  214     -0.276     -1.126      0.000
 209  215     -0.275      0.850      0.000
 212  216     -0.244      0.316      0.000
 213  218     -0.227     -0.928      0.000
  -1  220     -0.227      1.054      0.000
 214  219     -0.224     -1.097      0.000
 215  222     -0.219     -0.736      0.000
 217  223     -0.212      0.441      0.000
  -1   -2     -0.209     -1.053      0.000
 218  224     -0.208     -0.446      0.000
  -1   -2     -0.183      0.120      0.000
 220  225     -0.180      0.765      0.000
 219  227     -0.179      0.574      0.000
  -1   -2     -0.177      0.328      0.000
 221  230     -0.149     -0.005      0.000
 222  240     -0.148      0.408      0.000
  -1  228     -0.147      1.154      0.000
 224  231     -0.139     -0.847      0.000
 226  232     -0.134     -1.092      0.000
 228  241     -0.126     -0.071      0.000
 229  234     -0.117     -0.721      0.000
  -1  235     -0.100     -1.162      0.000
 230  236     -0.097      0.518      0.000
 232  237     -0.095     -0.895      0.000
 231  238     -0.094     -0.220      0.000
 233  239     -0.089      0.671      0.000
  -1   -2     -0.089      0.411      0.000
 235  242     -0.071     -0.106      0.000
 236  243     -0.067      0.349      0.000
 238  256     -0.058      0.754      0.000
 237  245     -0.058     -0.702      0.000
 240  247     -0.048      0.235      0.000
 241  248     -0.044     -0.192      0.000
 242  249     -0.033     -0.376      0.000
 243  250     -0.032      0.374      0.000
 244  251     -0.031      0.635      0.000
  -1   -2     -0.013      0.898      0.000
  -1   -2     -0.007     -0.027      0.000
 246  253     -0.000      0.121      0.000
 247   -2      0.006     -1.163      0.000
 250  254      0.010     -0.535      0.000
 251  255      0.010      1.052      0.000
  -1   -2      0.016      0.617      0.000
 260   -2      0.025     -1.117      0.000
 256  259      0.046      0.034      0.000
 254  258      0.050      0.623      0.000
 259  260      0.054      0.370      0.000
 258  261      0.061      0.975      0.000
  -1  257      0.066     -1.089      0.000
  -1   -2      0.069     -0.073      0.000
 261  263      0.069      0.707      0.000
 262  264      0.074     -0.992      0.000
 265  266      0.101     -0.783      0.000
 266  267      0.103      0.149      0.000
 267  268      0.112      0.486      0.000
 268  269      0.114      0.100      0.000
 276   -2      0.118     -0.080      0.000
  -1  270      0.121      0.429      0.000
 270  271      0.131      0.914      0.000
  -1   -2      0.135      0.800      0.000
  -1   -2      0.138     -0.946      0.000
 271  273      0.143      0.734      0.000
 272  274      0.145      1.120      0.000
 273  275      0.148      0.200      0.000
 275  276      0.149     -0.661      0.000
  -1  277      0.151     -0.539      0.000
 278  278      0.173      0.388      0.000
 277  279      0.176     -0.753      0.000
 279   -2      0.180     -0.298      0.000
  -1  281      0.196     -1.170      0.000
 280  283      0.203      0.600      0.000
 283  285      0.210      0.011      0.000
 284  286      0.215     -1.084      0.000
 285  287      0.219     -0.344      0.000
 287  288      0.234     -0.185      0.000
 286  289      0.235     -0.956      0.000
 289  290      0.239      1.038      0.000
 288  291      0.247      0.129      0.000
 290  292      0.252     -0.714      0.000
 291  294      0.253     -0.419      0.000
 294  295      0.263      0.254      0.000
  -1   -2      0.270      0.924      0.000
 296   -2      0.278      0.487      0.000
  -1   -2      0.280      0.628      0.000
 299  299      0.302      0.044      0.000
 293  305      0.305     -1.171      0.000
  -1  301      0.306     -1.081      0.000
 300  302      0.306     -0.231      0.000
 303  304      0.315      1.088      0.000
 305  298      0.349      0.706      0.000
 306  306      0.355      0.048      0.000
 313   -2      0.357     -1.084      0.000
 307  308      0.360      0.242      0.000
 308  307      0.360      0.311      0.000
 310  310      0.366     -0.873      0.000
 309  309      0.368     -0.454      0.000
 311  311      0.372      0.172      0.000
 312  313      0.385     -0.509      0.000
 315  315      0.399     -0.014      0.000
  -1   -2      0.404      1.089      0.000
  -1  317      0.409      0.753      0.000
 317  319      0.416     -0.944      0.000
 319  321      0.429     -0.614      0.000
  -1  323      0.432     -0.653      0.000
 322  324      0.432      0.790      0.000
 318   -2      0.433     -0.148      0.000
 320   -2      0.434      1.166      0.000
 321  326      0.437      0.336      0.000
 323  327      0.440     -0.473      0.000
  -1  328      0.445     -0.847      0.000
 324  329      0.453      0.728      0.000
 325  331      0.456     -0.044      0.000
 326  330      0.457     -1.165      0.000
 328  332      0.475      0.961      0.000
 329  333      0.476      0.820      0.000
  -1   -2      0.480     -1.122      0.000
 331  334      0.483     -0.842      0.000
 330  335      0.485     -0.673      0.000
 332   -2      0.491     -0.995      0.000
  -1  337      0.514     -0.994      0.000
 334  340      0.522      0.900      0.000
 335  341      0.527     -0.052      0.000
 336  342      0.529     -0.613      0.000
 338  343      0.535      0.541      0.000
 339  345      0.539      0.580      0.000
 342  344      0.540     -0.963      0.000
 340  346      0.543      0.962      0.000
 341  347      0.556      0.352      0.000
 343  348      0.561      1.094      0.000
 344   -2      0.567      0.865      0.000
  -1  349      0.576      0.600      0.000
 345  350      0.585      0.523      0.000
 346  351      0.592     -0.782      0.000
 347  352      0.606     -0.707      0.000
  -1  353      0.608     -0.428      0.000
 348  354      0.609     -1.029      0.000
 350  355      0.619      0.905      0.000
 351  358      0.621     -0.870      0.000
 352  357      0.622      0.989      0.000
 353  359      0.628     -0.501      0.000
 354  360      0.639     -0.006      0.000
 355  361      0.639     -1.165      0.000
 356  362      0.663      0.276      0.000
 359  364      0.679     -0.391      0.000
 360   -2      0.685     -1.056      0.000
 357   -2      0.687     -0.024      0.000
  -1   -2      0.694      0.164      0.000
 361  365      0.695     -0.885      0.000
 362   -2      0.698     -0.720      0.000
 364  367      0.706      0.360      0.000
 365  369      0.709      1.125      0.000
 367  371      0.721      0.674      0.000
 366  372      0.725     -0.912      0.000
  -1   -2      0.729      1.069      0.000
  -1   -2      0.735     -0.801      0.000
 371  373      0.738     -0.658      0.000
 372   -2      0.747      0.881      0.000
 374  374      0.766     -0.036      0.000
 377  378      0.787     -1.038      0.000
 378   -2      0.802      0.936      0.000
 379  383      0.802     -0.204      0.000
  -1   -2      0.806     -0.552      0.000
 380  381      0.810      0.175      0.000
 382  382      0.814      0.124      0.000
 385  385      0.818      0.446      0.000
 383  377      0.820     -0.885      0.000
  -1  386      0.820      0.316      0.000
  -1  391      0.821     -0.267      0.000
 386   -2      0.822     -1.143      0.000
 387  388      0.829      0.682      0.000
 395  387      0.834     -1.142      0.000
 388  380      0.834     -0.618      0.000
 390  390      0.835      0.735      0.000
 391  392      0.838     -0.805      0.000
  -1  379      0.851      0.925      0.000
 396  395      0.853      0.246      0.000
 397  396      0.855     -1.074      0.000
 394   -2      0.855     -0.848      0.000
 398  398      0.857     -0.459      0.000
 389  401      0.858     -0.289      0.000
  -1   -2      0.863      0.401      0.000
 399  399      0.868      1.107      0.000
 408   -2      0.884     -0.222      0.000
 402  400      0.887      0.548      0.000
 403  402      0.889     -0.544      0.000
  -1   -2      0.890     -0.325      0.000
 401   -2      0.891      1.131      0.000
 410  404      0.897      0.469      0.000
 409  405      0.899     -0.150      0.000
 404  410      0.899     -0.876      0.000
 406  408      0.902     -0.942      0.000
 405   -2      0.902     -1.006      0.000
 407  407      0.903     -0.801      0.000
 411  411      0.931     -1.001      0.000
 413  412      0.934     -0.027      0.000
 412   -2      0.935     -0.864      0.000
 414  413      0.940     -1.077      0.000
 415  414      0.947     -0.234      0.000
 418  416      0.958      0.783      0.000
 419  417      0.968      0.689      0.000
 421  418      0.978      0.004      0.000
 423  419      0.980     -1.116      0.000
  -1  420      0.983     -0.037      0.000
 424  421      0.986     -0.585      0.000
  -1   -2      0.987     -0.122      0.000
 416  431      0.996     -0.814      0.000
 426  422      0.999      0.271      0.000
 425  423      1.000      0.732      0.000
 427   -2      1.010      0.189      0.000
 422  430      1.010     -0.294      0.000
  -1  424      1.012      0.020      0.000
 429  425      1.013      0.111      0.000
 428  426      1.014      0.850      0.000
  -1  427      1.033      0.980      0.000
 430   -2      1.033     -0.678      0.000
 432   -2      1.065     -0.895      0.000
 434  432      1.066     -0.627      0.000
 437  433      1.071     -1.166      0.000
 438  434      1.091     -0.555      0.000
 439  435      1.098      1.036      0.000
  -1   -2      1.102      0.269      0.000
 440  436      1.110     -0.947      0.000
 442  438      1.120     -0.230      0.000
 441  437      1.120     -0.523      0.000
 443  440      1.131     -0.746      0.000
 455   -2      1.131     -0.053      0.000
  -1   -2      1.137      0.652      0.000
 450   -2      1.139      0.547      0.000
 446  442      1.141     -0.832      0.000
  -1   -2      1.155      0.962      0.000
  -1   -2      1.156     -1.168      0.000
 448  444      1.161     -1.047      0.000
 449  445      1.165     -0.339      0.000
 453  447      1.178      0.391      0.000
  -1   -2      1.178     -0.280      0.000
 454  449      1.181     -0.461      0.000
  -1   -2      1.195      0.022      0.000
 463  441      1.200     -1.138      0.000
 457  452      1.212      0.985      0.000
  -1  453      1.232     -1.073      0.000
 461   -2      1.235      0.424      0.000
 460  454      1.235      0.912      0.000
 459  455      1.236     -0.462      0.000
 462  456      1.264     -0.435      0.000
  -1   -2      1.280     -0.778      0.000
 464  457      1.289     -0.511      0.000
 465  458      1.297      0.176      0.000
  -1   -2      1.336     -0.770      0.000
  -1  462      1.340      0.020      0.000
 466  465      1.341     -1.012      0.000
 467  463      1.341      0.496      0.000
 469  464      1.342      0.238      0.000
 468  466      1.345     -0.191      0.000
 471  468      1.353     -0.287      0.000
 470  469      1.354      1.064      0.000
 472  470      1.363     -0.866      0.000
 474  471      1.374     -0.341      0.000
 473  472      1.378     -0.400      0.000
 476  473      1.379      0.554      0.000
 475  474      1.381     -0.922      0.000
 492  475      1.394     -0.139      0.000
  -1  477      1.405     -0.316      0.000
 477  476      1.405     -0.867      0.000
 479  478      1.411      0.266      0.000
 481  480      1.420      0.779      0.000
 484   -2      1.445     -0.386      0.000
 485   -2      1.449     -1.014      0.000
 486  483      1.451      0.967      0.000
 487  485      1.453      0.404      0.000
 488  486      1.454     -0.026      0.000
 489  487      1.461     -0.154      0.000
  -1  489      1.466     -0.202      0.000
 491  490      1.466     -0.656      0.000
 493  491      1.472      0.087      0.000
 480   -2      1.472     -1.086      0.000
  -1   -2      1.474      0.004      0.000
 494  492      1.488      0.657      0.000
 490   -2      1.492     -1.047      0.000
 495  493      1.493      0.542      0.000
 497  484      1.505     -0.997      0.000
 499  495      1.508      1.150      0.000
 500  496      1.509      0.357      0.000
 498  497      1.511      1.031      0.000
  -1  498      1.522      0.198      0.000
  -1  500      1.530      0.736      0.000
  -1   -2      1.531      0.781      0.000
 501  501      1.535     -0.529      0.000
 502  502      1.543     -0.831      0.000
 503  503      1.544     -0.948      0.000
 505  504      1.545      1.070      0.000
 506  505      1.553     -0.725      0.000
