491
   1    0     -1.559      0.823      0.000
   2    1     -1.550     -0.029      0.000
   3    2     -1.543      0.251      0.000
   6    3     -1.536      0.911      0.000
  -1   -2     -1.523     -0.634      0.000
  -1   -2     -1.522     -0.863      0.000
   9    5     -1.492      0.212      0.000
  14    9     -1.477      0.625      0.000
  10    7     -1.476      0.279      0.000
  11    8     -1.474      0.502      0.000
  13    6     -1.473      0.828      0.000
   4   11     -1.471     -0.270      0.000
  19   -2     -1.465     -0.941      0.000
  -1   -2     -1.464     -0.991      0.000
  18   12     -1.463      0.978      0.000
  16   13     -1.462      0.392      0.000
  20   14     -1.441      0.152      0.000
  21   15     -1.441     -0.576      0.000
  23   16     -1.425     -0.683      0.000
  22   -2     -1.414      0.464      0.000
  25   17     -1.413     -0.322      0.000
  -1   24     -1.406     -1.173      0.000
  26   18     -1.403      0.327      0.000
  -1   19     -1.403      0.679      0.000
  27   21     -1.387      0.731      0.000
  -1   -2     -1.385     -0.823      0.000
  -1   -2     -1.382      0.508      0.000
  28   22     -1.376     -0.362      0.000
  30   27     -1.369      0.275      0.000
  29   23     -1.369      1.078      0.000
  17   38     -1.367     -1.135      0.000
  32   25     -1.363     -0.863      0.000
  35   26     -1.359     -1.008      0.000
  33   29     -1.355      0.606      0.000
  37   30     -1.352      0.067      0.000
  -1   -2     -1.333      0.032      0.000
  39   31     -1.332     -1.107      0.000
  -1   32     -1.332     -0.971      0.000
  41   33     -1.324      1.053      0.000
  43   34     -1.315      0.896      0.000
  44   -2     -1.305      0.669      0.000
  46   35     -1.304     -0.786      0.000
  45   36     -1.296     -0.002      0.000
  -1   -2     -1.288     -0.818      0.000
  42   -2     -1.287     -1.170      0.000
  36   -2     -1.282     -0.213      0.000
  48   40     -1.280      0.165      0.000
  47   39     -1.278     -0.954      0.000
  -1   41     -1.271     -0.320      0.000
  -1   -2     -1.266     -1.104      0.000
  -1   42     -1.260      0.637      0.000
  53   44     -1.253     -0.602      0.000
  50   -2     -1.248     -0.412      0.000
  55   45     -1.238      0.969      0.000
  56   46     -1.235     -0.807      0.000
  58   47     -1.230     -0.505      0.000
  52   -2     -1.208      0.492      0.000
  61   48     -1.205     -1.083      0.000
  62   51     -1.193      0.806      0.000
  63   52     -1.187     -0.622      0.000
  59   53     -1.186     -1.170      0.000
  65   55     -1.168     -0.846      0.000
  66   57     -1.164     -0.811      0.000
  64   56     -1.164     -0.112      0.000
  67   58     -1.160      1.016      0.000
  69   -2     -1.155     -0.984      0.000
  68   59     -1.154      0.706      0.000
  70   62     -1.132      0.614      0.000
  71   60     -1.118     -1.037      0.000
  72   61     -1.114      1.021      0.000
  73   63     -1.108     -0.338      0.000
  74   64     -1.090      0.391      0.000
  75   -2     -1.080      0.636      0.000
  77   66     -1.058     -0.366      0.000
  78   69     -1.053     -0.103      0.000
  80   68     -1.043     -1.169      0.000
  81   70     -1.040     -1.040      0.000
  79   71     -1.040      0.790      0.000
  82   72     -1.036     -0.277      0.000
  84   73     -1.031     -0.716      0.000
  85   75     -1.022      0.391      0.000
  88   74     -1.017     -0.848      0.000
  83   -2     -1.017      0.943      0.000
  89   76     -1.005      0.471      0.000
  91   -2     -1.001     -0.773      0.000
  92   77     -0.992      1.014      0.000
  93   78     -0.987     -1.103      0.000
  -1   79     -0.986     -0.158      0.000
  94   81     -0.982      0.901      0.000
  96   82     -0.972      0.382      0.000
  97   85     -0.967      0.183      0.000
  98   84     -0.967     -0.428      0.000
  87   83     -0.966      1.051      0.000
 100   86     -0.962     -0.216      0.000
  99   87     -0.957     -0.989      0.000
 102   88     -0.955     -0.177      0.000
 103   90     -0.943     -0.928      0.000
 104   89     -0.940      0.775      0.000
 105   80     -0.938      0.616      0.000
  -1   -2     -0.935     -1.165      0.000
 106   91     -0.930      0.334      0.000
  -1   -2     -0.915      0.438      0.000
  86  114     -0.909     -0.764      0.000
 110   -2     -0.898     -1.082      0.000
 112   96     -0.881      0.898      0.000
 111   97     -0.879      0.567      0.000
  -1   -2     -0.873      0.744      0.000
 113   98     -0.866      0.304      0.000
 122   94     -0.854     -1.085      0.000
 115   -2     -0.854     -0.091      0.000
 116   99     -0.852     -0.740      0.000
 117  100     -0.841      0.692      0.000
 118  101     -0.837     -0.611      0.000
 119  102     -0.835     -0.689      0.000
 121  103     -0.822      1.089      0.000
 123  106     -0.818      1.044      0.000
 120  105     -0.816     -1.164      0.000
 125  107     -0.812     -0.444      0.000
 126  108     -0.801     -0.138      0.000
 131   -2     -0.795      0.735      0.000
 127  111     -0.794     -0.218      0.000
 128  110     -0.792     -0.492      0.000
 129  113     -0.782      0.994      0.000
 130   -2     -0.778     -0.800      0.000
 133  116     -0.769     -0.754      0.000
 132  117     -0.768     -0.011      0.000
 135  118     -0.760      0.889      0.000
 134  119     -0.756      0.322      0.000
 124  120     -0.755     -0.930      0.000
 136   -2     -0.748      0.258      0.000
 139  124     -0.741     -1.011      0.000
 140   -2     -0.739     -0.964      0.000
  -1  126     -0.726      0.575      0.000
 141  127     -0.724     -0.451      0.000
 143  128     -0.716      0.986      0.000
 142  129     -0.714     -0.061      0.000
 137  130     -0.705      0.384      0.000
 145  131     -0.697      0.033      0.000
 147   -2     -0.696      1.125      0.000
 146  135     -0.683     -1.113      0.000
 149  132     -0.682     -0.360      0.000
 151  133     -0.678      1.070      0.000
 152  136     -0.672      1.016      0.000
 157  134     -0.669     -1.171      0.000
 153  137     -0.667     -0.157      0.000
 155  145     -0.665     -0.693      0.000
  -1   -2     -0.664     -0.308      0.000
 154  138     -0.661      0.141      0.000
 156  139     -0.661     -0.565      0.000
 159  141     -0.648      0.739      0.000
 162  140     -0.647     -1.093      0.000
 160   -2     -0.645      1.158      0.000
 161  143     -0.638     -0.110      0.000
 163   -2     -0.626     -0.579      0.000
 164  144     -0.622     -1.009      0.000
 165   -2     -0.608     -0.777      0.000
 167  147     -0.589      0.902      0.000
 166  150     -0.588     -0.318      0.000
  -1  148     -0.577     -1.118      0.000
 168  153     -0.571     -0.449      0.000
 170  152     -0.568     -0.788      0.000
 169  154     -0.568     -0.530      0.000
 171  151     -0.567     -0.944      0.000
 173  155     -0.567     -0.999      0.000
  -1   -2     -0.561     -0.853      0.000
 172   -2     -0.557     -0.290      0.000
 176  157     -0.540     -1.088      0.000
 177  159     -0.527      0.040      0.000
 178  161     -0.514     -0.530      0.000
  -1  160     -0.512      0.354      0.000
  -1   -2     -0.510      0.833      0.000
  -1   -2     -0.507      0.317      0.000
  -1  164     -0.503      0.557      0.000
 180  162     -0.497      0.694      0.000
 179  163     -0.495      0.493      0.000
 181  165     -0.494     -0.249      0.000
 182  167     -0.491     -1.169      0.000
  -1   -2     -0.488      0.274      0.000
 184  166     -0.473      0.995      0.000
  -1   -2     -0.458     -0.300      0.000
 183  168     -0.456     -0.701      0.000
 186  169     -0.447      0.077      0.000
 187  170     -0.443      0.188      0.000
 188  171     -0.437     -0.974      0.000
 189  173     -0.427     -0.059      0.000
 191  174     -0.415     -0.866      0.000
 190  175     -0.412     -0.139      0.000
 192  176     -0.407     -0.307      0.000
 194  177     -0.391      0.462      0.000
 197  178     -0.376     -0.990      0.000
 201   -2     -0.374     -1.169      0.000
 196  179     -0.374     -0.541      0.000
 198  180     -0.370     -0.629      0.000
 195  181     -0.368      0.771      0.000
 199  182     -0.366      1.098      0.000
 200  184     -0.360      0.534      0.000
 204  186     -0.351      0.332      0.000
 203  188     -0.350     -0.202      0.000
 202  187     -0.348     -0.700      0.000
 205  185     -0.345      1.025      0.000
 208  189     -0.329      0.908      0.000
 209  190     -0.328     -0.285      0.000
 211  191     -0.299     -0.967      0.000
 213  192     -0.296     -0.606      0.000
 214  193     -0.290     -1.020      0.000
 215  195     -0.283     -0.788      0.000
 216  194     -0.281      0.833      0.000
 217  200     -0.271      0.560      0.000
 218  196     -0.270     -1.108      0.000
 212  197     -0.263     -1.172      0.000
 219  198     -0.262      0.318      0.000
 220   -2     -0.243      0.291      0.000
 229  207     -0.239      0.511      0.000
 221  202     -0.237      0.816      0.000
 223  201     -0.230     -0.908      0.000
 225  205     -0.225     -0.718      0.000
 226  206     -0.225     -1.093      0.000
 224   -2     -0.223      0.431      0.000
 227  208     -0.218     -0.431      0.000
 230  211     -0.183      0.744      0.000
  -1   -2     -0.182     -0.845      0.000
  -1   -2     -0.155      0.398      0.000
  -1   -2     -0.150     -0.613      0.000
  -1  215     -0.140     -0.821      0.000
 234  217     -0.140     -0.143      0.000
 236  218     -0.132     -1.073      0.000
  -1  219     -0.130     -0.288      0.000
 232   -2     -0.128     -0.697      0.000
 239  221     -0.102      0.508      0.000
 238  222     -0.102     -0.210      0.000
  -1  220     -0.096     -0.729      0.000
 241  224     -0.092      0.655      0.000
 242   -2     -0.086      0.912      0.000
 243  226     -0.082     -0.102      0.000
  -1  228     -0.079      0.773      0.000
 244  227     -0.074      0.341      0.000
 245  229     -0.060     -0.679      0.000
  -1   -2     -0.060      0.733      0.000
 246  230     -0.055      0.231      0.000
  -1   -2     -0.050     -0.755      0.000
 247  232     -0.050     -0.184      0.000
 249  233     -0.040     -0.354      0.000
 250  234     -0.037      0.364      0.000
 251  235     -0.035      0.619      0.000
  -1   -2     -0.021     -1.073      0.000
  -1  236     -0.018      0.900      0.000
  -1  239     -0.013     -1.155      0.000
 253  240      0.002      0.783      0.000
 255  242      0.012      1.027      0.000
  -1  243      0.020      0.900      0.000
 256  244      0.022      0.323      0.000
 263   -2      0.022     -1.108      0.000
 257   -2      0.036      0.384      0.000
 258  245      0.040      0.603      0.000
 259  246      0.042      0.032      0.000
 260  247      0.058      0.348      0.000
 261  248      0.059      0.948      0.000
 265  249      0.067      0.688      0.000
  -1  250      0.067      0.836      0.000
 267  252      0.079     -0.970      0.000
 266   -2      0.081     -0.227      0.000
 268  254      0.100     -0.760      0.000
 269  255      0.102      0.148      0.000
 270  256      0.110      0.471      0.000
 271  257      0.114      0.100      0.000
 273  259      0.133      0.895      0.000
 274  261      0.148      0.200      0.000
 275  262      0.148      1.094      0.000
 277  264      0.151     -0.636      0.000
 278  263      0.152     -0.519      0.000
  -1  267      0.173     -0.290      0.000
 279  268      0.175      0.380      0.000
 280  269      0.188     -0.740      0.000
  -1   -2      0.195      1.124      0.000
 281  270      0.197      1.014      0.000
 282  271      0.200     -0.495      0.000
 284  272      0.208      0.585      0.000
  -1   -2      0.210      1.093      0.000
 285  273      0.212      0.016      0.000
 286  274      0.214     -1.061      0.000
 287  275      0.220     -0.330      0.000
 289  277      0.226     -0.599      0.000
 288  276      0.227     -0.928      0.000
 290  278      0.235     -0.174      0.000
 292  279      0.249      0.125      0.000
 291  280      0.251      1.005      0.000
 293  282      0.257     -0.405      0.000
  -1   -2      0.259     -0.943      0.000
 294   -2      0.264      0.760      0.000
 295  283      0.267      0.249      0.000
 296  284      0.267      1.159      0.000
 297  285      0.278      0.147      0.000
 298   -2      0.285     -0.169      0.000
 300  290      0.306     -1.173      0.000
 301  288      0.306      0.045      0.000
 303   -2      0.307     -0.358      0.000
 302   -2      0.309     -0.221      0.000
 304  291      0.318      1.064      0.000
  -1  292      0.331     -0.632      0.000
 299  303      0.339      0.666      0.000
 306  295      0.365      0.242      0.000
 307  294      0.366      0.303      0.000
 308  296      0.373     -0.844      0.000
 311  297      0.374     -0.440      0.000
 310  298      0.379      0.170      0.000
 312  286      0.387      0.571      0.000
  -1  299      0.392     -0.493      0.000
  -1   -2      0.393     -1.102      0.000
 314  302      0.411     -0.010      0.000
 318   -2      0.415      0.735      0.000
 315  305      0.417     -0.924      0.000
 316  304      0.417     -0.705      0.000
 320  307      0.435     -0.635      0.000
  -1  313      0.439      0.650      0.000
 321   -2      0.440      0.587      0.000
 322   -2      0.442      0.216      0.000
 324  308      0.446      0.774      0.000
  -1  311      0.446     -0.830      0.000
 323  310      0.446     -0.458      0.000
 325  309      0.448      0.329      0.000
 330  306      0.456     -1.150      0.000
 327  312      0.465     -0.042      0.000
 328  315      0.480      0.938      0.000
  -1   -2      0.482     -0.381      0.000
 329  317      0.485     -0.826      0.000
 332  316      0.491     -0.649      0.000
 333  320      0.502     -0.982      0.000
  -1  321      0.510      0.742      0.000
 335  324      0.535     -0.595      0.000
 337  326      0.536     -0.937      0.000
 336  323      0.538     -0.048      0.000
 339   -2      0.547      0.528      0.000
 338   -2      0.547     -0.458      0.000
 340  328      0.551     -0.200      0.000
 341  327      0.552      0.943      0.000
 342  330      0.555      0.568      0.000
  -1  331      0.558     -0.984      0.000
 343  332      0.566      1.074      0.000
 345  333      0.574      0.348      0.000
 344  334      0.577      0.846      0.000
 346  335      0.593     -0.766      0.000
 347  336      0.600      0.511      0.000
  -1  338      0.603     -0.653      0.000
 355   -2      0.607     -0.169      0.000
 348  339      0.609     -1.021      0.000
 351  340      0.623     -0.858      0.000
 352  342      0.628      0.887      0.000
 353  341      0.630      0.971      0.000
 354  343      0.634     -0.492      0.000
 357  344      0.638     -1.164      0.000
 358  345      0.674      0.268      0.000
  -1   -2      0.686     -1.046      0.000
 362  347      0.690     -0.385      0.000
 359  346      0.695      0.308      0.000
  -1  349      0.698     -0.875      0.000
 364   -2      0.711      1.108      0.000
 365  351      0.721      0.406      0.000
 366  350      0.721      0.353      0.000
  -1  352      0.727     -0.902      0.000
 368  353      0.736      0.664      0.000
 369  354      0.741     -0.076      0.000
 371  356      0.743     -0.652      0.000
 373  357      0.774      0.942      0.000
 375  358      0.781     -0.040      0.000
 376  361      0.785     -1.033      0.000
  -1   -2      0.788     -0.236      0.000
 379  362      0.810      0.922      0.000
 382  363      0.818     -1.139      0.000
 380  364      0.820      0.172      0.000
  -1  367      0.832      0.120      0.000
 386  366      0.834     -0.266      0.000
 385  368      0.835     -0.155      0.000
 383   -2      0.835      1.105      0.000
 387  369      0.839      0.439      0.000
 384  370      0.840     -0.803      0.000
 388  371      0.843      0.670      0.000
 390  372      0.850      0.726      0.000
 389  374      0.852     -1.072      0.000
 391   -2      0.855      0.785      0.000
 381  389      0.857     -0.847      0.000
 392  377      0.865     -0.287      0.000
 393  373      0.868      0.301      0.000
 394  378      0.868     -0.456      0.000
 396  379      0.874      0.244      0.000
 395  380      0.880      1.094      0.000
 399  382      0.894      1.126      0.000
 400  383      0.897     -0.544      0.000
  -1   -2      0.902     -1.134      0.000
 402  386      0.902     -1.005      0.000
 404   -2      0.905     -0.801      0.000
 405  387      0.906      0.539      0.000
 406  391      0.915     -0.249      0.000
 407  390      0.916     -0.150      0.000
 408  392      0.917      0.466      0.000
 401  393      0.918     -0.869      0.000
 409  376      0.922      0.030      0.000
 410  394      0.931     -1.001      0.000
 413  385      0.936     -1.081      0.000
 411  395      0.937     -0.699      0.000
  -1   -2      0.943      1.051      0.000
 416  398      0.953     -0.031      0.000
 417  399      0.964     -0.234      0.000
 419  402      0.983     -1.117      0.000
  -1  403      0.994     -0.327      0.000
 422  404      0.995      0.002      0.000
 421  405      0.995     -0.586      0.000
 423  414      1.014      0.726      0.000
 424  406      1.021      0.260      0.000
  -1  407      1.024      0.594      0.000
 425  408      1.027      0.844      0.000
 426  409      1.031      0.105      0.000
 427  410      1.038     -0.682      0.000
 428  411      1.048      0.979      0.000
 430   -2      1.069     -1.167      0.000
 429  412      1.074     -0.634      0.000
  -1  415      1.099     -0.560      0.000
 431  416      1.102      1.031      0.000
 434  417      1.111     -0.956      0.000
 435  420      1.129     -0.529      0.000
  -1  413      1.134     -1.173      0.000
 436  421      1.136     -0.756      0.000
  -1  422      1.144      0.878      0.000
 437  423      1.147     -0.840      0.000
 441  424      1.151      1.029      0.000
 442   -2      1.159      1.101      0.000
 438  425      1.160     -1.059      0.000
 440  426      1.171      0.555      0.000
 443  427      1.177     -0.346      0.000
 450  428      1.186     -0.279      0.000
 445  429      1.190     -0.470      0.000
 444  431      1.196     -1.146      0.000
 446  430      1.197      0.391      0.000
 447  432      1.203      0.018      0.000
  -1   -2      1.204      0.440      0.000
 448  433      1.219     -0.538      0.000
 449  434      1.220      0.988      0.000
  -1  435      1.237     -1.082      0.000
 451  436      1.246     -0.474      0.000
  -1   -2      1.254     -1.125      0.000
  -1   -2      1.255      0.825      0.000
  -1  437      1.255      0.424      0.000
 453  438      1.272     -0.447      0.000
 454  439      1.285      0.722      0.000
  -1  444      1.292     -1.168      0.000
 455  440      1.296     -0.524      0.000
  -1   -2      1.311     -0.417      0.000
 457  442      1.314      0.173      0.000
  -1   -2      1.324      0.760      0.000
 459  445      1.343     -1.026      0.000
 461  448      1.357     -0.201      0.000
 464  447      1.357      0.501      0.000
 463  449      1.359      0.237      0.000
 462  450      1.360      1.072      0.000
 466  451      1.365     -0.300      0.000
 465  452      1.365     -0.884      0.000
 468  453      1.384     -0.417      0.000
  -1   -2      1.385      0.420      0.000
 467  455      1.385     -0.939      0.000
 469  454      1.387     -0.354      0.000
 471  457      1.390     -1.133      0.000
 470  456      1.396      0.558      0.000
  -1  458      1.405     -0.147      0.000
  -1   -2      1.405      0.023      0.000
 472  459      1.409     -0.887      0.000
  -1   -2      1.411     -1.170      0.000
 473  462      1.425      0.266      0.000
 474  463      1.432      0.788      0.000
  -1   -2      1.446     -0.394      0.000
  -1  464      1.448      1.019      0.000
 479  466      1.459      0.980      0.000
 476  467      1.461     -1.115      0.000
 481  468      1.465     -0.032      0.000
 483  469      1.468      0.409      0.000
 482  470      1.469     -0.686      0.000
  -1  471      1.470     -0.648      0.000
 484  472      1.472     -0.164      0.000
 485  473      1.476     -0.214      0.000
 493  474      1.482      0.086      0.000
 488  477      1.505      0.670      0.000
 487   -2      1.505     -0.684      0.000
 489  478      1.507      0.551      0.000
 492   -2      1.515      0.773      0.000
 490  479      1.518      1.046      0.000
 491  480      1.522      0.361      0.000
 494  481      1.533     -0.551      0.000
  -1  482      1.537      0.747      0.000
 495  483      1.545     -0.852      0.000
 496  484      1.545     -0.971      0.000
 498  485      1.553      1.087      0.000
 497  487      1.555     -0.747      0.000
 499  486      1.555      0.430      0.000
