521
   0    0     -1.562      0.862      0.000
   1    2     -1.553      0.650      0.000
   2    1     -1.552     -0.981      0.000
  -1   -2     -1.548      0.160      0.000
   3    3     -1.540      0.373      0.000
  -1   -2     -1.533     -0.626      0.000
  -1   -2     -1.522      0.695      0.000
   4    4     -1.518      0.053      0.000
  -1   -2     -1.513     -1.167      0.000
   5    6     -1.512     -0.504      0.000
   6    7     -1.507     -0.980      0.000
  24   -2     -1.503     -0.702      0.000
   8    9     -1.488      0.902      0.000
   9   10     -1.484     -0.040      0.000
   7    8     -1.483      0.010      0.000
  10   11     -1.482      0.204      0.000
  12   12     -1.478      0.816      0.000
  13   13     -1.475     -0.543      0.000
  14   -2     -1.470      0.775      0.000
  15   19     -1.470     -1.123      0.000
  -1   14     -1.469     -0.944      0.000
  -1   -2     -1.467      0.705      0.000
  16   15     -1.464     -0.802      0.000
  17   16     -1.459      0.950      0.000
  21   20     -1.422     -0.046      0.000
  23   21     -1.420      0.694      0.000
  25   26     -1.413      0.861      0.000
  -1   -2     -1.412      0.009      0.000
  27   18     -1.411     -0.907      0.000
  28   22     -1.407     -0.463      0.000
  19   -2     -1.397     -0.404      0.000
  -1   24     -1.396      0.276      0.000
  29   -2     -1.393      0.631      0.000
  30   27     -1.380     -0.181      0.000
  22   -2     -1.367     -1.170      0.000
  -1   -2     -1.362      0.918      0.000
  -1   25     -1.358     -0.568      0.000
  -1   -2     -1.349     -0.765      0.000
  34   29     -1.346      0.037      0.000
  31   30     -1.332      1.094      0.000
  33   31     -1.325      0.479      0.000
  35   33     -1.314     -0.665      0.000
  -1   34     -1.312      1.014      0.000
  36   35     -1.305     -1.079      0.000
  38   36     -1.297     -0.777      0.000
  37   37     -1.296     -0.147      0.000
  -1   -2     -1.293      0.127      0.000
  39   38     -1.292      0.741      0.000
  -1   -2     -1.289     -0.960      0.000
  -1   41     -1.281     -0.085      0.000
  43   44     -1.275     -0.985      0.000
  41   40     -1.275     -0.438      0.000
  42   42     -1.273      0.847      0.000
  -1   43     -1.270      0.463      0.000
  44   -2     -1.263      1.075      0.000
  45   45     -1.263      0.965      0.000
  -1   -2     -1.240     -0.519      0.000
  47   47     -1.240      0.750      0.000
  48   48     -1.238     -0.350      0.000
  49   51     -1.238      0.547      0.000
  51   49     -1.236     -0.776      0.000
  52   50     -1.235      1.139      0.000
  53   53     -1.232     -0.201      0.000
  54   52     -1.230     -0.455      0.000
  46   54     -1.230      0.445      0.000
  -1   55     -1.223     -0.676      0.000
  57   56     -1.207     -0.985      0.000
  55   57     -1.205     -1.161      0.000
  -1   58     -1.205     -0.920      0.000
  56   59     -1.203      0.382      0.000
  58   60     -1.201     -0.219      0.000
  60   61     -1.196     -0.262      0.000
  63   62     -1.186     -0.571      0.000
  62   -2     -1.179      0.605      0.000
  -1   -2     -1.176      0.481      0.000
  -1   -2     -1.166      0.535      0.000
  64   65     -1.156      1.117      0.000
  -1   68     -1.150      0.335      0.000
  65   66     -1.147      1.157      0.000
  -1   67     -1.144     -0.964      0.000
  66   69     -1.142      0.892      0.000
  67   70     -1.137     -1.002      0.000
  68   -2     -1.131     -0.105      0.000
  69   71     -1.130     -0.497      0.000
  70   74     -1.102     -1.174      0.000
  71   72     -1.102      1.145      0.000
  72   73     -1.094      0.613      0.000
  73   77     -1.074     -0.147      0.000
  -1   80     -1.072     -0.072      0.000
  74   78     -1.070     -0.823      0.000
  77   79     -1.067     -1.134      0.000
  75   82     -1.064     -0.010      0.000
  -1   -2     -1.059     -1.091      0.000
  -1   -2     -1.049      0.494      0.000
  78   85     -1.048     -0.230      0.000
  80   86     -1.045      0.979      0.000
  79   88     -1.044      0.335      0.000
  -1   87     -1.030      0.792      0.000
  76   -2     -1.029     -0.028      0.000
  81   98     -1.020      0.406      0.000
  85   89     -1.016     -1.166      0.000
  88   92     -1.007     -0.958      0.000
  87   94     -1.002     -0.057      0.000
  90   93     -1.001      1.092      0.000
  89   95     -0.996      0.040      0.000
  91   96     -0.993     -0.468      0.000
  -1   -2     -0.969      1.110      0.000
  92   99     -0.967      0.141      0.000
  -1  100     -0.964      0.937      0.000
  94  102     -0.957      0.744      0.000
  96  101     -0.952     -0.647      0.000
 100   -2     -0.946     -1.161      0.000
  98  104     -0.943     -0.146      0.000
  97  105     -0.942     -0.960      0.000
  -1   -2     -0.933     -1.080      0.000
 101  107     -0.919     -0.098      0.000
 102  106     -0.917     -0.728      0.000
  95   -2     -0.914     -0.783      0.000
 103  110     -0.912     -0.450      0.000
 106  109     -0.910     -1.014      0.000
 104  111     -0.906      0.068      0.000
 107   -2     -0.904     -0.348      0.000
 108  113     -0.903      1.122      0.000
 111   -2     -0.903     -1.083      0.000
 109  114     -0.901      0.815      0.000
  -1   -2     -0.900      0.218      0.000
  -1   -2     -0.865     -0.614      0.000
 112  117     -0.861      0.880      0.000
  -1  115     -0.857     -1.169      0.000
 115  118     -0.840      1.053      0.000
 116  119     -0.837     -0.765      0.000
 117  120     -0.830      0.988      0.000
 118  123     -0.826     -0.285      0.000
 119  124     -0.822      1.095      0.000
 120  125     -0.821      0.709      0.000
 121  126     -0.816     -0.540      0.000
 122  129     -0.815      0.049      0.000
 124  128     -0.810     -0.930      0.000
 125  130     -0.797     -0.253      0.000
  -1  122     -0.783      0.842      0.000
 128  132     -0.779      0.954      0.000
  -1   -2     -0.779     -0.542      0.000
 126   -2     -0.774      0.248      0.000
 130  133     -0.771     -0.670      0.000
 129  134     -0.771     -0.395      0.000
 131  136     -0.756     -0.942      0.000
 132  137     -0.749     -0.511      0.000
 134  138     -0.741     -0.205      0.000
 136  139     -0.739     -0.471      0.000
 137  140     -0.738      0.436      0.000
  -1   -2     -0.729     -0.966      0.000
 138  142     -0.725      0.079      0.000
 139   -2     -0.723      0.489      0.000
 140  143     -0.720      0.174      0.000
 141  145     -0.711      1.017      0.000
 142  144     -0.709     -1.014      0.000
 143  147     -0.700     -0.254      0.000
 144  146     -0.699      0.826      0.000
 145  150     -0.693     -0.030      0.000
 146  149     -0.691     -0.727      0.000
 147  151     -0.688     -0.460      0.000
 135  152     -0.684      0.606      0.000
 149  148     -0.680     -1.172      0.000
 150  153     -0.666     -0.875      0.000
 151  154     -0.666     -0.098      0.000
  -1   -2     -0.664      0.632      0.000
  -1  156     -0.651      1.037      0.000
 153  155     -0.651     -0.722      0.000
 154  157     -0.643      1.078      0.000
 155  159     -0.635     -0.234      0.000
 156  161     -0.624      0.396      0.000
 158  160     -0.620     -0.965      0.000
 159  162     -0.607     -1.040      0.000
 160  164     -0.598      0.282      0.000
 161  163     -0.598      0.962      0.000
  -1   -2     -0.586     -0.048      0.000
 163  165     -0.585     -0.142      0.000
  -1  171     -0.584      1.147      0.000
 164  166     -0.580     -0.594      0.000
 166   -2     -0.571      0.439      0.000
  -1   -2     -0.565     -0.913      0.000
 167  170     -0.556      0.859      0.000
 168  169     -0.551     -1.170      0.000
 170   -2     -0.549      1.127      0.000
 169  172     -0.544     -0.202      0.000
  -1   -2     -0.543      0.536      0.000
  -1  173     -0.540     -0.429      0.000
  -1  167     -0.536     -0.905      0.000
 173  174     -0.532      1.072      0.000
  -1  176     -0.530      0.775      0.000
 174  178     -0.525     -0.674      0.000
 172  180     -0.523      0.629      0.000
 175  179     -0.513     -0.504      0.000
  -1  168     -0.512      0.430      0.000
 178  181     -0.484     -0.725      0.000
 179  182     -0.478     -0.553      0.000
 180  183     -0.472      0.251      0.000
 181  184     -0.466     -0.835      0.000
 183  185     -0.457      0.438      0.000
 184   -2     -0.454     -0.619      0.000
  -1  187     -0.439     -0.320      0.000
 185  188     -0.437      0.725      0.000
 186  189     -0.437     -0.456      0.000
 187  190     -0.435     -0.133      0.000
 189  192     -0.427      1.061      0.000
 191  194     -0.418      0.902      0.000
 190  195     -0.416      0.826      0.000
 192  196     -0.414      0.334      0.000
 195  197     -0.406     -0.822      0.000
 194  198     -0.405      0.649      0.000
  -1   -2     -0.396      0.112      0.000
 196  199     -0.382     -0.297      0.000
 198   -2     -0.372      0.265      0.000
  -1   -2     -0.358     -1.169      0.000
  -1  200     -0.357     -0.686      0.000
  -1  201     -0.355      0.628      0.000
  -1  207     -0.350     -1.131      0.000
 200  203     -0.348      0.595      0.000
  -1  202     -0.346     -1.073      0.000
 201  204     -0.346      0.026      0.000
 202  205     -0.342     -0.767      0.000
 204  208     -0.331      1.069      0.000
 203  209     -0.329     -0.521      0.000
 205  210     -0.317     -0.811      0.000
  -1   -2     -0.313     -0.073      0.000
 206  211     -0.312      0.073      0.000
 207  212     -0.304      0.555      0.000
 208  213     -0.289     -0.687      0.000
  -1   -2     -0.288     -0.178      0.000
  -1  215     -0.280      0.815      0.000
 210  216     -0.270     -0.886      0.000
 209  214     -0.270     -1.168      0.000
 213  218     -0.261      0.854      0.000
 212   -2     -0.252     -0.613      0.000
 214  219     -0.248     -0.999      0.000
  -1   -2     -0.238      1.164      0.000
 215  220     -0.237      0.300      0.000
 216  224     -0.233     -1.098      0.000
 217  221     -0.229     -0.039      0.000
 218  222     -0.228      0.373      0.000
 219  223     -0.217     -0.580      0.000
  -1  225     -0.210     -0.482      0.000
 222  226     -0.209      0.257      0.000
 224  227     -0.201      0.473      0.000
 225  229     -0.186      0.183      0.000
 227  231     -0.178      1.040      0.000
 228  232     -0.178     -0.983      0.000
 226  230     -0.177     -0.099      0.000
  -1  238     -0.153      0.384      0.000
 221  233     -0.153     -0.210      0.000
 230  235     -0.152      0.269      0.000
 232  234     -0.150     -0.795      0.000
 235  237     -0.140     -0.450      0.000
 236   -2     -0.122      0.440      0.000
 237  239     -0.121      1.040      0.000
  -1  241     -0.101     -0.901      0.000
 239  242     -0.094      0.883      0.000
 238  240     -0.093     -0.279      0.000
 240   -2     -0.087     -0.850      0.000
 241  244     -0.080     -1.109      0.000
 254  243     -0.077     -1.163      0.000
 243   -2     -0.076     -0.318      0.000
 242   -2     -0.072     -0.071      0.000
 244  245     -0.070      0.989      0.000
  -1  247     -0.069      1.108      0.000
 245  246     -0.062      0.239      0.000
 246   -2     -0.053      0.422      0.000
 248  248     -0.042      0.053      0.000
 250   -2     -0.040      0.278      0.000
 249   -2     -0.035      0.944      0.000
  -1  249     -0.017      0.912      0.000
  -1  250     -0.013      0.261      0.000
  -1  252     -0.010     -0.008      0.000
 251   -2     -0.008      0.426      0.000
 252  251     -0.003      0.730      0.000
 253   -2     -0.003     -0.018      0.000
  -1   -2      0.003      0.116      0.000
  -1  253      0.037      1.122      0.000
 256   -2      0.039      0.477      0.000
 257  257      0.051      0.666      0.000
 259  258      0.055      0.127      0.000
 258  261      0.055     -0.666      0.000
 260  259      0.056     -0.820      0.000
 262  262      0.066     -0.019      0.000
  -1   -2      0.068      1.008      0.000
 263  264      0.069      0.097      0.000
  -1  265      0.070     -0.495      0.000
 264  260      0.082      0.337      0.000
  -1  254      0.092      0.459      0.000
 261   -2      0.094      0.864      0.000
 265  267      0.098     -0.164      0.000
 266   -2      0.101      0.299      0.000
  -1  268      0.105     -1.155      0.000
  -1  269      0.105      0.924      0.000
  -1   -2      0.106     -1.052      0.000
  -1  270      0.115     -0.130      0.000
 267  271      0.129     -0.317      0.000
 268  272      0.130     -0.401      0.000
 269  273      0.141      0.620      0.000
 255  282      0.147     -0.953      0.000
 271  278      0.149      0.497      0.000
 270  275      0.149     -0.460      0.000
 273  276      0.169      0.780      0.000
 274  277      0.175      0.275      0.000
  -1  279      0.186     -0.939      0.000
 275   -2      0.188     -0.485      0.000
 276  280      0.195     -0.300      0.000
 278  281      0.210     -0.760      0.000
  -1   -2      0.212     -0.969      0.000
 279  283      0.222      0.042      0.000
 280  284      0.225      0.977      0.000
 281  286      0.229     -0.643      0.000
  -1  287      0.231      0.717      0.000
  -1   -2      0.235      0.794      0.000
 282  288      0.235      0.410      0.000
 284  290      0.251     -0.085      0.000
 286  293      0.271     -0.454      0.000
 285  294      0.273     -1.124      0.000
 287  295      0.278     -0.241      0.000
 288  298      0.292     -0.620      0.000
 289  297      0.294      0.717      0.000
 290  299      0.299      0.915      0.000
  -1   -2      0.303      1.060      0.000
 291  300      0.308      0.846      0.000
 292  301      0.315      0.190      0.000
  -1   -2      0.317      0.584      0.000
  -1  302      0.321      0.532      0.000
 294  303      0.329     -1.166      0.000
  -1  304      0.345     -1.109      0.000
  -1  305      0.348     -0.218      0.000
  -1  306      0.350     -0.254      0.000
 295  307      0.358     -0.960      0.000
 298  309      0.360     -0.123      0.000
 296  308      0.360      0.436      0.000
 297  296      0.366      1.048      0.000
 299  310      0.367      0.057      0.000
 300  313      0.375     -1.024      0.000
  -1  312      0.376      0.773      0.000
 301  316      0.392     -0.616      0.000
 302  314      0.398      0.149      0.000
  -1   -2      0.402      0.818      0.000
 305  317      0.403     -0.284      0.000
 306  318      0.418     -0.909      0.000
 308  320      0.441     -0.697      0.000
 309  322      0.447     -0.291      0.000
 313  324      0.467     -0.509      0.000
 314  325      0.472      0.225      0.000
 315  326      0.474      1.147      0.000
 316  327      0.476      0.970      0.000
 318   -2      0.479     -0.929      0.000
  -1   -2      0.480     -1.122      0.000
 311  331      0.482      0.673      0.000
 319  330      0.484      0.131      0.000
 321  333      0.496     -0.451      0.000
 332  334      0.496      0.406      0.000
 323  337      0.520      0.009      0.000
  -1   -2      0.526      0.529      0.000
 325  339      0.527     -0.636      0.000
 326  338      0.527     -0.322      0.000
 327  328      0.536     -1.113      0.000
 330  342      0.563     -0.763      0.000
 331  341      0.563      0.567      0.000
 329  343      0.565     -0.495      0.000
  -1   -2      0.566      0.020      0.000
  -1   -2      0.570     -1.136      0.000
 333  345      0.570      0.463      0.000
 334  347      0.573      0.240      0.000
 335  348      0.576     -0.814      0.000
 336  346      0.577     -0.265      0.000
 337   -2      0.578      0.053      0.000
 338  349      0.581      0.170      0.000
 328   -2      0.584      1.069      0.000
 339  350      0.587      0.694      0.000
 340  351      0.589     -0.019      0.000
 342  352      0.595     -0.983      0.000
 341   -2      0.612      0.584      0.000
 343  355      0.617     -0.465      0.000
 345  354      0.617      0.240      0.000
 344  356      0.617     -0.863      0.000
  -1   -2      0.622     -0.768      0.000
  -1  353      0.624      0.524      0.000
 347  359      0.625      1.073      0.000
 348  357      0.626      1.129      0.000
 346   -2      0.626     -1.019      0.000
 349   -2      0.643     -1.170      0.000
 350  360      0.650      0.829      0.000
 351  361      0.652     -0.633      0.000
  -1   -2      0.654      0.656      0.000
 352  364      0.664     -0.731      0.000
 353  363      0.666      0.712      0.000
 354  365      0.684     -0.933      0.000
 357  367      0.693     -0.034      0.000
  -1   -2      0.693      0.162      0.000
 356  368      0.696      0.975      0.000
  -1  369      0.705     -0.209      0.000
  -1   -2      0.713     -0.464      0.000
 359  371      0.718      0.639      0.000
 360  372      0.723      0.386      0.000
 362   -2      0.728      0.417      0.000
 355   -2      0.729      0.060      0.000
 361  375      0.729     -1.002      0.000
 363  376      0.731     -0.772      0.000
 366   -2      0.745     -0.390      0.000
  -1  377      0.748     -0.427      0.000
 369  378      0.748      0.756      0.000
 365  380      0.755      0.992      0.000
 368  379      0.756     -1.054      0.000
 372  383      0.760      0.250      0.000
 371  381      0.767      0.683      0.000
  -1  382      0.768     -0.134      0.000
  -1  384      0.777      0.435      0.000
 370  385      0.780     -0.630      0.000
 374  386      0.781     -0.232      0.000
  -1  387      0.786     -0.446      0.000
 379   -2      0.789      1.078      0.000
 378  389      0.791      0.380      0.000
 375  390      0.791     -0.977      0.000
 377  388      0.793      0.905      0.000
  -1  391      0.800      1.005      0.000
 380  393      0.822     -1.101      0.000
 382  394      0.825     -0.339      0.000
 381  396      0.825     -0.777      0.000
 383  395      0.825     -0.596      0.000
 384  397      0.839     -1.043      0.000
 385  398      0.854     -0.848      0.000
  -1   -2      0.868     -0.282      0.000
 388  401      0.869     -1.156      0.000
 389  402      0.877      1.083      0.000
 390  403      0.882     -0.776      0.000
 391   -2      0.889      0.196      0.000
  -1  404      0.902      0.233      0.000
  -1   -2      0.905      1.084      0.000
 394  405      0.923     -0.876      0.000
  -1   -2      0.933     -1.082      0.000
 396  407      0.941      0.526      0.000
 398  408      0.947      0.770      0.000
 397  410      0.948     -0.814      0.000
 400  409      0.949      0.313      0.000
 399  412      0.950      1.057      0.000
 401  413      0.950      0.942      0.000
 402  411      0.950      0.270      0.000
 403   -2      0.957      0.990      0.000
 404  414      0.962     -0.887      0.000
 405  415      0.986     -0.063      0.000
 406  416      0.993     -0.470      0.000
  -1   -2      0.998     -0.728      0.000
 408  418      1.000     -0.562      0.000
 409  419      1.014     -0.292      0.000
 410  420      1.017      0.053      0.000
 411  422      1.037      0.670      0.000
 412  423      1.049      0.617      0.000
 415  424      1.056      0.569      0.000
 414  425      1.057      0.118      0.000
 413   -2      1.058     -0.354      0.000
 416  427      1.067      0.718      0.000
  -1   -2      1.069      0.446      0.000
 418  429      1.070      0.182      0.000
  -1  431      1.070     -0.120      0.000
 419  434      1.080     -0.647      0.000
 420  433      1.083      0.363      0.000
 421  435      1.088     -0.287      0.000
 422   -2      1.106     -1.061      0.000
 423  437      1.112     -0.196      0.000
 424  436      1.113     -1.105      0.000
 426  438      1.120      0.186      0.000
 425  442      1.132     -1.171      0.000
 417   -2      1.132     -0.018      0.000
 428  443      1.139     -0.733      0.000
 429  441      1.139     -0.295      0.000
 430  446      1.145      1.002      0.000
 432  444      1.145      0.472      0.000
 431  445      1.146     -0.395      0.000
 433  447      1.154      0.930      0.000
 434  449      1.160     -0.965      0.000
  -1   -2      1.162     -0.933      0.000
 436  450      1.162      0.404      0.000
 437  452      1.168     -0.880      0.000
 439  451      1.173     -0.085      0.000
 441  455      1.183      1.010      0.000
 442  453      1.185      0.804      0.000
 443  448      1.192      0.631      0.000
  -1   -2      1.196     -0.482      0.000
  -1   -2      1.199      0.022      0.000
  -1  440      1.206      0.318      0.000
  -1   -2      1.211      0.686      0.000
 445  457      1.214     -0.654      0.000
 446  458      1.218     -0.060      0.000
 448  459      1.255      0.219      0.000
 449  460      1.268      0.049      0.000
 450  461      1.271      0.124      0.000
 451  463      1.281     -0.621      0.000
 453  462      1.283      0.885      0.000
 458  467      1.296     -0.482      0.000
 457  471      1.305     -0.282      0.000
 460  469      1.309      1.032      0.000
  -1   -2      1.324     -0.041      0.000
  -1  470      1.325     -0.647      0.000
 463  477      1.356      0.246      0.000
 471  474      1.356     -1.167      0.000
 462  472      1.357     -0.629      0.000
 464  475      1.360     -0.722      0.000
 465  476      1.370     -1.103      0.000
 466  466      1.373     -0.893      0.000
 469   -2      1.375      1.028      0.000
 470   -2      1.392      0.275      0.000
  -1   -2      1.415     -1.122      0.000
 473  481      1.422      0.411      0.000
 474  484      1.457     -0.634      0.000
 475  485      1.458     -0.492      0.000
 476  488      1.468     -0.564      0.000
 477  489      1.473     -0.368      0.000
 478  491      1.496     -0.949      0.000
  -1   -2      1.496      0.056      0.000
  -1   -2      1.497      0.127      0.000
 479  490      1.497      0.156      0.000
 480  493      1.509     -0.309      0.000
 483  496      1.535      0.243      0.000
 484   -2      1.544      0.744      0.000
 485  498      1.548      0.603      0.000
 486  499      1.559     -1.130      0.000
 487  501      1.561     -0.334      0.000
