502
  -1   -2     -1.572     -0.462      0.000
   0    0     -1.567      0.876      0.000
   1   -2     -1.566      1.051      0.000
   9   -2     -1.551     -0.670      0.000
   4    2     -1.551     -0.996      0.000
   3    3     -1.550      0.381      0.000
   5    5     -1.532      0.055      0.000
   7    6     -1.520     -0.519      0.000
   8    7     -1.510     -0.335      0.000
  -1   -2     -1.506      1.094      0.000
  11    8     -1.495     -0.988      0.000
  12   10     -1.492     -0.044      0.000
  10    9     -1.492      0.007      0.000
  14   -2     -1.492      0.915      0.000
  13   11     -1.491      0.207      0.000
  -1   12     -1.483     -0.744      0.000
  15   13     -1.483      0.829      0.000
  16   14     -1.481     -0.557      0.000
  17   15     -1.477      0.789      0.000
  20   18     -1.464     -0.817      0.000
  19   17     -1.464      0.966      0.000
  -1   21     -1.457     -0.319      0.000
  21   22     -1.444      0.506      0.000
   6   -2     -1.435     -1.163      0.000
  22   23     -1.435     -0.052      0.000
  23   25     -1.428      0.706      0.000
  24   -2     -1.418      0.873      0.000
  25   26     -1.417     -0.476      0.000
  -1   27     -1.411     -0.713      0.000
  29   30     -1.393     -0.189      0.000
  -1   -2     -1.381      0.775      0.000
  31   33     -1.340      0.489      0.000
  32   34     -1.334      1.106      0.000
  -1   -2     -1.332     -1.054      0.000
  -1   -2     -1.329     -0.597      0.000
  33   31     -1.320      0.925      0.000
  34   35     -1.318     -0.677      0.000
  -1   -2     -1.317      0.523      0.000
  35   37     -1.309     -0.152      0.000
  -1   50     -1.302      0.295      0.000
  37   38     -1.301     -1.090      0.000
  -1   43     -1.300     -0.089      0.000
  38   39     -1.299     -0.788      0.000
  36   40     -1.298      0.751      0.000
  47   -2     -1.290     -1.173      0.000
  40   42     -1.287     -0.449      0.000
  41   49     -1.284      0.469      0.000
  42   44     -1.280      0.856      0.000
  43   46     -1.272     -0.997      0.000
  -1   45     -1.265      1.082      0.000
  39   48     -1.260      0.223      0.000
  45   47     -1.259      0.981      0.000
  48   53     -1.252      0.558      0.000
  49   51     -1.251     -0.358      0.000
  50   52     -1.248      0.759      0.000
  54   54     -1.245     -0.209      0.000
  51   -2     -1.245      0.450      0.000
  53   55     -1.239     -0.464      0.000
  -1   -2     -1.235     -0.857      0.000
  55   57     -1.234      1.150      0.000
  57   58     -1.217      0.385      0.000
  58   59     -1.211     -0.271      0.000
  59   -2     -1.207     -0.486      0.000
  -1   60     -1.204      0.761      0.000
  60   61     -1.203     -0.995      0.000
  62   62     -1.196     -1.163      0.000
  61   63     -1.195      0.656      0.000
  -1   64     -1.194     -0.581      0.000
  -1   -2     -1.184      0.486      0.000
  63   67     -1.167      0.340      0.000
  64   69     -1.155      1.125      0.000
  65   68     -1.149      0.901      0.000
  -1   -2     -1.146     -0.107      0.000
  66   70     -1.143     -0.975      0.000
  67   71     -1.139     -0.503      0.000
  68   72     -1.132     -1.014      0.000
  -1   -2     -1.123     -0.604      0.000
  -1   -2     -1.107     -0.792      0.000
  70   73     -1.106      0.617      0.000
  71   74     -1.100      1.154      0.000
  73   75     -1.092     -0.151      0.000
  -1   76     -1.085     -0.016      0.000
  -1   83     -1.082      0.349      0.000
  74   -2     -1.079     -0.017      0.000
  75   77     -1.077      0.840      0.000
  76   -2     -1.074     -0.068      0.000
  77   78     -1.072     -0.830      0.000
  79   81     -1.068      0.266      0.000
  78   82     -1.065     -0.234      0.000
  81   80     -1.062     -1.143      0.000
  -1   96     -1.062     -0.649      0.000
  82   84     -1.047      0.984      0.000
  80   -2     -1.046      0.324      0.000
  85   85     -1.039      0.407      0.000
  87   -2     -1.034      0.794      0.000
  88   -2     -1.028      0.725      0.000
  89   86     -1.020     -0.058      0.000
  90   87     -1.014      0.038      0.000
  92   88     -1.012     -1.166      0.000
  95   89     -1.005     -0.964      0.000
  93   90     -1.004     -0.471      0.000
  94   92     -1.002      0.388      0.000
  96   -2     -1.001      1.096      0.000
  97   93     -0.986      0.140      0.000
  -1   91     -0.967      1.121      0.000
  98   95     -0.966      0.753      0.000
 100   97     -0.961     -0.147      0.000
 101   -2     -0.960     -0.651      0.000
 104   -2     -0.952      0.574      0.000
 103  100     -0.936     -0.100      0.000
  -1   -2     -0.927      0.074      0.000
 105  101     -0.924     -0.453      0.000
 106  102     -0.922     -0.732      0.000
  -1   -2     -0.921      0.217      0.000
 107  104     -0.918     -0.786      0.000
  -1   -2     -0.913     -0.300      0.000
 109  106     -0.909     -1.020      0.000
 111  107     -0.902      1.124      0.000
 110  108     -0.898     -1.086      0.000
 113  111     -0.874     -1.168      0.000
  -1   -2     -0.872     -0.615      0.000
 114  109     -0.868      0.881      0.000
  -1   -2     -0.844     -0.085      0.000
 117   -2     -0.843      1.053      0.000
 118  112     -0.842     -0.771      0.000
 116  114     -0.842     -0.286      0.000
  -1   -2     -0.841      0.743      0.000
 119  113     -0.838      0.987      0.000
 120  115     -0.836      0.048      0.000
 121  118     -0.831      0.699      0.000
  -1   -2     -0.829     -0.820      0.000
 122  117     -0.826     -0.541      0.000
 124  116     -0.823      1.096      0.000
 125  119     -0.813     -0.252      0.000
 127  120     -0.806     -0.937      0.000
 126  121     -0.805      0.320      0.000
 129  122     -0.792      0.247      0.000
 130   -2     -0.791      0.841      0.000
 131  124     -0.784     -0.398      0.000
 132  123     -0.784      0.951      0.000
 133  125     -0.780     -0.670      0.000
 134  127     -0.760     -0.206      0.000
  -1  128     -0.758     -0.511      0.000
 135  130     -0.756      0.433      0.000
 137  131     -0.751     -0.470      0.000
 139  133     -0.745      0.080      0.000
 142  132     -0.743     -0.954      0.000
  -1  134     -0.740      0.488      0.000
 140  136     -0.738      0.173      0.000
 141  135     -0.736      0.960      0.000
 144  137     -0.714      1.012      0.000
 143  140     -0.712     -0.030      0.000
 145  139     -0.712     -0.251      0.000
 147  138     -0.708     -1.012      0.000
 146  141     -0.708      0.823      0.000
 148  142     -0.701     -0.458      0.000
 151  143     -0.698     -0.725      0.000
 150  144     -0.695      0.605      0.000
 152  146     -0.686     -0.097      0.000
 154  145     -0.682     -1.175      0.000
 153  147     -0.674     -0.874      0.000
 155  149     -0.658     -0.717      0.000
 156  151     -0.652     -0.234      0.000
 159  152     -0.646      1.074      0.000
 158  153     -0.641      0.383      0.000
 160  155     -0.622     -0.961      0.000
 161  157     -0.611      0.273      0.000
 162  156     -0.607     -1.038      0.000
 165  158     -0.603      0.956      0.000
 164  159     -0.600     -0.140      0.000
 166  160     -0.588     -0.590      0.000
  -1  161     -0.585      0.436      0.000
 169  163     -0.563      0.852      0.000
 170  164     -0.560     -0.190      0.000
  -1   -2     -0.549      1.121      0.000
 171  166     -0.547      0.632      0.000
  -1  165     -0.546      0.898      0.000
 172  167     -0.537      1.058      0.000
  -1  168     -0.531     -0.667      0.000
  -1  170     -0.525     -0.498      0.000
 174  172     -0.517      0.603      0.000
 176  173     -0.512      0.553      0.000
 177  171     -0.502     -1.171      0.000
  -1   -2     -0.497      0.094      0.000
 178  175     -0.490     -0.720      0.000
 180  174     -0.488      0.248      0.000
 173  194     -0.481     -0.546      0.000
 182  177     -0.470     -0.828      0.000
 183  178     -0.466     -1.108      0.000
 184  176     -0.461     -0.611      0.000
 185  181     -0.448     -0.450      0.000
 186  182     -0.447      0.716      0.000
  -1   -2     -0.431     -0.665      0.000
 187  184     -0.429      0.332      0.000
 190  186     -0.429      0.819      0.000
 189  183     -0.428      1.048      0.000
 188  185     -0.425      0.892      0.000
  -1  188     -0.423     -0.354      0.000
 191  189     -0.416      0.640      0.000
 193  190     -0.411     -0.813      0.000
 192  191     -0.411      0.111      0.000
 194  192     -0.396     -0.290      0.000
  -1  193     -0.386      0.255      0.000
  -1  195     -0.367      0.617      0.000
  -1  198     -0.358     -1.078      0.000
 195  196     -0.357      0.586      0.000
  -1   -2     -0.350      0.416      0.000
 198  197     -0.348     -0.756      0.000
 199  199     -0.342     -0.514      0.000
 211  187     -0.338     -1.056      0.000
 200  200     -0.334      1.055      0.000
 201  202     -0.322     -0.800      0.000
 202  203     -0.320      0.547      0.000
  -1  211     -0.312      1.156      0.000
  -1  204     -0.298     -0.171      0.000
  -1   -2     -0.295     -0.676      0.000
 205  205     -0.286     -0.368      0.000
 206  206     -0.274     -0.872      0.000
 207   -2     -0.271     -0.114      0.000
 208  207     -0.270     -1.166      0.000
  -1  208     -0.258     -0.604      0.000
 204   -2     -0.255      0.837      0.000
 210  210     -0.250      0.290      0.000
 212  213     -0.248      0.365      0.000
  -1  209     -0.248     -0.983      0.000
  -1  212     -0.240     -0.038      0.000
 214  214     -0.231     -1.091      0.000
 216   -2     -0.215     -0.210      0.000
 215  215     -0.215     -0.571      0.000
 218  216     -0.214     -0.472      0.000
 217  217     -0.213      0.460      0.000
 219  218     -0.195      0.182      0.000
 221  220     -0.180      1.022      0.000
  -1  221     -0.179     -0.968      0.000
 224  222     -0.162      0.265      0.000
 223  224     -0.161     -0.208      0.000
 227  226     -0.154     -0.780      0.000
 228  229     -0.144     -0.436      0.000
 230  230     -0.139      0.017      0.000
 231  231     -0.133      0.426      0.000
 229  233     -0.122     -1.132      0.000
 232  232     -0.122      1.020      0.000
 234   -2     -0.107     -0.895      0.000
  -1  235     -0.098     -0.610      0.000
 235  236     -0.098      0.864      0.000
 236   -2     -0.090     -0.835      0.000
 226  238     -0.083     -0.321      0.000
 240  239     -0.078     -1.092      0.000
 239  248     -0.074     -1.169      0.000
 241  240     -0.072      0.968      0.000
 242  241     -0.068      0.235      0.000
  -1   -2     -0.056      1.077      0.000
 245  243     -0.051      0.052      0.000
  -1  245     -0.037      0.922      0.000
  -1   -2     -0.028     -0.126      0.000
 249  246     -0.022      0.257      0.000
 247   -2     -0.019      0.902      0.000
  -1  249     -0.016      0.622      0.000
 251  247     -0.008     -0.016      0.000
 250  251     -0.008      0.713      0.000
  -1   -2      0.005     -0.950      0.000
 252  253      0.033      0.468      0.000
 253  255      0.038      1.106      0.000
 254  256      0.049      0.654      0.000
 264  257      0.055     -0.652      0.000
 259   -2      0.056      0.875      0.000
 256  258      0.056     -0.800      0.000
 258  254      0.056     -1.092      0.000
  -1  259      0.058     -0.310      0.000
 257  260      0.058      0.110      0.000
 260  261      0.063     -0.006      0.000
 261  262      0.067     -0.483      0.000
 263  263      0.077      0.328      0.000
 266  264      0.084     -1.159      0.000
 268  266      0.097      0.294      0.000
 267  265      0.097     -0.162      0.000
 269   -2      0.102     -1.034      0.000
  -1   -2      0.109     -1.089      0.000
 270  267      0.111      0.900      0.000
  -1   -2      0.117      0.052      0.000
 272  268      0.126     -0.307      0.000
 271  269      0.128     -0.391      0.000
  -1   -2      0.131      1.115      0.000
 273  270      0.135     -1.110      0.000
  -1   -2      0.137      0.698      0.000
 275  271      0.141      0.607      0.000
  -1  273      0.144     -0.915      0.000
 276  272      0.145      0.479      0.000
 277   -2      0.145     -0.955      0.000
 278  274      0.171      0.763      0.000
 279  275      0.173      0.267      0.000
 274  276      0.179     -0.467      0.000
 280   -2      0.186     -0.918      0.000
 282  277      0.194     -0.293      0.000
 283  278      0.201     -1.128      0.000
 284   -2      0.208     -0.952      0.000
 285  279      0.211     -0.742      0.000
 286   -2      0.222      0.042      0.000
 287  281      0.224     -0.372      0.000
 288  282      0.227      0.954      0.000
 289  284      0.229     -0.628      0.000
 292  285      0.233     -1.153      0.000
 293  286      0.236      0.401      0.000
  -1   -2      0.242      0.326      0.000
 294  287      0.251     -0.081      0.000
 296  289      0.271     -1.109      0.000
 297  290      0.278     -0.233      0.000
 298  291      0.284      1.117      0.000
 301  292      0.292      0.705      0.000
 300  299      0.295     -1.172      0.000
 299  293      0.296     -0.612      0.000
 302  294      0.301      0.895      0.000
 314   -2      0.303      1.039      0.000
 303  295      0.307     -0.760      0.000
 304  296      0.310      0.828      0.000
 305  298      0.317      0.187      0.000
 306  300      0.323      0.513      0.000
 308   -2      0.344     -1.091      0.000
 310   -2      0.356     -0.214      0.000
  -1   -2      0.357     -1.024      0.000
 311  301      0.358     -0.943      0.000
 309   -2      0.363     -0.118      0.000
 313   -2      0.367      0.426      0.000
 325  280      0.372      0.052      0.000
 317  306      0.379      0.755      0.000
 315  305      0.381     -1.001      0.000
  -1  307      0.397      0.256      0.000
 319  308      0.401     -0.600      0.000
 320  309      0.407     -0.277      0.000
  -1  310      0.407      0.799      0.000
 321  311      0.419     -0.898      0.000
 322  312      0.427      0.854      0.000
 323  313      0.442     -0.685      0.000
  -1  314      0.445     -1.162      0.000
 324  315      0.450     -0.285      0.000
 326  316      0.457     -0.327      0.000
  -1   -2      0.466      0.694      0.000
 332  318      0.477      0.219      0.000
 330  320      0.478      0.950      0.000
 329  319      0.479      1.136      0.000
 334   -2      0.485     -0.910      0.000
 333  322      0.485     -0.615      0.000
 336  324      0.491      0.128      0.000
 337   -2      0.498      0.670      0.000
 338  325      0.500     -0.445      0.000
 339  327      0.522      0.009      0.000
 341  329      0.530     -0.627      0.000
  -1   -2      0.532      0.516      0.000
 342  330      0.533     -0.316      0.000
 344  332      0.546      1.054      0.000
 343  331      0.546     -1.105      0.000
 345   -2      0.552     -0.100      0.000
 346   -2      0.553      0.366      0.000
 347  334      0.564     -0.751      0.000
 348  333      0.570     -0.488      0.000
 349  335      0.573      0.546      0.000
 352  337      0.577      0.455      0.000
 350   -2      0.579     -0.806      0.000
 353  336      0.579      0.405      0.000
 354  338      0.583      0.236      0.000
 355  340      0.593      0.682      0.000
  -1   -2      0.598      0.811      0.000
 356  343      0.598     -0.019      0.000
  -1  344      0.604      0.502      0.000
 351  342      0.608     -1.167      0.000
 359  347      0.617     -0.857      0.000
 360  345      0.620      0.572      0.000
 361  346      0.621     -0.458      0.000
  -1   -2      0.626      0.233      0.000
 363  348      0.626      1.060      0.000
 358  349      0.627     -1.009      0.000
  -1   -2      0.627     -0.601      0.000
 362  350      0.629      1.106      0.000
 364  353      0.656     -0.626      0.000
 365  354      0.658      0.814      0.000
  -1  352      0.660      0.536      0.000
 367  355      0.666     -0.725      0.000
 368  356      0.673      0.699      0.000
 369  357      0.684     -0.928      0.000
 370  358      0.692     -0.578      0.000
 371   -2      0.700      0.963      0.000
 372  359      0.705     -0.035      0.000
 373  360      0.718     -1.088      0.000
 374  362      0.726     -0.999      0.000
 375  361      0.726      0.626      0.000
 377   -2      0.734      0.379      0.000
 376  365      0.736     -0.774      0.000
  -1  364      0.739      0.410      0.000
  -1  366      0.745     -0.343      0.000
 381  368      0.748      0.981      0.000
 378  370      0.755     -1.049      0.000
 382  371      0.756      0.744      0.000
  -1  369      0.762     -0.414      0.000
 380   -2      0.765      0.110      0.000
 383  372      0.776      0.671      0.000
  -1  373      0.777     -0.627      0.000
  -1  374      0.779     -0.139      0.000
 384  375      0.790     -0.231      0.000
 385  380      0.791     -0.974      0.000
 386  378      0.795      0.892      0.000
 388  379      0.804      0.372      0.000
 390  381      0.825     -1.100      0.000
  -1  382      0.827     -0.775      0.000
 392  383      0.830     -0.594      0.000
 393  384      0.833     -0.339      0.000
 394  385      0.837     -1.041      0.000
 391   -2      0.854     -0.847      0.000
 396  387      0.866     -1.126      0.000
  -1   -2      0.878      0.093      0.000
 398  388      0.878      1.073      0.000
 389  406      0.880     -1.163      0.000
 397  390      0.885     -0.776      0.000
  -1   -2      0.905     -0.448      0.000
  -1  392      0.906      1.074      0.000
 399  393      0.909      0.194      0.000
  -1  394      0.924     -0.877      0.000
  -1  395      0.928      0.700      0.000
 400  397      0.934     -0.608      0.000
  -1  396      0.935     -1.080      0.000
 403  399      0.951     -0.815      0.000
 405  398      0.951      0.521      0.000
 406  400      0.952      1.048      0.000
 408  401      0.957      0.763      0.000
 407  402      0.960      0.946      0.000
 409  405      0.963     -0.890      0.000
 411  403      0.965      0.307      0.000
 412  404      0.966      0.264      0.000
 414  407      0.999     -0.066      0.000
 413  408      1.000     -0.473      0.000
 415  410      1.005     -0.567      0.000
 416  411      1.019     -0.287      0.000
 421  415      1.059     -0.354      0.000
 424  416      1.066      0.616      0.000
 426  417      1.070      0.565      0.000
 427  418      1.072      0.114      0.000
 429  413      1.077      0.723      0.000
 428  420      1.083     -0.654      0.000
 430   -2      1.086      0.071      0.000
 435  421      1.098      0.358      0.000
 433  422      1.103     -1.066      0.000
 436  425      1.117     -1.175      0.000
  -1   -2      1.130     -0.343      0.000
 438  426      1.135      0.182      0.000
 439  427      1.141     -0.740      0.000
 440  424      1.148     -0.299      0.000
 442  428      1.153     -0.398      0.000
 445  429      1.158      0.471      0.000
 443  431      1.159     -0.976      0.000
 444  430      1.159      0.928      0.000
 446  432      1.172     -0.891      0.000
 447  433      1.180      0.404      0.000
 448  434      1.184     -0.090      0.000
 441  436      1.186      1.009      0.000
  -1   -2      1.191      0.054      0.000
 450   -2      1.195      0.803      0.000
 451   -2      1.202      0.633      0.000
 455  440      1.215      0.681      0.000
 452  438      1.217     -0.663      0.000
  -1  443      1.222     -0.426      0.000
  -1  439      1.223      0.319      0.000
 456  442      1.229     -0.065      0.000
  -1   -2      1.246     -1.168      0.000
  -1  437      1.266      0.563      0.000
 458  444      1.268      0.229      0.000
 463  446      1.279      0.047      0.000
 461  445      1.280      0.986      0.000
  -1  447      1.281      0.123      0.000
 465  448      1.284     -0.632      0.000
  -1   -2      1.289     -0.711      0.000
 467  449      1.290      0.890      0.000
  -1   -2      1.291     -0.936      0.000
 460  456      1.300     -1.173      0.000
 469  450      1.301     -1.127      0.000
 470  452      1.302     -0.491      0.000
 471  453      1.313      1.035      0.000
 473  455      1.342     -0.651      0.000
  -1  457      1.360      0.991      0.000
 476  458      1.361     -0.735      0.000
 478  461      1.369     -1.117      0.000
  -1  460      1.373     -0.904      0.000
 480  462      1.403      0.275      0.000
  -1   -2      1.404     -1.162      0.000
 481  471      1.411      0.033      0.000
 482  464      1.435      0.415      0.000
 483  465      1.438     -0.393      0.000
 484   -2      1.445      0.488      0.000
  -1   -2      1.451     -0.232      0.000
 487  467      1.460     -0.649      0.000
 488  468      1.465     -0.509      0.000
 490  469      1.469     -0.579      0.000
 491  470      1.478     -0.381      0.000
 492  472      1.482      0.478      0.000
 493  474      1.497     -0.968      0.000
 495  466      1.497     -1.139      0.000
 494  475      1.506      0.156      0.000
  -1  476      1.512     -0.317      0.000
 497  477      1.544      0.243      0.000
  -1  478      1.545      1.153      0.000
 496   -2      1.545     -0.665      0.000
 498  479      1.556      0.614      0.000
 499  480      1.562     -0.428      0.000
 500  481      1.564     -0.350      0.000
