501
   1    1     -1.567      0.881      0.000
  -1    2     -1.566      1.055      0.000
   2   -2     -1.558      0.667      0.000
   3    5     -1.552      0.382      0.000
   4    4     -1.548     -1.000      0.000
   5    6     -1.531      0.053      0.000
  -1   23     -1.523     -1.172      0.000
   6    7     -1.519     -0.523      0.000
   7    8     -1.512     -0.335      0.000
  16    3     -1.502     -0.716      0.000
   8   12     -1.501      0.007      0.000
   9   10     -1.499     -0.989      0.000
  10   11     -1.494     -0.046      0.000
  12   14     -1.493      0.207      0.000
  13   13     -1.492      0.920      0.000
  14   16     -1.481      0.833      0.000
  15   17     -1.481     -0.561      0.000
  17   18     -1.477      0.793      0.000
  20   -2     -1.465     -0.962      0.000
  18   20     -1.465      0.970      0.000
  19   19     -1.464     -0.821      0.000
  -1   22     -1.447      0.504      0.000
  21   24     -1.438     -0.053      0.000
  -1   25     -1.430      0.709      0.000
  -1   26     -1.420      0.877      0.000
  22   27     -1.417     -0.479      0.000
  24   -2     -1.404      0.645      0.000
  25   -2     -1.402     -0.919      0.000
  -1   -2     -1.396     -1.155      0.000
  27   29     -1.393     -0.190      0.000
  -1   -2     -1.361      0.933      0.000
  31   31     -1.342      0.491      0.000
  33   32     -1.331      1.109      0.000
  35   35     -1.319      0.932      0.000
  36   36     -1.318     -0.680      0.000
  37   38     -1.313     -0.154      0.000
  38   43     -1.300      0.752      0.000
  40   40     -1.299     -1.093      0.000
  39   42     -1.298     -0.791      0.000
  29   50     -1.295      0.302      0.000
  41   45     -1.289     -0.453      0.000
  42   46     -1.287      0.471      0.000
  43   47     -1.281      0.859      0.000
  44   48     -1.273     -0.999      0.000
  -1   -2     -1.265     -0.759      0.000
  46   51     -1.264      0.976      0.000
  45   -2     -1.263      0.217      0.000
  -1   44     -1.260     -1.136      0.000
  49   52     -1.252      0.559      0.000
  48   53     -1.252     -0.360      0.000
  50   54     -1.250      0.761      0.000
  52   56     -1.247      0.452      0.000
  53   -2     -1.245     -1.022      0.000
  54   57     -1.241     -0.466      0.000
  57   55     -1.235     -0.215      0.000
  55   59     -1.232      1.151      0.000
  -1   -2     -1.228     -0.692      0.000
  56   60     -1.221      0.386      0.000
  58   61     -1.213     -0.272      0.000
  -1   62     -1.208     -0.485      0.000
  61   64     -1.203     -0.998      0.000
  62   66     -1.197      0.658      0.000
  -1   65     -1.195     -1.163      0.000
  63   69     -1.171      0.340      0.000
  65   70     -1.153      1.124      0.000
  66   71     -1.148      0.903      0.000
  68   73     -1.141     -0.978      0.000
  67   74     -1.141     -0.505      0.000
  69   75     -1.130     -1.016      0.000
  -1   -2     -1.118      0.543      0.000
  70   78     -1.106      0.618      0.000
  71   79     -1.098      1.154      0.000
  -1   -2     -1.095     -1.175      0.000
  72   80     -1.095     -0.152      0.000
  73   83     -1.082     -0.021      0.000
  74   84     -1.077      0.840      0.000
  -1   85     -1.076     -0.069      0.000
  76   86     -1.072     -0.833      0.000
  77   88     -1.069     -0.235      0.000
  75   87     -1.068      0.267      0.000
  78   92     -1.063      0.334      0.000
  -1   89     -1.057     -1.141      0.000
  -1   91     -1.056      1.030      0.000
  79   -2     -1.049      0.444      0.000
  80   -2     -1.047      0.986      0.000
  81   93     -1.041      0.407      0.000
  -1   -2     -1.041     -1.069      0.000
  -1   94     -1.035      0.794      0.000
  83   95     -1.029      0.726      0.000
  82   96     -1.024     -0.058      0.000
  85   97     -1.017      0.038      0.000
  -1   -2     -1.015     -0.237      0.000
  84   98     -1.009     -1.165      0.000
  88  100     -1.007     -0.472      0.000
  87  101     -1.005      0.389      0.000
  89   99     -1.004     -0.965      0.000
  90  102     -1.000      1.097      0.000
  91  103     -0.991      0.140      0.000
  92  105     -0.969      0.753      0.000
  93   -2     -0.967      0.940      0.000
  94  106     -0.964     -0.147      0.000
  95  107     -0.959     -0.651      0.000
  -1   -2     -0.948     -1.107      0.000
  97  109     -0.940     -0.100      0.000
  -1  108     -0.935      0.506      0.000
  99  111     -0.927     -0.452      0.000
 101  112     -0.922     -0.734      0.000
 102  114     -0.918     -0.789      0.000
 103   -2     -0.908      0.821      0.000
 104  116     -0.908     -1.021      0.000
 105  118     -0.903     -1.091      0.000
 106  117     -0.899      1.127      0.000
  -1   -2     -0.872     -0.615      0.000
 107  119     -0.870     -1.168      0.000
 109  121     -0.869      0.880      0.000
  -1   -2     -0.845     -0.086      0.000
 110  125     -0.844     -0.286      0.000
 112  123     -0.842      1.053      0.000
 113  124     -0.842     -0.771      0.000
 115  127     -0.838      0.987      0.000
 111  128     -0.837      0.049      0.000
 117  129     -0.834      0.700      0.000
 118  131     -0.827     -0.541      0.000
  -1   -2     -0.826      0.377      0.000
 119  132     -0.821      1.095      0.000
 120  133     -0.816     -0.253      0.000
 121  135     -0.808      0.320      0.000
 122  134     -0.807     -0.935      0.000
 123   -2     -0.801      0.282      0.000
 125  136     -0.795      0.247      0.000
 116  137     -0.792      0.841      0.000
 126  138     -0.784     -0.389      0.000
 127  139     -0.783      0.951      0.000
 128  140     -0.780     -0.671      0.000
 129  141     -0.766     -0.206      0.000
 130  143     -0.759      0.433      0.000
 132   -2     -0.756     -0.943      0.000
 131  144     -0.753     -0.470      0.000
 134   -2     -0.753     -1.157      0.000
 133  145     -0.746      0.078      0.000
 135  148     -0.741      0.174      0.000
  -1  149     -0.737      0.958      0.000
 137  146     -0.728     -0.966      0.000
 138  151     -0.717     -0.031      0.000
 140  150     -0.714      1.012      0.000
 139  152     -0.714     -0.251      0.000
 141  154     -0.709      0.821      0.000
  -1  153     -0.707     -1.013      0.000
 142  155     -0.703     -0.458      0.000
  -1   -2     -0.700     -1.095      0.000
 143  157     -0.700      0.601      0.000
 144  156     -0.699     -0.724      0.000
 145  158     -0.688     -0.098      0.000
 146  160     -0.674     -0.874      0.000
 147  159     -0.673     -1.171      0.000
 149  161     -0.658     -0.717      0.000
 150  162     -0.654     -0.232      0.000
 152   -2     -0.654      0.999      0.000
 153  164     -0.646      0.390      0.000
 154  163     -0.645      1.074      0.000
 156  165     -0.621     -0.961      0.000
 155  166     -0.615      0.274      0.000
 158  167     -0.606     -1.037      0.000
  -1   -2     -0.606     -0.048      0.000
 157  169     -0.605     -0.141      0.000
 159  168     -0.603      0.955      0.000
 161  170     -0.589     -0.590      0.000
 163   -2     -0.570     -0.222      0.000
 166   -2     -0.568     -0.922      0.000
 164  172     -0.564      0.850      0.000
 165  173     -0.563     -0.190      0.000
 168  175     -0.549      0.629      0.000
 170  177     -0.534      1.061      0.000
 167  186     -0.530     -0.495      0.000
 173  180     -0.519      0.601      0.000
  -1   -2     -0.514      0.250      0.000
  -1  181     -0.513      0.553      0.000
 174  182     -0.509     -1.173      0.000
 178  184     -0.492     -0.718      0.000
 177   -2     -0.485     -0.544      0.000
 175  185     -0.484      0.246      0.000
  -1   -2     -0.474      0.432      0.000
 179  187     -0.470     -0.827      0.000
  -1  188     -0.466     -1.107      0.000
 180  189     -0.463     -0.610      0.000
 182  190     -0.450     -0.448      0.000
 183  191     -0.449      0.713      0.000
 185  193     -0.433      0.331      0.000
 186  196     -0.430      0.889      0.000
 188  195     -0.428      1.045      0.000
 187  194     -0.426      0.814      0.000
 189  198     -0.417      0.638      0.000
 190  200     -0.416      0.109      0.000
 191  199     -0.411     -0.811      0.000
 192  201     -0.398     -0.289      0.000
 194  205     -0.365      0.597      0.000
  -1   -2     -0.359     -1.135      0.000
  -1   -2     -0.353      0.414      0.000
 197  207     -0.349     -0.754      0.000
 198  208     -0.343     -0.513      0.000
 199  210     -0.333      1.051      0.000
 204  211     -0.322     -0.797      0.000
 203  212     -0.322      0.544      0.000
  -1   -2     -0.294     -0.673      0.000
 205  221     -0.286      0.801      0.000
  -1  216     -0.284     -0.381      0.000
 209  217     -0.274     -0.870      0.000
 208  218     -0.273     -0.113      0.000
 207  219     -0.273     -1.134      0.000
 211   -2     -0.260     -1.170      0.000
 213  222     -0.252      0.289      0.000
 225  209     -0.248     -0.980      0.000
  -1  223     -0.244      0.364      0.000
 202   -2     -0.242     -0.037      0.000
 216  226     -0.230     -1.092      0.000
 217  228     -0.221     -0.567      0.000
 220  227     -0.215     -0.211      0.000
 221  230     -0.215      0.458      0.000
 219  229     -0.214     -0.469      0.000
 222  231     -0.198      0.181      0.000
 223   -2     -0.192     -0.090      0.000
 224  232     -0.182      1.012      0.000
  -1   -2     -0.175      0.820      0.000
 227  235     -0.164     -0.203      0.000
 226  234     -0.164      0.264      0.000
  -1   -2     -0.155     -0.596      0.000
  -1  246     -0.154     -0.338      0.000
 228  236     -0.154     -0.777      0.000
 230  237     -0.144     -0.434      0.000
  -1  240     -0.140     -1.123      0.000
 231  238     -0.139      0.018      0.000
 232  239     -0.135      0.423      0.000
 233  241     -0.122      1.017      0.000
 234   -2     -0.114     -0.267      0.000
  -1  242     -0.106     -0.890      0.000
 235  244     -0.098      0.860      0.000
 236  245     -0.090     -0.828      0.000
 238   -2     -0.084     -0.307      0.000
  -1   -2     -0.084     -1.132      0.000
 237  248     -0.077     -1.165      0.000
 239  247     -0.077     -1.087      0.000
 240  249     -0.072      0.964      0.000
 241  250     -0.070      0.235      0.000
 242   -2     -0.058      0.405      0.000
  -1   -2     -0.057      1.072      0.000
 243  252     -0.052      0.052      0.000
  -1   -2     -0.046      0.273      0.000
 244  256     -0.030      0.909      0.000
 246   -2     -0.014      0.412      0.000
 247  255     -0.014      0.249      0.000
  -1  259     -0.008      0.710      0.000
 248  258     -0.007     -0.019      0.000
 252  261      0.037      0.462      0.000
 255  262      0.039      1.095      0.000
 256  263      0.050      0.648      0.000
 257   -2      0.054     -0.649      0.000
 258  266      0.057     -0.796      0.000
 259  269      0.058      0.109      0.000
  -1  267      0.059     -1.085      0.000
  -1  265      0.060      0.869      0.000
 260  270      0.063     -0.007      0.000
  -1  271      0.067     -0.480      0.000
  -1   -2      0.068     -0.687      0.000
 261  272      0.076      0.324      0.000
  -1  264      0.078     -0.611      0.000
 262   -2      0.092     -0.652      0.000
 263  273      0.094     -1.159      0.000
 264  275      0.096     -0.163      0.000
 265  274      0.098      0.290      0.000
 266  276      0.103     -1.030      0.000
 267  278      0.105      0.898      0.000
 269  281      0.120     -0.384      0.000
 270  280      0.122     -0.304      0.000
 271  283      0.134     -1.107      0.000
 273  291      0.140     -0.449      0.000
 272  285      0.141      0.604      0.000
 275  287      0.145      0.475      0.000
 274  288      0.145     -0.949      0.000
 276  289      0.171      0.758      0.000
 277  290      0.176      0.266      0.000
 278  292      0.186     -0.914      0.000
 284   -2      0.187     -0.467      0.000
 280  293      0.195     -0.290      0.000
 281  294      0.201     -1.128      0.000
  -1  295      0.205     -0.949      0.000
 282  296      0.212     -0.738      0.000
 285  297      0.225      0.042      0.000
 286  298      0.225     -0.371      0.000
 287  299      0.228      0.950      0.000
 288  300      0.229     -0.624      0.000
 291   -2      0.230      0.786      0.000
 290   -2      0.232     -0.276      0.000
 283  301      0.233     -1.148      0.000
 289  302      0.237      0.398      0.000
 292  304      0.253     -0.080      0.000
 293   -2      0.267     -0.441      0.000
 294  305      0.272     -1.106      0.000
 295  306      0.279     -0.232      0.000
  -1  307      0.294      1.119      0.000
  -1  310      0.294     -0.611      0.000
 297  309      0.295     -1.172      0.000
  -1  308      0.300      0.696      0.000
 299  311      0.303      0.890      0.000
 300  313      0.307     -0.756      0.000
 301  314      0.312      0.823      0.000
 302  315      0.319      0.186      0.000
 303  316      0.327      0.517      0.000
 296   -2      0.334      0.125      0.000
 305  317      0.344     -1.087      0.000
 306  321      0.347     -0.032      0.000
 307  318      0.356     -0.220      0.000
 309  320      0.359     -0.938      0.000
  -1   -2      0.364     -0.118      0.000
 310  322      0.368      0.423      0.000
 311  312      0.369      1.023      0.000
 312  325      0.373     -1.006      0.000
 313   -2      0.374      0.056      0.000
 315  324      0.381      0.752      0.000
 308   -2      0.390      0.264      0.000
 316  327      0.401     -0.597      0.000
 317  328      0.409     -0.275      0.000
 318  330      0.421     -0.896      0.000
 319  331      0.429      0.847      0.000
 320  332      0.443     -0.681      0.000
 322  334      0.452     -0.284      0.000
 323  323      0.455      0.050      0.000
 324  335      0.458     -0.326      0.000
 314   -2      0.463      0.666      0.000
  -1   -2      0.466     -0.132      0.000
 326  339      0.475      1.123      0.000
 327  338      0.479      0.947      0.000
 331   -2      0.479     -1.115      0.000
 328  337      0.480      0.218      0.000
  -1  341      0.486     -0.614      0.000
  -1  340      0.487     -0.909      0.000
  -1   -2      0.490      0.772      0.000
 329  342      0.494      0.128      0.000
  -1  343      0.498      0.669      0.000
 330  344      0.501     -0.443      0.000
 333  345      0.530      0.009      0.000
  -1   -2      0.531      0.750      0.000
 334  346      0.532     -0.625      0.000
 335  348      0.533     -0.315      0.000
 336  350      0.538     -1.098      0.000
 337  349      0.550      1.049      0.000
 338  351      0.554     -0.091      0.000
 339  352      0.555      0.370      0.000
 332  353      0.558     -0.753      0.000
 340  354      0.563     -0.485      0.000
 342  355      0.575      0.547      0.000
 345  357      0.578     -0.802      0.000
  -1  364      0.578     -1.167      0.000
 344  356      0.579      0.452      0.000
 346  358      0.583      0.404      0.000
 350  359      0.588      0.233      0.000
 347  360      0.595      0.680      0.000
 349  362      0.603     -0.019      0.000
  -1   -2      0.610     -0.949      0.000
 352  370      0.619     -1.002      0.000
 353  365      0.619     -0.856      0.000
 355  366      0.623      0.569      0.000
 354  367      0.623     -0.457      0.000
 356  372      0.629      1.106      0.000
 357  369      0.631      1.054      0.000
 360  373      0.657     -0.624      0.000
 361  374      0.661      0.810      0.000
 363   -2      0.668      0.640      0.000
 362  376      0.669     -0.721      0.000
 364  377      0.678      0.695      0.000
 365  378      0.684     -0.926      0.000
 367  379      0.696     -0.577      0.000
  -1  380      0.705      0.954      0.000
 368  381      0.707     -0.036      0.000
  -1  382      0.714     -1.089      0.000
 371  383      0.730     -0.995      0.000
 372  384      0.734      0.623      0.000
 373  386      0.739     -0.774      0.000
 374  385      0.740      0.394      0.000
 375  390      0.755     -1.049      0.000
 369   -2      0.756     -0.406      0.000
 378  393      0.761      0.105      0.000
 388  389      0.761      0.975      0.000
 377  391      0.771      0.744      0.000
 382  394      0.780      0.669      0.000
 387  397      0.791     -0.232      0.000
 385  398      0.791     -0.973      0.000
 389  399      0.799      0.893      0.000
  -1   -2      0.807      0.986      0.000
 390  400      0.808      0.371      0.000
  -1  410      0.814     -1.168      0.000
 392  401      0.824     -1.096      0.000
 386  406      0.827     -0.774      0.000
 394  403      0.832     -0.594      0.000
 396  404      0.836     -0.338      0.000
 395  405      0.838     -1.041      0.000
 397   -2      0.855     -0.847      0.000
 398  407      0.866     -1.126      0.000
 400  411      0.886     -0.776      0.000
 401  409      0.890      1.070      0.000
 403  414      0.919      0.193      0.000
 405  417      0.935     -0.608      0.000
 417   -2      0.944     -0.662      0.000
  -1   -2      0.949     -1.159      0.000
 406  419      0.952     -0.816      0.000
  -1   -2      0.954     -0.096      0.000
 410  420      0.955      0.519      0.000
 408  421      0.955      1.046      0.000
 411  423      0.959      0.932      0.000
 404  422      0.960      0.761      0.000
 412  424      0.964     -0.891      0.000
 413   -2      0.964      0.979      0.000
  -1  425      0.970      0.305      0.000
 414  426      0.971      0.263      0.000
 416  428      1.000     -0.475      0.000
 418  427      1.006     -0.069      0.000
 419  429      1.007     -0.567      0.000
 420  430      1.020     -0.287      0.000
  -1   -2      1.025     -0.231      0.000
 422   -2      1.031     -0.879      0.000
  -1   -2      1.037      0.924      0.000
  -1   -2      1.046     -0.185      0.000
 424  431      1.051     -0.333      0.000
 425   -2      1.054     -0.954      0.000
 426   -2      1.054      0.666      0.000
 428  432      1.069      0.614      0.000
 427   -2      1.070      1.162      0.000
 429  433      1.075      0.565      0.000
 430  434      1.076      0.113      0.000
 431  436      1.084     -0.655      0.000
 433  435      1.085      0.717      0.000
 432  437      1.087      0.067      0.000
  -1   -2      1.092      0.441      0.000
 434   -2      1.096     -0.265      0.000
 437  439      1.101     -1.071      0.000
 438   -2      1.101     -0.298      0.000
 439  438      1.103      0.358      0.000
 440  440      1.116     -1.174      0.000
 441   -2      1.127     -0.204      0.000
 442  442      1.140      0.182      0.000
 436  443      1.144     -0.742      0.000
 445  444      1.151     -0.301      0.000
 444  452      1.153      1.144      0.000
 446  445      1.156     -0.398      0.000
 447  447      1.160     -0.981      0.000
 448  448      1.162      0.927      0.000
 449  446      1.163      0.470      0.000
 450  449      1.166     -0.897      0.000
 451  450      1.184      0.404      0.000
 453  451      1.188     -0.092      0.000
 452   -2      1.189      1.007      0.000
 454  454      1.199      0.802      0.000
 456  455      1.208      0.631      0.000
 457  457      1.220     -0.672      0.000
 458   -2      1.227      1.124      0.000
 459   -2      1.228     -0.199      0.000
 460  456      1.229      0.690      0.000
 461  460      1.234     -0.067      0.000
  -1   -2      1.234     -1.067      0.000
 463  463      1.271      0.226      0.000
  -1   -2      1.276     -0.672      0.000
  -1  471      1.277     -1.173      0.000
 462  465      1.278      0.983      0.000
  -1   -2      1.278     -1.003      0.000
  -1  464      1.283      0.045      0.000
 466   -2      1.284      0.121      0.000
 467  467      1.285     -0.635      0.000
  -1   -2      1.291     -0.714      0.000
 469  469      1.293      0.891      0.000
  -1   -2      1.300      0.728      0.000
 470  472      1.303     -1.136      0.000
 471  473      1.306     -0.496      0.000
 472  474      1.314      1.035      0.000
 473   -2      1.322     -0.045      0.000
 474  475      1.329     -0.662      0.000
  -1   -2      1.343     -0.607      0.000
 476   -2      1.361     -0.646      0.000
 477  477      1.362     -0.738      0.000
 480   -2      1.369      0.251      0.000
 475  478      1.383     -1.142      0.000
 482   -2      1.390      0.415      0.000
 483  480      1.405      0.275      0.000
 484  482      1.413      0.033      0.000
 486  483      1.436      0.409      0.000
  -1  484      1.439     -0.394      0.000
  -1  485      1.445      0.483      0.000
  -1   -2      1.452     -0.233      0.000
  -1   -2      1.453     -1.174      0.000
 488  487      1.461     -0.651      0.000
 489  488      1.465     -0.511      0.000
 490   -2      1.466      0.828      0.000
 491  489      1.469     -0.583      0.000
 493  490      1.480     -0.384      0.000
 494  491      1.486      0.479      0.000
 495  492      1.498     -0.972      0.000
 498  494      1.508      0.155      0.000
 501  493      1.541     -1.116      0.000
 500  498      1.546     -0.668      0.000
 503  496      1.547      0.244      0.000
 504  499      1.561      0.615      0.000
  -1  500      1.563     -0.428      0.000
 505  501      1.567     -0.354      0.000
