524
   0    0     -1.560     -0.425      0.000
   2    3     -1.559     -0.957      0.000
   1    1     -1.558      0.842      0.000
  -1    2     -1.551      0.438      0.000
   3    6     -1.549      0.631      0.000
   5   -2     -1.548      0.733      0.000
   6   -2     -1.539      0.157      0.000
  -1   -2     -1.529     -1.170      0.000
   7    5     -1.528      0.363      0.000
   9   -2     -1.513     -0.961      0.000
  -1   -2     -1.512     -0.866      0.000
  10    7     -1.507     -0.488      0.000
   8    9     -1.504      0.056      0.000
  -1   -2     -1.500      0.004      0.000
  -1   12     -1.485      0.883      0.000
  -1   14     -1.481     -1.121      0.000
  13   15     -1.474     -0.036      0.000
  14   16     -1.472      0.798      0.000
  16   17     -1.470     -0.526      0.000
  15   18     -1.469      0.199      0.000
  17   -2     -1.466      0.018      0.000
  18   19     -1.464     -0.782      0.000
  20   20     -1.462      0.757      0.000
  22   -2     -1.462      0.398      0.000
  11   -2     -1.458      0.931      0.000
  -1   21     -1.451      0.354      0.000
  -1   -2     -1.429     -0.306      0.000
  -1   24     -1.423      0.484      0.000
  -1   26     -1.412      0.678      0.000
  23   23     -1.409     -0.042      0.000
  24   -2     -1.407      0.843      0.000
  26   27     -1.400     -0.446      0.000
  27   28     -1.389      0.274      0.000
  -1   -2     -1.382      0.793      0.000
  -1   -2     -1.382      0.618      0.000
  -1   -2     -1.373      0.182      0.000
  -1   30     -1.368     -0.176      0.000
  28   31     -1.355      0.909      0.000
  31   22     -1.353     -1.165      0.000
  -1   -2     -1.343     -1.023      0.000
  33   32     -1.335     -0.336      0.000
  34   33     -1.335      1.079      0.000
  -1   -2     -1.333      0.038      0.000
  36   35     -1.312     -0.650      0.000
  39   34     -1.311     -1.056      0.000
  38   36     -1.308      0.468      0.000
  40   37     -1.295     -0.759      0.000
  41   -2     -1.287      0.503      0.000
  42   38     -1.284      0.735      0.000
  44   39     -1.279     -0.139      0.000
  46   40     -1.274     -0.972      0.000
  -1   -2     -1.270     -0.083      0.000
  47   42     -1.266     -0.428      0.000
  37   43     -1.262      0.948      0.000
  50   -2     -1.260      1.073      0.000
  48   45     -1.255      0.456      0.000
  52   46     -1.237      1.126      0.000
  53   47     -1.234     -0.762      0.000
  -1   -2     -1.233     -0.508      0.000
  54   49     -1.232      0.740      0.000
  55   50     -1.227      0.213      0.000
  57   51     -1.224     -0.341      0.000
  56   52     -1.220      0.537      0.000
  58   53     -1.219     -0.445      0.000
  62   55     -1.215     -0.197      0.000
  59   57     -1.212      0.437      0.000
  60   56     -1.211     -0.971      0.000
  -1   48     -1.197     -1.143      0.000
  63   59     -1.185      0.375      0.000
  -1   58     -1.180      0.600      0.000
  64   60     -1.179     -0.258      0.000
  65   62     -1.170      0.640      0.000
  66   63     -1.157      1.106      0.000
  -1   64     -1.151      1.146      0.000
  67   66     -1.148     -0.951      0.000
  69   67     -1.140     -0.991      0.000
  -1   69     -1.137      0.880      0.000
  70   70     -1.130      0.331      0.000
  71   71     -1.120     -0.488      0.000
  72   74     -1.111     -0.101      0.000
  73   73     -1.105      1.134      0.000
  -1   72     -1.100     -1.174      0.000
  74   75     -1.079      0.607      0.000
  76   76     -1.072     -1.123      0.000
  77   77     -1.069     -0.810      0.000
  78   78     -1.054     -0.144      0.000
  75   -2     -1.052     -0.380      0.000
  -1   79     -1.048     -0.059      0.000
  80   81     -1.045     -0.010      0.000
  81   80     -1.040      0.971      0.000
  -1   -2     -1.034     -1.130      0.000
  -1   84     -1.031      0.259      0.000
  82   82     -1.030     -0.227      0.000
  83   85     -1.020      0.330      0.000
  84   83     -1.016     -1.170      0.000
  -1   87     -1.013      0.459      0.000
  85   86     -1.009     -0.948      0.000
  86   89     -1.003      0.716      0.000
  87   88     -1.001      1.085      0.000
  -1   90     -1.000      0.399      0.000
  89   93     -0.980     -0.056      0.000
  90   94     -0.974      0.040      0.000
  88   95     -0.963      0.382      0.000
  92   -2     -0.958      0.931      0.000
  -1   -2     -0.951     -1.156      0.000
  -1   99     -0.949     -0.502      0.000
  -1   -2     -0.946     -0.387      0.000
  95  101     -0.945      0.140      0.000
  96  100     -0.944     -0.638      0.000
  97  102     -0.941      0.748      0.000
  -1   -2     -0.925     -0.555      0.000
  99  103     -0.921     -1.008      0.000
  98  104     -0.921     -0.144      0.000
 100  105     -0.912     -0.724      0.000
 101  106     -0.910     -0.777      0.000
 102  107     -0.907     -1.079      0.000
 104  108     -0.904      1.118      0.000
 103  110     -0.898     -0.098      0.000
 105  109     -0.897     -0.448      0.000
 107  111     -0.894      0.814      0.000
 106  112     -0.889      0.064      0.000
  -1  113     -0.885     -0.344      0.000
 108  114     -0.863     -1.170      0.000
 109  115     -0.854      0.879      0.000
 110  116     -0.848      0.035      0.000
 112  118     -0.833     -0.764      0.000
 113  119     -0.830      0.987      0.000
 124   -2     -0.824     -0.973      0.000
 111  120     -0.822      1.095      0.000
 116  121     -0.812     -0.927      0.000
 117  123     -0.806     -0.285      0.000
 118  124     -0.803     -0.538      0.000
  -1   -2     -0.802     -1.137      0.000
 119  122     -0.799      0.696      0.000
  -1  125     -0.796      0.511      0.000
 120  126     -0.789      0.050      0.000
  -1   -2     -0.775      0.381      0.000
 121   -2     -0.775      0.842      0.000
  -1  128     -0.774     -0.251      0.000
 122  127     -0.773      0.955      0.000
  -1   -2     -0.762      0.322      0.000
 123  129     -0.758     -0.666      0.000
  -1  130     -0.755     -0.938      0.000
  -1  131     -0.752     -1.155      0.000
 125  132     -0.751     -0.401      0.000
 126   -2     -0.748      0.250      0.000
 127  133     -0.729     -0.965      0.000
 129  134     -0.725     -0.472      0.000
 130  135     -0.724     -0.205      0.000
  -1   -2     -0.722     -1.081      0.000
  -1   -2     -0.715      0.438      0.000
 131  137     -0.715      0.437      0.000
 132  138     -0.711     -1.012      0.000
 134  139     -0.708      1.021      0.000
 133  140     -0.702      0.079      0.000
 136  142     -0.696      0.174      0.000
 137  143     -0.690      0.830      0.000
 135  144     -0.687     -1.171      0.000
 138  145     -0.684     -0.729      0.000
 139  146     -0.679     -0.255      0.000
 140  148     -0.673     -0.462      0.000
 141  149     -0.671     -0.031      0.000
  -1  147     -0.671     -0.877      0.000
 142  150     -0.669      0.612      0.000
 143  153     -0.645     -0.103      0.000
 144  152     -0.645     -0.725      0.000
 151  151     -0.644      1.082      0.000
 146  155     -0.629     -1.118      0.000
 147  158     -0.614     -0.238      0.000
 148  157     -0.610     -1.044      0.000
 149  159     -0.607      0.401      0.000
 150  160     -0.601     -0.955      0.000
  -1  162     -0.593      0.969      0.000
 152  163     -0.576      0.285      0.000
 153  164     -0.569     -0.052      0.000
 154  165     -0.566     -0.599      0.000
 155  166     -0.561     -0.140      0.000
 157  167     -0.557     -1.171      0.000
 156  168     -0.555      0.444      0.000
  -1   -2     -0.547      1.135      0.000
  -1  172     -0.533     -0.912      0.000
 159  173     -0.530      1.082      0.000
 161  174     -0.521     -0.198      0.000
 162  175     -0.520      0.647      0.000
 164  176     -0.500     -0.511      0.000
  -1   -2     -0.495      0.111      0.000
 160   -2     -0.489      0.619      0.000
 168  179     -0.478     -1.124      0.000
 167  178     -0.476     -0.735      0.000
 169  180     -0.467     -0.563      0.000
  -1   -2     -0.466      0.087      0.000
 170  181     -0.462     -0.845      0.000
 171  183     -0.453      0.255      0.000
  -1   -2     -0.440     -0.628      0.000
 173  185     -0.437      0.445      0.000
  -1   -2     -0.429     -0.943      0.000
 176  188     -0.425      0.738      0.000
 178  187     -0.425      1.075      0.000
 187  182     -0.424     -1.170      0.000
 177  189     -0.423     -0.465      0.000
 179  190     -0.419     -0.134      0.000
 174  191     -0.417      0.917      0.000
 180  192     -0.408      0.842      0.000
  -1  193     -0.406      0.411      0.000
 182  194     -0.402     -0.834      0.000
 183  195     -0.397      0.342      0.000
 184  196     -0.392      0.661      0.000
 185  197     -0.367     -0.304      0.000
 186  198     -0.365     -0.613      0.000
  -1  200     -0.352     -1.076      0.000
 188  201     -0.343      0.641      0.000
 189  202     -0.337     -0.780      0.000
  -1  203     -0.334      0.607      0.000
 191  207     -0.331      0.026      0.000
 190  204     -0.330      1.088      0.000
  -1  205     -0.323      0.433      0.000
 192  206     -0.320     -0.536      0.000
 193  208     -0.313     -0.826      0.000
  -1   -2     -0.295      0.036      0.000
 194  211     -0.293      0.566      0.000
  -1  212     -0.283     -0.705      0.000
 196  213     -0.276      0.821      0.000
 195  214     -0.272     -1.173      0.000
 198  215     -0.268     -0.902      0.000
  -1  217     -0.266     -0.376      0.000
  -1  216     -0.253     -1.126      0.000
 211   -2     -0.248     -1.015      0.000
 200   -2     -0.239      0.869      0.000
 197  223     -0.237     -0.121      0.000
 201  221     -0.225      0.303      0.000
 202  220     -0.222     -1.090      0.000
 203   -2     -0.213     -0.043      0.000
 205  224     -0.210     -0.491      0.000
 204  225     -0.205     -0.597      0.000
 206  226     -0.193      0.263      0.000
  -1  227     -0.192     -0.223      0.000
 208  228     -0.189      0.484      0.000
  -1  229     -0.187      1.026      0.000
 209   -2     -0.178      1.062      0.000
 210  231     -0.175      0.187      0.000
 217   -2     -0.172     -0.509      0.000
 212  233     -0.169     -0.099      0.000
  -1  240     -0.150     -1.112      0.000
 213  234     -0.146     -0.814      0.000
  -1   -2     -0.144      1.155      0.000
 216  237     -0.142     -0.627      0.000
 215  238     -0.141     -0.218      0.000
 214  239     -0.140      0.276      0.000
  -1   -2     -0.140      0.674      0.000
 221  241     -0.135     -0.465      0.000
 219  242     -0.120      1.065      0.000
  -1   -2     -0.118      0.016      0.000
 220  243     -0.114      0.450      0.000
 222   -2     -0.100     -0.917      0.000
 223  247     -0.094     -1.146      0.000
 224  244     -0.093      0.907      0.000
 207   -2     -0.088     -0.288      0.000
  -1   -2     -0.087     -0.643      0.000
 227  248     -0.085     -0.868      0.000
 228  250     -0.070      1.011      0.000
 229  251     -0.067     -0.330      0.000
  -1   -2     -0.063     -0.076      0.000
 230   -2     -0.055      0.247      0.000
 231  252     -0.048      0.429      0.000
 233  254     -0.036      0.051      0.000
 235  255     -0.029      0.959      0.000
 234  253     -0.029      0.283      0.000
 238  258     -0.001      0.438      0.000
 239  259     -0.000      0.751      0.000
 240  260      0.001      0.263      0.000
 241  261      0.004      0.116      0.000
 242  262      0.007     -0.028      0.000
 243   -2      0.012     -0.988      0.000
  -1   -2      0.024     -0.690      0.000
 256  263      0.035      0.490      0.000
 245   -2      0.035      1.150      0.000
  -1   -2      0.046      1.115      0.000
 247  264      0.053      0.684      0.000
 248  265      0.056     -0.846      0.000
 249  268      0.060      0.129      0.000
 250  266      0.061      0.921      0.000
 251  267      0.061     -0.690      0.000
 252  271      0.074      0.098      0.000
 253   -2      0.075     -0.512      0.000
 254  270      0.077     -0.011      0.000
  -1  272      0.086      0.346      0.000
  -1   -2      0.090     -0.656      0.000
  -1   -2      0.093     -0.962      0.000
 261  276      0.104      0.949      0.000
 259  275      0.107     -1.158      0.000
 260  274      0.108     -1.079      0.000
  -1   -2      0.129     -0.413      0.000
 262  278      0.132     -0.328      0.000
  -1   -2      0.136      0.737      0.000
  -1  279      0.139     -0.951      0.000
 263  280      0.142      0.643      0.000
 264   -2      0.145      0.505      0.000
 265   -2      0.157     -0.997      0.000
 266  283      0.164      0.804      0.000
 267  285      0.168     -0.491      0.000
 268  284      0.174      0.282      0.000
 269  286      0.187     -0.961      0.000
 270  287      0.196     -0.312      0.000
 272  289      0.211     -0.780      0.000
 274  291      0.223      0.042      0.000
  -1   -2      0.223     -0.399      0.000
 273  292      0.223      1.001      0.000
 278  295      0.226      0.735      0.000
 277  296      0.229     -0.663      0.000
 276  294      0.232      0.307      0.000
 279  297      0.234      0.421      0.000
  -1   -2      0.236     -0.301      0.000
  -1   -2      0.245      0.806      0.000
 280  298      0.249     -0.089      0.000
  -1   -2      0.253      0.451      0.000
 283  288      0.255     -1.162      0.000
 281  302      0.256      0.080      0.000
 282  300      0.269     -0.466      0.000
 284   -2      0.275     -0.254      0.000
  -1  301      0.279     -0.233      0.000
 285   -2      0.282      0.116      0.000
 286  303      0.290      0.739      0.000
  -1  304      0.291     -0.635      0.000
 287  305      0.296      0.938      0.000
  -1  306      0.301     -1.160      0.000
 289   -2      0.306     -0.796      0.000
 290  307      0.307      0.869      0.000
 292  308      0.311      0.196      0.000
  -1   -2      0.319      0.550      0.000
  -1   -2      0.323      0.137      0.000
 298   -2      0.330      0.655      0.000
 294  311      0.346     -1.129      0.000
  -1  312      0.351     -0.270      0.000
 295  314      0.355     -0.127      0.000
  -1   -2      0.358     -0.438      0.000
 296  315      0.358     -0.980      0.000
 299  317      0.364      0.056      0.000
 293   -2      0.367      0.793      0.000
 301  319      0.375     -1.044      0.000
  -1   -2      0.383     -0.875      0.000
 303  320      0.396     -0.629      0.000
 302  321      0.397     -0.790      0.000
 304  322      0.399     -0.292      0.000
 306  323      0.418     -0.930      0.000
  -1   -2      0.418      0.894      0.000
 309  325      0.437     -0.712      0.000
  -1   -2      0.439     -1.169      0.000
  -1  326      0.441      0.055      0.000
 310  327      0.441     -0.299      0.000
 311  329      0.447     -0.345      0.000
  -1  331      0.461     -1.123      0.000
 314  330      0.463      0.229      0.000
 315  333      0.471      0.994      0.000
 318  332      0.474      0.686      0.000
 316  334      0.474      0.135      0.000
 321  318      0.478      0.815      0.000
  -1  337      0.487      0.417      0.000
  -1   -2      0.490     -1.151      0.000
 319  338      0.490     -0.462      0.000
  -1  340      0.495      0.885      0.000
 320  341      0.511      0.010      0.000
 322  343      0.521     -0.330      0.000
 323  344      0.523     -0.651      0.000
 324  345      0.536     -1.128      0.000
 325  346      0.542      1.094      0.000
 327  349      0.550     -0.503      0.000
  -1  350      0.555      0.574      0.000
 326   -2      0.557      0.479      0.000
  -1  356      0.558     -0.242      0.000
 329  352      0.558      0.430      0.000
 330  353      0.559     -0.773      0.000
 332  357      0.569      0.169      0.000
  -1   -2      0.572     -0.279      0.000
 331  355      0.574      0.247      0.000
  -1  358      0.576      0.713      0.000
 334  360      0.578     -0.019      0.000
 335  362      0.598     -0.985      0.000
 336  361      0.599      0.601      0.000
 337  363      0.608     -0.473      0.000
 338  364      0.615     -0.871      0.000
 341   -2      0.617      1.143      0.000
 340  365      0.625      1.093      0.000
 342  366      0.626     -1.028      0.000
  -1  377      0.636     -1.168      0.000
 343  367      0.642      0.846      0.000
 345  368      0.646     -0.640      0.000
 346  369      0.654      0.729      0.000
 347  370      0.659     -0.739      0.000
 348  372      0.678     -0.545      0.000
  -1   -2      0.680     -0.591      0.000
 349  371      0.681     -0.034      0.000
 350  373      0.683     -0.939      0.000
 351   -2      0.689     -0.208      0.000
 352  374      0.703      0.653      0.000
 353  375      0.711      0.413      0.000
  -1  381      0.715      0.768      0.000
  -1   -2      0.719     -1.105      0.000
 354  378      0.720      0.061      0.000
  -1   -2      0.721      0.253      0.000
 355  379      0.727     -1.007      0.000
 356  380      0.730     -0.785      0.000
 357  382      0.737     -0.413      0.000
 359  383      0.739      1.012      0.000
 358   -2      0.749      0.774      0.000
 369  387      0.754     -0.140      0.000
 362  386      0.754      0.698      0.000
 361  388      0.757     -1.060      0.000
 364  384      0.757      0.260      0.000
  -1  389      0.759     -0.584      0.000
  -1  390      0.765      1.005      0.000
  -1   -2      0.765      0.444      0.000
  -1   -2      0.765     -0.636      0.000
 365  392      0.768     -0.232      0.000
 366  393      0.774      0.389      0.000
 367  396      0.781      0.913      0.000
 370  397      0.791     -0.979      0.000
  -1  395      0.792     -0.405      0.000
 372  398      0.797      1.017      0.000
 374  399      0.812     -0.340      0.000
 373  400      0.815     -0.781      0.000
 375  401      0.820     -0.599      0.000
  -1  402      0.825     -0.020      0.000
 376  403      0.825     -1.103      0.000
 377  404      0.840     -1.043      0.000
 378   -2      0.849      0.914      0.000
 379  405      0.851     -0.849      0.000
 380  406      0.874      1.096      0.000
 383   -2      0.877     -1.157      0.000
 384  409      0.879      0.205      0.000
  -1   -2      0.888     -0.672      0.000
  -1   -2      0.902      0.726      0.000
  -1   -2      0.913     -0.947      0.000
 388  412      0.921      0.537      0.000
 390  413      0.924     -0.604      0.000
 391  414      0.931      0.319      0.000
 392  415      0.933      0.275      0.000
  -1   -2      0.935      0.665      0.000
 393  417      0.938      0.780      0.000
 394  418      0.942      0.955      0.000
 395  419      0.945     -0.812      0.000
 396  420      0.946      1.067      0.000
 397  421      0.956      0.996      0.000
 386  422      0.960     -0.886      0.000
 399  423      0.973     -0.058      0.000
 400  425      0.983     -0.466      0.000
 402  426      0.991     -0.559      0.000
 404   -2      0.993     -0.279      0.000
 405  427      0.997      0.061      0.000
 406  429      1.014     -0.309      0.000
  -1  430      1.014     -0.177      0.000
 407  431      1.023      0.679      0.000
 408  432      1.032      0.624      0.000
  -1  433      1.036      0.123      0.000
 410  434      1.039      0.577      0.000
 415   -2      1.053      0.187      0.000
 413  435      1.055      0.451      0.000
 416   -2      1.056      0.726      0.000
 417  438      1.063      0.367      0.000
 412   -2      1.065     -0.251      0.000
 418  440      1.073     -0.640      0.000
 420  441      1.075     -0.290      0.000
  -1  442      1.092     -0.753      0.000
 421  443      1.096     -0.192      0.000
 423  444      1.101      0.189      0.000
 422  445      1.105     -1.053      0.000
 424  449      1.122     -1.166      0.000
 426  448      1.126      0.476      0.000
 428  450      1.135     -0.723      0.000
 419   -2      1.139      1.004      0.000
  -1   -2      1.142      0.717      0.000
 430  451      1.143      0.408      0.000
 429  452      1.146      0.934      0.000
 431  453      1.155     -0.078      0.000
 434  456      1.169     -0.868      0.000
 435  457      1.172      0.805      0.000
 448   -2      1.174      0.632      0.000
 436  455      1.176      1.013      0.000
  -1   -2      1.190      0.310      0.000
 440  462      1.200     -0.051      0.000
 441  463      1.209     -0.644      0.000
  -1   -2      1.224      1.125      0.000
 443   -2      1.233      0.565      0.000
  -1  464      1.233      0.195      0.000
 444  465      1.238      0.226      0.000
 446  466      1.248      0.055      0.000
 447  467      1.275     -0.607      0.000
 449   -2      1.282      0.866      0.000
 450  468      1.282     -0.685      0.000
 451  469      1.285     -0.336      0.000
 452  470      1.293     -0.469      0.000
 469   -2      1.302     -1.099      0.000
 454  472      1.303      1.028      0.000
  -1  475      1.312     -0.739      0.000
  -1   -2      1.333     -0.577      0.000
 455  479      1.335     -0.621      0.000
 457  477      1.336      0.249      0.000
 465  478      1.356      0.579      0.000
 459  480      1.357     -0.703      0.000
 460  483      1.366     -1.164      0.000
 461  484      1.371     -1.087      0.000
 462  482      1.372      0.271      0.000
 463  485      1.373      1.023      0.000
 471  476      1.400     -0.172      0.000
 466   -2      1.403      0.195      0.000
 467  487      1.408      0.410      0.000
 477  488      1.412      0.095      0.000
  -1   -2      1.415     -1.104      0.000
 472  490      1.452     -0.614      0.000
 474  491      1.455      0.467      0.000
 473  492      1.455     -0.475      0.000
 476  495      1.467     -0.351      0.000
 479  497      1.484      0.151      0.000
 480  499      1.496     -0.929      0.000
  -1   -2      1.502      0.328      0.000
 483  502      1.522      0.243      0.000
  -1   -2      1.527     -0.930      0.000
 485  503      1.536      0.594      0.000
 484  504      1.537      1.138      0.000
 489  510      1.554     -0.795      0.000
  -1  509      1.556     -1.109      0.000
 487  506      1.557     -0.320      0.000
 488  508      1.559      0.944      0.000
 490   -2      1.563      0.685      0.000
 491  511      1.566     -0.128      0.000
