509
   0    0     -1.573      0.902      0.000
  -1    4     -1.549      0.991      0.000
  -1    5     -1.535      0.233      0.000
  -1   -2     -1.530      0.339      0.000
   2    9     -1.521      0.293      0.000
   3   10     -1.517      0.557      0.000
   4   12     -1.511      0.434      0.000
   6   13     -1.507      0.690      0.000
   7   14     -1.506     -0.314      0.000
   9    6     -1.495      0.903      0.000
   8   15     -1.493      0.161      0.000
   5   27     -1.481     -1.127      0.000
  11   16     -1.480      0.604      0.000
  12   17     -1.470      1.050      0.000
  13   18     -1.465      0.513      0.000
  14   20     -1.459      0.358      0.000
  16   21     -1.457     -0.317      0.000
  17   22     -1.453     -0.638      0.000
  10   -2     -1.446     -0.370      0.000
  20   25     -1.438      0.741      0.000
  21   26     -1.431      1.157      0.000
  -1   -2     -1.431      0.556      0.000
  23   -2     -1.427     -1.127      0.000
  22   28     -1.420      0.298      0.000
  24   30     -1.418      0.788      0.000
  25   31     -1.411     -0.406      0.000
  26   32     -1.410      0.068      0.000
  28   33     -1.404      0.668      0.000
  -1   -2     -1.387      0.634      0.000
  31   34     -1.378     -0.554      0.000
  -1   -2     -1.374      0.578      0.000
  32   -2     -1.372     -1.126      0.000
  -1   35     -1.362      1.143      0.000
  -1   29     -1.361     -0.763      0.000
  33   36     -1.360     -0.008      0.000
  37   39     -1.351      0.719      0.000
  35   37     -1.350     -0.925      0.000
  34   38     -1.348      0.175      0.000
  36   -2     -1.342      0.332      0.000
  38   40     -1.332     -1.069      0.000
  39   41     -1.328      0.955      0.000
  41   42     -1.318     -0.354      0.000
  42   45     -1.313      0.574      0.000
  45   44     -1.307     -1.099      0.000
  46   46     -1.306     -1.167      0.000
  -1   -2     -1.304      0.788      0.000
  44   47     -1.303      0.401      0.000
  47   48     -1.293     -0.855      0.000
  -1   -2     -1.290      0.446      0.000
  48   50     -1.270      0.527      0.000
  49   49     -1.270     -0.648      0.000
  50   52     -1.262     -0.545      0.000
  51   51     -1.259     -1.018      0.000
  -1   -2     -1.246     -0.602      0.000
  53   53     -1.245      1.021      0.000
  56   55     -1.230     -0.857      0.000
  58   56     -1.215      0.856      0.000
  -1   57     -1.212     -0.798      0.000
  59   58     -1.206     -0.664      0.000
  60   -2     -1.205     -1.082      0.000
  61   59     -1.195      0.744      0.000
  62   60     -1.180      0.642      0.000
  -1   -2     -1.177     -1.160      0.000
  63   66     -1.168      0.412      0.000
  65   63     -1.166     -0.892      0.000
  64   65     -1.165     -0.576      0.000
  67   62     -1.165     -1.110      0.000
  66   68     -1.164     -0.360      0.000
  -1   64     -1.163      1.057      0.000
  68   67     -1.163     -0.852      0.000
  69   69     -1.158      1.019      0.000
  71   71     -1.132      0.662      0.000
  72   72     -1.131     -0.109      0.000
  -1   73     -1.122     -1.122      0.000
  70   77     -1.117     -0.383      0.000
  74   74     -1.116      1.057      0.000
  76   76     -1.100      0.405      0.000
  -1   -2     -1.100      0.266      0.000
  75   -2     -1.100     -0.490      0.000
  77   -2     -1.099     -0.290      0.000
  78   78     -1.084     -1.084      0.000
  79   80     -1.079      0.485      0.000
  80   79     -1.077      0.812      0.000
  81   81     -1.064     -0.164      0.000
  82   82     -1.054      0.396      0.000
  84   -2     -1.053      0.273      0.000
  86   83     -1.047      0.587      0.000
  88   84     -1.036     -0.224      0.000
  89   88     -1.018     -0.440      0.000
  91   87     -1.017     -0.875      0.000
  90   90     -1.016      0.343      0.000
  -1   86     -1.016     -1.076      0.000
  92   92     -1.001      0.921      0.000
  93   93     -0.998      1.037      0.000
  -1   -2     -0.997      0.438      0.000
  97   95     -0.966      1.063      0.000
  98   97     -0.953      0.310      0.000
  99   99     -0.946      0.575      0.000
  -1   98     -0.945      1.137      0.000
 103  100     -0.938     -0.951      0.000
  -1   -2     -0.930     -1.160      0.000
 109  105     -0.883     -0.136      0.000
 111  106     -0.876     -0.747      0.000
 112  107     -0.873     -0.616      0.000
 113  108     -0.870     -0.215      0.000
  -1   -2     -0.868     -1.107      0.000
  -1   -2     -0.863      0.330      0.000
 117  111     -0.858     -0.694      0.000
 116  112     -0.858     -0.008      0.000
 108   -2     -0.844      0.735      0.000
 119  110     -0.842     -0.487      0.000
 123   -2     -0.833     -1.090      0.000
 120  115     -0.829      0.287      0.000
 122  117     -0.824      0.391      0.000
 124  116     -0.824      1.045      0.000
 125  118     -0.822      1.092      0.000
 126  120     -0.818      0.817      0.000
  -1  121     -0.817     -0.379      0.000
 136  109     -0.801     -1.101      0.000
 128  122     -0.798     -0.056      0.000
 129  123     -0.792      0.992      0.000
 130  125     -0.790      0.882      0.000
 131  124     -0.790     -0.753      0.000
 132  127     -0.785      0.036      0.000
 134  128     -0.780     -0.440      0.000
 135   -2     -0.780     -0.380      0.000
  -1  129     -0.766     -0.599      0.000
  -1   -2     -0.759     -1.079      0.000
 137  132     -0.754      0.139      0.000
 149  130     -0.754      0.640      0.000
 140  133     -0.747     -0.348      0.000
 139  134     -0.747     -0.147      0.000
 143  135     -0.736     -0.962      0.000
 148   -2     -0.729      0.067      0.000
  -1   -2     -0.721      0.764      0.000
 146  137     -0.721     -1.168      0.000
 145  138     -0.719     -0.101      0.000
 150  139     -0.709     -0.556      0.000
 151  141     -0.701      0.866      0.000
 153  143     -0.696      0.721      0.000
  -1   -2     -0.694      1.112      0.000
 157  147     -0.688     -0.635      0.000
 156  144     -0.686      1.054      0.000
 142   -2     -0.686      1.001      0.000
 158   -2     -0.679     -1.127      0.000
  -1  148     -0.656     -0.300      0.000
 160  149     -0.652     -0.815      0.000
 180   -2     -0.642      1.136      0.000
 161  152     -0.634     -1.069      0.000
 162  154     -0.629     -0.756      0.000
 163  153     -0.628     -1.109      0.000
 164  156     -0.627     -0.427      0.000
 166  155     -0.624     -0.997      0.000
  -1   -2     -0.620      1.063      0.000
 165  158     -0.618     -0.273      0.000
 167  157     -0.617      0.875      0.000
 154  163     -0.615      0.407      0.000
 169  160     -0.613     -0.500      0.000
 170  161     -0.608      0.046      0.000
 172  162     -0.588     -0.763      0.000
  -1  164     -0.570     -1.117      0.000
  -1   -2     -0.569      0.263      0.000
 174  166     -0.566      0.473      0.000
 173  167     -0.564     -0.226      0.000
 175  168     -0.560     -0.501      0.000
 178  165     -0.558     -0.965      0.000
 177  169     -0.557      1.038      0.000
 179  170     -0.547      0.662      0.000
  -1  171     -0.537     -1.087      0.000
  -1   -2     -0.534      0.901      0.000
 181  172     -0.526      0.080      0.000
 182  173     -0.519      0.184      0.000
  -1   -2     -0.510      0.313      0.000
 183  175     -0.500     -0.045      0.000
 185  177     -0.491      0.951      0.000
 186  176     -0.486     -0.661      0.000
 184  174     -0.486     -1.169      0.000
 187  179     -0.481     -0.122      0.000
  -1  181     -0.470      0.127      0.000
 188  180     -0.468     -0.277      0.000
 189  183     -0.453      0.435      0.000
 190   -2     -0.448     -1.114      0.000
 191  184     -0.440     -0.929      0.000
 192  185     -0.428     -0.819      0.000
  -1  186     -0.425     -1.034      0.000
 195  190     -0.415     -1.119      0.000
 193  189     -0.415      0.313      0.000
 197  192     -0.407     -0.586      0.000
 198  191     -0.406      0.722      0.000
 196  193     -0.406     -0.175      0.000
 199  195     -0.390     -0.277      0.000
 200  196     -0.386     -0.647      0.000
  -1  198     -0.384     -0.241      0.000
 202  199     -0.378     -0.937      0.000
 201  197     -0.377      1.037      0.000
  -1   -2     -0.365      0.651      0.000
 204  200     -0.362      0.962      0.000
  -1  201     -0.359     -1.134      0.000
  -1   -2     -0.356     -0.408      0.000
  -1   -2     -0.352     -1.076      0.000
 205  202     -0.352      0.848      0.000
 206  203     -0.328     -0.553      0.000
 208  205     -0.318      0.299      0.000
 207  215     -0.317      0.518      0.000
  -1  204     -0.317      0.091      0.000
 209  206     -0.308      0.772      0.000
 210  207     -0.306     -0.903      0.000
  -1   -2     -0.300     -0.723      0.000
 212  209     -0.293     -0.453      0.000
 214  208     -0.290     -0.955      0.000
 215   -2     -0.290     -1.124      0.000
  -1   -2     -0.287     -0.181      0.000
  -1   -2     -0.277     -1.165      0.000
 216  210     -0.270      0.399      0.000
 217  211     -0.262     -1.040      0.000
 218  212     -0.260     -0.381      0.000
  -1   -2     -0.251      0.724      0.000
 219  213     -0.248     -0.650      0.000
 220  214     -0.243      0.117      0.000
  -1  216     -0.242     -1.120      0.000
  -1   -2     -0.242     -0.835      0.000
  -1   -2     -0.233      0.313      0.000
 221   -2     -0.225      0.512      0.000
  -1   -2     -0.223     -1.093      0.000
 222  219     -0.215      0.012      0.000
 223  218     -0.213      0.682      0.000
 224  220     -0.212     -0.202      0.000
 227  224     -0.184     -0.119      0.000
 229  226     -0.180      0.073      0.000
 230  227     -0.171     -0.254      0.000
 231  228     -0.155     -0.741      0.000
 238  234     -0.141     -0.628      0.000
 233  230     -0.138     -0.177      0.000
 235  231     -0.132     -0.984      0.000
 234  232     -0.131      0.367      0.000
 236  233     -0.129      0.464      0.000
 239  235     -0.119     -0.075      0.000
 240  236     -0.117      0.594      0.000
 241  238     -0.109     -1.141      0.000
 243  237     -0.106      0.315      0.000
  -1   -2     -0.102     -0.781      0.000
  -1   -2     -0.101     -1.104      0.000
 245  239     -0.087      0.216      0.000
 246  240     -0.083      1.098      0.000
  -1   -2     -0.082     -0.606      0.000
 247  241     -0.080     -0.151      0.000
  -1  242     -0.078     -1.052      0.000
 248   -2     -0.066     -0.310      0.000
 249  245     -0.064      0.334      0.000
  -1  246     -0.059     -0.804      0.000
 250  247     -0.054      0.557      0.000
  -1   -2     -0.050     -1.097      0.000
 251  248     -0.040     -0.005      0.000
 262   -2     -0.030      1.158      0.000
  -1  244     -0.029     -0.396      0.000
  -1   -2     -0.024     -1.166      0.000
 252   -2     -0.013     -0.446      0.000
 253  250      0.000      0.543      0.000
 254  251      0.003      0.298      0.000
 255  252      0.012      0.934      0.000
 256   -2      0.016      0.817      0.000
 257  253      0.021      0.042      0.000
 259  254      0.037      0.546      0.000
 260  255      0.040      0.325      0.000
 263  258      0.054     -0.047      0.000
 266  257      0.058     -1.045      0.000
 264  259      0.063      0.861      0.000
 265  260      0.065      0.621      0.000
  -1   -2      0.071      0.556      0.000
 267  262      0.077     -0.874      0.000
 261   -2      0.091     -0.669      0.000
 269  264      0.093      0.144      0.000
  -1   -2      0.103     -0.158      0.000
 273  265      0.104      0.101      0.000
 272  266      0.107     -0.054      0.000
  -1  267      0.121      0.380      0.000
 276  270      0.138      0.807      0.000
 277  271      0.146     -0.450      0.000
 278   -2      0.148      0.645      0.000
  -1  280      0.153      0.035      0.000
 280   -2      0.156      0.997      0.000
 281  274      0.158     -0.634      0.000
 282  276      0.179      0.347      0.000
  -1   -2      0.187     -0.655      0.000
  -1  277      0.199     -0.427      0.000
 284   -2      0.199      1.027      0.000
 285  285      0.204     -1.163      0.000
 287   -2      0.215      0.028      0.000
 288  281      0.216     -0.969      0.000
 289  279      0.217      0.530      0.000
 290  282      0.223      0.997      0.000
  -1  272      0.226     -0.530      0.000
 291  283      0.240     -0.141      0.000
 292  284      0.241     -0.845      0.000
 307   -2      0.259     -0.616      0.000
 311  275      0.260      0.917      0.000
  -1   -2      0.261      0.126      0.000
 296  287      0.263     -0.346      0.000
 297  289      0.274      1.139      0.000
 299  291      0.278      1.064      0.000
 300  292      0.280      0.231      0.000
 301  293      0.297      0.124      0.000
  -1   -2      0.307      0.552      0.000
 302   -2      0.308     -0.071      0.000
 303  294      0.313     -1.109      0.000
  -1  299      0.320     -1.111      0.000
 305  298      0.324      0.053      0.000
 306  296      0.325     -0.184      0.000
 308  300      0.333      0.974      0.000
 310  295      0.341     -1.160      0.000
 309  301      0.349     -0.376      0.000
  -1  307      0.357     -0.984      0.000
  -1   -2      0.359      1.021      0.000
 312  304      0.372     -0.776      0.000
  -1   -2      0.378     -1.037      0.000
 313  305      0.381      0.055      0.000
 314  306      0.385      1.081      0.000
 315  308      0.396      0.280      0.000
 316  309      0.398     -0.388      0.000
 317  310      0.405     -0.438      0.000
 318  311      0.408      0.158      0.000
  -1   -2      0.417      0.517      0.000
  -1  313      0.421     -1.080      0.000
 319  314      0.422     -0.852      0.000
  -1  312      0.422      0.845      0.000
 320  316      0.431     -0.637      0.000
 323  318      0.450     -1.171      0.000
 321  317      0.450      0.003      0.000
 324  320      0.452     -0.575      0.000
  -1  321      0.455     -0.765      0.000
 326  323      0.466      0.526      0.000
 325  322      0.467     -0.410      0.000
 322   -2      0.472      0.705      0.000
  -1   -2      0.473     -1.080      0.000
 329  328      0.480     -1.122      0.000
  -1  327      0.484      0.060      0.000
 330  325      0.489      0.303      0.000
 331  330      0.495     -0.765      0.000
 332  329      0.497     -0.028      0.000
 338  332      0.506     -0.345      0.000
  -1  334      0.507      0.864      0.000
 334  335      0.511     -0.595      0.000
 335  336      0.518      0.732      0.000
 337  338      0.541     -0.882      0.000
 339  333      0.553      0.365      0.000
  -1   -2      0.556     -0.201      0.000
 340  339      0.557     -0.553      0.000
  -1  340      0.562      0.809      0.000
 341  343      0.580      0.871      0.000
 342  342      0.580     -0.037      0.000
 343  344      0.586      1.000      0.000
 344  345      0.596      0.482      0.000
 345  346      0.600      0.519      0.000
  -1   -2      0.601     -1.163      0.000
 346  348      0.605     -0.969      0.000
 351  347      0.607     -0.719      0.000
  -1  349      0.614      0.780      0.000
 350  355      0.622     -1.118      0.000
 348  352      0.624     -1.060      0.000
  -1  350      0.625      0.312      0.000
  -1  351      0.625     -0.611      0.000
 349  353      0.631     -0.812      0.000
 352  356      0.646      0.535      0.000
 353  358      0.651      0.469      0.000
  -1  364      0.652     -0.154      0.000
  -1  359      0.657      1.142      0.000
 354  360      0.659      0.905      0.000
  -1  361      0.661     -0.440      0.000
 356  362      0.665      0.822      0.000
 357  363      0.669     -0.477      0.000
 358  365      0.682     -1.011      0.000
  -1   -2      0.702     -0.006      0.000
 359  366      0.705     -0.844      0.000
  -1  367      0.708      1.150      0.000
 360  368      0.717     -0.442      0.000
 362  370      0.724     -0.367      0.000
 363  371      0.727      1.046      0.000
  -1  374      0.733     -1.065      0.000
 365  372      0.733      0.245      0.000
 364  373      0.735     -0.873      0.000
  -1  375      0.743      0.287      0.000
 367  378      0.767     -0.629      0.000
 366  379      0.769     -1.100      0.000
  -1   -2      0.777     -1.162      0.000
 368   -2      0.784     -0.137      0.000
 371  380      0.786      0.376      0.000
 370  381      0.786      0.326      0.000
 373  383      0.791      0.618      0.000
 372  382      0.792     -0.811      0.000
  -1   -2      0.796     -0.076      0.000
  -1  384      0.798     -0.981      0.000
  -1   -2      0.831     -0.868      0.000
 378  387      0.840     -0.042      0.000
 380   -2      0.846      1.054      0.000
 379  393      0.846     -1.124      0.000
 381  388      0.847      0.874      0.000
 382  390      0.849     -1.061      0.000
 383   -2      0.849      1.103      0.000
  -1  389      0.850     -0.788      0.000
 384  391      0.854      0.088      0.000
  -1  392      0.856     -0.829      0.000
  -1  394      0.870     -0.603      0.000
  -1   -2      0.873      0.601      0.000
 387  396      0.885      0.155      0.000
 386  398      0.885     -0.665      0.000
 388  400      0.890      1.044      0.000
 385  397      0.892     -0.268      0.000
 389  395      0.894     -0.157      0.000
 395  402      0.901     -0.452      0.000
  -1   -2      0.902     -1.005      0.000
 393  399      0.903      0.637      0.000
 394  406      0.905     -0.879      0.000
 396  403      0.906      0.686      0.000
  -1  405      0.909      1.087      0.000
 397  404      0.909      0.412      0.000
 400   -2      0.913      0.287      0.000
  -1  408      0.921     -0.802      0.000
 399  409      0.922      1.153      0.000
 402  410      0.929     -0.543      0.000
 401  411      0.931     -1.080      0.000
  -1  416      0.932      0.019      0.000
 404  413      0.946      0.226      0.000
 405  414      0.947      0.786      0.000
 411  419      0.975      0.514      0.000
  -1  418      0.977     -0.162      0.000
 412  420      0.978     -1.124      0.000
 414  421      0.991      0.444      0.000
 417  424      1.017     -0.040      0.000
 410   -2      1.018     -0.247      0.000
 416  425      1.023     -0.598      0.000
  -1   -2      1.027      0.749      0.000
  -1  437      1.035     -0.455      0.000
 419  427      1.042      0.661      0.000
 420  428      1.047     -0.341      0.000
 422   -2      1.053     -0.745      0.000
 423  429      1.062     -0.012      0.000
  -1   -2      1.062     -0.121      0.000
  -1  430      1.068     -1.170      0.000
 424  431      1.070      0.705      0.000
 425  432      1.072      0.827      0.000
 421   -2      1.074      0.961      0.000
 428  435      1.082      0.247      0.000
 427  434      1.097     -0.659      0.000
 429  436      1.106      0.089      0.000
 430  438      1.115     -0.984      0.000
 431  439      1.121      1.027      0.000
  -1   -2      1.123     -0.349      0.000
  -1   -2      1.144     -1.137      0.000
 432  441      1.145     -0.790      0.000
 434  442      1.152     -0.876      0.000
 433  443      1.153     -1.092      0.000
 436  444      1.161     -0.560      0.000
 438  447      1.189      0.960      0.000
 448  446      1.194      0.260      0.000
 447   -2      1.201      0.019      0.000
 441  448      1.217     -0.380      0.000
 439   -2      1.221     -0.205      0.000
 445  462      1.222      0.653      0.000
 444  449      1.222     -0.509      0.000
 442   -2      1.222     -0.920      0.000
 449  453      1.241     -0.580      0.000
 450  454      1.250      0.999      0.000
  -1   -2      1.259     -0.871      0.000
 451  455      1.261     -0.158      0.000
 452   -2      1.261     -0.124      0.000
  -1   -2      1.268      0.827      0.000
 456  456      1.272      0.396      0.000
 455  459      1.274     -0.519      0.000
  -1   -2      1.275      0.443      0.000
 459  461      1.304     -0.495      0.000
 460  463      1.312     -0.975      0.000
 461  465      1.321     -0.579      0.000
 462  464      1.325      0.429      0.000
 464  467      1.343     -1.088      0.000
  -1  466      1.360     -1.172      0.000
 466  468      1.370     -0.948      0.000
 467  469      1.374      0.168      0.000
  -1  470      1.379      0.094      0.000
 468  471      1.385      1.102      0.000
 479   -2      1.388     -1.004      0.000
 471  473      1.399     -0.242      0.000
 470  474      1.399     -0.349      0.000
 472  476      1.410     -0.475      0.000
 469  478      1.414     -0.956      0.000
 474  477      1.417      0.238      0.000
 476  479      1.418      0.524      0.000
 473  480      1.425     -0.399      0.000
  -1   -2      1.434      0.993      0.000
 480  483      1.455      0.597      0.000
 487  486      1.474      1.070      0.000
 483  487      1.478      0.832      0.000
 484  488      1.480      0.274      0.000
 482  489      1.480     -0.762      0.000
 475  504      1.484     -0.722      0.000
 486  490      1.489     -1.084      0.000
 477   -2      1.496     -1.141      0.000
 488  492      1.502     -0.056      0.000
 489  491      1.503     -0.207      0.000
 491  495      1.521      0.435      0.000
 492  496      1.525      0.069      0.000
  -1   -2      1.533     -0.911      0.000
 497   -2      1.541      0.673      0.000
 493  498      1.543      1.101      0.000
 496  503      1.550     -0.937      0.000
 494  499      1.550     -0.626      0.000
 495  501      1.553     -1.050      0.000
 498  502      1.556      0.595      0.000
 500  505      1.566      0.102      0.000
 501  506      1.570      0.386      0.000
