509
   0    0     -1.568     -0.842      0.000
  -1    2     -1.552      0.896      0.000
   3    3     -1.547      0.310      0.000
   4    4     -1.540      0.592      0.000
   5    5     -1.535      0.461      0.000
   6    6     -1.523      0.732      0.000
   7    7     -1.521     -0.338      0.000
   8    8     -1.518      0.168      0.000
  10   11     -1.496     -1.132      0.000
  -1   10     -1.496      0.945      0.000
  -1   23     -1.494     -0.105      0.000
  12   12     -1.486      0.381      0.000
  11   13     -1.484      0.544      0.000
  14   15     -1.465     -0.396      0.000
  15   14     -1.465      1.092      0.000
  16   16     -1.458     -0.675      0.000
  17   17     -1.456      0.315      0.000
  18   18     -1.453      0.781      0.000
  21   20     -1.431      0.829      0.000
  22   21     -1.430     -0.435      0.000
  23   22     -1.427      0.701      0.000
  24   -2     -1.425     -1.048      0.000
  26   25     -1.412      0.666      0.000
  -1   -2     -1.402      0.607      0.000
  27   27     -1.393     -0.012      0.000
  29   28     -1.390     -0.587      0.000
  -1   -2     -1.386     -0.538      0.000
  30   30     -1.383      0.182      0.000
  -1   31     -1.374     -0.921      0.000
  31   -2     -1.370      0.748      0.000
  -1   38     -1.360     -0.244      0.000
  -1   -2     -1.359     -0.760      0.000
  -1   -2     -1.350     -1.168      0.000
  33   34     -1.347     -0.381      0.000
  32   33     -1.345      0.601      0.000
  34   32     -1.344     -0.961      0.000
  35   40     -1.339     -1.169      0.000
  -1   35     -1.336      0.426      0.000
  37   36     -1.331      0.992      0.000
  36   -2     -1.327     -0.323      0.000
  -1   -2     -1.320      0.821      0.000
  38   -2     -1.314     -1.104      0.000
  -1   48     -1.307     -0.474      0.000
  39   41     -1.305      0.551      0.000
  44   42     -1.288     -0.887      0.000
  41   46     -1.281     -0.677      0.000
  -1   -2     -1.279      1.093      0.000
  43   47     -1.279     -0.139      0.000
  42   45     -1.278     -0.571      0.000
  48   -2     -1.245      1.050      0.000
  46   49     -1.243     -1.044      0.000
  49   50     -1.232      0.876      0.000
  50   52     -1.227     -0.886      0.000
  51   54     -1.217     -0.687      0.000
  52   53     -1.216      0.769      0.000
  -1   -2     -1.213     -0.823      0.000
  54   56     -1.208      0.424      0.000
  56   57     -1.196     -0.377      0.000
  -1   -2     -1.189      0.459      0.000
  58   60     -1.183     -0.596      0.000
  59   61     -1.174     -0.115      0.000
  60   63     -1.164      0.681      0.000
  61   64     -1.162      1.048      0.000
  62   62     -1.162      1.084      0.000
  63   65     -1.161     -0.880      0.000
  64   66     -1.160     -0.916      0.000
  65   69     -1.147      0.417      0.000
  66   68     -1.144     -0.398      0.000
  68   67     -1.143     -1.140      0.000
  67   70     -1.137     -0.300      0.000
  70   71     -1.123     -0.506      0.000
  69   72     -1.120      0.497      0.000
  71   73     -1.113      1.082      0.000
  72   74     -1.106     -0.169      0.000
  73   75     -1.105      0.201      0.000
  74   76     -1.100      0.406      0.000
  75   77     -1.095      0.832      0.000
  -1   79     -1.085      0.601      0.000
  76   -2     -1.078     -1.169      0.000
  78   82     -1.078     -0.231      0.000
  77   -2     -1.076     -0.186      0.000
  79   81     -1.071     -1.107      0.000
  80   83     -1.065      0.351      0.000
  85   84     -1.052     -0.767      0.000
  82   87     -1.047     -0.450      0.000
  84   86     -1.046      0.582      0.000
  83   85     -1.045      0.442      0.000
  86   88     -1.018      0.935      0.000
  87   90     -1.016     -0.895      0.000
  88   91     -1.008      0.795      0.000
  89   -2     -1.003      0.314      0.000
  90   92     -1.002     -1.096      0.000
  91   93     -1.001      1.052      0.000
  -1   -2     -0.985     -0.437      0.000
  92   96     -0.982      0.581      0.000
  96   98     -0.942     -0.968      0.000
  95  100     -0.931     -0.135      0.000
  99  103     -0.914     -0.216      0.000
  -1  105     -0.914      0.477      0.000
  -1  106     -0.914     -0.009      0.000
 100  107     -0.907      1.101      0.000
 102   -2     -0.906     -0.017      0.000
 105  108     -0.898     -0.445      0.000
 104   -2     -0.897      0.445      0.000
 108  104     -0.894     -1.153      0.000
  93  129     -0.893     -0.620      0.000
 107  112     -0.892      0.256      0.000
 109  110     -0.891      0.323      0.000
 110  111     -0.885     -0.755      0.000
 111  113     -0.874      0.395      0.000
  -1   -2     -0.874      0.617      0.000
 112  114     -0.874     -0.701      0.000
  94  137     -0.872      0.737      0.000
 113  116     -0.848     -0.053      0.000
 116  119     -0.836      0.039      0.000
 115   -2     -0.836      0.380      0.000
 117  117     -0.833      0.817      0.000
 119  118     -0.828      1.047      0.000
 120  121     -0.822      1.093      0.000
 121   -2     -0.818     -0.383      0.000
  -1  130     -0.814     -1.172      0.000
 122  122     -0.811     -0.440      0.000
 124  123     -0.808      0.880      0.000
 123  125     -0.807      0.140      0.000
 125  127     -0.801     -0.755      0.000
 126  126     -0.801      0.992      0.000
 127  128     -0.796     -0.143      0.000
  -1   -2     -0.793      0.634      0.000
 128   -2     -0.784     -0.343      0.000
 129   -2     -0.778     -1.108      0.000
 130  133     -0.767      0.509      0.000
 131  132     -0.766     -0.097      0.000
  -1   -2     -0.750     -0.925      0.000
 133  135     -0.747      0.063      0.000
 134  134     -0.745      0.967      0.000
 141  136     -0.742     -1.167      0.000
  -1  138     -0.738      0.218      0.000
  -1  140     -0.733     -0.549      0.000
  -1  139     -0.733     -0.963      0.000
 136  141     -0.725     -1.009      0.000
 140  143     -0.714     -0.675      0.000
 142   -2     -0.708     -0.630      0.000
 143  144     -0.696     -0.294      0.000
 145   -2     -0.696      0.992      0.000
 144  142     -0.693     -0.551      0.000
 146  145     -0.691      1.044      0.000
  -1   -2     -0.687     -1.113      0.000
 147  149     -0.662     -0.265      0.000
  -1   -2     -0.659     -0.218      0.000
  -1  147     -0.659     -1.171      0.000
 148  150     -0.654      0.049      0.000
 149  151     -0.645     -0.746      0.000
 135   -2     -0.644     -0.493      0.000
 152  146     -0.641      1.124      0.000
 151  154     -0.640      0.339      0.000
 153  155     -0.636      0.863      0.000
 154  153     -0.635     -1.108      0.000
 156  156     -0.626     -1.062      0.000
 157  157     -0.621      1.056      0.000
 160  158     -0.611      0.263      0.000
 159  159     -0.605     -0.220      0.000
 161  161     -0.604      0.460      0.000
 162  160     -0.602     -0.748      0.000
 163   -2     -0.594      0.516      0.000
 169  162     -0.594     -0.972      0.000
 164  163     -0.591     -0.486      0.000
 165  164     -0.580      0.645      0.000
 166  165     -0.574      0.082      0.000
 168  167     -0.566      1.018      0.000
 167  168     -0.564      0.182      0.000
 170  169     -0.544     -0.037      0.000
 171   -2     -0.541     -1.092      0.000
 172  170     -0.529      1.142      0.000
 173  171     -0.524     -0.114      0.000
 175  176     -0.508      0.126      0.000
 174  175     -0.506     -0.262      0.000
 176  173     -0.505     -0.641      0.000
 179  172     -0.505     -1.168      0.000
 177  174     -0.505      0.928      0.000
  -1   -2     -0.494      0.841      0.000
 180  178     -0.493      0.429      0.000
  -1  180     -0.467     -0.728      0.000
  -1   -2     -0.458     -0.101      0.000
 181  181     -0.454      0.303      0.000
 182  184     -0.447     -0.162      0.000
  -1   -2     -0.447      0.483      0.000
  -1   -2     -0.446     -0.676      0.000
  -1  185     -0.444     -0.480      0.000
 183  183     -0.444     -0.906      0.000
 185  186     -0.443      0.707      0.000
 184  187     -0.440     -0.793      0.000
 186  188     -0.428     -0.561      0.000
 187   -2     -0.424     -0.262      0.000
 189  190     -0.417     -0.228      0.000
  -1  192     -0.412      0.680      0.000
  -1   -2     -0.405      1.009      0.000
 191  194     -0.396     -0.619      0.000
 192  196     -0.382     -0.905      0.000
 194  195     -0.377      1.000      0.000
 195  199     -0.372      0.823      0.000
 196  198     -0.371      0.928      0.000
 197  204     -0.353      0.288      0.000
 198  201     -0.352     -0.525      0.000
 199  202     -0.349      0.184      0.000
 206   -2     -0.348      0.496      0.000
  -1   -2     -0.347     -1.013      0.000
 200   -2     -0.336      0.260      0.000
 201  205     -0.328      0.739      0.000
 202  206     -0.319     -0.164      0.000
 203   -2     -0.315     -0.692      0.000
 207  207     -0.312     -0.434      0.000
 204  208     -0.310     -0.867      0.000
 205  209     -0.310     -1.167      0.000
  -1  210     -0.302      0.384      0.000
 208  211     -0.292     -0.919      0.000
 209  212     -0.284     -0.357      0.000
 210  213     -0.277      0.119      0.000
  -1  214     -0.271      0.686      0.000
 211  215     -0.263     -0.611      0.000
 212  216     -0.261     -1.001      0.000
 213  217     -0.254     -1.117      0.000
 214   -2     -0.248     -0.795      0.000
  -1  218     -0.240      0.017      0.000
 215  219     -0.231      0.650      0.000
 216  220     -0.230     -1.088      0.000
 219  221     -0.227     -0.192      0.000
 218  224     -0.225      0.064      0.000
 217  222     -0.219      0.984      0.000
  -1   -2     -0.212     -0.104      0.000
  -1   -2     -0.209     -0.478      0.000
  -1   -2     -0.205     -0.727      0.000
 220   -2     -0.203     -0.448      0.000
  -1   -2     -0.199     -0.508      0.000
 221  227     -0.181      1.148      0.000
  -1  228     -0.179     -1.117      0.000
  -1   -2     -0.167     -0.697      0.000
 223  229     -0.167     -0.157      0.000
 224  230     -0.155      0.437      0.000
 225  231     -0.146     -0.588      0.000
 226  233     -0.142     -0.066      0.000
 227  234     -0.135      0.561      0.000
  -1  243     -0.132     -0.278      0.000
 228  235     -0.132     -0.936      0.000
 229  236     -0.128      0.300      0.000
 231  238     -0.106      0.210      0.000
 234  240     -0.100     -0.132      0.000
  -1   -2     -0.089      0.626      0.000
 235  241     -0.085     -0.553      0.000
 238  242     -0.083      1.045      0.000
 236   -2     -0.082     -0.281      0.000
 237  244     -0.082      0.317      0.000
 239  246     -0.075     -1.001      0.000
 241  247     -0.066      0.524      0.000
  -1  239     -0.064     -0.757      0.000
 249  237     -0.063     -1.159      0.000
 242  248     -0.060      0.003      0.000
 243  249     -0.042     -0.358      0.000
 233   -2     -0.036      0.855      0.000
 245  250     -0.034      1.114      0.000
  -1   -2     -0.026     -0.779      0.000
 246   -2     -0.025     -0.411      0.000
  -1  251     -0.022     -0.113      0.000
 247  255     -0.011      0.282      0.000
 248  254     -0.010      0.510      0.000
  -1   -2      0.004      0.116      0.000
 250  258      0.009      0.046      0.000
 251  259      0.011      0.882      0.000
 255  263      0.028      0.311      0.000
 256  264      0.042     -0.036      0.000
 258  267      0.054      0.806      0.000
 257  266      0.055      0.583      0.000
 259   -2      0.065     -0.980      0.000
 260  269      0.066      0.534      0.000
  -1  268      0.070     -0.921      0.000
 261  270      0.073     -0.821      0.000
 262  271      0.085      0.140      0.000
 263  273      0.091     -0.627      0.000
 265  275      0.096      0.102      0.000
 266  274      0.098      1.101      0.000
  -1  276      0.099     -0.040      0.000
 267  277      0.101      0.404      0.000
 269  278      0.109     -1.160      0.000
 270   -2      0.138     -0.951      0.000
  -1   -2      0.138      0.783      0.000
 271  280      0.139     -0.512      0.000
 272  281      0.141      0.752      0.000
 268  282      0.144     -0.411      0.000
 273  283      0.149      0.602      0.000
 275  284      0.161      0.942      0.000
 276  285      0.175      0.327      0.000
  -1  287      0.191     -1.097      0.000
 279   -2      0.200     -0.395      0.000
  -1   -2      0.211      0.867      0.000
 285  288      0.211      0.974      0.000
 280   -2      0.212     -1.131      0.000
 282  289      0.215     -0.914      0.000
 284  290      0.218      0.032      0.000
 287  292      0.225     -0.493      0.000
  -1   -2      0.236      0.322      0.000
 288  294      0.240     -0.793      0.000
 289  295      0.243     -0.125      0.000
  -1  293      0.248      0.325      0.000
 277  297      0.254     -0.579      0.000
 291  298      0.265      0.870      0.000
 292  299      0.268     -0.315      0.000
 293  300      0.279      1.083      0.000
  -1  301      0.282      0.138      0.000
 294  302      0.286      1.010      0.000
 296  303      0.289      0.222      0.000
 295  304      0.289      0.646      0.000
 298   -2      0.295     -0.618      0.000
 297   -2      0.303     -0.917      0.000
  -1   -2      0.306      0.122      0.000
 286   -2      0.323      0.526      0.000
 300  310      0.327     -0.283      0.000
  -1  309      0.330     -1.135      0.000
 301  308      0.331     -0.165      0.000
  -1   -2      0.332     -0.328      0.000
 302  311      0.335      0.055      0.000
 303  313      0.342      0.923      0.000
  -1  312      0.343     -0.133      0.000
 307   -2      0.355     -1.167      0.000
 305  316      0.363     -1.096      0.000
 306   -2      0.372     -0.355      0.000
 308  307      0.376      0.568      0.000
 309  319      0.382     -0.728      0.000
 311  321      0.392      1.028      0.000
  -1  317      0.394     -0.297      0.000
 312  322      0.399      0.055      0.000
 313  323      0.410     -0.361      0.000
 319  305      0.410      0.838      0.000
 314  324      0.414      0.268      0.000
 315  325      0.416     -0.409      0.000
 316  326      0.420     -1.036      0.000
 318  327      0.425      0.154      0.000
 317  328      0.426     -0.811      0.000
  -1   -2      0.438     -0.602      0.000
  -1   -2      0.439      0.818      0.000
 320  329      0.449      1.131      0.000
 310  348      0.450     -0.924      0.000
 322   -2      0.460     -0.545      0.000
  -1  330      0.465     -0.504      0.000
 324  331      0.466      0.006      0.000
 325  334      0.482     -0.385      0.000
 327  336      0.495      0.557      0.000
 323   -2      0.496      0.669      0.000
  -1  338      0.498      0.503      0.000
 329  339      0.502      0.285      0.000
 328  340      0.502     -0.730      0.000
 333  341      0.504      0.195      0.000
 332  342      0.517     -0.023      0.000
 331  343      0.521     -0.569      0.000
 334  344      0.524      0.821      0.000
  -1   -2      0.525      0.619      0.000
 337  345      0.540      0.693      0.000
 338  346      0.544     -0.849      0.000
  -1   -2      0.555     -0.796      0.000
  -1   -2      0.566     -0.901      0.000
 339   -2      0.567      0.640      0.000
 341  349      0.569     -0.526      0.000
 345  350      0.598      0.830      0.000
 346  351      0.599      0.957      0.000
 347   -2      0.604     -0.036      0.000
 340   -2      0.607     -0.941      0.000
  -1  357      0.614     -1.167      0.000
 348  353      0.619     -0.697      0.000
 349  354      0.625      0.457      0.000
 351  355      0.629      0.494      0.000
 350  356      0.631     -1.086      0.000
 354   -2      0.636      0.745      0.000
  -1   -2      0.637      0.818      0.000
 352  352      0.638      0.082      0.000
 353  359      0.639     -0.792      0.000
 355  358      0.648     -0.639      0.000
 357  362      0.664      1.103      0.000
 359   -2      0.674      0.517      0.000
 360  367      0.678      0.867      0.000
 361  363      0.680     -0.149      0.000
  -1  371      0.682     -0.991      0.000
 358  365      0.683     -0.443      0.000
 362  364      0.684      0.445      0.000
 363  366      0.687      0.787      0.000
  -1   -2      0.705     -0.170      0.000
 366  369      0.712     -0.827      0.000
  -1   -2      0.712     -1.100      0.000
 369  370      0.716      1.112      0.000
 371   -2      0.734     -1.048      0.000
 372  372      0.735     -0.664      0.000
 368  380      0.737     -0.003      0.000
  -1   -2      0.738     -0.071      0.000
 375  375      0.749     -0.354      0.000
 376   -2      0.765     -1.090      0.000
 380  378      0.774      0.235      0.000
 381  379      0.781     -0.619      0.000
  -1  376      0.787     -1.043      0.000
 383  381      0.794      0.269      0.000
 382  382      0.797     -0.799      0.000
 384  384      0.825      0.359      0.000
 386  386      0.826      0.312      0.000
 385  387      0.826      0.592      0.000
 388   -2      0.838     -1.118      0.000
 389  390      0.852     -1.060      0.000
  -1   -2      0.853      1.027      0.000
 392   -2      0.861     -0.533      0.000
 394  392      0.868     -1.161      0.000
 393  393      0.869      0.847      0.000
  -1   -2      0.873     -1.155      0.000
 395  394      0.879     -0.045      0.000
 396  395      0.894     -0.662      0.000
 397  396      0.897      0.082      0.000
 399  397      0.911      1.039      0.000
 400  403      0.913     -0.872      0.000
 401  399      0.916     -0.264      0.000
  -1  400      0.925     -0.159      0.000
 402  404      0.927      1.130      0.000
 403  402      0.927     -0.455      0.000
  -1   -2      0.927     -0.803      0.000
 405  401      0.929      0.149      0.000
 404  405      0.933     -1.076      0.000
 406  407      0.937      0.725      0.000
 407  406      0.938      0.670      0.000
 408  408      0.941      0.618      0.000
 410   -2      0.941      0.098      0.000
 413  409      0.945      0.273      0.000
  -1   -2      0.945      0.487      0.000
 409  410      0.946     -0.545      0.000
 411  411      0.950      0.398      0.000
  -1   -2      0.966      0.150      0.000
 417  414      0.982     -0.230      0.000
 416  415      0.988      0.215      0.000
  -1  417      1.000     -0.170      0.000
 418   -2      1.001      0.361      0.000
 420  418      1.016      0.501      0.000
 419  419      1.017     -0.838      0.000
 422  421      1.037     -0.607      0.000
 421  420      1.041      0.438      0.000
 423  422      1.046     -0.255      0.000
 424  425      1.058      0.740      0.000
 426  426      1.063     -0.347      0.000
  -1   -2      1.065     -1.171      0.000
  -1   -2      1.070      0.692      0.000
 427  427      1.070     -0.718      0.000
 429  428      1.077      0.643      0.000
 428  429      1.080      1.156      0.000
  -1   -2      1.084     -0.110      0.000
 432  431      1.093     -0.029      0.000
  -1  430      1.097      0.953      0.000
 430  432      1.101      0.818      0.000
 431  433      1.103      1.025      0.000
 433  435      1.107     -0.675      0.000
 434  434      1.109      0.702      0.000
 435  437      1.111     -1.004      0.000
 436  436      1.111      0.277      0.000
 437  443      1.144      1.023      0.000
 439  441      1.148      0.082      0.000
 438  444      1.148     -1.112      0.000
 440  446      1.153     -0.810      0.000
 442  447      1.174     -0.578      0.000
 443  449      1.222     -0.282      0.000
  -1  450      1.231      0.003      0.000
 445  453      1.238     -0.534      0.000
 447  452      1.239     -0.401      0.000
  -1   -2      1.246     -0.090      0.000
 452   -2      1.252     -0.217      0.000
 448  456      1.267      1.004      0.000
  -1   -2      1.285     -0.547      0.000
  -1  455      1.286     -0.682      0.000
 450   -2      1.296     -0.494      0.000
 455  459      1.307      0.395      0.000
 451  460      1.311     -1.148      0.000
  -1  461      1.312     -1.013      0.000
 456  463      1.318     -0.525      0.000
 457  464      1.332     -0.610      0.000
 453   -2      1.362      0.440      0.000
  -1  466      1.364     -0.769      0.000
  -1  467      1.370      0.758      0.000
 458  468      1.372     -0.986      0.000
 460  469      1.388     -1.043      0.000
 461  470      1.395      1.124      0.000
 462  472      1.411      0.168      0.000
  -1  473      1.411      0.090      0.000
 463  474      1.413     -0.996      0.000
 464  475      1.417     -0.380      0.000
 465  476      1.419     -0.268      0.000
 466  477      1.428     -0.507      0.000
 467  478      1.429     -0.445      0.000
  -1  465      1.429      0.395      0.000
 470  480      1.448      0.238      0.000
 471  481      1.451      0.543      0.000
 469  482      1.453     -1.108      0.000
  -1   -2      1.466      0.663      0.000
  -1  483      1.470     -0.208      0.000
  -1   -2      1.485     -1.080      0.000
 474  486      1.485     -0.807      0.000
  -1  485      1.487      0.617      0.000
 477  488      1.502      0.862      0.000
 478  489      1.507      0.278      0.000
 481   -2      1.520     -0.300      0.000
 479  491      1.521     -0.235      0.000
 480  490      1.521     -0.072      0.000
  -1  492      1.529     -0.522      0.000
 487  497      1.543     -0.668      0.000
  -1   -2      1.544     -0.263      0.000
 483  493      1.548      0.059      0.000
 484  494      1.549      0.452      0.000
 485  495      1.553     -1.096      0.000
 486  496      1.553      1.134      0.000
 488   -2      1.555     -0.982      0.000
 489  498      1.568     -0.880      0.000
