485
  -1    0     -1.564      0.515      0.000
   0    3     -1.549      0.370      0.000
   1   10     -1.548      0.781      0.000
   4    4     -1.532     -0.009      0.000
   3    6     -1.529     -0.124      0.000
   6    8     -1.520      0.237      0.000
   7    9     -1.513     -0.199      0.000
  -1   -2     -1.511      0.646      0.000
  -1   -2     -1.488     -0.100      0.000
  -1   -2     -1.481      0.577      0.000
  10   12     -1.474     -0.908      0.000
  11    2     -1.471     -1.102      0.000
  12   13     -1.466      0.794      0.000
  13   14     -1.464      0.203      0.000
  14   15     -1.461      0.939      0.000
  15   16     -1.455      0.294      0.000
  17   17     -1.451      0.596      0.000
  18   20     -1.446     -0.249      0.000
  19   21     -1.445      0.253      0.000
  22   23     -1.437      0.374      0.000
  21   22     -1.436     -0.336      0.000
  23   24     -1.428     -0.545      0.000
  -1   25     -1.423     -0.482      0.000
  25   26     -1.412      0.147      0.000
  27   27     -1.390     -0.303      0.000
  28   -2     -1.387      0.444      0.000
  29   -2     -1.381      0.651      0.000
  31   29     -1.373      0.314      0.000
  35   28     -1.373      1.046      0.000
  33   31     -1.370     -0.975      0.000
  34   30     -1.367     -0.833      0.000
  -1   -2     -1.363     -0.764      0.000
  24   33     -1.355      0.486      0.000
  36   34     -1.353     -0.341      0.000
  38   32     -1.352     -1.077      0.000
  41   35     -1.334      0.589      0.000
  39   37     -1.329      0.264      0.000
  -1   36     -1.328     -0.484      0.000
  43   38     -1.323      1.019      0.000
  40   49     -1.322     -0.186      0.000
  44   40     -1.313      0.069      0.000
  45   42     -1.305      0.867      0.000
  47   43     -1.298     -0.772      0.000
  -1   44     -1.291     -1.171      0.000
  48   48     -1.287     -0.930      0.000
  -1   50     -1.282      0.645      0.000
  50   51     -1.259      0.002      0.000
  52   56     -1.240      0.160      0.000
  53   54     -1.240     -0.305      0.000
  54   55     -1.238     -0.581      0.000
  58   58     -1.233     -0.784      0.000
  59   57     -1.232     -1.078      0.000
  56   59     -1.232      0.944      0.000
  57   -2     -1.225      0.514      0.000
  60   61     -1.212     -0.486      0.000
  61   -2     -1.204     -0.552      0.000
  62   65     -1.190      0.366      0.000
  63   64     -1.189      0.592      0.000
  64   66     -1.175     -0.604      0.000
  65   68     -1.173      0.478      0.000
  66   67     -1.172      0.786      0.000
  67   69     -1.168     -0.825      0.000
  68   70     -1.162     -0.789      0.000
  70   74     -1.129     -0.116      0.000
  72   73     -1.128     -1.016      0.000
  71   75     -1.127      0.689      0.000
  -1   -2     -1.117     -0.728      0.000
  74   77     -1.114     -0.531      0.000
  75   78     -1.110      1.001      0.000
  -1   -2     -1.107      0.151      0.000
  76   79     -1.095      0.602      0.000
  78   80     -1.085     -1.167      0.000
  77   81     -1.077     -0.331      0.000
  -1   84     -1.054     -1.020      0.000
  81   86     -1.049      0.624      0.000
  79   87     -1.048      0.382      0.000
  82   88     -1.028     -0.359      0.000
  84   90     -1.018      0.773      0.000
  87   89     -1.015     -0.705      0.000
  86   91     -1.015     -0.835      0.000
  83   -2     -1.015      0.051      0.000
  85   93     -1.011     -0.101      0.000
  89   94     -1.001     -1.079      0.000
  88   95     -0.999     -0.272      0.000
  93   -2     -0.998     -0.962      0.000
  -1   83     -0.991     -1.161      0.000
  90   96     -0.986      1.002      0.000
  91   97     -0.979      0.384      0.000
  94   99     -0.965      0.892      0.000
  95  100     -0.949      0.564      0.000
  97  102     -0.946     -0.918      0.000
  96  103     -0.946     -0.158      0.000
 100  104     -0.939     -0.423      0.000
 101  105     -0.929      0.379      0.000
 103  107     -0.922     -0.216      0.000
  98  106     -0.920      0.756      0.000
  -1  109     -0.917      0.184      0.000
  -1   -2     -0.914     -0.177      0.000
 106  108     -0.912      1.080      0.000
 107  110     -0.908     -1.073      0.000
 108  111     -0.902     -0.762      0.000
 109  112     -0.887      0.332      0.000
 102   -2     -0.869     -0.565      0.000
 111  114     -0.867      0.894      0.000
 112  117     -0.844      0.565      0.000
 113  116     -0.844     -0.734      0.000
 114  115     -0.836     -1.163      0.000
 115  118     -0.835     -1.087      0.000
  -1  120     -0.822     -0.936      0.000
 116  119     -0.821      1.088      0.000
 117  124     -0.820     -0.689      0.000
 118  121     -0.818     -0.611      0.000
 120  123     -0.815      1.044      0.000
 121  126     -0.810     -0.092      0.000
 122  127     -0.783     -0.446      0.000
 124  128     -0.775      0.996      0.000
 126  131     -0.758     -0.142      0.000
 128  130     -0.757     -0.755      0.000
 127  132     -0.757     -0.223      0.000
 129   -2     -0.756     -0.932      0.000
  -1   -2     -0.753      0.471      0.000
 132  135     -0.745     -1.011      0.000
 130  140     -0.744      0.894      0.000
 134   -2     -0.742     -0.968      0.000
  -1  138     -0.730     -0.016      0.000
 135   -2     -0.726     -0.018      0.000
  -1  133     -0.717     -0.930      0.000
 140   -2     -0.711      0.993      0.000
 139  141     -0.708      0.304      0.000
 141  143     -0.702      0.396      0.000
 142  144     -0.693     -0.461      0.000
 143   -2     -0.687     -1.115      0.000
 145  145     -0.675      1.080      0.000
 146  149     -0.669     -0.066      0.000
  -1   -2     -0.666      0.389      0.000
 149  150     -0.661     -1.086      0.000
  -1   -2     -0.656      0.896      0.000
 151  152     -0.652      0.030      0.000
  -1  151     -0.650     -0.705      0.000
 154  154     -0.638     -0.575      0.000
 155  153     -0.634     -1.017      0.000
  -1   -2     -0.632     -0.666      0.000
 156  155     -0.627     -0.164      0.000
 157  156     -0.624      0.140      0.000
 158  158     -0.618      0.750      0.000
 147  161     -0.617     -1.162      0.000
 159   -2     -0.604     -0.590      0.000
 161  160     -0.598     -0.790      0.000
 160  162     -0.593     -0.116      0.000
 164  164     -0.574      0.920      0.000
 166  167     -0.559     -0.334      0.000
 167  166     -0.548      1.093      0.000
 168  168     -0.540     -0.542      0.000
 170  169     -0.537     -1.087      0.000
  -1   -2     -0.523     -0.303      0.000
 171   -2     -0.511     -1.166      0.000
 172  170     -0.498      0.833      0.000
  -1   -2     -0.496      0.117      0.000
 173  171     -0.490     -0.549      0.000
 174  172     -0.487      0.039      0.000
 175  173     -0.481      0.367      0.000
 176  174     -0.472      0.712      0.000
 177  175     -0.468      1.021      0.000
 178  176     -0.465      0.504      0.000
 179  177     -0.464     -0.260      0.000
  -1  181     -0.455      0.278      0.000
 181  179     -0.449     -1.101      0.000
 182  180     -0.444     -0.725      0.000
 183  182     -0.438     -0.999      0.000
  -1  183     -0.437     -0.326      0.000
 180   -2     -0.431      0.286      0.000
 186  184     -0.410     -0.894      0.000
 184  185     -0.408      0.072      0.000
 185  186     -0.407      0.192      0.000
  -1   -2     -0.395     -0.776      0.000
 187  187     -0.391     -0.065      0.000
 190  189     -0.379     -0.324      0.000
 189  190     -0.378     -0.152      0.000
 191  188     -0.378     -1.018      0.000
 192  191     -0.376      1.131      0.000
 193  192     -0.368     -1.135      0.000
 198  193     -0.364      0.806      0.000
 194  194     -0.360      0.477      0.000
 196  195     -0.358     -0.655      0.000
 195   -2     -0.357      0.127      0.000
 197  196     -0.354     -0.564      0.000
 200  199     -0.343      1.058      0.000
 201  198     -0.335     -0.729      0.000
 221   -2     -0.327      0.786      0.000
 203  202     -0.323      0.346      0.000
 204  203     -0.321     -0.219      0.000
 205  201     -0.321      0.942      0.000
  -1   -2     -0.310     -0.097      0.000
  -1  204     -0.309     -0.332      0.000
 207  205     -0.302     -1.002      0.000
 206  206     -0.297     -0.295      0.000
 209  207     -0.294     -1.056      0.000
 210   -2     -0.289     -0.477      0.000
  -1  208     -0.284     -0.915      0.000
 213  211     -0.279     -1.151      0.000
 212  210     -0.279     -0.637      0.000
 216  213     -0.269      0.867      0.000
 217  215     -0.236      0.329      0.000
  -1   -2     -0.227     -0.947      0.000
 220   -2     -0.219     -1.084      0.000
 222   -2     -0.216     -0.146      0.000
 223  217     -0.216     -0.756      0.000
 225  218     -0.212     -0.228      0.000
  -1   -2     -0.211      0.821      0.000
 226  219     -0.201      0.455      0.000
 227  220     -0.200     -0.462      0.000
 228  222     -0.175      0.784      0.000
 230  224     -0.171      0.587      0.000
 229  223     -0.171      0.118      0.000
  -1   -2     -0.152      0.762      0.000
 236  228     -0.140     -0.007      0.000
  -1  225     -0.139     -0.277      0.000
 231  229     -0.138      0.419      0.000
  -1  226     -0.136     -0.866      0.000
 233  230     -0.136     -1.112      0.000
 234  242     -0.126     -0.079      0.000
 235  234     -0.123     -0.323      0.000
 238  233     -0.122     -1.170      0.000
  -1  231     -0.120     -0.163      0.000
  -1  232     -0.116      0.064      0.000
 237  235     -0.113     -0.743      0.000
 239   -2     -0.095     -0.916      0.000
 240  236     -0.090      0.534      0.000
 241  237     -0.087     -0.230      0.000
 242  238     -0.084      0.690      0.000
 244  239     -0.080     -0.025      0.000
  -1  241     -0.067     -0.387      0.000
 245   -2     -0.063     -0.119      0.000
 246  243     -0.060      0.357      0.000
 250  244     -0.053      0.773      0.000
 249   -2     -0.053     -0.723      0.000
 251  245     -0.041      0.238      0.000
 252  246     -0.036     -0.203      0.000
 247  249     -0.031     -0.354      0.000
 254  248     -0.028      0.652      0.000
 253   -2     -0.027     -0.393      0.000
 255  250     -0.026      0.381      0.000
 256  253     -0.002     -0.031      0.000
 257  254      0.001      0.120      0.000
 258  255      0.008     -0.593      0.000
 259  256      0.011      1.077      0.000
 260   -2      0.014     -0.555      0.000
 261  257      0.017      0.631      0.000
 265  260      0.054      0.637      0.000
 264  261      0.054      0.027      0.000
 263  263      0.054      0.361      0.000
 266  262      0.059      1.002      0.000
 267  264      0.067      0.727      0.000
 268   -2      0.070      0.878      0.000
 269  265      0.076     -0.081      0.000
 272  267      0.079     -1.168      0.000
 271  266      0.079     -1.020      0.000
  -1  269      0.101     -0.809      0.000
 274  270      0.106      0.150      0.000
 275  271      0.113      0.497      0.000
 276  272      0.117      0.100      0.000
  -1   -2      0.123      1.066      0.000
 278   -2      0.126      0.966      0.000
 279  273      0.130      0.930      0.000
 281   -2      0.140     -0.955      0.000
 282  274      0.142      0.754      0.000
 283  275      0.143      1.145      0.000
 284   -2      0.148      0.200      0.000
 285  277      0.151     -0.561      0.000
 286  276      0.152     -0.682      0.000
  -1  278      0.160     -0.765      0.000
  -1  279      0.171     -0.321      0.000
 289  281      0.171      0.398      0.000
 288  280      0.173     -0.130      0.000
 290  282      0.187     -0.785      0.000
  -1  283      0.189      1.059      0.000
 294  286      0.210      0.007      0.000
 295  287      0.215     -1.105      0.000
  -1  288      0.221     -0.360      0.000
 297  289      0.233     -0.195      0.000
 298  290      0.236      1.059      0.000
 296  291      0.241     -0.988      0.000
 300  293      0.253     -0.438      0.000
 301  292      0.257      0.806      0.000
 303  295      0.259      0.260      0.000
 299  296      0.269      0.169      0.000
 307  297      0.273     -0.189      0.000
 305  298      0.278      0.645      0.000
 309  301      0.292     -1.170      0.000
 308  300      0.298      0.041      0.000
  -1   -2      0.298      0.991      0.000
 311  302      0.306     -1.101      0.000
 310   -2      0.306     -0.245      0.000
  -1  294      0.307     -0.390      0.000
 312  303      0.309      1.111      0.000
 313  304      0.340      1.159      0.000
 315  305      0.349      0.044      0.000
 316  306      0.354      0.318      0.000
 317  307      0.366     -0.472      0.000
 318  308      0.367      0.175      0.000
 319  309      0.370     -0.886      0.000
 321  311      0.383     -0.524      0.000
 322  322      0.390     -1.054      0.000
 323  312      0.395     -0.016      0.000
 335   -2      0.400      0.772      0.000
 326  316      0.416     -0.963      0.000
 320   -2      0.419      0.613      0.000
 325   -2      0.420      1.155      0.000
 330   -2      0.428     -0.621      0.000
 329  319      0.429      0.810      0.000
 328  317      0.429      0.344      0.000
 331  318      0.429     -0.668      0.000
 333  320      0.436     -0.486      0.000
 334  321      0.444     -0.048      0.000
 338  323      0.468      0.837      0.000
 337  324      0.469      0.983      0.000
 340  326      0.481     -0.684      0.000
 339  325      0.481     -0.858      0.000
 352  314      0.493     -1.169      0.000
 342  328      0.502     -1.014      0.000
  -1   -2      0.513      0.052      0.000
 348  331      0.514     -0.400      0.000
 344  329      0.516     -0.054      0.000
 343  330      0.517      0.919      0.000
 346  332      0.524      0.552      0.000
 345  334      0.525     -0.626      0.000
 347  333      0.529      0.592      0.000
 349  335      0.534     -0.967      0.000
 350  336      0.538      0.983      0.000
 351  352      0.554      0.360      0.000
 353  338      0.557      1.113      0.000
 354  340      0.559     -1.012      0.000
 355  339      0.562      0.882      0.000
 356  341      0.568      0.609      0.000
 357  342      0.574      0.535      0.000
 358  343      0.590     -0.792      0.000
  -1   -2      0.593     -0.675      0.000
 361  346      0.611     -1.037      0.000
 362  345      0.612      0.920      0.000
 363   -2      0.613     -0.287      0.000
 366  348      0.618      1.004      0.000
 367  349      0.619     -0.880      0.000
 365  350      0.621     -0.511      0.000
 368  351      0.622     -0.007      0.000
 370  353      0.650     -1.167      0.000
 372  347      0.660     -0.071      0.000
 374  355      0.670     -0.399      0.000
  -1  357      0.685     -1.065      0.000
 376  360      0.689     -0.888      0.000
 378  358      0.689      0.368      0.000
 380  359      0.690      0.421      0.000
 379   -2      0.693     -0.728      0.000
 381  361      0.705      1.141      0.000
 383  363      0.708     -0.081      0.000
 382  362      0.708      0.688      0.000
 385  365      0.725     -0.917      0.000
 386  366      0.732     -0.665      0.000
 387  373      0.741      0.900      0.000
 388  367      0.751     -0.038      0.000
 384  379      0.770     -0.240      0.000
 391  369      0.774      0.113      0.000
 389  370      0.775     -0.844      0.000
 393  371      0.785      0.179      0.000
 392  372      0.786     -1.041      0.000
 395   -2      0.788      0.947      0.000
 396  374      0.802      0.453      0.000
 398  376      0.805     -0.154      0.000
 390   -2      0.812      0.691      0.000
 402   -2      0.820     -0.888      0.000
 400   -2      0.820     -0.276      0.000
 403  381      0.824      0.745      0.000
 394  386      0.825     -1.145      0.000
 404  382      0.828      0.808      0.000
 405  385      0.836     -0.808      0.000
 406  384      0.836      0.252      0.000
  -1   -2      0.837     -1.144      0.000
 407  388      0.849     -0.461      0.000
 409  389      0.854     -1.080      0.000
 410   -2      0.870      1.118      0.000
 412  390      0.871      0.555      0.000
  -1  391      0.872     -0.325      0.000
 413  395      0.880     -0.545      0.000
 417  394      0.881      0.476      0.000
 414  396      0.881     -0.236      0.000
 415   -2      0.885     -0.149      0.000
 416  393      0.890      1.147      0.000
  -1  402      0.894     -0.875      0.000
  -1  397      0.900     -0.802      0.000
 420  398      0.903     -0.943      0.000
 418  399      0.903     -1.006      0.000
  -1  400      0.913      0.499      0.000
 422  401      0.919     -0.025      0.000
  -1  403      0.924     -0.695      0.000
 423  404      0.931     -1.000      0.000
 421  410      0.932     -0.862      0.000
  -1  405      0.940     -1.076      0.000
 427  407      0.944      0.684      0.000
 426  406      0.946      0.790      0.000
 428  409      0.960      0.008      0.000
 429   -2      0.969     -0.319      0.000
 431  411      0.972     -0.035      0.000
  -1   -2      0.978     -0.122      0.000
 432  413      0.981     -0.582      0.000
  -1   -2      0.986      0.737      0.000
 433  414      0.989     -1.104      0.000
 434   -2      1.002      0.109      0.000
 436  417      1.004      0.854      0.000
 437  418      1.026     -0.682      0.000
 438  419      1.032      0.987      0.000
  -1  420      1.050     -0.323      0.000
  -1  421      1.057     -0.348      0.000
 439  422      1.062     -0.623      0.000
  -1   -2      1.065      0.713      0.000
 440  425      1.083     -1.174      0.000
  -1  430      1.089      0.624      0.000
 441  424      1.089     -0.550      0.000
 442  426      1.094      1.038      0.000
 443  428      1.110     -0.939      0.000
 444  429      1.116     -0.520      0.000
  -1   -2      1.121      0.288      0.000
 446  431      1.129     -0.738      0.000
 448  434      1.138     -0.821      0.000
  -1  433      1.140     -1.169      0.000
 450  436      1.146      0.553      0.000
 451  435      1.153     -0.332      0.000
 455  438      1.162      0.394      0.000
  -1   -2      1.162     -1.035      0.000
 454  441      1.164      1.105      0.000
 456  442      1.173     -0.454      0.000
 457  444      1.197     -0.510      0.000
 452  445      1.202     -1.131      0.000
 460  446      1.204      0.984      0.000
  -1   -2      1.215      0.422      0.000
 462  447      1.225      0.913      0.000
 463  448      1.229     -0.453      0.000
 466  440      1.236     -1.061      0.000
 465  450      1.237     -0.547      0.000
 467  452      1.256     -0.425      0.000
 461   -2      1.268     -0.083      0.000
 468  453      1.275     -0.762      0.000
 470  454      1.281      0.177      0.000
 469  455      1.282     -0.499      0.000
  -1   -2      1.288      0.116      0.000
  -1   -2      1.323      0.029      0.000
 473  457      1.325      0.490      0.000
 474  458      1.329      0.236      0.000
 475  459      1.334     -0.181      0.000
 476  461      1.342     -0.995      0.000
 477  462      1.344     -0.276      0.000
 478  463      1.350      1.056      0.000
 479  460      1.354     -1.162      0.000
 480  464      1.361     -0.849      0.000
 481  465      1.364      1.160      0.000
 483  466      1.365      0.548      0.000
 482  467      1.366     -0.329      0.000
 484  468      1.370     -0.384      0.000
 485  469      1.380     -0.904      0.000
 486  470      1.381     -0.130      0.000
 487  471      1.396      0.265      0.000
  -1  472      1.400     -0.301      0.000
 488  473      1.403     -0.851      0.000
 489  475      1.407      0.766      0.000
 491  477      1.414      0.129      0.000
 492  480      1.431      0.996      0.000
 509  479      1.437      0.822      0.000
 494  478      1.438      0.399      0.000
 493  482      1.439     -0.951      0.000
 501  481      1.441     -0.017      0.000
 496  483      1.450     -0.141      0.000
 500  484      1.453     -0.193      0.000
 499  486      1.462     -0.647      0.000
 498  485      1.462      0.091      0.000
 508  487      1.472     -1.078      0.000
 503  490      1.477      0.534      0.000
 502  489      1.478      0.647      0.000
  -1  491      1.484     -0.382      0.000
 504  492      1.497      0.351      0.000
 505  493      1.500      1.017      0.000
 507   -2      1.528     -0.513      0.000
 510  497      1.529      0.413      0.000
  -1   -2      1.532     -0.136      0.000
 511  498      1.539      1.056      0.000
 512  499      1.541     -0.810      0.000
 513  500      1.542     -0.929      0.000
 515  501      1.550     -0.701      0.000
