499
   0    1     -1.553      0.050      0.000
  -1   -2     -1.552     -0.634      0.000
   2    3     -1.536     -1.052      0.000
   3    4     -1.530     -0.378      0.000
   5    5     -1.530     -0.569      0.000
   4   -2     -1.529     -0.007      0.000
   6    7     -1.523     -0.059      0.000
   7    8     -1.522      0.218      0.000
  -1   11     -1.497      0.969      0.000
   9   12     -1.493      0.882      0.000
  10   13     -1.491     -0.608      0.000
  -1   14     -1.490      0.839      0.000
  -1   -2     -1.482     -0.356      0.000
  11   15     -1.479      0.542      0.000
  23    6     -1.471     -0.003      0.000
  12   -2     -1.468     -0.065      0.000
  14   18     -1.460     -1.160      0.000
  15    9     -1.459     -0.871      0.000
  24   -2     -1.458     -1.014      0.000
  17   21     -1.434     -0.521      0.000
  13   -2     -1.430      0.921      0.000
  18   23     -1.430      0.684      0.000
  20   24     -1.428     -0.215      0.000
  -1   -2     -1.417     -0.765      0.000
  -1   -2     -1.389      0.379      0.000
  -1   -2     -1.382     -0.626      0.000
  25   26     -1.377      0.518      0.000
  -1   30     -1.360     -0.769      0.000
  29   35     -1.354      0.320      0.000
  27   28     -1.350     -0.170      0.000
  -1   -2     -1.346     -0.829      0.000
  -1   -2     -1.342     -0.105      0.000
  36   31     -1.326      0.496      0.000
  30   -2     -1.325     -0.720      0.000
  31   29     -1.325      1.149      0.000
  32   32     -1.323      0.795      0.000
  -1   33     -1.313     -0.484      0.000
  35   34     -1.312     -1.103      0.000
  37   36     -1.298     -0.832      0.000
  38   37     -1.294      0.894      0.000
  -1   39     -1.290      0.471      0.000
  40   40     -1.290      0.583      0.000
  42   42     -1.283     -0.388      0.000
  41   43     -1.276     -0.234      0.000
  44   44     -1.273      0.792      0.000
  45   46     -1.268      0.403      0.000
  46   45     -1.267     -0.495      0.000
  -1   -2     -1.263     -1.155      0.000
  47   47     -1.263      1.016      0.000
  48   49     -1.252     -0.290      0.000
  49   48     -1.250     -1.047      0.000
  50   41     -1.239     -0.828      0.000
  -1   51     -1.234     -0.720      0.000
  51   52     -1.230      0.684      0.000
  52   53     -1.219      0.351      0.000
  54   56     -1.190     -1.036      0.000
  55   57     -1.178     -0.525      0.000
  57   58     -1.160      0.925      0.000
  58   59     -1.147      0.637      0.000
  59   60     -1.144     -0.161      0.000
  56   -2     -1.133     -1.090      0.000
  60   62     -1.132     -0.022      0.000
  63   61     -1.130     -1.011      0.000
  -1   -2     -1.126     -0.928      0.000
  62   65     -1.124      0.275      0.000
  65   64     -1.121      0.343      0.000
  67   63     -1.118     -1.050      0.000
  66   66     -1.116     -0.246      0.000
  -1   -2     -1.102      0.481      0.000
  79   68     -1.097      0.860      0.000
  71   69     -1.093      0.417      0.000
  72   70     -1.080     -0.065      0.000
  -1   -2     -1.079     -0.672      0.000
  73   72     -1.078      0.035      0.000
  74   71     -1.068     -0.863      0.000
  75   73     -1.061      0.396      0.000
  76   -2     -1.060      0.739      0.000
  78   74     -1.051      1.004      0.000
  77   75     -1.049      0.143      0.000
  69   78     -1.043     -1.171      0.000
  80   76     -1.039     -0.487      0.000
  82   79     -1.019     -0.154      0.000
  83   86     -1.016     -0.897      0.000
  87   80     -0.996     -0.991      0.000
  88   81     -0.996      1.113      0.000
  86   82     -0.994     -0.103      0.000
  89   84     -0.981      0.951      0.000
  90   85     -0.979     -0.668      0.000
  -1   -2     -0.971     -0.854      0.000
  -1   88     -0.966     -0.357      0.000
  -1   -2     -0.966     -0.307      0.000
  91   89     -0.962     -0.460      0.000
  -1  100     -0.943     -1.160      0.000
  92   91     -0.936     -0.746      0.000
  93   92     -0.927     -0.805      0.000
  94   93     -0.912     -1.111      0.000
  95   96     -0.899      0.048      0.000
  97   94     -0.899     -1.039      0.000
  98   97     -0.896      1.133      0.000
  96   98     -0.894     -0.289      0.000
  -1   99     -0.887      0.886      0.000
 100   -2     -0.879     -1.113      0.000
 101  102     -0.868      0.320      0.000
 103  101     -0.867      0.750      0.000
 104  103     -0.858     -0.546      0.000
 105  104     -0.855     -0.780      0.000
  99  108     -0.847      0.990      0.000
 108  105     -0.846      1.055      0.000
  -1  120     -0.839      0.500      0.000
  -1  111     -0.839     -0.828      0.000
 110  107     -0.826     -0.399      0.000
 113   -2     -0.821      1.096      0.000
 109  122     -0.818     -1.168      0.000
 112  110     -0.818     -0.202      0.000
 117   -2     -0.813     -0.787      0.000
 115  112     -0.813      0.429      0.000
 116  113     -0.808      0.078      0.000
 118  116     -0.804      0.172      0.000
 125  119     -0.792     -0.475      0.000
 106   -2     -0.792      0.278      0.000
 126  121     -0.775     -0.031      0.000
  -1   -2     -0.769     -0.234      0.000
  -1  123     -0.756     -0.946      0.000
 128  131     -0.747      0.951      0.000
 130  125     -0.744      0.592      0.000
 131  128     -0.742     -0.453      0.000
 133  129     -0.735      0.811      0.000
 134  127     -0.727     -0.970      0.000
 132  130     -0.724      0.006      0.000
 135   -2     -0.723      1.003      0.000
 121  140     -0.717     -0.722      0.000
 137  136     -0.707     -0.229      0.000
 138  137     -0.699      0.378      0.000
 141  138     -0.694     -1.096      0.000
 140  139     -0.691      0.716      0.000
 142  141     -0.679      0.273      0.000
  -1   -2     -0.679     -0.712      0.000
 143  143     -0.669      1.021      0.000
  -1   -2     -0.665     -0.825      0.000
 145  142     -0.662     -1.173      0.000
 146  145     -0.658     -0.134      0.000
 147  146     -0.648      1.059      0.000
 148  149     -0.642      1.164      0.000
  -1  150     -0.638      0.421      0.000
 149  151     -0.623     -0.954      0.000
 151  152     -0.619      0.931      0.000
 150  153     -0.618     -0.578      0.000
 152  154     -0.615     -0.193      0.000
 153  155     -0.601     -1.029      0.000
 155  156     -0.597      1.145      0.000
 154  157     -0.594     -0.414      0.000
 156  158     -0.588      0.613      0.000
  -1   -2     -0.584     -1.128      0.000
 158  159     -0.566     -0.944      0.000
 159  162     -0.562     -0.482      0.000
 160  163     -0.558      0.581      0.000
 162  166     -0.553      0.241      0.000
 165   -2     -0.541     -1.157      0.000
 166  167     -0.540      1.035      0.000
 168  170     -0.523     -0.528      0.000
 169  171     -0.513     -0.698      0.000
 170  172     -0.505     -0.122      0.000
 171   -2     -0.488     -0.588      0.000
 172  173     -0.487     -0.429      0.000
 174  175     -0.483     -0.805      0.000
 173  177     -0.481      0.316      0.000
 175  176     -0.480      0.691      0.000
 177  174     -0.461     -1.166      0.000
 176  179     -0.460      0.107      0.000
  -1  178     -0.460     -0.335      0.000
 178  181     -0.453      0.610      0.000
 179  180     -0.451      0.782      0.000
 180  182     -0.447      0.855      0.000
 181  183     -0.441     -0.275      0.000
 182  184     -0.436      1.009      0.000
 183  185     -0.426     -0.782      0.000
 184   -2     -0.413      0.026      0.000
 186   -2     -0.410     -1.125      0.000
 185  186     -0.409     -0.563      0.000
 187  187     -0.396      0.554      0.000
 188  188     -0.374     -0.486      0.000
 189  189     -0.374      0.074      0.000
 191  191     -0.367     -0.721      0.000
 192  192     -0.358      0.515      0.000
 194  194     -0.344      1.007      0.000
 193  193     -0.342     -0.167      0.000
 195  196     -0.336     -0.761      0.000
 196  197     -0.330     -0.332      0.000
 198   -2     -0.309      0.031      0.000
 199   -2     -0.307     -0.102      0.000
 200  198     -0.290      0.274      0.000
  -1   -2     -0.287     -1.125      0.000
  -1  201     -0.284      0.787      0.000
 203  200     -0.284     -0.828      0.000
  -1  207     -0.284     -0.566      0.000
 204  202     -0.281      0.342      0.000
 205  203     -0.280     -0.032      0.000
 202  199     -0.265     -1.172      0.000
 206  204     -0.261     -0.434      0.000
 223  190     -0.261      1.152      0.000
 207  205     -0.259      0.236      0.000
 210  208     -0.245      0.430      0.000
 212  209     -0.235      0.171      0.000
  -1   -2     -0.233      0.041      0.000
 213  211     -0.229     -0.078      0.000
 214  210     -0.225     -1.092      0.000
 217  214     -0.204     -1.120      0.000
 219  215     -0.197     -0.185      0.000
 220  216     -0.195      0.248      0.000
 221  217     -0.192      0.913      0.000
 222  218     -0.186      0.960      0.000
 224  219     -0.180     -0.912      0.000
  -1  213     -0.179      0.478      0.000
  -1  220     -0.173      0.107      0.000
 227  223     -0.172     -0.398      0.000
 226  222     -0.171      0.021      0.000
 228  224     -0.166     -0.728      0.000
 229  225     -0.160      0.398      0.000
 230  226     -0.149     -1.124      0.000
 231  227     -0.138     -0.244      0.000
 232  228     -0.126      0.953      0.000
 234   -2     -0.108     -0.280      0.000
 235  231     -0.107      0.801      0.000
  -1  232     -0.107     -0.306      0.000
 236  233     -0.099     -0.777      0.000
 237  239     -0.097      0.220      0.000
 238  234     -0.083      0.380      0.000
 239  237     -0.079      0.054      0.000
 241  236     -0.078      0.900      0.000
 240  235     -0.077     -1.034      0.000
 242  238     -0.071     -1.166      0.000
 243  240     -0.058      0.495      0.000
  -1   -2     -0.057     -0.230      0.000
 249   -2     -0.037      0.846      0.000
 245   -2     -0.034      0.231      0.000
 246  244     -0.032      0.383      0.000
 247  245     -0.026      0.576      0.000
 233   -2     -0.020     -0.056      0.000
 250  248     -0.019      0.658      0.000
  -1  247     -0.018     -1.078      0.000
 248  241     -0.011     -0.146      0.000
  -1   -2     -0.005     -1.141      0.000
 251  249      0.020      0.429      0.000
  -1  250      0.033      1.121      0.000
 252  251      0.040      0.597      0.000
 253  252      0.041      1.026      0.000
 255  253      0.041      0.106      0.000
 256  254      0.047     -0.596      0.000
 257  255      0.050     -0.739      0.000
 260  256      0.054     -0.439      0.000
 259  266      0.055     -0.004      0.000
  -1   -2      0.059      0.920      0.000
  -1   -2      0.061     -0.308      0.000
 262  258      0.065      0.303      0.000
 263  259      0.072     -1.084      0.000
  -1   -2      0.075     -0.648      0.000
 265  260      0.087      0.273      0.000
 264  261      0.094      0.781      0.000
 266  262      0.098     -0.154      0.000
  -1   -2      0.103     -0.969      0.000
 268  263      0.105     -1.166      0.000
 270  267      0.112     -0.351      0.000
 271  268      0.115     -0.275      0.000
 272  271      0.134     -1.043      0.000
  -1  269      0.135      1.045      0.000
  -1   -2      0.137     -0.408      0.000
 275   -2      0.139      0.643      0.000
 274  272      0.140      0.559      0.000
  -1   -2      0.144      0.442      0.000
  -1   -2      0.149     -0.887      0.000
 277  274      0.174      0.248      0.000
 278  275      0.174      0.700      0.000
 279  288      0.178     -0.426      0.000
 280  276      0.186     -0.855      0.000
 281  277      0.190     -0.261      0.000
 282  278      0.198     -1.067      0.000
 283  279      0.209     -0.684      0.000
  -1   -2      0.217     -0.888      0.000
  -1   -2      0.223     -0.337      0.000
 284  280      0.227      0.045      0.000
  -1   -2      0.228     -1.091      0.000
 285  283      0.230     -0.575      0.000
 286  284      0.232      0.884      0.000
 287  285      0.240      0.644      0.000
  -1   -2      0.243      0.718      0.000
 288   -2      0.255      0.288      0.000
 290  286      0.256     -0.069      0.000
 291  287      0.270     -1.046      0.000
 293  282      0.281     -1.123      0.000
 292  290      0.283     -0.214      0.000
  -1  291      0.301      0.105      0.000
  -1  292      0.309     -0.706      0.000
 294  293      0.310      0.646      0.000
 295  294      0.313      0.828      0.000
  -1  296      0.322     -1.171      0.000
 296  297      0.324      0.765      0.000
 297   -2      0.329      0.174      0.000
  -1  301      0.330      0.525      0.000
 298  299      0.343     -1.033      0.000
 305  298      0.347      0.114      0.000
 299  300      0.352      1.132      0.000
  -1  302      0.359     -0.732      0.000
 301  303      0.362     -0.886      0.000
 304  306      0.374     -0.952      0.000
 303  308      0.383      0.392      0.000
  -1  309      0.390      0.050      0.000
  -1   -2      0.397      0.698      0.000
 308  311      0.408     -0.707      0.000
 309  312      0.411     -0.558      0.000
 310  313      0.417      0.239      0.000
 311  316      0.421     -0.845      0.000
  -1  314      0.422      0.739      0.000
 312  315      0.423     -0.253      0.000
 314  318      0.446      0.793      0.000
 315  319      0.452     -0.641      0.000
 316  321      0.469     -0.264      0.000
 319   -2      0.471      0.621      0.000
 317  322      0.476     -0.304      0.000
  -1   -2      0.479      0.260      0.000
  -1  323      0.479      0.049      0.000
 320   -2      0.483      1.062      0.000
 321  324      0.486     -0.467      0.000
 322  325      0.496      0.893      0.000
  -1   -2      0.498      0.329      0.000
 325  326      0.506      0.203      0.000
 328  330      0.517     -0.425      0.000
 329  328      0.520      0.119      0.000
 330  331      0.523      1.129      0.000
 331  329      0.526      0.640      0.000
  -1  332      0.532     -0.474      0.000
 339  317      0.532     -1.060      0.000
 332   -2      0.540      0.364      0.000
 333  333      0.544     -0.595      0.000
 334  327      0.555      0.701      0.000
 335  334      0.557     -0.296      0.000
 336  335      0.559      0.006      0.000
 338  336      0.560      0.994      0.000
 318   -2      0.564     -1.159      0.000
 341  338      0.569     -0.702      0.000
 343  339      0.582     -0.458      0.000
  -1   -2      0.582     -0.735      0.000
 357   -2      0.587     -0.769      0.000
 345  340      0.590      0.340      0.000
 347  341      0.591      1.129      0.000
 346  346      0.595     -0.220      0.000
 350  343      0.607      0.507      0.000
 351  345      0.611      0.382      0.000
  -1   -2      0.613     -0.907      0.000
 353   -2      0.614     -0.254      0.000
 355  347      0.617      0.217      0.000
 354  349      0.619     -0.977      0.000
  -1  348      0.624      0.635      0.000
  -1  342      0.625     -1.165      0.000
 362   -2      0.628      1.069      0.000
 359  351      0.634     -0.020      0.000
 361  344      0.638      0.465      0.000
 363  353      0.644     -0.438      0.000
 364  354      0.657      0.531      0.000
 365  355      0.673     -0.604      0.000
 367  356      0.681     -0.699      0.000
 368  357      0.685      0.765      0.000
  -1  358      0.687     -0.333      0.000
 369  359      0.689     -0.904      0.000
 370   -2      0.692     -0.166      0.000
 371  360      0.709      0.655      0.000
  -1   -2      0.709     -0.391      0.000
 374  363      0.733     -0.978      0.000
 375  364      0.746     -0.041      0.000
 376  365      0.746     -0.759      0.000
 377  366      0.754     -1.032      0.000
  -1  367      0.765      0.019      0.000
 379  369      0.766      0.588      0.000
  -1  370      0.777     -0.801      0.000
 380  371      0.780      0.932      0.000
 383   -2      0.782      0.383      0.000
 382  372      0.783      0.352      0.000
 381   -2      0.783     -0.397      0.000
 384  375      0.792      0.702      0.000
 386  374      0.802     -0.618      0.000
  -1   -2      0.804     -0.716      0.000
 389  377      0.817      0.632      0.000
 390  376      0.817      0.517      0.000
 388  378      0.817     -1.093      0.000
 391  379      0.820     -0.142      0.000
 392  380      0.823      0.847      0.000
 387   -2      0.823      0.945      0.000
  -1   -2      0.824      0.155      0.000
 393  381      0.830     -0.229      0.000
  -1  383      0.835      0.227      0.000
 394  384      0.837     -1.034      0.000
 395  385      0.839     -0.763      0.000
 396  373      0.842     -0.397      0.000
 397  386      0.845     -0.167      0.000
  -1   -2      0.848     -0.491      0.000
 398  387      0.853     -0.590      0.000
 399  388      0.853      0.348      0.000
 400  390      0.861     -1.123      0.000
 401  389      0.861     -0.839      0.000
 403   -2      0.865      1.103      0.000
 404  391      0.868     -0.337      0.000
  -1   -2      0.889     -0.067      0.000
  -1  392      0.897     -0.775      0.000
 406  394      0.901     -0.032      0.000
 405  396      0.903      1.035      0.000
  -1   -2      0.907     -1.166      0.000
 407  395      0.909      1.138      0.000
  -1   -2      0.929      0.083      0.000
  -1   -2      0.931     -0.880      0.000
  -1   -2      0.934      0.896      0.000
 409  393      0.939     -1.080      0.000
 410  400      0.952      0.732      0.000
 413  401      0.958      0.176      0.000
 412  403      0.960     -0.822      0.000
 411  399      0.963     -0.610      0.000
 417  404      0.969      1.019      0.000
  -1  408      0.971     -0.904      0.000
 420  406      0.974      0.208      0.000
 421  407      0.984      0.922      0.000
  -1   -2      0.991     -1.078      0.000
 419   -2      0.995     -0.106      0.000
  -1  409      0.998      0.738      0.000
 422  410      1.005      0.497      0.000
 424  412      1.021      0.291      0.000
 425  413      1.022      0.249      0.000
 426  414      1.027     -0.578      0.000
 427  415      1.028     -0.483      0.000
 429   -2      1.032      1.045      0.000
 431  417      1.049     -0.080      0.000
 432  418      1.054     -0.296      0.000
 434  423      1.085      0.037      0.000
  -1   -2      1.086     -0.194      0.000
 435  424      1.095      0.649      0.000
 437  425      1.100     -0.674      0.000
 436  426      1.100     -1.091      0.000
 438  427      1.105      1.033      0.000
 439   -2      1.110     -0.378      0.000
 440  428      1.112      0.598      0.000
 441  429      1.121      0.551      0.000
 458   -2      1.124      0.703      0.000
 442   -2      1.126      0.101      0.000
  -1  432      1.137      0.052      0.000
 444  435      1.138     -1.174      0.000
  -1  433      1.139     -0.316      0.000
 446  436      1.153      0.347      0.000
 445  437      1.153     -0.767      0.000
 447  434      1.155      0.231      0.000
 448  438      1.160     -1.004      0.000
 450  439      1.165     -0.222      0.000
 449  440      1.169      0.991      0.000
 451  441      1.170     -0.920      0.000
 453  442      1.184     -0.323      0.000
 454  443      1.186      0.924      0.000
 455  444      1.190      0.170      0.000
 456   -2      1.194     -1.154      0.000
 457  447      1.206      1.004      0.000
 459  448      1.215      0.464      0.000
 461  452      1.221     -0.699      0.000
 460  449      1.226     -1.087      0.000
 464  451      1.229     -0.109      0.000
 462  450      1.229      0.803      0.000
 465  453      1.232      0.398      0.000
 467  454      1.248     -0.458      0.000
  -1  457      1.264      0.692      0.000
 470  458      1.275     -0.084      0.000
 473  445      1.284     -1.171      0.000
 469  461      1.290     -0.919      0.000
 471  460      1.291      0.988      0.000
 472  462      1.295     -0.675      0.000
 481  470      1.299     -0.332      0.000
  -1   -2      1.301     -0.753      0.000
  -1  455      1.313      0.570      0.000
 476  463      1.318      0.210      0.000
 477  464      1.318      0.903      0.000
 478  466      1.324     -0.532      0.000
 479  469      1.327      1.052      0.000
 480  465      1.327      0.027      0.000
  -1  472      1.359     -0.062      0.000
 486  475      1.371     -0.784      0.000
 492  471      1.377     -1.168      0.000
 495   -2      1.380      1.015      0.000
  -1  478      1.387     -0.180      0.000
 490  474      1.411     -0.291      0.000
 491  479      1.411      0.715      0.000
 488   -2      1.412      0.250      0.000
 493  480      1.445      0.273      0.000
  -1  485      1.449      0.017      0.000
 496  484      1.471     -0.706      0.000
 498  488      1.479     -0.635      0.000
 499  486      1.480      0.430      0.000
 497  487      1.480     -0.561      0.000
 502  490      1.493     -0.439      0.000
 503  493      1.508     -1.021      0.000
 504  494      1.521      0.499      0.000
 508  495      1.534      0.036      0.000
 501  491      1.536      0.868      0.000
 510  497      1.540      0.148      0.000
 512   -2      1.544     -1.124      0.000
  -1  500      1.559     -0.809      0.000
 513   -2      1.574     -0.476      0.000
