495
   0    1     -1.561      0.831      0.000
  -1    8     -1.559     -0.151      0.000
  -1    2     -1.548     -0.054      0.000
   2    3     -1.548      0.253      0.000
  -1   17     -1.521     -1.141      0.000
   9    9     -1.497      0.214      0.000
  -1   -2     -1.490     -0.560      0.000
  10   11     -1.481      0.508      0.000
  11   12     -1.479      0.270      0.000
  12   14     -1.476      0.635      0.000
  13   15     -1.474     -0.273      0.000
  14   16     -1.468      0.396      0.000
  15   18     -1.464      0.985      0.000
  16   19     -1.464     -0.949      0.000
  17   20     -1.449      0.153      0.000
  -1   -2     -1.445      0.554      0.000
  18   21     -1.444     -0.583      0.000
  -1   -2     -1.442     -0.485      0.000
  -1   22     -1.420      0.469      0.000
  20   25     -1.415     -0.328      0.000
  21   26     -1.408      0.331      0.000
  22   27     -1.392      0.736      0.000
  24   28     -1.380     -0.366      0.000
  26   30     -1.374      0.278      0.000
  27   29     -1.369      1.090      0.000
  29   32     -1.362     -0.870      0.000
  28   33     -1.360      0.611      0.000
  30   34     -1.359     -0.705      0.000
  -1   36     -1.359     -0.199      0.000
  32   35     -1.357     -1.013      0.000
  -1   37     -1.357      0.066      0.000
  33   -2     -1.348     -0.511      0.000
  31   -2     -1.343      0.031      0.000
  35   40     -1.331      1.004      0.000
  36   39     -1.330     -1.114      0.000
  -1   -2     -1.330     -0.976      0.000
  -1   -2     -1.327      0.535      0.000
  37   43     -1.324      0.905      0.000
  38   44     -1.309      0.675      0.000
  39   45     -1.304     -0.001      0.000
  40   -2     -1.304     -0.795      0.000
  42   46     -1.289     -0.822      0.000
  41   48     -1.287      0.166      0.000
  45   50     -1.286     -0.212      0.000
  46   49     -1.281     -0.965      0.000
  47   -2     -1.274     -0.320      0.000
  -1   -2     -1.273      0.746      0.000
  48   52     -1.266      0.537      0.000
  49   -2     -1.265      0.640      0.000
  50   53     -1.254     -0.607      0.000
  53   55     -1.240      0.975      0.000
  52   57     -1.237      0.383      0.000
  54   58     -1.236     -0.511      0.000
  55   56     -1.234     -0.813      0.000
  -1   60     -1.223     -0.568      0.000
  -1   -2     -1.215      0.496      0.000
  56   61     -1.214     -1.105      0.000
  57   62     -1.196      0.810      0.000
  58   63     -1.191     -0.621      0.000
  66   64     -1.178     -0.121      0.000
  60   65     -1.168     -0.850      0.000
  62   66     -1.165     -0.815      0.000
  64   68     -1.159      0.709      0.000
  63   67     -1.158      1.003      0.000
  67   69     -1.151     -0.988      0.000
  -1   70     -1.147      0.615      0.000
  69   -2     -1.134      0.616      0.000
  73   -2     -1.115     -1.044      0.000
  71   72     -1.115      1.024      0.000
  70   73     -1.115     -0.340      0.000
  72   71     -1.113     -1.009      0.000
  68   86     -1.113     -0.596      0.000
  74   74     -1.099      0.393      0.000
  75   75     -1.087      0.640      0.000
  -1   -2     -1.083      0.425      0.000
  -1   76     -1.075      0.062      0.000
  76   77     -1.067     -0.367      0.000
  77   78     -1.061     -0.102      0.000
  79   79     -1.044      0.791      0.000
  81   82     -1.041     -0.279      0.000
  82   81     -1.039     -1.044      0.000
  84   84     -1.034     -0.718      0.000
  -1   83     -1.033      0.930      0.000
  83   85     -1.032      0.392      0.000
  86   88     -1.018     -0.850      0.000
  87   89     -1.014      0.472      0.000
  89   91     -1.005     -0.777      0.000
  80   -2     -0.995     -0.158      0.000
  90   92     -0.994      1.017      0.000
  -1   90     -0.985     -0.655      0.000
  92   94     -0.985      0.903      0.000
  94   93     -0.983     -1.102      0.000
  91   96     -0.982      0.385      0.000
  95   97     -0.974      0.189      0.000
  -1   99     -0.974     -0.992      0.000
  96   98     -0.972     -0.428      0.000
  97  100     -0.970     -0.217      0.000
  93  102     -0.963     -0.178      0.000
 101  103     -0.949     -0.928      0.000
  99  104     -0.946      0.776      0.000
  -1  105     -0.942      0.618      0.000
 100  106     -0.941      0.335      0.000
 103  107     -0.913      1.086      0.000
 102  108     -0.912     -0.764      0.000
 104  110     -0.896     -1.083      0.000
 105  111     -0.886      0.569      0.000
 106  112     -0.885      0.899      0.000
 107  113     -0.878      0.304      0.000
  -1  120     -0.869     -1.167      0.000
 108  115     -0.862     -0.090      0.000
 109  116     -0.856     -0.739      0.000
  -1  109     -0.848      0.470      0.000
 110  117     -0.844      0.692      0.000
 111  118     -0.843     -0.610      0.000
  -1  124     -0.837     -0.936      0.000
 112  119     -0.837     -0.689      0.000
 115  121     -0.822      1.089      0.000
 116  125     -0.819     -0.444      0.000
 117  123     -0.819      1.044      0.000
 114  122     -0.818     -1.095      0.000
 118  126     -0.809     -0.137      0.000
  -1   -2     -0.805     -0.936      0.000
 119  127     -0.802     -0.216      0.000
  -1  128     -0.797     -0.491      0.000
 122  129     -0.784      0.993      0.000
 125  132     -0.780     -0.011      0.000
 124  130     -0.779     -0.799      0.000
 126  131     -0.778      0.817      0.000
 127  133     -0.770     -0.753      0.000
 121  134     -0.767      0.324      0.000
 129  135     -0.763      0.889      0.000
 130  137     -0.760      0.406      0.000
 128  136     -0.757      0.258      0.000
 132  138     -0.756     -0.930      0.000
 134  139     -0.739     -1.010      0.000
 135  141     -0.730     -0.450      0.000
 136  142     -0.723     -0.059      0.000
 137  143     -0.720      0.985      0.000
  -1   -2     -0.713      0.386      0.000
 139  145     -0.706      0.034      0.000
  -1  147     -0.689      1.133      0.000
 143  151     -0.680      1.069      0.000
 142  153     -0.677     -0.155      0.000
 144   -2     -0.676      0.889      0.000
 141  154     -0.675      0.139      0.000
 145  152     -0.674      1.016      0.000
 148  158     -0.673     -1.123      0.000
 147  155     -0.669     -0.693      0.000
 146  156     -0.667     -0.563      0.000
 149   -2     -0.653     -1.080      0.000
 151  159     -0.646      0.735      0.000
 150  161     -0.646     -0.109      0.000
 152  160     -0.643      1.155      0.000
 154  162     -0.632     -1.119      0.000
 156  164     -0.630     -1.009      0.000
 155   -2     -0.623      0.069      0.000
 157   -2     -0.616      1.083      0.000
  -1   -2     -0.612      0.216      0.000
 133   -2     -0.612     -0.774      0.000
 159  166     -0.595     -0.316      0.000
 161  167     -0.591      0.900      0.000
  -1  168     -0.574     -0.442      0.000
 164  171     -0.571     -0.944      0.000
 163  170     -0.571     -0.785      0.000
 162  169     -0.570     -0.523      0.000
 165  172     -0.563     -0.287      0.000
 167  174     -0.552      1.069      0.000
 140   -2     -0.543     -1.090      0.000
 169  177     -0.535      0.042      0.000
  -1   -2     -0.522      0.352      0.000
  -1   -2     -0.520      0.819      0.000
 170  178     -0.519     -0.527      0.000
 172   -2     -0.504      0.555      0.000
 171  180     -0.502      0.690      0.000
 174  179     -0.502      0.489      0.000
 173  181     -0.501     -0.247      0.000
  -1   -2     -0.497      0.275      0.000
  -1  182     -0.483     -1.166      0.000
 175  184     -0.475      0.992      0.000
 176  185     -0.465     -0.694      0.000
 177  186     -0.455      0.078      0.000
 178  187     -0.452      0.189      0.000
 179  188     -0.439     -0.969      0.000
  -1   -2     -0.435     -1.073      0.000
 180  189     -0.435     -0.056      0.000
 181  190     -0.419     -0.135      0.000
 182  191     -0.418     -0.861      0.000
 183  192     -0.415     -0.301      0.000
 184  194     -0.398      0.458      0.000
  -1   -2     -0.395     -1.169      0.000
 186  196     -0.378     -0.536      0.000
 187  197     -0.377     -0.984      0.000
 189  195     -0.375      0.766      0.000
 188  198     -0.375     -0.625      0.000
 190  206     -0.373      0.656      0.000
 191  199     -0.367      1.090      0.000
 192  200     -0.365      0.532      0.000
  -1  201     -0.361     -1.130      0.000
 194  202     -0.360     -0.693      0.000
 193  203     -0.358     -0.201      0.000
 195  204     -0.357      0.330      0.000
  -1   -2     -0.356     -1.089      0.000
  -1   -2     -0.351     -0.405      0.000
 197  205     -0.348      1.019      0.000
 198  207     -0.339     -0.307      0.000
 199  209     -0.333     -0.270      0.000
 200  208     -0.331      0.903      0.000
 201   -2     -0.313     -0.445      0.000
  -1   -2     -0.301      0.474      0.000
 203  211     -0.301     -0.958      0.000
 202  213     -0.299     -0.602      0.000
 204  214     -0.291     -1.013      0.000
 205  216     -0.284      0.827      0.000
 206  217     -0.277      0.556      0.000
 207  219     -0.269      0.316      0.000
  -1   -2     -0.267     -1.171      0.000
 208  218     -0.264     -1.100      0.000
 209   -2     -0.260     -0.495      0.000
  -1  220     -0.250      0.289      0.000
 210  222     -0.240     -0.209      0.000
 212  224     -0.229      0.431      0.000
 213  225     -0.228     -0.709      0.000
 214  227     -0.221     -0.427      0.000
 216  228     -0.207      1.103      0.000
 217   -2     -0.198      0.121      0.000
  -1   -2     -0.189      0.330      0.000
 218  230     -0.188      0.739      0.000
  -1  229     -0.188      0.560      0.000
 220   -2     -0.164      0.394      0.000
  -1  231     -0.153      0.007      0.000
 223  235     -0.142      0.067      0.000
 225   -2     -0.141     -0.282      0.000
 227  236     -0.132     -1.058      0.000
 221  248     -0.125     -0.692      0.000
 228  238     -0.112     -0.205      0.000
 230  239     -0.109      0.504      0.000
  -1  232     -0.108     -0.931      0.000
  -1   -2     -0.102      0.395      0.000
 232  241     -0.097      0.648      0.000
  -1   -2     -0.094     -0.862      0.000
  -1  242     -0.093      0.968      0.000
 233  243     -0.085     -0.098      0.000
 235  244     -0.079      0.338      0.000
 229  245     -0.064     -0.672      0.000
 238  247     -0.058     -0.176      0.000
 237  246     -0.058      0.229      0.000
 244   -2     -0.052      0.516      0.000
 240  249     -0.041     -0.356      0.000
 241  250     -0.040      0.361      0.000
 242  251     -0.038      0.613      0.000
 243  253     -0.025      0.776      0.000
  -1   -2     -0.019      0.898      0.000
 245  252     -0.016     -0.020      0.000
 236  263      0.008     -1.155      0.000
 249  258      0.011      0.592      0.000
 248  255      0.012      1.017      0.000
 250  257      0.034      0.382      0.000
 246  259      0.043      0.034      0.000
  -1   -2      0.050      0.600      0.000
 253  260      0.056      0.345      0.000
  -1   -2      0.057     -0.050      0.000
 255  261      0.059      0.940      0.000
 256  265      0.065      0.680      0.000
 257  267      0.076     -0.959      0.000
 252  266      0.082     -0.225      0.000
 260  268      0.097     -0.750      0.000
 261  269      0.100      0.147      0.000
 264  270      0.108      0.467      0.000
 263  271      0.112      0.101      0.000
  -1   -2      0.118      0.522      0.000
 266  273      0.133      0.885      0.000
 267   -2      0.136     -0.951      0.000
 269  275      0.148      1.084      0.000
 271  278      0.151     -0.512      0.000
 270  277      0.152     -0.628      0.000
 274   -2      0.169     -0.108      0.000
  -1  283      0.170     -1.130      0.000
 275  279      0.173      0.374      0.000
 276  280      0.187     -0.727      0.000
 277  281      0.198      1.002      0.000
 287   -2      0.201     -0.487      0.000
 278  284      0.207      0.579      0.000
 279  285      0.211      0.018      0.000
 280  286      0.213     -1.046      0.000
  -1   -2      0.213      1.084      0.000
 281  287      0.219     -0.325      0.000
 282  289      0.226     -0.591      0.000
 283  288      0.228     -0.916      0.000
 284  290      0.235     -0.171      0.000
  -1  292      0.249      0.129      0.000
 285  291      0.249      0.997      0.000
 291   -2      0.258     -0.935      0.000
  -1  293      0.258     -0.393      0.000
 288  294      0.265      0.757      0.000
 290  296      0.267      1.149      0.000
 289  295      0.267      0.248      0.000
  -1   -2      0.276      0.891      0.000
 292  297      0.279      0.163      0.000
  -1  298      0.287     -0.167      0.000
 293  299      0.290      0.604      0.000
 295  301      0.307      0.046      0.000
 296   -2      0.308      0.937      0.000
 299  302      0.310     -0.216      0.000
 298  303      0.312     -0.411      0.000
 300  304      0.318      1.054      0.000
 301   -2      0.329     -0.626      0.000
 318   -2      0.347      1.101      0.000
 303  305      0.349     -0.432      0.000
 307  306      0.364      0.243      0.000
 308  307      0.369      0.299      0.000
 310  308      0.372     -0.838      0.000
 311   -2      0.382      0.170      0.000
 312  311      0.382     -0.434      0.000
 313   -2      0.387     -1.004      0.000
 302   -2      0.389     -1.088      0.000
 315  314      0.414     -0.008      0.000
 316  315      0.417     -0.915      0.000
 317  316      0.418     -0.693      0.000
 305   -2      0.419      0.729      0.000
  -1  310      0.421      0.172      0.000
 319  320      0.438     -0.630      0.000
 320  321      0.440      0.577      0.000
 322  322      0.445      0.215      0.000
 321   -2      0.446     -0.824      0.000
 324  324      0.448      0.764      0.000
 325  325      0.448      0.327      0.000
 323  323      0.449     -0.452      0.000
 326  326      0.464     -0.686      0.000
 327  318      0.464      0.701      0.000
 328  327      0.465     -0.039      0.000
 329  328      0.482      0.930      0.000
 332  329      0.485     -0.819      0.000
  -1   -2      0.486      0.447      0.000
 334  332      0.489     -0.650      0.000
 333  331      0.489      0.791      0.000
  -1   -2      0.500      0.330      0.000
 335  333      0.501     -0.980      0.000
  -1  330      0.513     -1.163      0.000
 336  334      0.534      0.872      0.000
 337  335      0.535     -0.593      0.000
 338  337      0.537     -0.932      0.000
 339  336      0.541     -0.047      0.000
  -1   -2      0.549     -1.159      0.000
  -1  338      0.552     -0.454      0.000
  -1  340      0.552     -0.200      0.000
  -1  339      0.553      0.523      0.000
 340  341      0.553      0.936      0.000
 342  342      0.558      0.565      0.000
 341   -2      0.559     -0.978      0.000
 343  343      0.566      1.066      0.000
 345  345      0.578      0.335      0.000
 348   -2      0.578      0.838      0.000
 347  346      0.594     -0.760      0.000
 346   -2      0.594     -0.909      0.000
 351  347      0.605      0.506      0.000
 349  348      0.606     -1.015      0.000
 350  350      0.606     -0.652      0.000
  -1  349      0.616     -0.418      0.000
  -1   -2      0.618     -0.695      0.000
 353  351      0.624     -0.853      0.000
 355  353      0.631      0.966      0.000
 354  352      0.631      0.881      0.000
 356  354      0.638     -0.485      0.000
 358  358      0.680      0.267      0.000
 357  363      0.685     -1.041      0.000
  -1  359      0.686      0.310      0.000
 359   -2      0.687     -0.457      0.000
 360  362      0.693     -0.383      0.000
 362   -2      0.706     -0.708      0.000
 361   -2      0.707     -0.877      0.000
 363  364      0.712      1.102      0.000
 366  365      0.728      0.402      0.000
 365  366      0.728      0.350      0.000
 371  367      0.729      1.040      0.000
 368  368      0.741      0.658      0.000
 370  371      0.746     -0.649      0.000
  -1  373      0.775      0.938      0.000
  -1   -2      0.778     -0.472      0.000
 374  375      0.786     -0.038      0.000
 376  378      0.794      0.098      0.000
 377  379      0.811      0.916      0.000
 380  374      0.814     -0.547      0.000
 381  381      0.823     -0.880      0.000
 382  380      0.826      0.170      0.000
 388  382      0.827     -1.138      0.000
 383  383      0.836      1.101      0.000
 384  384      0.838     -0.797      0.000
 385  385      0.839     -0.155      0.000
 387  387      0.844      0.436      0.000
  -1   -2      0.847      0.921      0.000
 391  388      0.848      0.667      0.000
 389  389      0.850     -1.070      0.000
  -1   -2      0.851     -0.493      0.000
 392  386      0.852     -0.273      0.000
 390  393      0.853      0.306      0.000
 393  390      0.856      0.721      0.000
 402   -2      0.860      0.782      0.000
 395  394      0.871     -0.455      0.000
 396  395      0.874      1.083      0.000
 397  396      0.881      0.242      0.000
  -1  397      0.888      0.391      0.000
  -1  401      0.897     -0.875      0.000
 400  400      0.899     -0.543      0.000
 401  402      0.902     -1.005      0.000
 403  404      0.906     -0.800      0.000
 404  405      0.913      0.537      0.000
 406  406      0.920     -0.253      0.000
  -1  407      0.923     -0.152      0.000
 408  408      0.923      0.463      0.000
  -1  409      0.927      0.030      0.000
 405  412      0.938     -0.866      0.000
 409  411      0.938     -0.699      0.000
 410  416      0.964     -0.035      0.000
 412  417      0.969     -0.236      0.000
 399   -2      0.983     -1.117      0.000
 414  423      0.986      0.687      0.000
 415  421      0.997     -0.587      0.000
 417  422      1.002     -0.002      0.000
 418   -2      1.020      0.724      0.000
 421   -2      1.028      0.597      0.000
 419  425      1.028      0.842      0.000
 420  424      1.029      0.258      0.000
 422  426      1.037      0.104      0.000
  -1  427      1.045     -0.689      0.000
 423   -2      1.052      0.201      0.000
 424  428      1.052      0.977      0.000
 425  430      1.073     -1.173      0.000
 426  429      1.076     -0.636      0.000
  -1   -2      1.099     -0.349      0.000
  -1   -2      1.103      0.717      0.000
 427  431      1.105      1.033      0.000
 428  432      1.110     -0.957      0.000
 430  435      1.132     -0.533      0.000
 431  436      1.136     -0.759      0.000
 432  437      1.146     -0.844      0.000
 433   -2      1.149      0.878      0.000
 435  438      1.160     -1.060      0.000
 437  440      1.163      0.553      0.000
  -1  441      1.164      1.027      0.000
 438  439      1.169      0.285      0.000
 439  443      1.177     -0.350      0.000
 440  444      1.185     -1.153      0.000
 441  445      1.194     -0.474      0.000
 442  446      1.204      0.391      0.000
  -1   -2      1.208      0.215      0.000
 436  447      1.214      0.008      0.000
 444  449      1.223      0.989      0.000
  -1  450      1.226     -0.287      0.000
  -1   -2      1.227     -1.086      0.000
 446   -2      1.255      0.921      0.000
 445  453      1.263     -0.463      0.000
 450  454      1.288      0.724      0.000
 451  455      1.298     -0.529      0.000
 452  457      1.320      0.173      0.000
  -1  478      1.342     -0.676      0.000
 453  459      1.342     -1.034      0.000
 449  476      1.354     -1.168      0.000
 455  461      1.361     -0.206      0.000
 454  462      1.361      1.075      0.000
 458  464      1.364      0.502      0.000
 457  463      1.365      0.237      0.000
 456  465      1.365     -0.890      0.000
 459  466      1.368     -0.305      0.000
 460  467      1.385     -0.946      0.000
 461   -2      1.386     -0.360      0.000
 462  468      1.388     -0.422      0.000
 465  471      1.399     -1.163      0.000
 463  470      1.402      0.567      0.000
 464  472      1.407     -0.894      0.000
 466  469      1.415     -0.333      0.000
 467  473      1.430      0.267      0.000
 468  474      1.437      0.793      0.000
  -1  477      1.449     -1.005      0.000
  -1   -2      1.450     -1.044      0.000
 470  480      1.450     -1.125      0.000
 471  479      1.462      0.982      0.000
 472  481      1.468     -0.035      0.000
 473  482      1.471     -0.695      0.000
 476  483      1.473      0.412      0.000
 475  485      1.477     -0.215      0.000
 474  484      1.481     -0.173      0.000
 477  486      1.486      0.085      0.000
 478   -2      1.506     -1.017      0.000
  -1  487      1.506     -0.691      0.000
 479  488      1.509      0.675      0.000
  -1   -2      1.511     -0.477      0.000
 480  489      1.512      0.555      0.000
 481  490      1.521      1.052      0.000
 482  491      1.527      0.365      0.000
  -1   -2      1.529      0.033      0.000
 483  492      1.539      0.753      0.000
 485  495      1.545     -0.860      0.000
 486  496      1.545     -0.978      0.000
 489  497      1.555     -0.756      0.000
 490  498      1.555      1.093      0.000
