493
  -1    1     -1.569      0.887      0.000
  -1   -2     -1.565      1.062      0.000
   1    3     -1.556      0.387      0.000
   2    4     -1.549     -1.007      0.000
  -1    6     -1.548     -0.590      0.000
   3    5     -1.539      0.055      0.000
   4   -2     -1.522     -0.529      0.000
   6   -2     -1.504      1.105      0.000
  -1   11     -1.502     -0.720      0.000
   7   12     -1.498      0.208      0.000
   8   10     -1.498     -0.047      0.000
   9   13     -1.493      0.928      0.000
  11   15     -1.484     -0.568      0.000
  10   14     -1.483      0.841      0.000
  12   16     -1.482     -0.757      0.000
  13   17     -1.480      0.799      0.000
  15   18     -1.465      0.976      0.000
  16   19     -1.465     -0.828      0.000
  -1   20     -1.463     -0.968      0.000
  17    7     -1.462     -0.315      0.000
  18   -2     -1.455      0.518      0.000
  19   21     -1.443     -0.056      0.000
  20   -2     -1.427      0.716      0.000
  22   26     -1.421      0.884      0.000
  21   22     -1.420     -0.482      0.000
  -1   -2     -1.419     -0.726      0.000
  24   24     -1.410      0.651      0.000
  25   25     -1.408     -0.929      0.000
  26   27     -1.401     -0.197      0.000
  -1   -2     -1.397      0.833      0.000
  -1   28     -1.389      0.274      0.000
  27   31     -1.348      0.495      0.000
  14   -2     -1.333     -1.163      0.000
  31   -2     -1.332     -1.063      0.000
  30   33     -1.330      1.115      0.000
  34   35     -1.321      0.936      0.000
  32   36     -1.321     -0.686      0.000
  33   37     -1.319     -0.156      0.000
  -1   38     -1.301      0.757      0.000
  35   39     -1.299     -0.797      0.000
  38   40     -1.296     -1.099      0.000
  36   42     -1.295      0.474      0.000
  37   41     -1.293     -0.456      0.000
  39   43     -1.283      0.865      0.000
  40   45     -1.272      0.219      0.000
  41   53     -1.261     -1.016      0.000
  45   46     -1.260      0.988      0.000
  44   48     -1.259     -0.362      0.000
  43   49     -1.258      0.561      0.000
  47   50     -1.256      0.768      0.000
  46   52     -1.255      0.453      0.000
  49   51     -1.253     -0.212      0.000
  48   54     -1.243     -0.472      0.000
  50   -2     -1.240     -0.797      0.000
  52   56     -1.231      0.390      0.000
  54   55     -1.230      1.156      0.000
  -1   57     -1.225     -0.228      0.000
  -1   -2     -1.224     -0.858      0.000
  55   58     -1.220     -0.276      0.000
  60   61     -1.201     -1.003      0.000
  61   60     -1.200     -0.936      0.000
  69   -2     -1.196     -0.584      0.000
  58   -2     -1.182      0.599      0.000
  65   63     -1.180      0.342      0.000
  66   64     -1.159     -0.109      0.000
  67   66     -1.152      0.906      0.000
  68   67     -1.147     -0.508      0.000
  70   68     -1.141     -0.984      0.000
  71   69     -1.130     -1.020      0.000
  72   70     -1.114      0.620      0.000
  73   72     -1.103     -0.153      0.000
  74   71     -1.098      1.157      0.000
  75   73     -1.092     -0.018      0.000
  77   75     -1.079      0.266      0.000
  76   77     -1.076     -0.236      0.000
  78   76     -1.073     -0.837      0.000
  -1   78     -1.072      0.336      0.000
  -1   -2     -1.059      0.468      0.000
  80   79     -1.059      0.438      0.000
  81   81     -1.049      0.407      0.000
  82   80     -1.049      0.989      0.000
  84   82     -1.034     -0.059      0.000
  87   83     -1.032      0.729      0.000
  88   85     -1.027      0.037      0.000
  85   84     -1.022     -1.158      0.000
  90   -2     -1.018     -0.882      0.000
  91   87     -1.014      0.389      0.000
  92   88     -1.012     -0.474      0.000
  93   91     -1.003      0.140      0.000
  94   89     -1.003     -0.969      0.000
  95   90     -1.001      1.101      0.000
  96   94     -0.974     -0.149      0.000
  97   92     -0.973      0.756      0.000
  -1   93     -0.971      0.941      0.000
  99   -2     -0.967     -0.839      0.000
  79  108     -0.964     -0.653      0.000
 100   -2     -0.961      0.620      0.000
 101   97     -0.950     -0.099      0.000
  -1   -2     -0.948      0.061      0.000
 103   99     -0.934     -0.455      0.000
  -1  100     -0.924      0.635      0.000
 104  101     -0.924     -0.736      0.000
 105  102     -0.920     -0.791      0.000
 107  103     -0.915      0.817      0.000
 108  104     -0.907     -1.023      0.000
 109  105     -0.900     -1.096      0.000
 110  106     -0.900      1.127      0.000
 112  107     -0.887     -1.170      0.000
  -1   -2     -0.877     -0.615      0.000
 111  109     -0.872      0.882      0.000
  -1   -2     -0.868      0.648      0.000
 106   -2     -0.853     -0.286      0.000
 114  111     -0.847      0.049      0.000
 115  114     -0.847      0.741      0.000
 116  112     -0.844      1.054      0.000
 117  113     -0.843     -0.771      0.000
 120  115     -0.835      0.989      0.000
  -1  116     -0.834      0.833      0.000
 119  118     -0.833     -0.541      0.000
 121  120     -0.823     -0.252      0.000
 123  119     -0.823      1.096      0.000
 122  121     -0.819      0.322      0.000
 125  125     -0.805      0.246      0.000
 126  124     -0.798      0.839      0.000
 127  126     -0.792     -0.400      0.000
 130  127     -0.786      0.950      0.000
 132  129     -0.774     -0.203      0.000
 135  131     -0.761     -0.470      0.000
 139  122     -0.757     -0.941      0.000
 124  136     -0.756      0.487      0.000
 134  133     -0.754      0.077      0.000
 136  135     -0.753      0.172      0.000
 138  138     -0.726     -0.031      0.000
  -1  139     -0.722     -0.250      0.000
  -1  134     -0.720     -1.167      0.000
 140  140     -0.716      1.011      0.000
 141  141     -0.714      0.818      0.000
 142  142     -0.710     -0.457      0.000
  -1   -2     -0.708      1.065      0.000
 146   -2     -0.708     -1.091      0.000
  -1   -2     -0.707     -1.012      0.000
 143  143     -0.706      0.599      0.000
 144  144     -0.703     -0.724      0.000
 147  146     -0.677     -0.873      0.000
 148  147     -0.673     -1.171      0.000
 149  150     -0.662     -0.231      0.000
 150  149     -0.662     -0.717      0.000
 151  153     -0.655      0.389      0.000
  -1  152     -0.654      0.999      0.000
 153  154     -0.650      1.058      0.000
 156  155     -0.626      0.275      0.000
 157  156     -0.622     -0.960      0.000
 158  157     -0.612     -0.139      0.000
 160  158     -0.606     -1.036      0.000
 161  159     -0.605      0.952      0.000
 159   -2     -0.599      0.432      0.000
 162  161     -0.593     -0.589      0.000
 164  165     -0.570     -0.189      0.000
  -1   -2     -0.568     -0.747      0.000
 167  167     -0.566     -0.418      0.000
 166  164     -0.565      0.844      0.000
 165  166     -0.562     -0.898      0.000
 168  168     -0.555      0.627      0.000
 170  171     -0.536     -0.667      0.000
 171  170     -0.535      1.058      0.000
 172  172     -0.533     -0.495      0.000
 173  173     -0.525      0.598      0.000
  -1   -2     -0.517      0.550      0.000
 175  175     -0.503      0.247      0.000
 177  176     -0.499     -1.173      0.000
 178  178     -0.495     -0.714      0.000
 179   -2     -0.481      0.428      0.000
 180  179     -0.473     -0.824      0.000
 181  180     -0.466     -0.605      0.000
 182  181     -0.464     -0.129      0.000
 184   -2     -0.457      0.745      0.000
 185  183     -0.454      0.710      0.000
 186  185     -0.439      0.328      0.000
  -1  184     -0.435     -0.919      0.000
 188  186     -0.432      0.883      0.000
 189  187     -0.430      0.809      0.000
 190  188     -0.430      1.040      0.000
 191  189     -0.424      0.633      0.000
 192  190     -0.422      0.109      0.000
 193  191     -0.414     -0.806      0.000
 196  192     -0.406     -0.287      0.000
 202   -2     -0.397      0.403      0.000
 198  193     -0.387     -0.585      0.000
 199  194     -0.374      0.610      0.000
  -1   -2     -0.369     -0.667      0.000
 201  195     -0.366      0.580      0.000
 197   -2     -0.352      0.297      0.000
 204  197     -0.351     -0.749      0.000
 205  198     -0.347     -0.505      0.000
  -1  201     -0.337     -0.071      0.000
 206  200     -0.337      0.073      0.000
 207  199     -0.335      1.045      0.000
 209  204     -0.325     -0.791      0.000
 208  203     -0.325      0.536      0.000
 210   -2     -0.301     -0.667      0.000
 213  208     -0.278     -0.110      0.000
 214  209     -0.276     -0.861      0.000
  -1  210     -0.263     -0.600      0.000
 217  213     -0.259      0.288      0.000
 211  212     -0.257      0.823      0.000
 212  211     -0.256     -1.167      0.000
 218   -2     -0.251      0.359      0.000
 221   -2     -0.249     -0.974      0.000
 220  214     -0.247     -0.035      0.000
  -1  215     -0.239      1.134      0.000
 222  218     -0.228      0.249      0.000
 223  219     -0.227     -0.464      0.000
 225  216     -0.226     -1.084      0.000
  -1  217     -0.225     -0.563      0.000
  -1   -2     -0.224      1.085      0.000
  -1  220     -0.220     -0.203      0.000
 224  221     -0.219      0.455      0.000
 226  222     -0.204      0.178      0.000
  -1  223     -0.197     -0.082      0.000
 227  224     -0.183      1.004      0.000
  -1  225     -0.174     -0.954      0.000
 228  226     -0.169      0.259      0.000
 229  227     -0.169     -0.203      0.000
 231  230     -0.159     -0.434      0.000
  -1   -2     -0.157     -0.586      0.000
 232  228     -0.156     -0.768      0.000
  -1  249     -0.147      0.675      0.000
 233  231     -0.144      0.019      0.000
 235  237     -0.143     -1.125      0.000
 236  232     -0.137      0.422      0.000
 237  233     -0.123      1.007      0.000
 239  235     -0.101      0.851      0.000
 241  238     -0.087     -0.313      0.000
 243  239     -0.078     -1.079      0.000
 244   -2     -0.077     -1.168      0.000
 242  241     -0.074      0.234      0.000
 245  240     -0.073      0.954      0.000
  -1   -2     -0.066     -0.621      0.000
  -1  242     -0.064      0.402      0.000
  -1   -2     -0.058     -1.001      0.000
 246  243     -0.057      0.053      0.000
 247   -2     -0.050      0.270      0.000
 248   -2     -0.050      0.517      0.000
 251  244     -0.031      0.900      0.000
  -1  245     -0.021      1.141      0.000
 252  246     -0.017      0.408      0.000
 254  248     -0.017     -0.018      0.000
 253  247     -0.017      0.246      0.000
 257  250      0.007     -0.112      0.000
 258  252      0.032      0.459      0.000
  -1  255      0.039      1.085      0.000
 261  256      0.046      0.639      0.000
 263  259      0.051      0.110      0.000
 262  257      0.053     -0.642      0.000
 264  258      0.054     -0.787      0.000
 266  260      0.062     -0.008      0.000
 267   -2      0.062     -0.472      0.000
  -1   -2      0.089      0.443      0.000
 269  263      0.090     -1.155      0.000
 271  264      0.096     -0.164      0.000
 270  267      0.105      0.888      0.000
 272  268      0.116      0.052      0.000
 273  269      0.119     -0.380      0.000
 275   -2      0.126      1.096      0.000
  -1   -2      0.128     -0.774      0.000
 276  271      0.134     -1.096      0.000
  -1   -2      0.138      0.686      0.000
 277  272      0.141      0.597      0.000
 278  274      0.145     -0.942      0.000
 279  275      0.147      0.473      0.000
 280  273      0.162     -0.450      0.000
 281  276      0.171      0.749      0.000
 282  277      0.172      0.263      0.000
 274  290      0.192     -0.285      0.000
 285  281      0.201     -1.114      0.000
 286  282      0.210     -0.729      0.000
 283   -2      0.210     -0.936      0.000
 289  285      0.223      0.042      0.000
 293  283      0.225     -1.146      0.000
 290  287      0.228      0.940      0.000
 291  288      0.230     -0.612      0.000
 294  298      0.235      0.680      0.000
  -1  289      0.238      0.394      0.000
  -1   -2      0.238     -0.289      0.000
 292  291      0.239      0.766      0.000
 295  292      0.252     -0.077      0.000
 296  294      0.270     -1.096      0.000
 297  293      0.270     -0.436      0.000
 298  295      0.280     -0.228      0.000
 299  297      0.285     -1.170      0.000
  -1   -2      0.287      1.101      0.000
 300  296      0.293      0.112      0.000
 302   -2      0.294      0.693      0.000
 303  299      0.304      0.881      0.000
 305  300      0.306     -0.747      0.000
 304  311      0.306      1.025      0.000
 306  301      0.312      0.814      0.000
 307  302      0.319      0.184      0.000
  -1   -2      0.320      0.566      0.000
 308  304      0.325      0.508      0.000
 309   -2      0.335      0.126      0.000
  -1   -2      0.340     -1.169      0.000
 310  305      0.344     -1.076      0.000
 311  306      0.348     -0.031      0.000
 312  309      0.358     -0.932      0.000
 313   -2      0.361     -0.244      0.000
 314  310      0.366      0.418      0.000
 315  312      0.374     -0.997      0.000
 316  313      0.377      0.052      0.000
  -1   -2      0.379      0.501      0.000
  -1   -2      0.381      0.651      0.000
 317  315      0.383      0.744      0.000
 318  316      0.400     -0.590      0.000
  -1   -2      0.409      0.788      0.000
 320  317      0.409     -0.271      0.000
 321  318      0.418     -0.885      0.000
 323  319      0.432      0.837      0.000
 324  320      0.445     -0.675      0.000
 322  321      0.447     -1.162      0.000
 325  322      0.454     -0.280      0.000
 326  323      0.458      0.051      0.000
  -1  324      0.462     -0.320      0.000
 328  325      0.473     -0.490      0.000
 327  326      0.473      1.113      0.000
 330   -2      0.482      0.943      0.000
 329  328      0.483      0.217      0.000
 331   -2      0.485     -0.610      0.000
 332   -2      0.489     -0.901      0.000
 333   -2      0.490      0.682      0.000
  -1   -2      0.494      0.764      0.000
 334  329      0.496      0.126      0.000
 336  330      0.504     -0.439      0.000
  -1  327      0.515      0.901      0.000
 339  333      0.529      0.009      0.000
 337  334      0.533     -0.620      0.000
 338  336      0.536     -1.094      0.000
 340  335      0.536     -0.312      0.000
 341  337      0.551      1.043      0.000
  -1  339      0.557      0.362      0.000
 343  340      0.562     -0.480      0.000
 342  341      0.566     -0.744      0.000
 347  342      0.580      0.537      0.000
 346  345      0.581     -0.797      0.000
 348  344      0.583      0.449      0.000
  -1  346      0.588      0.401      0.000
 351   -2      0.592      0.230      0.000
 359  331      0.595     -1.167      0.000
 350  348      0.597     -0.257      0.000
 352  347      0.598      0.672      0.000
 354  349      0.607     -0.019      0.000
  -1   -2      0.617      0.500      0.000
 355  352      0.617     -0.994      0.000
 356  354      0.626     -0.454      0.000
 360  357      0.628      1.052      0.000
 358  355      0.629      0.561      0.000
 357  356      0.629      1.097      0.000
 361  350      0.635      0.229      0.000
 362  360      0.658     -0.620      0.000
  -1  359      0.659      0.509      0.000
 363  361      0.664      0.803      0.000
 364  362      0.670     -0.717      0.000
  -1  363      0.672      0.634      0.000
 365  364      0.682      0.690      0.000
 366  365      0.684     -0.923      0.000
 368  368      0.712     -0.036      0.000
  -1   -2      0.716     -1.088      0.000
 369  371      0.727     -0.994      0.000
 370  372      0.737      0.618      0.000
 371  373      0.739     -0.770      0.000
 373  374      0.745      0.392      0.000
 375  375      0.753     -1.046      0.000
 378  376      0.754      0.971      0.000
 376  379      0.760     -0.412      0.000
 379  377      0.764      0.735      0.000
  -1  380      0.772     -0.811      0.000
  -1  381      0.776     -0.574      0.000
 382  382      0.784      0.663      0.000
 381  384      0.786     -0.626      0.000
  -1   -2      0.787     -0.141      0.000
  -1  385      0.791     -0.972      0.000
 384  387      0.795     -0.232      0.000
  -1   -2      0.796      1.052      0.000
 385  389      0.802      0.881      0.000
 386  388      0.807      0.982      0.000
 387  390      0.814      0.367      0.000
 391   -2      0.818     -1.099      0.000
 388  383      0.819     -0.165      0.000
 392   -2      0.830      0.667      0.000
 390  394      0.834     -0.592      0.000
 405   -2      0.837     -1.039      0.000
 393  396      0.840     -0.338      0.000
 395  397      0.856     -0.846      0.000
 396  399      0.871     -1.156      0.000
 401  400      0.885     -0.774      0.000
 400  401      0.892      1.065      0.000
 402   -2      0.905      1.165      0.000
  -1  402      0.914      0.923      0.000
 403   -2      0.915     -0.045      0.000
 404  403      0.929      0.203      0.000
  -1  404      0.931      0.693      0.000
  -1  407      0.937     -0.153      0.000
 407  406      0.952     -0.816      0.000
 408  408      0.957      1.043      0.000
 409  411      0.960      0.930      0.000
 413  410      0.962      0.517      0.000
  -1  414      0.962      0.360      0.000
 411  412      0.964     -0.891      0.000
 406   -2      0.964      0.757      0.000
 412  413      0.970      0.968      0.000
 416  415      0.977      0.279      0.000
 420  418      1.002     -0.065      0.000
 418  417      1.002     -0.733      0.000
 417  416      1.003     -0.476      0.000
 419  419      1.010     -0.568      0.000
 421   -2      1.024      1.066      0.000
 422  420      1.026     -0.286      0.000
  -1  422      1.032     -0.880      0.000
 423  421      1.051     -0.183      0.000
  -1  425      1.054     -0.955      0.000
 432  409      1.056      0.747      0.000
  -1  424      1.065     -0.342      0.000
 425  428      1.074      0.612      0.000
 430  430      1.081      0.111      0.000
 429  429      1.081      0.563      0.000
 431  431      1.087     -0.657      0.000
  -1  433      1.090      0.712      0.000
 428  434      1.092     -0.222      0.000
  -1  436      1.100     -0.775      0.000
 452   -2      1.102     -1.074      0.000
 427  440      1.105     -1.172      0.000
 435  438      1.108     -0.301      0.000
 436  439      1.109      0.356      0.000
 437  441      1.131     -0.205      0.000
 438   -2      1.145     -0.744      0.000
 439  442      1.146      0.179      0.000
 440  444      1.153      1.143      0.000
  -1  445      1.155     -0.305      0.000
 441  447      1.159     -0.984      0.000
 442  446      1.160     -0.404      0.000
 443  448      1.166      0.926      0.000
 444  450      1.167     -0.895      0.000
 445  449      1.170      0.469      0.000
  -1   -2      1.176      0.714      0.000
 447  451      1.191      0.404      0.000
 446  452      1.191      1.007      0.000
 449  443      1.199     -0.749      0.000
 450  454      1.202      0.802      0.000
  -1  455      1.207     -0.486      0.000
 451  457      1.220     -0.673      0.000
  -1   -2      1.225     -1.064      0.000
 453  458      1.227      1.124      0.000
 454  460      1.231      0.688      0.000
 455  461      1.239     -0.070      0.000
 458   -2      1.274     -1.173      0.000
 469   -2      1.279      0.219      0.000
 460   -2      1.280     -0.948      0.000
 457  462      1.280      0.985      0.000
  -1  465      1.284      0.236      0.000
 459  467      1.287     -0.641      0.000
 462   -2      1.287      0.043      0.000
  -1  464      1.297     -0.309      0.000
 463  471      1.306     -0.501      0.000
 466  472      1.316      1.038      0.000
 467  468      1.321     -0.976      0.000
 472  466      1.326     -0.047      0.000
 461   -2      1.330     -0.668      0.000
 471  476      1.362     -0.653      0.000
 473  477      1.363     -0.745      0.000
  -1  478      1.369      1.007      0.000
 474  479      1.369     -1.128      0.000
 475  480      1.372      0.252      0.000
 476   -2      1.399     -0.633      0.000
 479  483      1.411      0.273      0.000
 478   -2      1.414     -1.164      0.000
  -1  485      1.431      0.190      0.000
 481  486      1.439      0.410      0.000
 489  487      1.450     -1.004      0.000
 483  488      1.462     -0.661      0.000
 484  489      1.467     -0.518      0.000
 485  490      1.468      0.829      0.000
 486  491      1.473     -0.590      0.000
 487  493      1.483     -0.390      0.000
 477   -2      1.490      0.482      0.000
  -1   -2      1.495     -1.145      0.000
  -1  495      1.501     -0.985      0.000
 490  497      1.505     -0.323      0.000
 491  492      1.510      0.050      0.000
 492  498      1.514      0.154      0.000
  -1   -2      1.545      0.738      0.000
 493  503      1.552      0.245      0.000
  -1  504      1.565      0.622      0.000
  -1  496      1.567     -0.856      0.000
 495  505      1.568     -0.359      0.000
