502
   0    0     -1.564      0.512      0.000
  -1    1     -1.553     -0.980      0.000
  11    3     -1.548     -1.089      0.000
   1   -2     -1.547      0.368      0.000
   3    4     -1.532     -0.008      0.000
  -1   -2     -1.529      0.867      0.000
   4   -2     -1.529     -0.123      0.000
  -1   -2     -1.523      0.985      0.000
   5    6     -1.518      0.237      0.000
   6    5     -1.518     -0.195      0.000
   2   -2     -1.511      0.735      0.000
  -1   -2     -1.487     -0.099      0.000
  10    8     -1.474     -0.904      0.000
  12    9     -1.462      0.790      0.000
  13   11     -1.462      0.203      0.000
  14   10     -1.461      0.935      0.000
  15   -2     -1.452      0.291      0.000
  16   12     -1.449      0.594      0.000
  -1   14     -1.446      0.474      0.000
  -1   13     -1.444      1.047      0.000
  17   15     -1.444     -0.247      0.000
  18   16     -1.443      0.252      0.000
  20   21     -1.437     -0.334      0.000
  19   18     -1.431      0.371      0.000
  21   17     -1.428     -0.543      0.000
  22   -2     -1.424     -0.482      0.000
  23   19     -1.410      0.147      0.000
  24   -2     -1.386     -0.302      0.000
  28   24     -1.370      1.041      0.000
  27   27     -1.370      0.313      0.000
  30   26     -1.369     -0.829      0.000
  29   25     -1.369     -0.972      0.000
  34   28     -1.354     -1.074      0.000
  32   -2     -1.353      0.484      0.000
  33   29     -1.350     -0.338      0.000
  35   33     -1.333      0.587      0.000
  37   -2     -1.330     -0.480      0.000
  36   34     -1.327      0.263      0.000
  38   35     -1.323      1.016      0.000
  -1   -2     -1.311      0.559      0.000
  40   37     -1.308      0.068      0.000
  -1   39     -1.306      1.160      0.000
  41   41     -1.304      0.865      0.000
  42   40     -1.299     -0.768      0.000
  43   38     -1.296     -1.172      0.000
  -1   42     -1.295      1.157      0.000
  -1   44     -1.293      0.029      0.000
  -1   -2     -1.291      0.828      0.000
  44   45     -1.288     -0.932      0.000
  39   -2     -1.280     -0.116      0.000
  45   48     -1.279      0.642      0.000
  46   50     -1.256      0.002      0.000
  -1   -2     -1.254      1.076      0.000
  -1   49     -1.253      0.040      0.000
  48   52     -1.237     -0.302      0.000
  49   53     -1.237     -0.579      0.000
  47   54     -1.236      0.159      0.000
  51   -2     -1.234     -1.069      0.000
  50   55     -1.233     -0.782      0.000
  52   56     -1.231      0.941      0.000
  -1   -2     -1.212     -1.032      0.000
  54   58     -1.211     -0.485      0.000
  -1   -2     -1.207     -0.266      0.000
  -1   -2     -1.203     -0.726      0.000
  57   59     -1.192      0.588      0.000
  56   60     -1.185      0.364      0.000
  58   62     -1.174     -0.603      0.000
  60   64     -1.171      0.786      0.000
  59   65     -1.169      0.477      0.000
  61   63     -1.169     -0.821      0.000
  62   67     -1.163     -0.787      0.000
  -1   68     -1.160     -0.957      0.000
  -1   69     -1.158      0.993      0.000
  64   71     -1.130     -1.014      0.000
  63   74     -1.127     -0.114      0.000
  65   73     -1.126      0.688      0.000
  -1   -2     -1.123     -0.239      0.000
  67   75     -1.114     -0.530      0.000
  68   76     -1.110      1.000      0.000
  70   77     -1.094      0.602      0.000
  71   80     -1.084     -1.168      0.000
  72   79     -1.075     -0.330      0.000
  -1   78     -1.067     -0.134      0.000
  85   66     -1.055     -1.168      0.000
  73   81     -1.055     -1.017      0.000
  -1   -2     -1.048     -0.659      0.000
  74   -2     -1.046      0.622      0.000
  75   83     -1.045      0.382      0.000
  76   84     -1.025     -0.358      0.000
  78   85     -1.017     -0.703      0.000
  77   87     -1.017      0.770      0.000
  79   86     -1.016     -0.835      0.000
  -1   88     -1.011      0.657      0.000
  81   91     -1.007     -0.101      0.000
  82   90     -1.003     -1.078      0.000
  83   92     -0.996     -0.273      0.000
  86   93     -0.987      1.001      0.000
  87   95     -0.975      0.384      0.000
  -1   97     -0.970     -0.981      0.000
  88   98     -0.964      0.892      0.000
  89   -2     -0.962      0.464      0.000
  -1   -2     -0.953      1.105      0.000
  90  100     -0.948     -0.917      0.000
  91  102     -0.943     -0.157      0.000
  92  103     -0.937     -0.422      0.000
  93  104     -0.926      0.379      0.000
  95  105     -0.920      0.755      0.000
  94  106     -0.917     -0.215      0.000
  98  107     -0.913      1.080      0.000
  96  108     -0.913      0.185      0.000
  99   -2     -0.909     -1.073      0.000
 100  109     -0.902     -0.761      0.000
 101  110     -0.882      0.332      0.000
  -1  111     -0.875      0.428      0.000
 103  112     -0.867      0.894      0.000
 106   -2     -0.849     -1.161      0.000
 105  113     -0.841     -0.735      0.000
 104  115     -0.839      0.566      0.000
 107  114     -0.839     -1.087      0.000
 109  117     -0.822      1.088      0.000
 108  116     -0.820     -0.934      0.000
 111  119     -0.817     -0.611      0.000
  -1   -2     -0.816      0.501      0.000
 112  120     -0.815      1.044      0.000
 110  118     -0.813     -0.690      0.000
  -1  121     -0.812      0.693      0.000
 113  124     -0.806     -0.094      0.000
 114  125     -0.781     -0.446      0.000
 115  126     -0.774      0.996      0.000
  -1   -2     -0.772      0.772      0.000
 117  130     -0.757     -0.755      0.000
 116  131     -0.754     -0.143      0.000
 118  132     -0.753     -0.222      0.000
 126  129     -0.750     -0.944      0.000
  -1  133     -0.750      0.822      0.000
 121  134     -0.745     -1.011      0.000
  -1  136     -0.744      0.894      0.000
  -1  139     -0.732     -0.061      0.000
 124   -2     -0.721     -0.013      0.000
  -1   -2     -0.721     -0.061      0.000
 122  147     -0.710      0.994      0.000
 128  138     -0.708      0.326      0.000
  -1  141     -0.699      0.261      0.000
 129  144     -0.696      0.400      0.000
 130  145     -0.692     -0.462      0.000
 132   -2     -0.675      1.081      0.000
  -1   -2     -0.672      0.656      0.000
  -1   -2     -0.667     -1.172      0.000
  -1  149     -0.665      1.028      0.000
 133  150     -0.664     -0.066      0.000
 135  148     -0.662     -1.087      0.000
 138  151     -0.649     -0.705      0.000
 137  152     -0.647      0.030      0.000
 140  153     -0.639     -1.021      0.000
 139  155     -0.637     -0.576      0.000
 142  157     -0.623     -0.165      0.000
 143  158     -0.619      0.142      0.000
  -1   -2     -0.619      0.542      0.000
 144  156     -0.616      0.751      0.000
  -1  159     -0.605      0.664      0.000
 147  160     -0.597     -0.792      0.000
 145   -2     -0.592     -1.146      0.000
 148  161     -0.589     -0.118      0.000
  -1  171     -0.584      0.502      0.000
 149  163     -0.573      0.921      0.000
  -1  166     -0.558     -0.805      0.000
 151   -2     -0.548      1.095      0.000
 150  170     -0.539     -0.321      0.000
 152  169     -0.538     -0.543      0.000
 153  167     -0.536     -1.166      0.000
 156   -2     -0.492      0.856      0.000
 158  172     -0.488     -0.551      0.000
 159  173     -0.483      0.037      0.000
 160  174     -0.477      0.369      0.000
 161  175     -0.470      0.714      0.000
 162  176     -0.467      1.024      0.000
 163  179     -0.464      0.506      0.000
 164   -2     -0.462     -0.262      0.000
  -1  177     -0.461     -1.171      0.000
 166  180     -0.451     -1.102      0.000
 167  182     -0.443     -0.727      0.000
 165  181     -0.441      0.284      0.000
 168  183     -0.438     -1.000      0.000
 169  184     -0.436     -0.327      0.000
 171  185     -0.410     -0.896      0.000
 172  186     -0.406      0.075      0.000
 173  187     -0.404      0.191      0.000
 175  188     -0.388     -0.066      0.000
 178  189     -0.379     -1.021      0.000
 176  191     -0.377     -0.326      0.000
 177  192     -0.376     -0.153      0.000
 179  190     -0.366      1.134      0.000
 180  193     -0.366     -1.154      0.000
 181  194     -0.363      0.810      0.000
 182  196     -0.358      0.479      0.000
 183  195     -0.355     -0.663      0.000
 185  197     -0.352     -0.572      0.000
  -1  201     -0.345      0.687      0.000
 187  199     -0.342     -0.732      0.000
 186  198     -0.340      1.063      0.000
  -1   -2     -0.329      0.788      0.000
 191  202     -0.320      0.946      0.000
 189  203     -0.320      0.348      0.000
 190  204     -0.318     -0.220      0.000
 193   -2     -0.304     -0.335      0.000
 194  207     -0.302     -1.005      0.000
 195  208     -0.295     -0.295      0.000
 196  209     -0.295     -1.058      0.000
 198  211     -0.286     -0.915      0.000
  -1   -2     -0.286      0.566      0.000
 200  213     -0.278     -0.641      0.000
 199  210     -0.276     -1.155      0.000
  -1  214     -0.274     -0.828      0.000
 201  215     -0.268      0.871      0.000
  -1  216     -0.248      0.587      0.000
 202  217     -0.229      0.323      0.000
  -1   -2     -0.218      1.156      0.000
 206  221     -0.213     -0.756      0.000
 207  222     -0.210     -0.232      0.000
 209  224     -0.199      0.456      0.000
 210  223     -0.198     -0.464      0.000
  -1   -2     -0.191     -1.168      0.000
 211  225     -0.174      0.787      0.000
 213  226     -0.168      0.118      0.000
 212   -2     -0.164      0.596      0.000
 216  227     -0.143     -0.266      0.000
 218  229     -0.141     -0.864      0.000
  -1  228     -0.141     -0.624      0.000
 215  230     -0.140     -0.008      0.000
 217   -2     -0.137      0.419      0.000
 219   -2     -0.135     -1.116      0.000
 223  240     -0.119     -0.165      0.000
 224  233     -0.114      0.064      0.000
 222  231     -0.113     -1.170      0.000
 221  235     -0.109     -0.319      0.000
 225  243     -0.092     -0.744      0.000
 227  237     -0.088      0.536      0.000
 228  238     -0.085     -0.233      0.000
 229  239     -0.083      0.693      0.000
 230   -2     -0.079     -0.026      0.000
  -1   -2     -0.071     -0.165      0.000
 231   -2     -0.065     -0.387      0.000
 220  258     -0.063     -0.119      0.000
 233  241     -0.060      0.359      0.000
 234  242     -0.051      0.777      0.000
 236  245     -0.040      0.239      0.000
 237   -2     -0.036     -0.206      0.000
  -1  247     -0.031     -0.359      0.000
 239  246     -0.027      0.656      0.000
 238   -2     -0.027     -0.397      0.000
 241  248     -0.025      0.383      0.000
  -1  251     -0.020     -0.983      0.000
  -1   -2     -0.015      0.465      0.000
 242  253     -0.000     -0.032      0.000
 243  254      0.002      0.122      0.000
 244  244      0.008     -0.598      0.000
 245  255      0.010      1.083      0.000
 247  256      0.019      0.632      0.000
  -1  257      0.028      0.349      0.000
  -1   -2      0.048     -0.461      0.000
 248  261      0.052      0.641      0.000
 249  262      0.054      0.025      0.000
 251  263      0.060      1.006      0.000
 250  264      0.065      0.367      0.000
 252  266      0.069      0.731      0.000
 254  276      0.076     -0.082      0.000
 256  268      0.079     -1.024      0.000
 255  265      0.079     -1.167      0.000
  -1   -2      0.090     -0.652      0.000
 257  271      0.100     -0.813      0.000
 258  272      0.106      0.150      0.000
 259  273      0.112      0.499      0.000
 260  274      0.116      0.099      0.000
 263  278      0.128      0.944      0.000
 265  279      0.139      0.757      0.000
 266  281      0.143      1.150      0.000
 269  282      0.152     -0.685      0.000
 268  283      0.153     -0.564      0.000
 270  285      0.158     -0.768      0.000
 271  269      0.170     -0.323      0.000
 273   -2      0.171     -0.129      0.000
 272  284      0.171      0.399      0.000
 274   -2      0.186     -0.792      0.000
 275  286      0.189      1.064      0.000
  -1  287      0.199     -0.536      0.000
  -1  288      0.200      0.621      0.000
 276  289      0.209      0.006      0.000
 277  290      0.215     -1.110      0.000
 278   -2      0.217     -0.362      0.000
 279  293      0.232     -0.197      0.000
 280  294      0.237      1.066      0.000
 281  292      0.240     -0.991      0.000
 283  295      0.254      0.810      0.000
 282  296      0.254     -0.441      0.000
 293   -2      0.258     -0.404      0.000
 284  298      0.258      0.260      0.000
 285  299      0.269      0.170      0.000
 286   -2      0.274     -0.188      0.000
 287   -2      0.290      0.783      0.000
  -1  312      0.295      0.989      0.000
 289  302      0.297      0.041      0.000
 288  306      0.303     -1.174      0.000
 291  304      0.305     -1.104      0.000
 294  305      0.309      1.117      0.000
 295   -2      0.338      1.164      0.000
 296  310      0.344      0.042      0.000
 297  311      0.352      0.319      0.000
 298  315      0.365     -0.473      0.000
 299  314      0.366      0.177      0.000
 300  316      0.369     -0.890      0.000
  -1   -2      0.374     -0.256      0.000
 301  318      0.382     -0.526      0.000
 303  320      0.394     -0.017      0.000
  -1   -2      0.398      0.779      0.000
 318   -2      0.404     -1.146      0.000
  -1   -2      0.411     -0.743      0.000
 305  322      0.415     -0.966      0.000
 310  323      0.425      0.346      0.000
 311  325      0.427     -0.673      0.000
 309  324      0.428      0.815      0.000
 312  326      0.435     -0.488      0.000
 313  327      0.441     -0.049      0.000
 302  329      0.456     -1.074      0.000
 314  330      0.467      0.839      0.000
 315  331      0.468      0.985      0.000
 317  334      0.481     -0.863      0.000
 316  335      0.484     -0.686      0.000
  -1  332      0.492     -1.169      0.000
 319   -2      0.503     -1.013      0.000
 322  336      0.514     -0.054      0.000
 323  337      0.514      0.922      0.000
 321  338      0.515     -0.401      0.000
 324  339      0.522      0.554      0.000
 326   -2      0.524      0.596      0.000
 325  340      0.525     -0.627      0.000
 327  341      0.532     -0.970      0.000
 328  342      0.536      0.986      0.000
  -1   -2      0.537     -0.483      0.000
 330  345      0.555      1.117      0.000
 332  344      0.557      0.885      0.000
 331  346      0.559     -1.015      0.000
 333  347      0.566      0.612      0.000
 334  348      0.572      0.536      0.000
 335  350      0.589     -0.794      0.000
  -1   -2      0.607     -0.725      0.000
 338  352      0.609      0.924      0.000
 337  353      0.613     -1.042      0.000
 345   -2      0.615     -0.062      0.000
 340  354      0.615      1.011      0.000
 341  356      0.617     -0.884      0.000
 342   -2      0.620     -0.514      0.000
 343  357      0.621     -0.007      0.000
 329   -2      0.643      0.326      0.000
 344  359      0.653     -1.169      0.000
  -1  355      0.665     -0.477      0.000
 346  360      0.667     -0.400      0.000
  -1   -2      0.675      0.317      0.000
 347  364      0.685     -1.067      0.000
 349  362      0.687      0.369      0.000
 350  363      0.687      0.424      0.000
 348  365      0.691     -0.895      0.000
 352  366      0.702      1.146      0.000
 354  367      0.705      0.687      0.000
 353  368      0.707     -0.080      0.000
  -1   -2      0.720      1.086      0.000
 355  370      0.724     -0.918      0.000
 356  371      0.732     -0.665      0.000
 358  372      0.747     -0.035      0.000
  -1  380      0.755     -0.485      0.000
 360  373      0.757      0.105      0.000
 361  375      0.773     -0.846      0.000
 362  376      0.781      0.180      0.000
 363  378      0.787     -1.042      0.000
 357  377      0.791      0.951      0.000
 365  381      0.798      0.455      0.000
  -1   -2      0.799      0.548      0.000
 366   -2      0.802     -0.156      0.000
  -1  384      0.803      0.316      0.000
  -1  382      0.811      0.698      0.000
 359   -2      0.813     -0.273      0.000
  -1  389      0.818     -0.622      0.000
 370  385      0.820      0.747      0.000
 372  388      0.825      0.809      0.000
  -1   -2      0.827     -1.146      0.000
 374  390      0.831      0.253      0.000
 373  391      0.835     -0.809      0.000
 371  386      0.839     -1.144      0.000
  -1   -2      0.846     -0.671      0.000
 376  392      0.847     -0.461      0.000
 377  393      0.853     -1.079      0.000
 379  394      0.867      0.556      0.000
 380  396      0.867     -0.286      0.000
  -1  395      0.869      0.843      0.000
 385  397      0.872      1.128      0.000
 382  398      0.875      0.478      0.000
 381  399      0.877     -0.544      0.000
 383   -2      0.885     -0.247      0.000
 387  401      0.899     -0.802      0.000
 388  402      0.900     -0.943      0.000
 389   -2      0.902     -1.006      0.000
 390  403      0.907      0.497      0.000
 391  404      0.912     -0.025      0.000
 386  405      0.915     -0.868      0.000
 392  406      0.922     -0.695      0.000
 393  407      0.931     -1.000      0.000
 395  409      0.940     -1.077      0.000
 397   -2      0.941      0.790      0.000
 396  408      0.941      0.689      0.000
  -1  415      0.942      0.269      0.000
 398  411      0.957      0.008      0.000
 394  412      0.967     -0.874      0.000
 400  413      0.970     -0.036      0.000
  -1  414      0.975     -0.437      0.000
 402  417      0.978     -0.582      0.000
 404  418      0.983     -1.109      0.000
  -1  420      0.991      0.113      0.000
  -1   -2      0.993     -0.807      0.000
 406  421      1.000      0.856      0.000
 407  423      1.025     -0.671      0.000
 408  422      1.028      0.988      0.000
 409  424      1.051     -0.324      0.000
 410  425      1.054     -0.348      0.000
 411  427      1.059     -0.620      0.000
  -1   -2      1.060      0.714      0.000
 415  430      1.069     -0.552      0.000
 413  428      1.070     -1.173      0.000
 416  431      1.093      1.039      0.000
  -1   -2      1.103     -0.440      0.000
 417  433      1.106     -0.938      0.000
 418  434      1.112     -0.514      0.000
 414   -2      1.123      0.652      0.000
 420  437      1.130     -0.736      0.000
  -1   -2      1.137      0.960      0.000
 422  438      1.137     -1.171      0.000
 421  439      1.138     -0.819      0.000
 424  440      1.147     -0.330      0.000
 423  436      1.148      0.558      0.000
  -1   -2      1.149      1.026      0.000
 425  442      1.154      0.394      0.000
  -1  441      1.159     -1.138      0.000
 435   -2      1.161     -1.037      0.000
 427  444      1.163      1.105      0.000
 428  445      1.170     -0.451      0.000
  -1   -2      1.190     -0.269      0.000
 429  446      1.196     -0.510      0.000
 430  448      1.199     -1.126      0.000
 431  447      1.202      0.984      0.000
 433  450      1.222      0.914      0.000
 434  451      1.226     -0.451      0.000
  -1   -2      1.230      0.805      0.000
 436  452      1.234     -0.547      0.000
  -1   -2      1.244     -0.792      0.000
 437  454      1.248     -0.418      0.000
 439   -2      1.276     -0.762      0.000
 440  455      1.276      0.178      0.000
 441  456      1.282     -0.497      0.000
  -1   -2      1.289      0.738      0.000
 444  458      1.322      0.489      0.000
 445  460      1.323      0.238      0.000
 446  461      1.330     -0.181      0.000
 450  462      1.330     -1.168      0.000
 447  464      1.339     -0.996      0.000
 448  463      1.341     -0.274      0.000
 449  465      1.349      1.055      0.000
 451  467      1.360     -0.846      0.000
 452  469      1.361      1.150      0.000
 453  466      1.362      0.548      0.000
 454  468      1.364     -0.328      0.000
 455  470      1.366     -0.386      0.000
 456  471      1.379     -0.901      0.000
 457   -2      1.379     -0.128      0.000
 458  472      1.392      0.264      0.000
 459   -2      1.395     -0.298      0.000
 460  474      1.403     -0.847      0.000
  -1   -2      1.403     -1.126      0.000
 461  473      1.403      0.764      0.000
  -1   -2      1.410     -1.105      0.000
 462  475      1.413      0.127      0.000
 465  476      1.435      0.398      0.000
 464   -2      1.435      0.822      0.000
 463  493      1.438      0.951      0.000
 467  477      1.440     -0.018      0.000
 466  478      1.440     -0.949      0.000
 468  480      1.447     -0.138      0.000
 469   -2      1.452     -0.192      0.000
 471  482      1.457      0.090      0.000
 470  484      1.460     -0.643      0.000
 472  485      1.464     -1.076      0.000
  -1  479      1.472     -1.172      0.000
 474  487      1.474      0.645      0.000
 473  486      1.476      0.530      0.000
 475  488      1.484     -0.379      0.000
 476  489      1.494      0.350      0.000
 477  490      1.498      1.015      0.000
  -1  491      1.503      1.134      0.000
  -1   -2      1.525     -1.103      0.000
  -1  495      1.525     -1.174      0.000
 479  494      1.526      0.412      0.000
 481  496      1.537      1.053      0.000
 482  497      1.541     -0.806      0.000
 483  498      1.541     -0.923      0.000
 484  499      1.549     -0.701      0.000
