530
   0    0     -1.569      0.876      0.000
  -1    1     -1.550      0.822      0.000
   1   -2     -1.541      0.965      0.000
  -1    2     -1.522     -1.070      0.000
   2    3     -1.520      0.226      0.000
  -1    4     -1.517      0.332      0.000
   3    5     -1.507      0.284      0.000
   4    6     -1.503      0.539      0.000
   5    7     -1.502      0.667      0.000
  -1   -2     -1.496     -0.901      0.000
   6    8     -1.495      0.419      0.000
   7    9     -1.490     -0.294      0.000
  10   -2     -1.480     -0.396      0.000
  11   12     -1.476      0.158      0.000
  12   13     -1.465      1.028      0.000
  -1   14     -1.458     -0.520      0.000
  -1   -2     -1.451      0.497      0.000
  13   15     -1.451     -0.991      0.000
  14   16     -1.449     -0.618      0.000
  15   17     -1.446      0.348      0.000
  17   -2     -1.436     -1.106      0.000
  16   18     -1.436     -0.353      0.000
  -1   20     -1.424      0.723      0.000
  19   30     -1.423      0.141      0.000
  21   19     -1.420     -0.724      0.000
  22   -2     -1.409      0.772      0.000
  23   22     -1.402      0.289      0.000
  24   23     -1.401     -0.391      0.000
  26   -2     -1.393      0.067      0.000
  25   25     -1.391      0.650      0.000
  -1   24     -1.389     -0.219      0.000
  29   -2     -1.374     -1.122      0.000
  -1   28     -1.372     -0.541      0.000
  28   29     -1.372      0.617      0.000
  18   -2     -1.367      1.123      0.000
  -1   -2     -1.365     -0.767      0.000
  30   -2     -1.359     -0.132      0.000
  32   32     -1.355     -0.905      0.000
  33   -2     -1.342      0.040      0.000
  34   34     -1.340     -0.007      0.000
  35   33     -1.340     -1.052      0.000
  37   36     -1.327      0.172      0.000
  38   35     -1.325      0.936      0.000
  -1   37     -1.318      1.093      0.000
  -1   38     -1.315     -1.082      0.000
  40   39     -1.303     -0.340      0.000
  -1   42     -1.297      0.561      0.000
  42   41     -1.294     -0.836      0.000
  -1   -2     -1.291      1.046      0.000
  44   47     -1.277      0.395      0.000
  46   43     -1.265     -0.992      0.000
  45   44     -1.265     -0.636      0.000
  -1   -2     -1.252      0.514      0.000
  49   48     -1.242      1.005      0.000
  -1   -2     -1.236     -0.202      0.000
  50   50     -1.232     -0.844      0.000
  -1   51     -1.224     -0.707      0.000
  51   52     -1.219     -0.125      0.000
  53   53     -1.210      0.837      0.000
  54   54     -1.201     -0.650      0.000
  56   55     -1.194     -1.136      0.000
  55   -2     -1.186     -0.104      0.000
  57   56     -1.182      0.732      0.000
  58   -2     -1.176     -1.097      0.000
  -1   60     -1.171      0.637      0.000
  60   58     -1.166     -0.877      0.000
  61   59     -1.165      1.045      0.000
  62   -2     -1.164     -0.839      0.000
  59   -2     -1.162      0.632      0.000
  64   61     -1.158      1.005      0.000
  66   63     -1.144      0.403      0.000
  -1   65     -1.133     -1.009      0.000
  67   67     -1.132     -0.426      0.000
  70   69     -1.117      0.654      0.000
  71   68     -1.117      1.046      0.000
  68   72     -1.108     -1.081      0.000
  72   70     -1.107     -0.107      0.000
  74   73     -1.098     -0.377      0.000
  63   93     -1.090     -0.485      0.000
  -1   -2     -1.083      0.261      0.000
  -1   -2     -1.083     -0.315      0.000
  78   76     -1.079     -0.286      0.000
  79   78     -1.077      0.400      0.000
  81   80     -1.066      0.805      0.000
  -1   79     -1.065     -0.692      0.000
  83   -2     -1.058      0.480      0.000
  85   82     -1.042     -0.733      0.000
  84   84     -1.040     -0.161      0.000
  -1   -2     -1.039     -0.662      0.000
  86   86     -1.029      0.582      0.000
  88   87     -1.028      0.389      0.000
  69  112     -1.028     -1.156      0.000
  87   88     -1.024      0.189      0.000
  89   85     -1.022     -1.067      0.000
  91   89     -1.018     -0.870      0.000
  90   90     -1.013     -0.222      0.000
  -1   -2     -1.013     -0.391      0.000
  93   91     -1.009     -0.787      0.000
  -1   92     -1.009     -0.182      0.000
  92   -2     -1.003     -0.434      0.000
  94   94     -0.997      1.029      0.000
  95   95     -0.996      0.915      0.000
  96   96     -0.990      0.341      0.000
  97   -2     -0.981     -0.999      0.000
  -1   97     -0.975      0.440      0.000
  -1   99     -0.968      1.062      0.000
  98  100     -0.958      0.781      0.000
  99  101     -0.950     -1.014      0.000
 100  102     -0.940     -0.941      0.000
 102  104     -0.927      0.575      0.000
 101  105     -0.923      0.308      0.000
 103  114     -0.918     -1.105      0.000
  -1  106     -0.914     -0.611      0.000
 104  108     -0.912     -0.089      0.000
 105  107     -0.910      1.086      0.000
  -1  109     -0.909      0.748      0.000
 106  111     -0.898      0.903      0.000
  -1   -2     -0.883     -1.169      0.000
 108  115     -0.866     -0.744      0.000
 109  116     -0.862     -0.614      0.000
 110  117     -0.857     -0.135      0.000
  -1  119     -0.851     -0.443      0.000
 111  118     -0.851     -0.693      0.000
 112  120     -0.844     -0.218      0.000
  -1  124     -0.839     -0.054      0.000
 115   -2     -0.827     -0.012      0.000
 116  125     -0.827      0.731      0.000
  -1  122     -0.826     -0.487      0.000
  -1  123     -0.825      0.823      0.000
 118  126     -0.821      1.091      0.000
 120   -2     -0.819     -0.944      0.000
  -1   -2     -0.815      0.420      0.000
 124  131     -0.812      0.304      0.000
 121  128     -0.803      0.817      0.000
 123   -2     -0.803     -1.096      0.000
  -1   -2     -0.801     -0.916      0.000
  -1  130     -0.799      0.392      0.000
 125  132     -0.788      0.993      0.000
 126  133     -0.788     -0.799      0.000
 127  135     -0.783     -0.753      0.000
 128  136     -0.780      0.885      0.000
 129  140     -0.771     -0.057      0.000
 130  139     -0.766     -1.164      0.000
 134   -2     -0.764      0.381      0.000
 133  142     -0.762     -0.443      0.000
 131  143     -0.761      0.035      0.000
 137  144     -0.749     -0.925      0.000
 138  145     -0.737     -0.963      0.000
 139  146     -0.733     -1.010      0.000
 141  147     -0.728      0.977      0.000
 140  148     -0.726      0.139      0.000
 143  149     -0.723     -0.150      0.000
  -1  127     -0.721      0.516      0.000
 144   -2     -0.721     -1.154      0.000
 147  150     -0.695      1.117      0.000
 146  151     -0.692     -0.103      0.000
 149  167     -0.692      0.872      0.000
 148  152     -0.690     -0.553      0.000
 151  154     -0.684     -0.684      0.000
 153  153     -0.683      1.059      0.000
 145  155     -0.682      0.727      0.000
  -1   -2     -0.671     -0.650      0.000
 154  157     -0.662     -1.171      0.000
  -1   -2     -0.659      0.217      0.000
  -1  159     -0.655     -0.565      0.000
 158  160     -0.641      1.141      0.000
 159  161     -0.640     -1.074      0.000
 156  172     -0.636     -1.114      0.000
 160  162     -0.633     -0.306      0.000
 162  164     -0.625     -1.001      0.000
 155  163     -0.623     -0.763      0.000
  -1   -2     -0.619      0.424      0.000
  -1  165     -0.619      1.068      0.000
 152  176     -0.607      0.882      0.000
 165  168     -0.603     -0.431      0.000
 166  169     -0.597     -0.508      0.000
 167  170     -0.596     -0.278      0.000
  -1  174     -0.584      0.044      0.000
 169  173     -0.582     -0.769      0.000
 170  175     -0.569      0.349      0.000
  -1   -2     -0.555      1.047      0.000
 171  177     -0.545     -0.509      0.000
 172   -2     -0.542     -0.233      0.000
  -1   -2     -0.540      0.800      0.000
  -1  180     -0.537      0.538      0.000
 173  179     -0.535      0.476      0.000
 176  181     -0.530      0.670      0.000
  -1  186     -0.527      0.916      0.000
 174  188     -0.503     -1.165      0.000
 177  185     -0.496      0.185      0.000
 178  183     -0.493      0.086      0.000
 180  187     -0.475     -0.674      0.000
 181  189     -0.475     -0.048      0.000
 182  190     -0.459     -0.128      0.000
 183  192     -0.448     -0.286      0.000
 184  193     -0.439     -0.942      0.000
  -1   -2     -0.438      0.479      0.000
 186  197     -0.435     -1.131      0.000
 185  195     -0.432      0.442      0.000
 188  196     -0.424     -0.833      0.000
  -1   -2     -0.420      0.991      0.000
 189  198     -0.406      0.745      0.000
 192  202     -0.397      0.320      0.000
 193  201     -0.393     -0.602      0.000
 195  204     -0.391     -0.184      0.000
 194  205     -0.389     -0.339      0.000
 187  226     -0.378     -1.170      0.000
 200  200     -0.378      1.057      0.000
 196  206     -0.377     -0.953      0.000
 198  210     -0.373      0.721      0.000
 199  207     -0.369     -0.663      0.000
 197  209     -0.369     -0.288      0.000
  -1   -2     -0.365     -0.736      0.000
 201  212     -0.363     -0.251      0.000
  -1  214     -0.355      0.903      0.000
  -1  216     -0.354     -1.073      0.000
 203  215     -0.353      0.982      0.000
 204  217     -0.344      0.867      0.000
  -1   -2     -0.329      0.457      0.000
 205  218     -0.318     -0.569      0.000
 206   -2     -0.304      0.529      0.000
 207  219     -0.303     -0.923      0.000
 208  220     -0.299      0.790      0.000
  -1   -2     -0.294     -0.745      0.000
 209  221     -0.292      0.296      0.000
  -1   -2     -0.291     -0.850      0.000
 210  222     -0.290     -0.977      0.000
 213  224     -0.269     -0.190      0.000
 214  225     -0.264     -1.062      0.000
 215  227     -0.256      0.410      0.000
 217  228     -0.244     -0.396      0.000
  -1   -2     -0.241      0.743      0.000
 219  229     -0.238     -0.668      0.000
 220  230     -0.231     -0.859      0.000
 221  231     -0.230      0.118      0.000
 222  232     -0.225     -1.093      0.000
 224  234     -0.207     -0.201      0.000
 225  233     -0.204      0.702      0.000
  -1   -2     -0.184     -1.071      0.000
  -1   -2     -0.178     -1.167      0.000
 245   -2     -0.171     -0.124      0.000
 229  235     -0.165      0.072      0.000
 230  236     -0.159     -0.260      0.000
  -1   -2     -0.159     -0.055      0.000
 231  239     -0.152     -0.764      0.000
  -1  238     -0.151     -0.886      0.000
 232  240     -0.143     -1.118      0.000
  -1   -2     -0.139     -1.163      0.000
 233  245     -0.135     -0.649      0.000
 234  242     -0.131     -1.010      0.000
 235  241     -0.130     -0.187      0.000
 236  243     -0.125      0.476      0.000
 237  244     -0.121      0.376      0.000
 238  246     -0.110      0.611      0.000
 239   -2     -0.107     -0.081      0.000
 240  247     -0.100     -0.810      0.000
  -1  255     -0.096     -0.318      0.000
 241  248     -0.095      0.323      0.000
  -1  249     -0.091      0.914      0.000
 242  250     -0.085      1.126      0.000
 243  251     -0.075      0.221      0.000
 246  252     -0.072     -1.082      0.000
 244   -2     -0.071     -0.625      0.000
  -1   -2     -0.070      0.684      0.000
  -1   -2     -0.058      0.498      0.000
 250  256     -0.056      0.342      0.000
 248   -2     -0.055     -0.325      0.000
 251  257     -0.047      0.578      0.000
  -1  258     -0.032     -0.011      0.000
 247  263     -0.015     -1.169      0.000
 255  259     -0.006     -0.468      0.000
 258  260      0.010      0.306      0.000
 259  261      0.013      0.962      0.000
 260  262      0.020      0.846      0.000
 262  264      0.025      0.362      0.000
 263  265      0.026      0.041      0.000
 261   -2      0.030     -1.113      0.000
 264  266      0.039      0.561      0.000
 265  267      0.050      0.325      0.000
 266  268      0.056     -0.048      0.000
 268  269      0.062      0.888      0.000
 269  270      0.065     -1.065      0.000
 267  271      0.067      0.639      0.000
  -1  272      0.072      0.574      0.000
  -1  273      0.072      0.777      0.000
 270  274      0.077     -0.903      0.000
  -1  275      0.082      1.137      0.000
 271   -2      0.096      0.145      0.000
  -1  276      0.097     -0.698      0.000
  -1   -2      0.102     -0.281      0.000
 275  278      0.107     -1.166      0.000
 274  280      0.108      0.100      0.000
 273  279      0.114     -0.154      0.000
  -1   -2      0.136     -0.943      0.000
 278  282      0.137      0.832      0.000
 279   -2      0.145      0.661      0.000
 280  277      0.145      0.193      0.000
 281  283      0.149     -0.471      0.000
 282  284      0.153     -0.583      0.000
 283  285      0.153      1.027      0.000
 284  287      0.163     -0.655      0.000
 286   -2      0.169     -0.095      0.000
 287  288      0.176      0.355      0.000
 288   -2      0.186     -0.680      0.000
 289   -2      0.194     -1.175      0.000
 290  289      0.198     -0.449      0.000
 291  290      0.212      0.546      0.000
 292  291      0.215      0.024      0.000
 294  292      0.216     -0.997      0.000
 293   -2      0.218      1.027      0.000
  -1   -2      0.223     -0.554      0.000
 295  295      0.239     -0.150      0.000
 296  294      0.239     -0.870      0.000
  -1  296      0.253     -1.169      0.000
 297  297      0.253      0.949      0.000
 304   -2      0.261     -0.366      0.000
  -1  302      0.268      0.716      0.000
  -1   -2      0.270      0.775      0.000
 299  300      0.275      1.093      0.000
 300  301      0.275      0.237      0.000
  -1  306      0.275     -0.230      0.000
 301  303      0.287      0.146      0.000
 302  305      0.305      0.577      0.000
  -1   -2      0.309     -1.128      0.000
 306  307      0.318      0.050      0.000
 307  310      0.328      1.001      0.000
 309  309      0.347     -1.169      0.000
 311  311      0.358     -0.400      0.000
  -1   -2      0.364     -0.505      0.000
 314  312      0.375      0.052      0.000
 313  313      0.376     -0.793      0.000
 331   -2      0.381      1.105      0.000
 318  315      0.386      0.287      0.000
 320  317      0.391     -0.962      0.000
 319  316      0.393     -0.405      0.000
 321  318      0.398      0.161      0.000
  -1  319      0.402     -0.455      0.000
  -1   -2      0.414      0.870      0.000
 322  320      0.420     -0.875      0.000
 323  321      0.422     -1.104      0.000
 324   -2      0.424      1.008      0.000
 325   -2      0.426     -0.656      0.000
 327  323      0.434     -0.003      0.000
 330  324      0.447     -0.584      0.000
  -1  325      0.448     -0.964      0.000
  -1  331      0.449     -1.171      0.000
  -1  326      0.452     -0.786      0.000
 332  328      0.457      0.309      0.000
 333  327      0.461     -0.425      0.000
 334  329      0.462      0.731      0.000
 335  330      0.464      0.549      0.000
  -1  314      0.471      1.154      0.000
 336   -2      0.473      0.061      0.000
 337  332      0.479     -1.106      0.000
 338  333      0.484     -0.032      0.000
 339  335      0.492     -0.784      0.000
 340  336      0.495      0.312      0.000
 342  339      0.497     -0.619      0.000
  -1  337      0.500      0.432      0.000
 345   -2      0.500     -0.355      0.000
 346  340      0.504     -0.936      0.000
 347  342      0.511      0.750      0.000
 341   -2      0.518      0.671      0.000
  -1  343      0.530      0.321      0.000
 348  344      0.539     -0.901      0.000
 350  346      0.550     -0.566      0.000
  -1   -2      0.555     -0.200      0.000
 353  349      0.565     -0.042      0.000
 355  352      0.570      0.894      0.000
 356  353      0.578      1.023      0.000
 357  354      0.580      0.495      0.000
 358  355      0.585      0.535      0.000
 359  364      0.598     -1.168      0.000
 361  359      0.603      0.799      0.000
 362  358      0.603     -0.736      0.000
  -1  360      0.604     -0.983      0.000
 363  356      0.605      0.319      0.000
 364   -2      0.618     -0.625      0.000
 367  363      0.624     -0.669      0.000
 368  365      0.630     -0.829      0.000
 369  367      0.633      0.482      0.000
 370  368      0.636      0.544      0.000
  -1   -2      0.639     -0.157      0.000
 371  372      0.639     -0.401      0.000
 373  369      0.639     -1.126      0.000
 372  370      0.648      0.925      0.000
 374  371      0.652      0.841      0.000
 375   -2      0.652     -0.448      0.000
  -1   -2      0.654      1.162      0.000
 376   -2      0.657     -0.488      0.000
 377  366      0.681     -1.022      0.000
 379  373      0.700     -0.848      0.000
 380  374      0.707     -0.448      0.000
 381  376      0.714     -0.371      0.000
  -1  378      0.717     -0.693      0.000
 382  379      0.723      1.068      0.000
  -1  388      0.725     -1.127      0.000
 383  381      0.725      0.275      0.000
 384  382      0.731     -0.883      0.000
  -1  383      0.742     -0.783      0.000
 386  384      0.759     -0.637      0.000
  -1  380      0.761      1.161      0.000
  -1  375      0.765     -0.140      0.000
 387  387      0.765      0.384      0.000
 388  386      0.766      0.335      0.000
 389  390      0.777      0.629      0.000
  -1  391      0.786     -0.816      0.000
 392  392      0.795      0.908      0.000
 390   -2      0.813     -1.131      0.000
 393  394      0.820     -0.038      0.000
  -1  395      0.833      0.092      0.000
 394  396      0.834      0.887      0.000
 395  397      0.846     -0.791      0.000
  -1  398      0.846     -1.126      0.000
 396   -2      0.850     -1.066      0.000
 397  401      0.867      0.162      0.000
 398  403      0.870     -0.263      0.000
 399  400      0.873     -0.154      0.000
  -1   -2      0.878      0.297      0.000
  -1   -2      0.880      0.232      0.000
 401  423      0.885     -0.669      0.000
 403  405      0.885      0.646      0.000
  -1   -2      0.886      0.754      0.000
 404  406      0.886      0.419      0.000
 405  407      0.887      0.697      0.000
 406  410      0.894      1.078      0.000
 408  409      0.894     -0.454      0.000
  -1  399      0.902     -1.005      0.000
 409  412      0.904     -0.874      0.000
 411  414      0.918     -0.542      0.000
 412  415      0.919      1.165      0.000
 413  416      0.925      0.229      0.000
 414  408      0.929      0.799      0.000
 407   -2      0.934     -1.079      0.000
  -1   -2      0.939     -0.317      0.000
  -1   -2      0.945      0.025      0.000
 418  418      0.951     -0.251      0.000
 419  419      0.954      0.520      0.000
  -1  421      0.958      1.029      0.000
 428   -2      0.964      0.449      0.000
 422   -2      0.968     -0.613      0.000
 417  424      0.980     -1.121      0.000
  -1   -2      0.981     -0.075      0.000
 425  425      0.996     -0.038      0.000
 424   -2      0.996     -0.295      0.000
 426  426      1.007     -0.826      0.000
 429  428      1.014     -0.594      0.000
 430  429      1.024      0.667      0.000
 431  430      1.026     -0.331      0.000
  -1   -2      1.042      0.289      0.000
 432   -2      1.043     -0.008      0.000
 433  433      1.056      0.712      0.000
 435   -2      1.059     -0.885      0.000
 434  434      1.060      0.832      0.000
  -1  431      1.065      0.315      0.000
 437  439      1.066     -1.170      0.000
 436  438      1.067      0.965      0.000
 438  435      1.070      0.256      0.000
  -1  432      1.080      0.009      0.000
 440  440      1.083      0.097      0.000
 441  442      1.089     -0.650      0.000
 443  444      1.104     -0.563      0.000
 445  445      1.113     -0.976      0.000
 444  447      1.118      1.028      0.000
  -1   -2      1.122     -0.361      0.000
 447  449      1.142     -0.780      0.000
  -1  451      1.149     -0.864      0.000
 446   -2      1.152     -1.137      0.000
 449  450      1.154     -0.552      0.000
 448  452      1.156     -1.081      0.000
  -1   -2      1.171      0.257      0.000
 450  454      1.173      0.877      0.000
 451  456      1.179      0.960      0.000
 452  458      1.189     -1.172      0.000
 453  457      1.192     -0.069      0.000
 454   -2      1.198      0.024      0.000
 471   -2      1.203      0.840      0.000
 455  459      1.207     -0.369      0.000
 456  460      1.210      0.279      0.000
 457  461      1.212     -0.497      0.000
  -1  462      1.222     -0.912      0.000
  -1   -2      1.224      0.556      0.000
 458  463      1.234     -0.568      0.000
 459  464      1.240      0.994      0.000
 460  465      1.248      0.392      0.000
 464  466      1.264     -0.503      0.000
 461  467      1.276     -0.088      0.000
 467  469      1.292     -0.478      0.000
 468  470      1.301      0.429      0.000
 466  479      1.310     -0.964      0.000
 470  472      1.313     -0.561      0.000
 472   -2      1.338     -1.120      0.000
 473  473      1.343     -1.070      0.000
 475  474      1.356      0.168      0.000
  -1  475      1.360      0.099      0.000
 476   -2      1.369     -0.927      0.000
 477  476      1.370     -1.169      0.000
 479  477      1.374      1.090      0.000
 481  478      1.384     -0.230      0.000
 480   -2      1.385     -0.988      0.000
 482  480      1.388     -0.334      0.000
 483  481      1.397      0.239      0.000
 484  482      1.401      0.515      0.000
 486  483      1.402     -0.456      0.000
 485  484      1.405     -0.391      0.000
 487   -2      1.410     -0.936      0.000
 490  486      1.437      0.585      0.000
 491  488      1.452     -1.087      0.000
 492  489      1.463      0.271      0.000
 493  491      1.465      0.819      0.000
 494   -2      1.468      0.057      0.000
 495  492      1.477     -0.737      0.000
 496  493      1.491     -0.051      0.000
 497  494      1.495     -0.196      0.000
 500  496      1.498     -0.250      0.000
 499   -2      1.505     -1.058      0.000
 501  497      1.505      0.427      0.000
 504  500      1.513      0.075      0.000
 508   -2      1.528      0.662      0.000
 503  502      1.529     -1.175      0.000
 507  504      1.534      1.086      0.000
 510  505      1.541      0.580      0.000
 509  506      1.544     -0.603      0.000
 511  508      1.550     -1.023      0.000
 512  507      1.553     -0.901      0.000
 513  509      1.554      0.378      0.000
 514  510      1.561     -0.803      0.000
  -1  498      1.561     -0.315      0.000
  -1  511      1.567      0.826      0.000
 515  512      1.569      1.128      0.000
