502
   0    0     -1.569      0.503      0.000
   1    1     -1.567      0.644      0.000
   2    2     -1.563     -0.906      0.000
   4    3     -1.554      0.178      0.000
   5    5     -1.547     -0.387      0.000
   6    6     -1.545      0.792      0.000
   9    7     -1.527      0.414      0.000
  -1    8     -1.523     -0.498      0.000
  10    9     -1.523      0.592      0.000
  -1   -2     -1.521     -0.949      0.000
  12   10     -1.499      0.340      0.000
  14   11     -1.491     -0.444      0.000
  13   -2     -1.491      0.635      0.000
   8   -2     -1.478     -0.628      0.000
  15   14     -1.476      0.060      0.000
  16   20     -1.472      0.835      0.000
  17   15     -1.462     -0.734      0.000
  18   17     -1.456      1.151      0.000
  19   18     -1.454     -0.484      0.000
  20   19     -1.452      0.753      0.000
  -1   -2     -1.441      0.715      0.000
  -1   22     -1.438     -0.025      0.000
  22   21     -1.438      0.023      0.000
  24   23     -1.432      0.191      0.000
  31   25     -1.405     -1.110      0.000
  28   26     -1.394     -0.637      0.000
  -1   27     -1.391      0.802      0.000
  29   29     -1.382      0.642      0.000
  30   30     -1.379     -0.417      0.000
  32   32     -1.360     -0.772      0.000
  -1   33     -1.355      0.752      0.000
  34   -2     -1.350      0.585      0.000
  -1   34     -1.342      0.256      0.000
  35   35     -1.335      1.037      0.000
  27   -2     -1.333      0.456      0.000
  37   36     -1.333     -0.515      0.000
  36   38     -1.329     -0.158      0.000
  38   37     -1.327     -1.015      0.000
  -1   50     -1.321      1.145      0.000
  -1   -2     -1.301     -0.309      0.000
  -1   -2     -1.299     -0.541      0.000
  39   39     -1.298     -0.613      0.000
  40   41     -1.290     -0.722      0.000
  -1   42     -1.283     -1.163      0.000
  41   43     -1.282     -0.934      0.000
  -1   -2     -1.272     -0.767      0.000
  44   44     -1.269     -1.102      0.000
  43   45     -1.267      0.449      0.000
  -1   46     -1.255      0.048      0.000
  45   47     -1.249      0.699      0.000
  47   49     -1.246      0.804      0.000
  48   -2     -1.245      1.091      0.000
  46   48     -1.244      0.921      0.000
  49   51     -1.235     -0.402      0.000
  50   52     -1.234     -0.127      0.000
  51   53     -1.230     -0.728      0.000
  -1   -2     -1.223     -0.072      0.000
  52   54     -1.223     -1.097      0.000
  54   55     -1.219     -0.932      0.000
  56   57     -1.207      0.436      0.000
  57   58     -1.202      0.712      0.000
  -1   -2     -1.190      1.008      0.000
  58   60     -1.188     -0.420      0.000
  59   61     -1.187     -0.321      0.000
  60   65     -1.178      0.517      0.000
  61   62     -1.177     -0.990      0.000
  -1   63     -1.177      0.603      0.000
  -1   64     -1.176     -1.170      0.000
  -1   67     -1.168     -0.182      0.000
  62   69     -1.163      0.420      0.000
  65   68     -1.161      1.079      0.000
  66   -2     -1.156      1.119      0.000
  67   -2     -1.154     -0.919      0.000
  68   70     -1.150     -0.956      0.000
  69   71     -1.136     -0.244      0.000
  -1   72     -1.135     -0.199      0.000
  70   73     -1.133      0.620      0.000
  71   74     -1.131      0.363      0.000
  72   75     -1.121      0.860      0.000
  74   76     -1.110      1.112      0.000
  -1   77     -1.103     -1.176      0.000
  76   78     -1.089     -0.469      0.000
  77   81     -1.074      0.323      0.000
  -1   -2     -1.069     -1.012      0.000
  79   82     -1.065     -0.789      0.000
  81   79     -1.056     -1.099      0.000
  82   84     -1.038      0.593      0.000
  83   85     -1.030      0.955      0.000
  -1   99     -1.026     -0.614      0.000
  91   86     -1.019     -1.147      0.000
  84   88     -1.011     -0.922      0.000
  87   89     -1.001      1.072      0.000
  86   91     -0.999     -0.139      0.000
  88   93     -0.979     -0.020      0.000
  90   94     -0.979     -0.221      0.000
  -1   -2     -0.977     -0.021      0.000
  92   95     -0.970      0.706      0.000
  93   97     -0.967      0.330      0.000
  89   -2     -0.954      0.272      0.000
  96  100     -0.946     -0.453      0.000
  97  101     -0.945      0.924      0.000
  95  102     -0.944      0.397      0.000
  98   -2     -0.935     -0.989      0.000
 100   -2     -0.924      1.156      0.000
 101  104     -0.921     -0.629      0.000
  99  105     -0.920     -0.053      0.000
 104  103     -0.916     -1.063      0.000
 102  107     -0.912      0.736      0.000
 103  108     -0.911      0.039      0.000
 105   -2     -0.905      1.113      0.000
 106  110     -0.901     -0.767      0.000
 107  111     -0.896     -0.714      0.000
 108  114     -0.880      0.141      0.000
 109  113     -0.876     -1.165      0.000
 110  116     -0.866     -0.144      0.000
 111  115     -0.865      0.811      0.000
 112  117     -0.859     -0.442      0.000
 113  119     -0.839     -0.097      0.000
 114  118     -0.836      1.050      0.000
 115  120     -0.832      0.880      0.000
 117  121     -0.823      1.095      0.000
 120  124     -0.821     -0.760      0.000
  -1   -2     -0.819      0.529      0.000
 121  123     -0.813      0.990      0.000
  -1  125     -0.808     -0.929      0.000
 123   -2     -0.783     -0.042      0.000
 124  131     -0.782      0.776      0.000
 125  126     -0.771     -0.539      0.000
  -1   -2     -0.769      0.703      0.000
 126  127     -0.765      0.957      0.000
 127  130     -0.755     -0.286      0.000
 129  129     -0.744     -0.947      0.000
 130  132     -0.742     -0.669      0.000
 131   -2     -0.740     -0.625      0.000
 132  133     -0.731      0.050      0.000
 134  135     -0.724     -0.256      0.000
 135  136     -0.715     -1.012      0.000
  -1   -2     -0.710      0.974      0.000
 136  137     -0.706      0.328      0.000
 137  138     -0.699      1.031      0.000
  -1   -2     -0.695      1.090      0.000
 138  139     -0.691     -1.171      0.000
 139  140     -0.689     -0.478      0.000
 128  160     -0.683     -1.138      0.000
 141   -2     -0.682      0.255      0.000
 142  142     -0.668     -0.209      0.000
 144  144     -0.665     -0.735      0.000
 143  145     -0.664      0.844      0.000
 145  147     -0.660      0.447      0.000
 147   -2     -0.657     -0.266      0.000
 146  143     -0.656      1.150      0.000
 148  151     -0.640      0.079      0.000
 150  150     -0.640      1.104      0.000
 149  153     -0.638      0.174      0.000
 152  152     -0.636      1.028      0.000
 151  154     -0.634     -0.472      0.000
 153  155     -0.624     -0.734      0.000
 140  158     -0.624      0.631      0.000
 155  157     -0.618     -0.974      0.000
 157  156     -0.617     -1.052      0.000
 156  159     -0.614     -0.032      0.000
 158   -2     -0.589     -0.106      0.000
  -1   -2     -0.582      0.709      0.000
  -1   -2     -0.582      0.856      0.000
 160  161     -0.579      0.991      0.000
 161  164     -0.565     -0.247      0.000
 162  162     -0.560     -0.935      0.000
 163  165     -0.554      0.412      0.000
 164   -2     -0.553      1.157      0.000
 166  166     -0.538     -0.617      0.000
  -1   -2     -0.529     -0.780      0.000
 168  169     -0.527      0.894      0.000
 169  168     -0.527      1.110      0.000
 170  170     -0.520      0.292      0.000
 171  171     -0.512     -0.151      0.000
 167  172     -0.512     -1.166      0.000
 173   -2     -0.489     -0.695      0.000
 174  173     -0.486     -0.453      0.000
 175  174     -0.484      0.671      0.000
 177  175     -0.481     -0.242      0.000
 178  176     -0.473     -0.208      0.000
 179  177     -0.467     -0.532      0.000
 186  178     -0.459     -1.106      0.000
 180  179     -0.458     -0.760      0.000
 182  180     -0.452     -0.869      0.000
 181  181     -0.451      0.645      0.000
  -1   -2     -0.443      0.594      0.000
 183  183     -0.433     -0.584      0.000
 184  197     -0.431     -0.364      0.000
 185  184     -0.421      1.114      0.000
  -1  186     -0.416     -0.654      0.000
 187  187     -0.405      0.265      0.000
 189  190     -0.398      0.467      0.000
 188  189     -0.398      0.776      0.000
 190  188     -0.396      0.954      0.000
 193  193     -0.391      0.881      0.000
 191  191     -0.391     -0.865      0.000
 192  192     -0.389     -0.488      0.000
 195  195     -0.372     -0.148      0.000
 196  196     -0.360      0.694      0.000
  -1  198     -0.354     -1.121      0.000
 199  199     -0.352     -1.082      0.000
 198  200     -0.351      0.360      0.000
 200  201     -0.339     -0.645      0.000
 202  204     -0.331      0.111      0.000
 201  202     -0.330      1.135      0.000
 203  205     -0.329     -0.325      0.000
 204  206     -0.323     -0.817      0.000
 205  208     -0.309      0.656      0.000
 206  209     -0.301     -0.867      0.000
 214  194     -0.301     -1.169      0.000
 208   -2     -0.296     -0.456      0.000
 207  210     -0.295     -0.569      0.000
 209  211     -0.284      0.026      0.000
  -1   -2     -0.284      0.459      0.000
 210  203     -0.269     -0.744      0.000
 211  213     -0.266      0.603      0.000
 212  214     -0.263     -0.945      0.000
 213  215     -0.257      0.864      0.000
  -1  216     -0.254      0.074      0.000
 218  222     -0.237     -0.200      0.000
  -1  220     -0.229      0.916      0.000
  -1  224     -0.225     -0.672      0.000
 216  221     -0.225     -1.093      0.000
  -1   -2     -0.216     -1.133      0.000
 215  233     -0.203     -0.135      0.000
 222  226     -0.190      0.323      0.000
 220  230     -0.188     -0.528      0.000
 225  228     -0.187      0.407      0.000
 221  229     -0.182     -1.054      0.000
 223  227     -0.182     -0.642      0.000
 224  232     -0.179     -0.049      0.000
 226  231     -0.177      1.121      0.000
 229  234     -0.163      0.517      0.000
 228  235     -0.161      0.279      0.000
 231  237     -0.142      0.196      0.000
  -1  239     -0.139     -0.117      0.000
 233  238     -0.137     -0.867      0.000
 234  242     -0.125      0.729      0.000
 235  244     -0.120      1.127      0.000
  -1   -2     -0.118     -0.221      0.000
 236  246     -0.114     -0.248      0.000
 238  247     -0.113      0.294      0.000
  -1   -2     -0.112      0.574      0.000
 237  249     -0.106     -0.499      0.000
 239  251     -0.091      0.485      0.000
 240   -2     -0.090      0.010      0.000
 241  252     -0.086      0.967      0.000
 243  245     -0.083     -1.164      0.000
 242  253     -0.080     -0.928      0.000
  -1  254     -0.071     -0.319      0.000
 245  255     -0.069      1.078      0.000
  -1   -2     -0.055     -0.996      0.000
 248  260     -0.032      0.264      0.000
 250  263     -0.017      0.053      0.000
  -1  264     -0.013      0.308      0.000
 251  265      0.003      0.116      0.000
 253  266      0.006      0.808      0.000
 255  268      0.012      0.471      0.000
 254  269      0.017      0.279      0.000
 256   -2      0.024     -0.023      0.000
 257  270      0.057      0.529      0.000
 252   -2      0.058      0.741      0.000
 259  272      0.063     -0.903      0.000
 260  273      0.063     -0.746      0.000
 261  275      0.072      0.135      0.000
 262  276      0.080     -0.559      0.000
 263  277      0.085      0.100      0.000
 266  259      0.099      1.012      0.000
 267  287      0.112      0.331      0.000
 265  279      0.112     -1.159      0.000
  -1  282      0.128     -0.458      0.000
  -1  280      0.136      0.797      0.000
 268  281      0.139     -0.363      0.000
 271   -2      0.140     -0.457      0.000
 270  283      0.143      0.693      0.000
 272  285      0.150      0.548      0.000
 273   -2      0.156     -0.522      0.000
 275  286      0.166      0.865      0.000
  -1   -2      0.176      0.302      0.000
 277  288      0.183     -0.546      0.000
 278  289      0.190     -1.022      0.000
 287   -2      0.199     -0.348      0.000
 280  291      0.214     -0.840      0.000
 281  292      0.218      1.069      0.000
  -1  293      0.218     -1.052      0.000
 282  295      0.220      0.038      0.000
  -1  296      0.223     -0.220      0.000
  -1   -2      0.227     -0.436      0.000
 285   -2      0.229     -0.717      0.000
 286  299      0.230      0.455      0.000
 289  301      0.247     -0.102      0.000
 288  300      0.248     -1.018      0.000
 291  302      0.271     -0.283      0.000
 290  303      0.274     -0.501      0.000
 292  304      0.283      0.792      0.000
 293  305      0.288      1.002      0.000
 295  306      0.296      0.932      0.000
  -1  316      0.299      0.649      0.000
 296  307      0.301      0.207      0.000
 297  308      0.303     -0.852      0.000
 298   -2      0.303      0.588      0.000
 299  310      0.332     -1.172      0.000
 300  312      0.339      0.482      0.000
 302  313      0.350     -0.139      0.000
 303  314      0.350      0.056      0.000
  -1  315      0.351     -0.473      0.000
  -1   -2      0.354      0.749      0.000
 304   -2      0.355     -0.693      0.000
 306  317      0.359      0.849      0.000
 305  318      0.359      1.141      0.000
 307  319      0.360     -1.032      0.000
 308  320      0.366      0.286      0.000
 309  321      0.378     -1.096      0.000
 310   -2      0.382      0.900      0.000
 301   -2      0.386     -0.318      0.000
 314  323      0.391     -0.672      0.000
  -1  324      0.401     -1.122      0.000
  -1   -2      0.405      0.953      0.000
 316  326      0.417     -0.976      0.000
  -1  327      0.421      0.055      0.000
 317  328      0.426     -0.325      0.000
 318  329      0.432     -0.756      0.000
 320  330      0.439      0.247      0.000
 321  332      0.451     -0.559      0.000
 323  331      0.452      0.146      0.000
 322  347      0.455      1.141      0.000
 326  333      0.458      0.739      0.000
 325  334      0.459      1.055      0.000
 324   -2      0.460      0.872      0.000
 327   -2      0.470     -0.678      0.000
 329  336      0.478     -0.494      0.000
 328   -2      0.478     -0.987      0.000
 338  339      0.496      0.012      0.000
 335  341      0.500      0.581      0.000
 332   -2      0.501      0.432      0.000
 333  340      0.503     -0.353      0.000
 334  343      0.513     -0.685      0.000
  -1  344      0.522      0.618      0.000
  -1  345      0.527      0.515      0.000
  -1  346      0.530      0.463      0.000
  -1  355      0.539      0.179      0.000
  -1  349      0.542      0.265      0.000
 337  348      0.543     -0.529      0.000
 336  356      0.550      1.148      0.000
 341  350      0.550     -0.019      0.000
 340  352      0.552     -0.807      0.000
 343  353      0.556      0.570      0.000
 345   -2      0.569     -0.858      0.000
 346  354      0.570      0.640      0.000
 348  357      0.589     -0.495      0.000
 349  364      0.599     -0.999      0.000
 350  358      0.609     -0.905      0.000
 354  360      0.617      1.145      0.000
 355  361      0.621      0.897      0.000
 356  362      0.628      0.773      0.000
 357  363      0.632     -0.665      0.000
 359   -2      0.647     -0.032      0.000
 360  365      0.652     -0.759      0.000
 361  366      0.655     -0.573      0.000
 364  368      0.671      0.440      0.000
 365  369      0.676      0.690      0.000
 367  370      0.678      1.043      0.000
 368  371      0.680      0.073      0.000
 369  372      0.708      0.814      0.000
 373  373      0.710     -0.415      0.000
 372  374      0.715      0.277      0.000
 374  377      0.720     -0.803      0.000
 377  376      0.722      0.736      0.000
 378  378      0.726      1.055      0.000
  -1  380      0.733     -1.028      0.000
 379  379      0.734      0.413      0.000
 380  381      0.740     -0.236      0.000
 381   -2      0.743     -0.597      0.000
 376   -2      0.751     -0.166      0.000
 382  382      0.756     -0.646      0.000
  -1   -2      0.760     -1.161      0.000
 383  383      0.760     -1.074      0.000
 384  384      0.763      0.958      0.000
 386  386      0.768      1.056      0.000
 385  385      0.768     -0.412      0.000
  -1   -2      0.778      1.132      0.000
 388  389      0.782     -0.345      0.000
 387   -2      0.784     -1.034      0.000
  -1  390      0.785     -0.010      0.000
 389  394      0.790     -0.987      0.000
 390  392      0.792      0.910      0.000
 391  393      0.802     -0.606      0.000
 394  397      0.831     -1.113      0.000
 397  396      0.838      0.239      0.000
 395  398      0.842      0.667      0.000
 396  391      0.842     -1.051      0.000
 398  400      0.846     -0.854      0.000
 400   -2      0.865     -0.282      0.000
 404  405      0.867      1.132      0.000
 402  402      0.869     -0.778      0.000
 405  404      0.879      0.558      0.000
  -1   -2      0.880     -0.020      0.000
 406  406      0.883      0.336      0.000
 407  407      0.884      0.292      0.000
  -1  408      0.887     -1.157      0.000
 408  409      0.898     -1.006      0.000
  -1  410      0.905      0.811      0.000
  -1  411      0.908     -0.598      0.000
 415  414      0.926     -0.052      0.000
 411  415      0.929      0.994      0.000
 413  416      0.935     -1.086      0.000
 416  418      0.936     -0.807      0.000
 414  417      0.937      1.096      0.000
 418  420      0.958     -0.268      0.000
 417  421      0.961     -0.461      0.000
 419  422      0.971     -0.550      0.000
 421  423      0.975     -0.165      0.000
 424  424      0.982      0.698      0.000
  -1  425      0.990     -0.298      0.000
 425  426      0.991      0.642      0.000
 427  427      0.994      0.595      0.000
 426   -2      0.997      0.133      0.000
 430  428      1.001      0.202      0.000
 428  429      1.001      0.088      0.000
 429  431      1.011      0.379      0.000
  -1  432      1.020      0.743      0.000
 431  433      1.022     -0.854      0.000
  -1   -2      1.028     -0.240      0.000
 433  434      1.041     -0.270      0.000
 435  435      1.052      0.199      0.000
  -1  436      1.056     -0.180      0.000
 436  437      1.057     -0.623      0.000
 437  439      1.077      0.487      0.000
  -1   -2      1.084     -0.737      0.000
 434  440      1.084     -0.865      0.000
  -1   -2      1.093      1.140      0.000
 438  441      1.094     -0.270      0.000
 439  442      1.094      0.419      0.000
  -1   -2      1.098     -0.438      0.000
  -1  443      1.103     -0.367      0.000
 440  444      1.110     -1.029      0.000
 441  445      1.111     -0.063      0.000
 442  447      1.117      1.016      0.000
 443  446      1.118      0.936      0.000
 444  448      1.125     -0.700      0.000
 445  452      1.131      0.643      0.000
 446  449      1.139      0.808      0.000
  -1  450      1.149     -1.156      0.000
  -1  458      1.154     -0.626      0.000
 457   -2      1.157      0.692      0.000
 449  453      1.160     -0.931      0.000
 450  454      1.160      1.017      0.000
 451  455      1.162     -0.843      0.000
 452  451      1.165     -0.035      0.000
  -1  456      1.182      0.569      0.000
 454   -2      1.189      0.233      0.000
 453   -2      1.193     -0.614      0.000
 455  460      1.208      0.066      0.000
  -1   -2      1.218      0.041      0.000
  -1  462      1.234     -0.999      0.000
 456  461      1.243      0.885      0.000
  -1  459      1.243      0.178      0.000
  -1  463      1.251     -0.256      0.000
 459  465      1.260     -0.573      0.000
  -1  474      1.265     -0.872      0.000
 462  470      1.268     -0.650      0.000
 461  469      1.268     -0.436      0.000
 463  471      1.286      1.015      0.000
  -1  473      1.290     -0.114      0.000
 465  472      1.291      0.251      0.000
 469  475      1.323     -0.580      0.000
 468  477      1.329      0.276      0.000
 467   -2      1.333      0.969      0.000
 466  478      1.338     -1.171      0.000
 471  480      1.348     -0.661      0.000
 475  481      1.369      0.404      0.000
 474  482      1.373     -1.042      0.000
 476  485      1.385     -1.099      0.000
 478  487      1.408      1.149      0.000
 479  486      1.408     -0.179      0.000
 481   -2      1.413      0.454      0.000
 470  488      1.415      0.494      0.000
 482   -2      1.415      0.789      0.000
 480   -2      1.416     -1.056      0.000
 498  483      1.423      0.025      0.000
 477  495      1.433     -1.167      0.000
 483  490      1.439     -0.562      0.000
 484  491      1.440     -0.431      0.000
 485  492      1.447     -0.313      0.000
 487  493      1.447     -0.497      0.000
 488  494      1.450      0.156      0.000
 489  497      1.484      0.674      0.000
  -1   -2      1.490     -0.572      0.000
 490  499      1.491     -0.873      0.000
 492  498      1.494      0.239      0.000
 491   -2      1.494     -1.046      0.000
 493  501      1.501      0.568      0.000
 495  503      1.530      0.654      0.000
 496  505      1.535      0.907      0.000
 497  506      1.539     -0.349      0.000
  -1  504      1.539     -0.598      0.000
 500  508      1.546      0.287      0.000
 499  510      1.547     -0.290      0.000
 501  509      1.547     -0.101      0.000
 502  512      1.559     -1.052      0.000
 503  511      1.559     -0.742      0.000
