505
  -1   -2     -1.574     -0.066      0.000
   0    0     -1.571      0.888      0.000
  -1   -2     -1.558     -0.456      0.000
   1    4     -1.533      0.884      0.000
   6    5     -1.528     -1.089      0.000
   2    7     -1.527      0.230      0.000
  -1   -2     -1.523      0.335      0.000
  -1   -2     -1.516     -0.703      0.000
   5    9     -1.515      0.289      0.000
   7   10     -1.512      0.547      0.000
   9   12     -1.506      0.676      0.000
   8   11     -1.504      0.427      0.000
  -1   13     -1.498     -0.305      0.000
  11   14     -1.491      0.891      0.000
  12   16     -1.487     -0.760      0.000
  13   15     -1.484      0.160      0.000
  14   -2     -1.472      0.592      0.000
  -1   -2     -1.469     -1.173      0.000
  16   17     -1.467      1.039      0.000
  17   19     -1.453      0.505      0.000
  18   21     -1.452      0.355      0.000
  19   20     -1.451     -0.628      0.000
  30   -2     -1.450     -0.310      0.000
  20   22     -1.442     -0.360      0.000
  -1   -2     -1.432      0.142      0.000
  23   24     -1.430     -1.114      0.000
  22   25     -1.429      0.729      0.000
  -1   -2     -1.425      0.548      0.000
  24   26     -1.423     -0.733      0.000
  25   28     -1.418      0.296      0.000
  26   29     -1.406     -0.399      0.000
  27   30     -1.403      0.068      0.000
  28   31     -1.396      0.659      0.000
  -1   -2     -1.380      0.626      0.000
  31   33     -1.380     -1.121      0.000
  -1   32     -1.379     -0.874      0.000
  32   34     -1.367     -0.547      0.000
  21   -2     -1.364      1.133      0.000
  35   36     -1.355     -0.915      0.000
  15   -2     -1.350     -0.007      0.000
  36   40     -1.347      0.035      0.000
  37   42     -1.338      0.174      0.000
  38   41     -1.336     -1.059      0.000
  39   43     -1.326      0.944      0.000
  40   44     -1.314     -0.351      0.000
  41   45     -1.307      0.567      0.000
  42   47     -1.300     -0.835      0.000
  43   49     -1.297      0.398      0.000
  -1   48     -1.291      1.051      0.000
  -1   -2     -1.280     -0.444      0.000
  48   52     -1.268     -0.642      0.000
  -1   -2     -1.267      0.347      0.000
  50   53     -1.264     -1.007      0.000
  49   54     -1.262      0.522      0.000
  51   55     -1.257     -0.540      0.000
  -1   51     -1.253     -0.012      0.000
  52   56     -1.243      1.012      0.000
  44   63     -1.236     -1.168      0.000
  54   58     -1.230     -0.852      0.000
  53   59     -1.228     -0.127      0.000
  -1   61     -1.225     -0.711      0.000
  55   60     -1.211      0.852      0.000
  57   -2     -1.204     -0.655      0.000
  58   -2     -1.189      0.736      0.000
  -1   62     -1.187     -1.145      0.000
  59   64     -1.176      0.643      0.000
  -1   -2     -1.172      0.609      0.000
  60   65     -1.170     -1.104      0.000
  61   66     -1.166     -0.885      0.000
  63   67     -1.163     -0.845      0.000
  65   70     -1.156     -0.357      0.000
  64   71     -1.156      0.408      0.000
  66   74     -1.133     -1.019      0.000
  67   73     -1.132     -1.113      0.000
  68   75     -1.126      0.660      0.000
  69   77     -1.119     -0.108      0.000
  70   76     -1.115      1.052      0.000
  71   78     -1.106     -0.381      0.000
  -1   80     -1.093     -1.037      0.000
  73   82     -1.089     -0.288      0.000
  72   83     -1.089      0.402      0.000
  -1   81     -1.089     -0.491      0.000
  74   79     -1.088     -1.079      0.000
  75   84     -1.072      0.806      0.000
  76   85     -1.068      0.483      0.000
  78   87     -1.043     -0.737      0.000
  77   88     -1.041      0.391      0.000
  80   89     -1.038      0.584      0.000
  81   92     -1.025     -0.223      0.000
  82   91     -1.021     -1.072      0.000
  -1   86     -1.020     -0.183      0.000
  83   93     -1.018     -0.872      0.000
  84   95     -1.011     -0.438      0.000
  -1   94     -1.008     -0.790      0.000
  86   96     -1.004     -0.666      0.000
  85   97     -1.003      0.342      0.000
  87   98     -0.998      0.918      0.000
  88   99     -0.997      1.034      0.000
  91  103     -0.990     -1.156      0.000
  89   -2     -0.984      0.436      0.000
  -1  104     -0.964      0.782      0.000
  92  107     -0.939      0.308      0.000
  93  106     -0.938     -0.943      0.000
  94  108     -0.934      0.573      0.000
  -1  114     -0.926     -1.157      0.000
  96   -2     -0.924     -0.089      0.000
 101   -2     -0.917     -1.106      0.000
  -1   -2     -0.913      0.748      0.000
  -1  110     -0.913      1.120      0.000
  99  111     -0.909      1.088      0.000
 100  112     -0.906      0.904      0.000
 104  115     -0.870     -0.745      0.000
 103  117     -0.869     -0.135      0.000
 106  123     -0.869     -1.103      0.000
 105  116     -0.867     -0.615      0.000
 108  118     -0.859     -0.444      0.000
 107  119     -0.858     -0.214      0.000
 110  120     -0.853     -0.692      0.000
 112  122     -0.844     -0.009      0.000
 113   -2     -0.837     -0.487      0.000
 114  125     -0.836      0.445      0.000
  -1   -2     -0.835     -1.167      0.000
  -1  124     -0.835      0.733      0.000
 119  129     -0.829      0.322      0.000
  -1   -2     -0.822      0.258      0.000
 116  128     -0.821      1.091      0.000
 115  130     -0.820     -0.945      0.000
 121  132     -0.813     -0.914      0.000
 122  126     -0.813      0.391      0.000
 120  131     -0.811      0.818      0.000
 123  133     -0.789      0.992      0.000
 124  134     -0.789     -0.799      0.000
 126  135     -0.786     -0.753      0.000
 127  136     -0.784      0.884      0.000
 125  137     -0.784     -0.056      0.000
 129  138     -0.774      0.035      0.000
 130  139     -0.770     -0.444      0.000
 132  140     -0.756     -1.165      0.000
 133  144     -0.746     -0.944      0.000
 135  145     -0.740      0.139      0.000
  -1   -2     -0.736     -0.349      0.000
 136  148     -0.733     -0.148      0.000
 138  147     -0.732      0.975      0.000
 139  146     -0.731     -1.008      0.000
  -1   -2     -0.708     -0.286      0.000
 141  151     -0.705     -0.102      0.000
 134  150     -0.698      0.668      0.000
 144  152     -0.698     -0.551      0.000
 142  154     -0.696      0.870      0.000
  -1  158     -0.689     -0.685      0.000
 140   -2     -0.688     -1.112      0.000
 146  156     -0.686      1.057      0.000
 145   -2     -0.685      1.002      0.000
  -1  166     -0.672      0.216      0.000
 148  161     -0.656     -1.171      0.000
  -1   -2     -0.653     -0.815      0.000
 149  163     -0.645     -0.303      0.000
 151  164     -0.637     -1.072      0.000
 152  165     -0.635     -1.114      0.000
 153  168     -0.626     -0.759      0.000
 154  169     -0.623     -0.998      0.000
 155  171     -0.619     -0.428      0.000
 156  170     -0.618      1.067      0.000
 157  172     -0.611      0.880      0.000
 159  173     -0.607     -0.507      0.000
 158  174     -0.606     -0.274      0.000
 160  175     -0.594      0.044      0.000
 162  176     -0.586     -0.766      0.000
  -1  178     -0.570     -1.118      0.000
 165  179     -0.563     -0.968      0.000
 166  181     -0.556      1.043      0.000
 164  183     -0.554      0.473      0.000
 168  182     -0.553     -0.505      0.000
  -1   -2     -0.552     -1.169      0.000
 167  184     -0.552     -0.229      0.000
 161  187     -0.538      0.666      0.000
 170  185     -0.537     -1.086      0.000
 172  188     -0.507      0.185      0.000
 171  189     -0.504      0.084      0.000
 174  190     -0.488      0.958      0.000
 173  191     -0.487     -0.047      0.000
 175  192     -0.483     -0.668      0.000
 176   -2     -0.468     -0.121      0.000
  -1  194     -0.460     -1.165      0.000
 178  196     -0.458     -0.280      0.000
 179  199     -0.441      0.439      0.000
 180  198     -0.439     -0.936      0.000
 182   -2     -0.428     -1.041      0.000
 183  200     -0.426     -0.825      0.000
 184  201     -0.417     -1.120      0.000
 185  202     -0.411      0.738      0.000
 186  205     -0.408      0.317      0.000
  -1  203     -0.407     -0.511      0.000
 187  208     -0.401     -0.182      0.000
 188  206     -0.400     -0.594      0.000
 189  207     -0.400     -0.340      0.000
  -1   -2     -0.399     -1.167      0.000
 190  209     -0.381     -0.654      0.000
 191  213     -0.379      0.715      0.000
 192  212     -0.376     -0.945      0.000
 193  214     -0.371     -0.247      0.000
 194  211     -0.369      1.045      0.000
  -1   -2     -0.368     -0.729      0.000
 196  215     -0.360      0.973      0.000
  -1   -2     -0.359      0.893      0.000
 199  217     -0.359     -1.135      0.000
 198  219     -0.347      0.857      0.000
 200  220     -0.324     -0.561      0.000
 203  222     -0.305     -0.913      0.000
 201  223     -0.303      0.782      0.000
 202  224     -0.302      0.292      0.000
 204  225     -0.297     -0.733      0.000
 206  228     -0.292     -0.456      0.000
 205  226     -0.290     -0.966      0.000
 207  229     -0.279     -0.183      0.000
  -1   -2     -0.276     -1.162      0.000
  -1   -2     -0.269      0.954      0.000
 209  230     -0.263     -1.051      0.000
 208  231     -0.262      0.408      0.000
 210  232     -0.251     -0.389      0.000
 211  234     -0.244     -0.661      0.000
  -1  233     -0.242     -1.132      0.000
 213  235     -0.238     -0.847      0.000
  -1  236     -0.236      0.119      0.000
  -1  238     -0.225     -1.093      0.000
  -1  221     -0.224      0.517      0.000
 215  240     -0.207      0.692      0.000
  -1   -2     -0.189      1.163      0.000
 221  241     -0.174      0.072      0.000
 223  242     -0.169     -0.259      0.000
  -1   -2     -0.153     -1.171      0.000
 222  243     -0.148     -0.755      0.000
 225  245     -0.144     -1.114      0.000
 227  247     -0.139     -0.635      0.000
 226  246     -0.133     -0.181      0.000
 228  248     -0.131     -0.996      0.000
  -1  249     -0.127      0.469      0.000
 230  250     -0.126      0.374      0.000
 220  258     -0.115     -0.078      0.000
 232  251     -0.113      0.603      0.000
  -1  253     -0.104     -1.130      0.000
 235  254     -0.101      0.318      0.000
 238  255     -0.083      1.113      0.000
 237  257     -0.080      0.218      0.000
 245  256     -0.079     -1.065      0.000
 239  260     -0.077     -0.616      0.000
 240   -2     -0.076     -0.157      0.000
  -1  261     -0.069     -0.280      0.000
 241   -2     -0.069     -0.486      0.000
  -1   -2     -0.061     -0.812      0.000
 242   -2     -0.061     -0.318      0.000
 243  263     -0.059      0.338      0.000
 246  264     -0.051      0.569      0.000
 249   -2     -0.024      0.909      0.000
  -1  265     -0.010     -0.457      0.000
 250   -2      0.004      0.551      0.000
  -1  266      0.004     -0.126      0.000
  -1   -2      0.009     -1.170      0.000
 252  268      0.013      0.948      0.000
 253  269      0.017      0.831      0.000
 254  270      0.023      0.357      0.000
 255  271      0.024      0.042      0.000
 256   -2      0.025     -0.222      0.000
  -1   -2      0.029     -0.369      0.000
 257  273      0.039      0.554      0.000
 258  274      0.048      0.320      0.000
 259  275      0.055     -0.048      0.000
 264  272      0.062     -0.292      0.000
 261  276      0.062      0.872      0.000
 260  278      0.062      0.629      0.000
 263  277      0.066     -1.049      0.000
  -1   -2      0.071      0.765      0.000
 265  279      0.077     -0.890      0.000
 267   -2      0.089     -0.656      0.000
 266  280      0.094      0.144      0.000
  -1   -2      0.102     -0.510      0.000
  -1   -2      0.105      0.434      0.000
 269  282      0.106      0.101      0.000
 271  285      0.121      0.388      0.000
 270  283      0.124     -0.139      0.000
  -1  296      0.131      0.933      0.000
 272  286      0.139      0.818      0.000
 275  288      0.142     -0.567      0.000
  -1   -2      0.146      0.653      0.000
 273  287      0.147     -0.459      0.000
 274  284      0.148     -1.167      0.000
 276  289      0.155      1.012      0.000
  -1   -2      0.170     -0.091      0.000
 278  291      0.175      0.350      0.000
  -1  295      0.200     -0.438      0.000
 282  297      0.214      0.538      0.000
 281  298      0.215      0.025      0.000
 280  299      0.216     -0.983      0.000
  -1   -2      0.218      1.014      0.000
 284  300      0.229     -0.851      0.000
 283  301      0.239     -0.147      0.000
 288  303      0.259     -0.627      0.000
 287  302      0.260      0.930      0.000
 289  310      0.261      0.126      0.000
 290  305      0.261     -0.360      0.000
 291  307      0.272      1.154      0.000
 292  308      0.276      1.079      0.000
 293  309      0.278      0.234      0.000
 285  320      0.278      0.699      0.000
 294   -2      0.290      0.139      0.000
  -1  312      0.309      0.569      0.000
 297  314      0.318     -0.189      0.000
 298  315      0.320      0.051      0.000
  -1   -2      0.323     -1.127      0.000
 300  316      0.329      0.988      0.000
 303  318      0.348     -1.166      0.000
  -1  319      0.353      1.037      0.000
  -1   -2      0.355      0.693      0.000
 302  321      0.361     -0.393      0.000
 306  324      0.375      0.050      0.000
 304  323      0.376      0.232      0.000
 305  322      0.377     -0.780      0.000
 324   -2      0.384      1.094      0.000
 307  326      0.389     -0.954      0.000
 309  325      0.391      0.284      0.000
 310  328      0.395     -0.396      0.000
 311  329      0.403      0.160      0.000
 321  327      0.413      0.524      0.000
 314  333      0.421     -0.863      0.000
 313  334      0.422     -1.092      0.000
  -1   -2      0.426      0.993      0.000
 315   -2      0.428     -0.648      0.000
 317  335      0.437     -0.002      0.000
 318   -2      0.450     -0.585      0.000
  -1  337      0.452     -0.545      0.000
  -1   -2      0.453     -0.775      0.000
 320  338      0.464     -0.417      0.000
 323  340      0.468      0.714      0.000
  -1   -2      0.469      0.600      0.000
 322  342      0.479      0.308      0.000
 319  343      0.480     -1.146      0.000
 325  344      0.489     -0.031      0.000
 326  350      0.492      0.659      0.000
 327  345      0.493     -0.774      0.000
 328  348      0.503     -0.927      0.000
 329   -2      0.503      0.877      0.000
  -1  347      0.504     -0.350      0.000
 330  346      0.504     -0.610      0.000
 331  349      0.513      0.741      0.000
 332  352      0.547     -0.904      0.000
 333   -2      0.554     -0.559      0.000
  -1  353      0.555     -0.200      0.000
 337  358      0.574      0.882      0.000
 338  357      0.576     -0.041      0.000
 340  359      0.581      1.012      0.000
 341  360      0.588      0.489      0.000
 342  361      0.592      0.528      0.000
 343   -2      0.594      0.311      0.000
  -1   -2      0.596     -0.249      0.000
 345  362      0.605     -0.977      0.000
 347  364      0.605      0.787      0.000
 346  363      0.607     -0.729      0.000
  -1  366      0.622     -0.620      0.000
 349  365      0.625      0.321      0.000
 351  367      0.629     -0.665      0.000
 350  368      0.632     -0.822      0.000
 352  370      0.636     -1.122      0.000
  -1  372      0.641     -0.396      0.000
 353  371      0.643      0.474      0.000
 356  373      0.650      0.916      0.000
 357  374      0.658      0.832      0.000
 358  375      0.661     -0.463      0.000
 360  378      0.705     -0.636      0.000
 359  377      0.705     -0.850      0.000
 355  384      0.707      1.159      0.000
 362  379      0.710     -0.444      0.000
 363  380      0.718     -0.370      0.000
 365  381      0.720     -0.686      0.000
 364  382      0.723      1.050      0.000
 366  383      0.728      0.250      0.000
 367  385      0.730     -1.072      0.000
 368  386      0.740     -0.873      0.000
 370   -2      0.761      1.152      0.000
 371  389      0.762     -0.634      0.000
  -1   -2      0.769     -1.144      0.000
  -1  391      0.775      0.380      0.000
 373  392      0.777      0.330      0.000
 375  393      0.784      0.623      0.000
 372   -2      0.786     -0.076      0.000
  -1   -2      0.789     -0.811      0.000
 376  387      0.801     -0.981      0.000
  -1  412      0.805     -0.462      0.000
 378  395      0.806      0.899      0.000
 379  400      0.821     -1.136      0.000
 381  396      0.830     -0.040      0.000
 382  397      0.840      0.881      0.000
 383  398      0.847     -0.790      0.000
 384  399      0.850     -1.062      0.000
 385   -2      0.866     -0.604      0.000
 388  401      0.875      0.159      0.000
 399   -2      0.876     -0.262      0.000
  -1   -2      0.881     -0.152      0.000
  -1  404      0.885     -0.668      0.000
  -1  405      0.887      1.052      0.000
 392  406      0.891      0.109      0.000
 391  408      0.894      0.641      0.000
 396  407      0.894      0.506      0.000
  -1  410      0.896      0.750      0.000
 397  409      0.896      0.416      0.000
 395  411      0.896      0.695      0.000
 398   -2      0.900     -0.453      0.000
  -1   -2      0.901      1.107      0.000
  -1   -2      0.902     -1.005      0.000
  -1  402      0.903     -0.291      0.000
  -1   -2      0.906      0.468      0.000
 393  414      0.911      1.085      0.000
 400   -2      0.919     -0.802      0.000
 401  415      0.920      1.158      0.000
 404  413      0.922     -0.871      0.000
 402  416      0.922     -0.543      0.000
  -1   -2      0.922      0.020      0.000
 403  418      0.932     -1.078      0.000
 405  417      0.934      0.228      0.000
 406  421      0.960     -0.257      0.000
 407  422      0.964     -0.158      0.000
 408  423      0.965      0.517      0.000
 409  424      0.978     -1.120      0.000
 410  425      0.979      0.446      0.000
 412  426      1.006     -0.038      0.000
  -1  428      1.018      0.754      0.000
 414  429      1.018     -0.595      0.000
 417  430      1.031     -0.333      0.000
 416  431      1.032      0.658      0.000
 418  433      1.052     -0.011      0.000
  -1   -2      1.054      1.110      0.000
  -1   -2      1.056      0.288      0.000
 420   -2      1.061      0.709      0.000
 421  436      1.062     -0.123      0.000
 419  434      1.065     -1.167      0.000
 422  435      1.066      0.829      0.000
 423  437      1.073      0.965      0.000
 424  432      1.073      0.252      0.000
 426  440      1.091      0.161      0.000
 425  442      1.092     -0.654      0.000
 427  441      1.092      0.096      0.000
 428  446      1.112     -0.980      0.000
 429  445      1.113      1.028      0.000
  -1  447      1.133      0.197      0.000
 430  448      1.145     -0.784      0.000
 442  438      1.151     -0.871      0.000
 432  450      1.151     -1.091      0.000
 433  451      1.158     -0.555      0.000
 434  453      1.176      0.879      0.000
 435  454      1.184      0.255      0.000
 437   -2      1.190      0.962      0.000
  -1  457      1.200      0.023      0.000
 438  458      1.203     -0.073      0.000
  -1  459      1.205      0.658      0.000
 441  460      1.216     -0.503      0.000
 440  462      1.217     -0.196      0.000
 443  461      1.223      0.278      0.000
 444   -2      1.231      0.555      0.000
 445  463      1.239     -0.574      0.000
 446  464      1.244      0.996      0.000
 448  465      1.254     -0.154      0.000
 449  466      1.259      0.392      0.000
  -1  467      1.264      0.443      0.000
  -1   -2      1.278      0.606      0.000
 451  469      1.283     -0.498      0.000
 454  472      1.311     -0.970      0.000
 455  471      1.312      0.432      0.000
 456  473      1.317     -0.569      0.000
 459   -2      1.322     -1.171      0.000
  -1  474      1.330      0.736      0.000
 457  477      1.342     -1.080      0.000
 460  479      1.365      0.166      0.000
 461  480      1.369     -0.937      0.000
 462   -2      1.371      0.095      0.000
 463  481      1.382      1.099      0.000
 464  482      1.386     -0.996      0.000
 465  483      1.391     -0.237      0.000
 466  484      1.393     -0.341      0.000
 467  485      1.406      0.239      0.000
 468  488      1.407     -0.466      0.000
  -1  487      1.409     -0.401      0.000
 469  486      1.410      0.518      0.000
 470  489      1.411     -0.945      0.000
 473  490      1.445      0.589      0.000
 475  494      1.471      0.272      0.000
 474  495      1.471      0.825      0.000
 476  497      1.478     -0.750      0.000
 477   -2      1.480     -0.715      0.000
 479  500      1.495     -0.054      0.000
 480  499      1.495     -0.200      0.000
  -1   -2      1.498      0.892      0.000
 481  502      1.502     -0.259      0.000
 482  504      1.511     -0.743      0.000
 483  506      1.513      0.430      0.000
 484  507      1.518      0.071      0.000
 487  509      1.534      0.668      0.000
 488  510      1.538      1.094      0.000
 489  511      1.544     -0.614      0.000
 490   -2      1.545      0.713      0.000
 491  513      1.550      0.586      0.000
 493  512      1.551     -0.914      0.000
 492  514      1.552     -1.036      0.000
 494  516      1.561     -0.815      0.000
  -1  503      1.562     -0.321      0.000
 496  515      1.562      0.380      0.000
  -1  517      1.573      1.137      0.000
