498
  -1    6     -1.568      1.164      0.000
   0    1     -1.565      0.181      0.000
   1    3     -1.552     -0.405      0.000
   7    0     -1.548      1.025      0.000
   4    7     -1.538      0.426      0.000
  -1    8     -1.533      0.609      0.000
   5    9     -1.513      0.350      0.000
   6   -2     -1.512     -0.410      0.000
   3   -2     -1.503      0.654      0.000
   8   11     -1.499     -0.464      0.000
   9   12     -1.496      0.060      0.000
  -1   19     -1.482      0.004      0.000
  11   14     -1.481     -0.295      0.000
   2   18     -1.479      0.857      0.000
  13   15     -1.464     -0.755      0.000
  15   16     -1.461     -0.503      0.000
  14   17     -1.461      0.774      0.000
  16   21     -1.453     -0.029      0.000
  17   -2     -1.452      0.907      0.000
  18   20     -1.451      0.735      0.000
  20   22     -1.449      0.195      0.000
  21   -2     -1.446      0.384      0.000
  12   42     -1.424     -0.867      0.000
  22   23     -1.420     -0.295      0.000
  29   -2     -1.406     -0.047      0.000
  26   25     -1.403      0.465      0.000
  27   -2     -1.401     -0.660      0.000
  -1   27     -1.400     -1.148      0.000
  30   28     -1.397      0.657      0.000
  32   29     -1.387     -0.426      0.000
  28   31     -1.372      0.775      0.000
  34   32     -1.365      0.601      0.000
  38   34     -1.347     -0.167      0.000
  39   -2     -1.343     -0.532      0.000
  40   38     -1.342      1.058      0.000
  41   39     -1.318     -1.035      0.000
  -1   37     -1.307     -0.547      0.000
  42   40     -1.305     -0.629      0.000
  44   41     -1.292     -0.739      0.000
  43   44     -1.290      0.460      0.000
  45   -2     -1.285     -0.946      0.000
  31   -2     -1.280     -1.172      0.000
  -1   -2     -1.263     -1.134      0.000
  49   47     -1.262      0.711      0.000
  50   45     -1.261     -0.970      0.000
  52   49     -1.258      0.816      0.000
  51   51     -1.255     -0.133      0.000
  53   50     -1.252      0.934      0.000
  54   52     -1.250     -0.415      0.000
  -1   -2     -1.249     -0.603      0.000
  55   53     -1.248     -0.077      0.000
  58   56     -1.231     -0.744      0.000
  57   57     -1.229      0.444      0.000
  60   58     -1.216     -0.948      0.000
  59   60     -1.215      0.723      0.000
  62   59     -1.213     -1.113      0.000
  61   61     -1.211     -0.647      0.000
  -1   -2     -1.208     -0.882      0.000
  63   62     -1.205     -0.329      0.000
  64   63     -1.201     -0.434      0.000
  66   65     -1.197      0.207      0.000
  65   64     -1.196      0.530      0.000
  69   67     -1.186      0.428      0.000
  71   66     -1.176     -0.196      0.000
  70   68     -1.172      0.741      0.000
  -1   69     -1.170     -0.541      0.000
  72   73     -1.156      0.367      0.000
  73   72     -1.156     -0.250      0.000
  75   70     -1.154      1.132      0.000
  77   71     -1.153     -0.933      0.000
  76   75     -1.151      0.630      0.000
  78   74     -1.145     -0.972      0.000
  79   76     -1.129      0.869      0.000
  80   -2     -1.127      0.468      0.000
  -1   -2     -1.127     -0.430      0.000
  81   77     -1.107      1.123      0.000
  82   79     -1.102     -0.478      0.000
  83   80     -1.099      0.326      0.000
  84   81     -1.087     -1.103      0.000
  85   82     -1.082     -0.095      0.000
  90   83     -1.064     -1.166      0.000
  87   84     -1.060     -0.796      0.000
  88   85     -1.056      0.598      0.000
  89   86     -1.045     -1.112      0.000
  91   87     -1.034      0.961      0.000
  -1   -2     -1.029      0.745      0.000
  92   88     -1.025     -0.142      0.000
  93   91     -1.014     -0.012      0.000
  96   89     -1.011     -0.936      0.000
  97   94     -1.004     -0.223      0.000
  -1   -2     -1.004     -0.013      0.000
  98   93     -1.002      0.485      0.000
  99   92     -1.001      1.077      0.000
  -1   95     -0.996      0.260      0.000
 100   98     -0.989      0.326      0.000
  -1   96     -0.984      0.711      0.000
  -1   97     -0.983      0.445      0.000
 101  102     -0.970      0.397      0.000
  -1  100     -0.969     -1.138      0.000
 102  103     -0.959     -0.457      0.000
  -1   -2     -0.955     -0.316      0.000
 103  106     -0.952     -0.055      0.000
 104  105     -0.951      0.928      0.000
  -1  108     -0.943      0.618      0.000
 105  109     -0.940      0.040      0.000
 106  110     -0.930     -0.636      0.000
 107  112     -0.927      0.745      0.000
 108  113     -0.919     -0.998      0.000
 109  114     -0.916      1.159      0.000
 110  116     -0.912      0.140      0.000
 111  115     -0.910     -1.070      0.000
 112  117     -0.905      1.114      0.000
 114  118     -0.904     -0.770      0.000
 113  119     -0.901     -0.718      0.000
 115  120     -0.889     -0.145      0.000
 116  122     -0.879     -1.168      0.000
 118  121     -0.878      0.811      0.000
 117  123     -0.877     -0.443      0.000
 119  124     -0.865     -0.096      0.000
 121  127     -0.843      0.879      0.000
 122  129     -0.838      1.050      0.000
 123  130     -0.825     -0.763      0.000
 125  131     -0.823      1.095      0.000
 126   -2     -0.818     -0.809      0.000
 124  132     -0.817      0.989      0.000
  -1   -2     -0.808      0.031      0.000
  -1   -2     -0.802      0.280      0.000
 127  141     -0.797     -0.954      0.000
 128  134     -0.785     -0.538      0.000
 130  135     -0.779     -0.285      0.000
 132  136     -0.770      0.957      0.000
 133  138     -0.759      0.050      0.000
 138   -2     -0.754     -0.934      0.000
 134  140     -0.749     -0.255      0.000
 137  139     -0.747     -0.667      0.000
 139  142     -0.736      0.330      0.000
  -1   -2     -0.726     -1.083      0.000
 141   -2     -0.717      0.971      0.000
 140  144     -0.716      0.252      0.000
 142  143     -0.713     -1.013      0.000
 143  146     -0.704     -0.476      0.000
 144  145     -0.702      1.025      0.000
 145  148     -0.694     -0.206      0.000
 136   -2     -0.686     -1.171      0.000
 146  151     -0.684      0.439      0.000
 148  153     -0.678      0.497      0.000
 149  152     -0.677      0.836      0.000
 150  154     -0.674     -0.732      0.000
 151  155     -0.667      0.079      0.000
 152  157     -0.663      0.176      0.000
  -1  156     -0.661      1.149      0.000
  -1  158     -0.656     -0.260      0.000
 153  159     -0.653     -0.466      0.000
  -1   -2     -0.647      0.288      0.000
 155  160     -0.647      1.054      0.000
 154  161     -0.645      0.617      0.000
 156   -2     -0.641      1.095      0.000
 157   -2     -0.640      1.020      0.000
 158  162     -0.638     -0.031      0.000
 159  163     -0.632     -0.727      0.000
  -1   -2     -0.623      0.746      0.000
 161  164     -0.619     -0.970      0.000
 160  166     -0.615     -0.103      0.000
 162  165     -0.613     -1.048      0.000
  -1   -2     -0.606      0.119      0.000
  -1  168     -0.591      0.004      0.000
 163  169     -0.588     -0.241      0.000
 164  170     -0.584      0.982      0.000
 166  171     -0.576      0.406      0.000
 167  172     -0.557     -0.928      0.000
  -1   -2     -0.557      1.150      0.000
 171  173     -0.553     -1.171      0.000
 165  174     -0.549     -0.610      0.000
 169  175     -0.541      0.284      0.000
 173  177     -0.536     -0.150      0.000
  -1   -2     -0.532     -0.918      0.000
 177  178     -0.528      1.098      0.000
 175  179     -0.525      0.454      0.000
 180   -2     -0.506     -0.440      0.000
 179   -2     -0.505     -0.237      0.000
 181  182     -0.500      0.659      0.000
 182  183     -0.498     -0.202      0.000
 185  185     -0.484     -1.134      0.000
 184  186     -0.482     -0.521      0.000
 186  187     -0.468      0.633      0.000
 187  188     -0.465     -0.749      0.000
 188  189     -0.456     -0.858      0.000
 189  190     -0.443     -0.570      0.000
 192  197     -0.426      0.947      0.000
 190  192     -0.426      0.264      0.000
 193  193     -0.421      1.098      0.000
  -1  194     -0.418     -1.108      0.000
  -1   -2     -0.417      0.457      0.000
 194  196     -0.409      0.755      0.000
 195  198     -0.405     -0.477      0.000
 198  199     -0.398      0.861      0.000
 196   -2     -0.398      0.934      0.000
 199  200     -0.395     -0.851      0.000
 200  201     -0.393     -0.141      0.000
 201  203     -0.375      0.678      0.000
 202  204     -0.371      0.351      0.000
  -1   -2     -0.357     -0.405      0.000
 204  205     -0.354     -1.078      0.000
  -1  206     -0.354     -0.626      0.000
  -1   -2     -0.351     -1.170      0.000
 205  209     -0.345     -0.315      0.000
 206  210     -0.330      1.113      0.000
 207  211     -0.328     -0.800      0.000
 208  212     -0.326      0.657      0.000
  -1  213     -0.318      0.626      0.000
 209  215     -0.306     -0.553      0.000
 211  214     -0.305     -0.849      0.000
 212  227     -0.302      0.447      0.000
 210  217     -0.296      0.030      0.000
 214  219     -0.278      0.584      0.000
  -1  222     -0.272      0.075      0.000
 215  224     -0.265     -0.925      0.000
  -1   -2     -0.260     -1.142      0.000
 213  220     -0.258     -1.166      0.000
  -1  216     -0.248     -0.393      0.000
 216   -2     -0.247     -1.042      0.000
 217  228     -0.236      0.891      0.000
 218   -2     -0.231     -1.000      0.000
 219  231     -0.224     -0.132      0.000
 221  229     -0.221     -1.099      0.000
 223  232     -0.206      0.392      0.000
 222  233     -0.206      0.315      0.000
 225  235     -0.193     -0.045      0.000
 227  236     -0.192     -0.513      0.000
 226  234     -0.191     -0.626      0.000
 231  225     -0.190     -1.029      0.000
 228  239     -0.176      0.272      0.000
 230  238     -0.176      1.095      0.000
 229  240     -0.175      0.501      0.000
 232  242     -0.157      0.191      0.000
  -1  243     -0.141     -0.845      0.000
 236  237     -0.131      0.743      0.000
 234  246     -0.128     -0.229      0.000
 237  247     -0.125      0.285      0.000
 241  249     -0.120      0.556      0.000
 240  248     -0.120      1.098      0.000
 238   -2     -0.116     -0.480      0.000
 242  252     -0.104      0.016      0.000
 243  251     -0.102      0.464      0.000
 244  253     -0.095     -1.159      0.000
 245  254     -0.088      0.939      0.000
 246  255     -0.085     -0.903      0.000
 247   -2     -0.081     -0.314      0.000
 248  257     -0.068      1.048      0.000
  -1   -2     -0.059      1.164      0.000
  -1   -2     -0.057     -0.378      0.000
 249  256     -0.055     -0.348      0.000
 251  260     -0.043      0.257      0.000
  -1   -2     -0.040      0.950      0.000
 253  262     -0.035      1.000      0.000
 255  265     -0.025      0.052      0.000
 254  264     -0.023     -1.076      0.000
 257  271      0.001      0.280      0.000
 258  268      0.003      0.782      0.000
 260  269      0.004      0.116      0.000
 261  270      0.006      0.455      0.000
 263   -2      0.009     -1.173      0.000
  -1  278      0.030     -0.708      0.000
 256  280      0.038     -0.251      0.000
 265  273      0.045      0.510      0.000
  -1   -2      0.050      1.152      0.000
 264   -2      0.056     -1.061      0.000
 266  276      0.056      0.714      0.000
 267  274      0.058     -0.871      0.000
 270   -2      0.065     -0.721      0.000
 269  279      0.067      0.133      0.000
 271  281      0.077     -0.541      0.000
 272  282      0.078     -0.018      0.000
 273   -2      0.081      0.099      0.000
  -1   -2      0.084     -0.778      0.000
 274  283      0.090      0.358      0.000
 278  284      0.102     -1.169      0.000
 277  287      0.107      0.319      0.000
 276  285      0.107     -1.110      0.000
 275  286      0.110      0.982      0.000
 280  289      0.132     -0.440      0.000
 281  290      0.134     -0.348      0.000
 282   -2      0.134      0.764      0.000
 284  292      0.142      0.671      0.000
 285  288      0.147      0.526      0.000
  -1  296      0.165     -0.515      0.000
 287  295      0.167      0.835      0.000
 288  297      0.176      0.292      0.000
 289  298      0.194     -1.003      0.000
  -1  299      0.199     -0.331      0.000
 291  300      0.210     -0.811      0.000
 293  302      0.219      1.037      0.000
 294  303      0.222      0.041      0.000
 297  304      0.228     -0.693      0.000
 298  305      0.232      0.319      0.000
 301  301      0.238     -0.993      0.000
 302  309      0.248     -0.097      0.000
 303   -2      0.273     -1.117      0.000
 304  310      0.274     -0.267      0.000
 307  311      0.286      0.768      0.000
 308  312      0.291      0.974      0.000
 310  314      0.294      1.121      0.000
 309  313      0.298      0.903      0.000
  -1  315      0.305     -0.826      0.000
 305  316      0.305      0.201      0.000
 313  317      0.312      0.571      0.000
 312  318      0.313     -1.168      0.000
 314  319      0.337     -0.235      0.000
 315   -2      0.355     -0.459      0.000
 316  320      0.356     -0.130      0.000
 317  321      0.356      0.056      0.000
 319   -2      0.359      0.725      0.000
 320  322      0.359     -0.671      0.000
 318  323      0.361     -1.008      0.000
  -1   -2      0.362      1.108      0.000
 321  324      0.364      0.824      0.000
 322   -2      0.373      0.279      0.000
 323  325      0.376     -1.074      0.000
 326  328      0.393     -0.305      0.000
 325  329      0.393     -0.652      0.000
 327   -2      0.394     -0.810      0.000
 329   -2      0.410      0.926      0.000
 330  330      0.417     -0.955      0.000
  -1  331      0.421      0.516      0.000
  -1   -2      0.425     -1.165      0.000
 332  332      0.430      0.056      0.000
 333  333      0.433     -0.315      0.000
 334  334      0.435     -0.736      0.000
 335  335      0.442     -0.358      0.000
 336  336      0.449      0.239      0.000
 337  337      0.455     -0.540      0.000
 338  338      0.462      0.140      0.000
 339  339      0.465      1.025      0.000
  -1   -2      0.476     -1.163      0.000
 342  342      0.484     -0.481      0.000
  -1  343      0.492      0.984      0.000
 340   -2      0.499      0.667      0.000
 343  344      0.500      0.009      0.000
 344  345      0.510     -0.343      0.000
  -1  346      0.512     -0.819      0.000
 345  350      0.517      0.405      0.000
 346  347      0.518     -0.669      0.000
 347  340      0.529      0.596      0.000
 348  348      0.537      1.124      0.000
 349  349      0.544      0.257      0.000
 351  351      0.553     -0.518      0.000
 352  352      0.555     -0.791      0.000
 353  354      0.562      0.739      0.000
 354  355      0.563     -0.020      0.000
 356   -2      0.573     -0.843      0.000
  -1   -2      0.577      0.289      0.000
 357  364      0.582      0.617      0.000
 358  356      0.586      0.255      0.000
 360  358      0.597     -0.486      0.000
 359  359      0.598     -0.994      0.000
 361  360      0.611     -0.893      0.000
 363  361      0.615     -1.045      0.000
  -1   -2      0.616     -0.624      0.000
  -1  357      0.619     -1.163      0.000
 365  365      0.631      0.874      0.000
 367  367      0.640     -0.655      0.000
 369  366      0.640      0.753      0.000
 368  368      0.642     -1.040      0.000
 370  369      0.656     -0.750      0.000
 371   -2      0.661     -0.568      0.000
  -1  370      0.663     -0.033      0.000
 375  372      0.687      0.672      0.000
 373  373      0.688      0.410      0.000
 374  374      0.690      0.443      0.000
 376   -2      0.709      0.067      0.000
 379  375      0.721     -0.411      0.000
 378  376      0.721      0.794      0.000
 377  378      0.723     -0.793      0.000
 380  377      0.725      0.268      0.000
 381  379      0.729     -1.018      0.000
 382  380      0.730      1.035      0.000
  -1   -2      0.735      0.462      0.000
 383  381      0.737      0.718      0.000
 385  382      0.750      0.403      0.000
  -1   -2      0.752     -0.234      0.000
 386  384      0.755     -0.643      0.000
 388  385      0.758     -1.066      0.000
 394   -2      0.762      1.038      0.000
 390  386      0.762     -0.166      0.000
 391  388      0.770      0.940      0.000
 395  391      0.789     -0.982      0.000
 397   -2      0.799     -0.345      0.000
 400  394      0.810     -0.603      0.000
 401  397      0.829     -1.109      0.000
 402  396      0.831      0.099      0.000
 403  399      0.841     -1.047      0.000
  -1  393      0.841      0.926      0.000
 404  400      0.847     -0.852      0.000
 412  392      0.868     -0.283      0.000
 408  403      0.873     -0.445      0.000
 410  404      0.875      0.802      0.000
 409  406      0.877      1.114      0.000
 411  405      0.880      0.734      0.000
 416   -2      0.895     -1.006      0.000
 413  408      0.896      0.549      0.000
  -1  407      0.897     -0.086      0.000
  -1  414      0.898     -1.158      0.000
 414  409      0.905      0.327      0.000
 415  410      0.907      0.283      0.000
 417   -2      0.919     -0.875      0.000
  -1  419      0.928      1.025      0.000
 420  416      0.932      0.971      0.000
 419  417      0.938     -1.084      0.000
 421  418      0.940      1.083      0.000
  -1   -2      0.947      1.007      0.000
 422  420      0.952     -0.056      0.000
 424  421      0.970     -0.464      0.000
 425  423      0.975     -0.274      0.000
 427  424      0.981     -0.557      0.000
 429  426      0.993     -0.174      0.000
 426  425      0.997      0.073      0.000
 432  428      1.010      0.633      0.000
 433  431      1.014      0.584      0.000
 431  430      1.014      0.129      0.000
  -1   -2      1.027     -0.861      0.000
 434  432      1.027      0.459      0.000
  -1   -2      1.034      0.257      0.000
 435  433      1.035      0.373      0.000
 436   -2      1.035      0.737      0.000
 444   -2      1.045     -0.245      0.000
 437  434      1.053     -0.342      0.000
  -1  442      1.062     -0.435      0.000
 438  436      1.064     -0.630      0.000
 439  437      1.073      0.194      0.000
  -1  438      1.086     -0.748      0.000
 442  439      1.099      0.480      0.000
 443  440      1.109     -1.041      0.000
  -1  441      1.118      0.414      0.000
 457  427      1.122      0.720      0.000
 446  443      1.129     -0.709      0.000
 447  444      1.133     -0.070      0.000
 448   -2      1.134      0.937      0.000
 449   -2      1.140     -1.155      0.000
 450  445      1.153      0.633      0.000
 452  446      1.154      0.806      0.000
 453  448      1.159     -0.942      0.000
  -1   -2      1.161     -0.639      0.000
 455  449      1.167      1.014      0.000
 454  450      1.168     -0.855      0.000
 456  452      1.172     -0.462      0.000
  -1  451      1.175      0.689      0.000
 458  453      1.183     -0.041      0.000
 460  455      1.200     -0.628      0.000
 461  457      1.216      0.229      0.000
 463  458      1.224      0.062      0.000
  -1   -2      1.228      0.138      0.000
 471  459      1.256      0.880      0.000
  -1   -2      1.260     -0.264      0.000
  -1  462      1.267     -0.320      0.000
 468  463      1.277     -0.451      0.000
 467  471      1.284     -0.596      0.000
 470  464      1.294      1.025      0.000
  -1   -2      1.297     -1.169      0.000
 472  466      1.304     -1.081      0.000
  -1  467      1.314      0.250      0.000
  -1  465      1.315     -0.267      0.000
  -1  470      1.327     -0.400      0.000
 477  473      1.346     -0.590      0.000
 473  479      1.350     -0.220      0.000
 478  475      1.352      0.273      0.000
 476  476      1.353     -0.682      0.000
 485  472      1.366      0.589      0.000
 481  478      1.372     -1.066      0.000
 482   -2      1.382     -0.158      0.000
 483  482      1.385     -1.122      0.000
 480  486      1.386     -1.171      0.000
 484  481      1.387      0.406      0.000
  -1   -2      1.402      0.098      0.000
  -1   -2      1.409      1.157      0.000
 486  485      1.416     -1.078      0.000
 487  469      1.425      0.794      0.000
 488  487      1.432      0.459      0.000
 490  490      1.447     -0.452      0.000
 489  491      1.447     -0.589      0.000
  -1   -2      1.450     -1.168      0.000
 491  492      1.454     -0.519      0.000
  -1  493      1.455     -0.331      0.000
  -1  494      1.468      0.066      0.000
 492  495      1.469      0.150      0.000
  -1   -2      1.481     -0.488      0.000
 496  497      1.493     -0.898      0.000
  -1   -2      1.499      0.409      0.000
  -1  498      1.502     -0.269      0.000
 501  484      1.504      1.150      0.000
 499  499      1.505      0.242      0.000
 500  501      1.517      0.578      0.000
 503  502      1.544      0.667      0.000
 504  504      1.546      0.923      0.000
 505  506      1.549     -0.299      0.000
  -1  505      1.550      0.024      0.000
 506  508      1.557     -0.114      0.000
 507  510      1.561      0.291      0.000
 508  509      1.565     -1.077      0.000
