509
  -1   -2     -1.564      0.772      0.000
   0    2     -1.550      0.239      0.000
   2   -2     -1.544      1.015      0.000
   3    3     -1.535      0.302      0.000
  -1   -2     -1.535     -0.449      0.000
   4    4     -1.529      0.575      0.000
   5    5     -1.525      0.448      0.000
   6    6     -1.516      0.714      0.000
   7    8     -1.514     -0.328      0.000
   8   10     -1.507      0.166      0.000
   9    9     -1.506     -1.114      0.000
  -1   -2     -1.501     -0.487      0.000
  10   11     -1.494      0.925      0.000
  12   14     -1.481      0.531      0.000
  -1   -2     -1.479     -1.132      0.000
  13   13     -1.476      0.372      0.000
  14   16     -1.466      1.072      0.000
  15   15     -1.463     -0.589      0.000
  16   17     -1.460     -0.383      0.000
  17   18     -1.455     -0.658      0.000
  18   19     -1.455      0.225      0.000
  19   20     -1.445      0.763      0.000
  20   21     -1.443      0.308      0.000
  22   22     -1.432     -1.032      0.000
  21   26     -1.429      0.068      0.000
  23   23     -1.426      0.813      0.000
  24   25     -1.422     -0.421      0.000
  -1   24     -1.418     -0.239      0.000
  26   29     -1.411      0.676      0.000
  31   32     -1.379     -0.010      0.000
  32   34     -1.372      0.032      0.000
  33   33     -1.372     -0.906      0.000
  34   35     -1.366      0.179      0.000
  36   36     -1.359      0.738      0.000
  -1   38     -1.355      0.337      0.000
  37   39     -1.346     -0.946      0.000
  -1   40     -1.338     -1.162      0.000
  38   44     -1.332      0.588      0.000
  39   41     -1.331     -0.366      0.000
  40   42     -1.330      0.974      0.000
  -1   45     -1.320      0.696      0.000
  44   43     -1.319     -1.094      0.000
  42   46     -1.318      0.406      0.000
  -1   -2     -1.303     -1.045      0.000
  46   48     -1.299     -0.019      0.000
  47   47     -1.298     -0.463      0.000
  50   50     -1.291     -0.875      0.000
  -1   -2     -1.289      0.539      0.000
  51   51     -1.274     -0.661      0.000
  52   52     -1.271     -0.560      0.000
  53   53     -1.260     -0.135      0.000
  54   54     -1.253     -1.034      0.000
  45   80     -1.245      1.036      0.000
  55   57     -1.229     -0.875      0.000
  56   58     -1.226      0.866      0.000
  57   59     -1.211     -0.675      0.000
  59   61     -1.207      0.757      0.000
  60   65     -1.202      0.656      0.000
  62   62     -1.190      0.421      0.000
  63   63     -1.180     -0.368      0.000
  -1   64     -1.176     -0.589      0.000
  64   66     -1.170     -1.169      0.000
  65   69     -1.164      1.066      0.000
  66   68     -1.162     -0.887      0.000
  69   70     -1.157     -1.124      0.000
  68   71     -1.155     -0.112      0.000
  70   -2     -1.152      0.673      0.000
  72   73     -1.132     -0.390      0.000
  -1   74     -1.126     -1.044      0.000
  73   75     -1.126      0.412      0.000
  74   77     -1.119     -0.296      0.000
  75   78     -1.115      1.070      0.000
  76   79     -1.105      0.492      0.000
  81   82     -1.087     -0.167      0.000
  78   81     -1.086      0.823      0.000
  -1   83     -1.082     -1.095      0.000
  79   85     -1.081      0.197      0.000
  80   84     -1.078      0.399      0.000
  -1   86     -1.074      0.263      0.000
  82   89     -1.067      0.593      0.000
  90   88     -1.060     -1.162      0.000
  83   91     -1.057     -0.226      0.000
  -1   90     -1.055     -0.670      0.000
  84   92     -1.048     -0.758      0.000
  86   93     -1.041      0.347      0.000
  87   94     -1.035     -0.442      0.000
  -1   -2     -1.028      0.451      0.000
  88   95     -1.016     -0.888      0.000
  -1   -2     -1.015      1.123      0.000
  91   -2     -1.012     -0.799      0.000
  92   97     -1.010     -1.084      0.000
  89   98     -1.009      0.929      0.000
  93   99     -1.000      1.045      0.000
  94  100     -0.997      0.792      0.000
  96  102     -0.979      0.312      0.000
  95   96     -0.974     -0.673      0.000
  97   -2     -0.971     -0.436      0.000
 101  104     -0.966      1.069      0.000
 100  105     -0.965      0.577      0.000
  99   -2     -0.965     -0.089      0.000
  -1  106     -0.957      0.510      0.000
  98  107     -0.936     -0.963      0.000
 102   -2     -0.932      0.754      0.000
 104  109     -0.909      0.697      0.000
 105  110     -0.908     -0.135      0.000
 106  108     -0.908      1.094      0.000
 107  113     -0.897     -0.215      0.000
 109  112     -0.896     -1.161      0.000
 108  114     -0.891     -0.011      0.000
 111  116     -0.884     -0.444      0.000
 112  115     -0.883     -0.618      0.000
 113  117     -0.881     -0.751      0.000
  -1  118     -0.872      0.446      0.000
  -1   -2     -0.869      0.255      0.000
 115  119     -0.867     -0.698      0.000
 116  122     -0.860      0.738      0.000
  -1  121     -0.859     -1.111      0.000
 114  120     -0.856      0.315      0.000
 117  123     -0.843      0.397      0.000
 120  124     -0.826      1.046      0.000
 121  126     -0.825      0.816      0.000
 119  128     -0.824     -0.054      0.000
 122  127     -0.822      1.093      0.000
 123  129     -0.812      0.039      0.000
 125  132     -0.799      0.881      0.000
 118  139     -0.798     -1.100      0.000
 124  131     -0.796     -0.800      0.000
 128  133     -0.796      0.991      0.000
 127  135     -0.796     -0.442      0.000
 129  134     -0.795     -0.754      0.000
 130  137     -0.781      0.139      0.000
 131   -2     -0.777     -0.599      0.000
 132  138     -0.771     -0.143      0.000
 134   -2     -0.748      0.525      0.000
  -1  142     -0.742      0.970      0.000
 135  143     -0.740     -0.098      0.000
 137  144     -0.734     -0.964      0.000
 136  146     -0.733     -0.483      0.000
 138  145     -0.731      0.766      0.000
 140  148     -0.729      0.068      0.000
 141  147     -0.727     -1.010      0.000
 142  149     -0.719     -0.551      0.000
 145  141     -0.716     -1.167      0.000
  -1  150     -0.714      0.718      0.000
 147  152     -0.701     -0.677      0.000
 148  153     -0.697      1.105      0.000
  -1  154     -0.688      1.047      0.000
 146  155     -0.683      0.915      0.000
 151   -2     -0.680     -1.126      0.000
 150  157     -0.676     -0.296      0.000
  -1   -2     -0.663     -0.810      0.000
 152   -2     -0.646     -0.268      0.000
 154  160     -0.642      1.127      0.000
  -1  161     -0.641     -1.107      0.000
 153  162     -0.639     -0.417      0.000
 156  163     -0.637     -0.752      0.000
 155  164     -0.631      0.047      0.000
 159  165     -0.628     -1.065      0.000
 157  166     -0.628     -0.495      0.000
 158  167     -0.627      0.868      0.000
 162  169     -0.621     -0.991      0.000
 160  168     -0.620      1.059      0.000
 161  170     -0.619      0.341      0.000
 163  171     -0.607     -1.103      0.000
 164  172     -0.596     -0.756      0.000
 166  174     -0.595      0.261      0.000
 167  175     -0.586     -0.221      0.000
 165  176     -0.581      0.465      0.000
  -1   -2     -0.578      0.525      0.000
 168  177     -0.575     -0.492      0.000
 169  178     -0.570      0.650      0.000
 170  179     -0.562      1.029      0.000
  -1  180     -0.548     -0.956      0.000
 173   -2     -0.547     -1.085      0.000
 171  181     -0.546      0.079      0.000
 172  182     -0.545      0.183      0.000
 175  183     -0.530      1.152      0.000
 176  184     -0.523     -0.042      0.000
 178   -2     -0.509     -1.169      0.000
 177  186     -0.504     -0.120      0.000
 179  187     -0.498      0.938      0.000
 180  188     -0.495     -0.651      0.000
  -1   -2     -0.495      0.988      0.000
 182  190     -0.488      0.129      0.000
 183  189     -0.488     -0.268      0.000
 184  185     -0.481     -1.144      0.000
 185  191     -0.472      0.426      0.000
 188  192     -0.441     -0.916      0.000
 187  193     -0.441      0.309      0.000
 192  194     -0.434     -0.804      0.000
 190   -2     -0.433      0.490      0.000
 191  195     -0.433     -0.483      0.000
 189  197     -0.433     -0.170      0.000
 193  196     -0.431      0.717      0.000
 194  199     -0.419     -0.571      0.000
 196  201     -0.404     -0.246      0.000
 198  202     -0.399      0.692      0.000
 203  203     -0.390     -0.632      0.000
 202  204     -0.381      1.020      0.000
  -1   -2     -0.380     -0.704      0.000
 201  206     -0.379     -0.920      0.000
 204  207     -0.367      0.945      0.000
 205  208     -0.361      0.830      0.000
 206  209     -0.356     -1.130      0.000
 207  211     -0.341     -0.537      0.000
 208  210     -0.341      0.182      0.000
 209  212     -0.333      0.505      0.000
  -1   -2     -0.331     -0.748      0.000
 210  213     -0.331      0.282      0.000
 211  215     -0.319      0.754      0.000
  -1   -2     -0.309     -0.795      0.000
 213  216     -0.308     -0.883      0.000
 212  217     -0.308     -0.704      0.000
  -1  218     -0.303     -0.441      0.000
 217  220     -0.291     -0.934      0.000
 218  222     -0.287      0.390      0.000
 224   -2     -0.274      0.738      0.000
 220  224     -0.273     -0.367      0.000
 216   -2     -0.264     -1.126      0.000
 223  225     -0.261     -1.019      0.000
 225  227     -0.257     -0.630      0.000
  -1  228     -0.242     -0.815      0.000
 221  243     -0.242      0.542      0.000
 227  229     -0.231     -1.091      0.000
 228  232     -0.225      0.014      0.000
 229  230     -0.224      0.665      0.000
 215  247     -0.220     -1.161      0.000
 231  234     -0.195      0.074      0.000
 234  233     -0.194     -0.041      0.000
 235  235     -0.186     -0.236      0.000
 232  236     -0.166     -0.714      0.000
 238  237     -0.158     -0.166      0.000
 239  238     -0.145     -0.606      0.000
 240  240     -0.144      0.448      0.000
 241  239     -0.140      0.358      0.000
 244  241     -0.130     -0.957      0.000
 245  242     -0.128     -0.071      0.000
 246   -2     -0.127      0.576      0.000
 243  252     -0.126      0.723      0.000
 248  245     -0.118      0.306      0.000
 249  248     -0.096      0.213      0.000
 250   -2     -0.086     -0.148      0.000
 254  251     -0.083      1.070      0.000
 257   -2     -0.078     -1.023      0.000
 247  254     -0.076     -0.288      0.000
 256  255     -0.074      0.325      0.000
 258  256     -0.060      0.536      0.000
 259  257     -0.050     -0.001      0.000
  -1   -2     -0.041      1.085      0.000
  -1  258     -0.037     -0.379      0.000
 260  259     -0.035      1.141      0.000
  -1   -2     -0.021     -0.461      0.000
 262  249     -0.019     -0.117      0.000
 263  260     -0.016     -0.426      0.000
 271  253     -0.010     -1.077      0.000
 264  262     -0.008      0.522      0.000
 265  263     -0.004      0.290      0.000
 268  264      0.013      0.904      0.000
 267   -2      0.014      0.341      0.000
 269  265      0.015      0.044      0.000
 266  267      0.030     -1.166      0.000
 272  268      0.031      0.529      0.000
 273  269      0.042      0.308      0.000
 274  270      0.050     -0.041      0.000
 275  273      0.062      0.600      0.000
 276  272      0.064      0.833      0.000
 277  274      0.067     -1.004      0.000
 279   -2      0.073      0.541      0.000
 280  275      0.075     -0.845      0.000
  -1   -2      0.088      1.063      0.000
 282  276      0.089      0.142      0.000
 283  277      0.092     -0.649      0.000
 284  279      0.096      1.127      0.000
 285  280      0.102      0.101      0.000
  -1   -2      0.103     -0.046      0.000
 289   -2      0.112     -1.085      0.000
 287  282      0.118      0.369      0.000
 288  284      0.139      0.781      0.000
  -1   -2      0.141     -0.531      0.000
 292  287      0.144      0.604      0.000
 291  286      0.147     -0.429      0.000
  -1   -2      0.154     -1.159      0.000
 293  288      0.156     -0.610      0.000
  -1   -2      0.159      1.094      0.000
 294  289      0.159      0.967      0.000
 295  290      0.179      0.338      0.000
 297  292      0.198     -0.408      0.000
 298   -2      0.201      0.999      0.000
 300  294      0.214      0.893      0.000
 301  295      0.215     -0.938      0.000
 302  296      0.217      0.030      0.000
  -1   -2      0.222     -0.266      0.000
  -1   -2      0.226     -0.508      0.000
 304  298      0.230     -0.809      0.000
 305  299      0.242     -0.131      0.000
 306  300      0.245     -1.106      0.000
 308  301      0.261     -0.830      0.000
 309  303      0.265      0.888      0.000
 310  304      0.266     -0.332      0.000
  -1  305      0.266      0.126      0.000
 311  306      0.276      1.109      0.000
 312  307      0.283      1.034      0.000
 313  308      0.284      0.227      0.000
  -1   -2      0.320     -1.089      0.000
 318  312      0.326     -0.296      0.000
 320  313      0.330      0.054      0.000
  -1  315      0.332      0.834      0.000
 321  319      0.364      0.992      0.000
 322  320      0.365     -1.118      0.000
 323  321      0.368     -0.367      0.000
 325  324      0.382     -0.746      0.000
 326   -2      0.388      1.051      0.000
  -1  325      0.392      0.052      0.000
 328  326      0.392     -1.170      0.000
 329  327      0.404     -0.374      0.000
 330  328      0.406      0.273      0.000
 331  329      0.411     -0.420      0.000
 332  330      0.417      0.155      0.000
 333  331      0.419     -1.057      0.000
 334  332      0.423     -0.829      0.000
 336  333      0.430      0.824      0.000
  -1   -2      0.447      1.147      0.000
 338  335      0.448     -1.166      0.000
 327  336      0.451     -0.935      0.000
  -1   -2      0.454      0.766      0.000
 339   -2      0.456     -0.560      0.000
  -1   -2      0.458      1.034      0.000
 341  338      0.462      0.005      0.000
 345  339      0.475     -0.397      0.000
 346   -2      0.480     -1.119      0.000
 347   -2      0.483      0.572      0.000
 343  348      0.488      0.517      0.000
 349  342      0.489      0.681      0.000
 353  344      0.498      0.294      0.000
  -1  343      0.498      0.062      0.000
 352  345      0.500     -0.747      0.000
  -1   -2      0.501     -0.901      0.000
 354  346      0.512     -0.025      0.000
  -1  349      0.516     -0.318      0.000
 356  347      0.517      0.840      0.000
 372  337      0.520     -0.581      0.000
  -1   -2      0.533      0.994      0.000
  -1  352      0.537     -0.852      0.000
  -1   -2      0.555      0.666      0.000
 360   -2      0.557     -0.894      0.000
 361  353      0.565     -0.537      0.000
 362  355      0.575      0.446      0.000
 363  354      0.575      0.789      0.000
  -1   -2      0.579     -0.399      0.000
 364  356      0.589      0.848      0.000
 365  358      0.593      0.976      0.000
 366  357      0.597     -0.037      0.000
 367  359      0.608     -0.953      0.000
 368  360      0.611      0.468      0.000
 369  362      0.615     -0.708      0.000
 370  363      0.616      0.505      0.000
 371  365      0.625      0.760      0.000
 386   -2      0.629      0.080      0.000
  -1  366      0.629     -0.602      0.000
 373  368      0.634     -1.094      0.000
 375  369      0.637     -0.803      0.000
  -1   -2      0.643     -0.649      0.000
 374   -2      0.651     -1.168      0.000
 376  371      0.660      0.523      0.000
 377  374      0.669      0.885      0.000
 378  373      0.670      0.455      0.000
  -1  375      0.674     -0.431      0.000
 381  376      0.675     -0.158      0.000
 380  378      0.677     -0.469      0.000
 379  377      0.677      0.803      0.000
  -1   -2      0.681     -1.000      0.000
  -1  380      0.687     -0.769      0.000
 383  381      0.708     -0.833      0.000
  -1  382      0.716     -0.624      0.000
 385  385      0.722      1.123      0.000
 388  386      0.730     -0.674      0.000
 389  388      0.732      1.031      0.000
 390  387      0.732     -1.054      0.000
 391  390      0.738     -0.866      0.000
 392  389      0.740     -0.358      0.000
  -1  367      0.743      0.117      0.000
 397  393      0.762      0.280      0.000
 395  394      0.765     -1.094      0.000
 396   -2      0.768      1.124      0.000
 399  396      0.776     -0.624      0.000
 394   -2      0.777      0.255      0.000
 400  383      0.784     -0.449      0.000
 401  397      0.789     -1.047      0.000
 402  398      0.795     -0.807      0.000
 420   -2      0.804      1.014      0.000
 404  401      0.807      0.366      0.000
 406  402      0.808      0.318      0.000
 405  404      0.809      0.606      0.000
 407  405      0.811      0.799      0.000
 403   -2      0.814     -0.077      0.000
 408  407      0.820      0.873      0.000
 410  409      0.833     -0.864      0.000
  -1   -2      0.841     -1.121      0.000
 411  411      0.853     -1.062      0.000
 416  410      0.853     -1.159      0.000
 413  412      0.854     -0.536      0.000
  -1  413      0.855     -0.786      0.000
 414  415      0.859      0.859      0.000
 415  414      0.860     -0.044      0.000
 417   -2      0.875     -0.606      0.000
 425   -2      0.876      0.085      0.000
  -1  416      0.891     -0.662      0.000
 419  418      0.902     -1.005      0.000
  -1  419      0.904      1.039      0.000
 421  422      0.905     -0.262      0.000
  -1   -2      0.908      1.086      0.000
  -1  421      0.913      0.153      0.000
 423  423      0.916     -0.454      0.000
  -1   -2      0.920     -0.875      0.000
 431   -2      0.922      0.104      0.000
 429  424      0.923      0.626      0.000
 426  425      0.924      1.141      0.000
 427  426      0.924     -0.802      0.000
 430  427      0.926      0.677      0.000
 428   -2      0.927      0.731      0.000
 432  430      0.931     -1.080      0.000
 433  428      0.931      0.405      0.000
 434  431      0.938     -0.545      0.000
  -1   -2      0.940      0.455      0.000
 436  432      0.962      0.776      0.000
 439  433      0.969      0.219      0.000
  -1  434      0.977     -1.123      0.000
 440  435      0.978     -0.613      0.000
 438   -2      0.985     -0.260      0.000
 441  436      0.994     -0.162      0.000
 442  438      0.998      0.507      0.000
 443  439      1.013     -0.835      0.000
 444  440      1.018      0.439      0.000
  -1   -2      1.019     -0.301      0.000
 445  441      1.030     -0.602      0.000
 446  442      1.034     -0.255      0.000
 447  443      1.041     -0.047      0.000
 448   -2      1.043      0.743      0.000
 451  445      1.055     -0.344      0.000
 463   -2      1.056     -1.171      0.000
 452  446      1.064      0.650      0.000
 453   -2      1.075     -0.108      0.000
  -1  447      1.076      1.155      0.000
 454  448      1.081     -0.019      0.000
 456  451      1.086      0.953      0.000
 455  450      1.089      0.822      0.000
 459  453      1.101      1.027      0.000
 460  454      1.103     -0.667      0.000
 461  456      1.112     -0.995      0.000
 464  457      1.116      0.249      0.000
  -1  458      1.122     -0.001      0.000
 465  459      1.131      0.087      0.000
 466  461      1.138      1.024      0.000
 467  463      1.150     -0.801      0.000
  -1  464      1.151     -1.105      0.000
  -1  465      1.156     -0.885      0.000
 468  466      1.166     -0.572      0.000
  -1   -2      1.175      0.714      0.000
  -1   -2      1.185     -0.717      0.000
  -1  468      1.197      0.879      0.000
  -1   -2      1.198      0.960      0.000
  -1  469      1.205     -0.274      0.000
  -1  474      1.215     -0.212      0.000
 470  472      1.229     -0.391      0.000
  -1   -2      1.229     -0.082      0.000
 471  473      1.231     -0.522      0.000
  -1   -2      1.250     -0.593      0.000
 472  475      1.252      0.275      0.000
 477  476      1.258      1.003      0.000
 478  477      1.280     -0.167      0.000
  -1   -2      1.288     -0.482      0.000
  -1   -2      1.289     -1.168      0.000
 480  482      1.294      0.397      0.000
 479  483      1.299     -0.519      0.000
 482  479      1.312      0.612      0.000
 483  485      1.327     -0.595      0.000
 484  487      1.342     -1.110      0.000
 485  486      1.344      0.436      0.000
 486  502      1.357     -0.749      0.000
 487  488      1.371     -0.969      0.000
 488  489      1.388     -1.027      0.000
 489  491      1.391      1.116      0.000
 490  493      1.393      0.163      0.000
 491  492      1.402      0.095      0.000
 492  494      1.409     -0.367      0.000
 493  495      1.410     -0.257      0.000
 496  497      1.418     -0.495      0.000
 498  498      1.421     -0.428      0.000
 497  505      1.436     -1.159      0.000
 499  500      1.437      0.236      0.000
 500  501      1.437      0.534      0.000
 501   -2      1.445     -0.394      0.000
 502  504      1.461     -1.087      0.000
 504  506      1.471      0.607      0.000
 505  507      1.483     -0.787      0.000
 506  508      1.493      0.851      0.000
 507  509      1.496      0.276      0.000
  -1  503      1.500      1.042      0.000
 509  511      1.511     -0.064      0.000
 511  512      1.513     -0.223      0.000
  -1  510      1.513     -0.285      0.000
  -1   -2      1.533     -0.518      0.000
 513  513      1.537      0.444      0.000
 512  514      1.537      0.064      0.000
 515  515      1.549      1.117      0.000
 514  516      1.552     -0.650      0.000
 517  517      1.554     -1.072      0.000
 516  518      1.555     -0.960      0.000
 518  520      1.566     -0.858      0.000
