504
   0    0     -1.565     -0.025      0.000
   1   -2     -1.564      0.845      0.000
   2    1     -1.555      0.256      0.000
   3    3     -1.544      0.799      0.000
  -1    4     -1.523     -1.016      0.000
   6    6     -1.504      0.218      0.000
   7    7     -1.499      0.318      0.000
  -1   -2     -1.497     -0.565      0.000
  10   -2     -1.492     -0.721      0.000
   9    9     -1.487      0.273      0.000
  11   10     -1.483      0.851      0.000
  13   12     -1.481     -0.282      0.000
  12   11     -1.481      0.642      0.000
  15   13     -1.477      0.402      0.000
  -1   -2     -1.468     -0.374      0.000
  16   14     -1.466      0.996      0.000
  17   15     -1.457      0.156      0.000
  -1   -2     -1.455     -0.960      0.000
  19   16     -1.445     -0.591      0.000
   5   -2     -1.442     -0.081      0.000
  20   17     -1.430      0.477      0.000
  -1   18     -1.427     -0.287      0.000
  21   19     -1.424     -0.334      0.000
  22   21     -1.420      0.336      0.000
  -1   20     -1.416     -0.696      0.000
  23   22     -1.412      0.695      0.000
  24   26     -1.385     -0.373      0.000
  25   28     -1.383      0.280      0.000
  27   27     -1.382      0.838      0.000
  14   -2     -1.381     -1.121      0.000
  28   30     -1.373      0.628      0.000
  30   29     -1.370      1.094      0.000
  29   31     -1.368      0.067      0.000
  31   32     -1.361     -0.881      0.000
  -1   33     -1.354     -0.702      0.000
  32   -2     -1.353      0.598      0.000
  33   34     -1.353     -1.023      0.000
  -1   35     -1.341     -0.518      0.000
  35   37     -1.329      1.014      0.000
  36   39     -1.326     -1.122      0.000
  39   41     -1.321      0.913      0.000
  41   43     -1.314     -0.002      0.000
  42   -2     -1.304     -0.804      0.000
  43   45     -1.298      0.168      0.000
  45   44     -1.289     -0.831      0.000
  46   46     -1.285     -0.329      0.000
  48   50     -1.274      0.646      0.000
  49   48     -1.273     -0.969      0.000
  47   49     -1.272      0.545      0.000
  52   51     -1.259     -0.613      0.000
  53   52     -1.250      0.389      0.000
  55   -2     -1.242      0.984      0.000
  54   53     -1.239     -0.515      0.000
  57   54     -1.233     -0.823      0.000
  62   -2     -1.227     -0.580      0.000
  60   -2     -1.209     -1.114      0.000
  61   56     -1.197      0.818      0.000
  -1   -2     -1.194      0.220      0.000
  64   55     -1.191     -1.077      0.000
  65   65     -1.175      0.607      0.000
  67   60     -1.169     -0.858      0.000
  66   63     -1.166      0.717      0.000
  -1   61     -1.165     -0.821      0.000
  -1   62     -1.162      1.029      0.000
  68   64     -1.156      0.990      0.000
  70   -2     -1.148     -1.082      0.000
  -1   66     -1.145     -0.993      0.000
  69   -2     -1.140      0.620      0.000
  71   67     -1.120     -0.341      0.000
  73   68     -1.115      1.030      0.000
  72   71     -1.111      0.395      0.000
  74   69     -1.110     -1.013      0.000
  75   70     -1.109     -1.051      0.000
  -1   -2     -1.095      0.429      0.000
  76   72     -1.095      0.642      0.000
  77   73     -1.081      0.059      0.000
  79   74     -1.076     -0.368      0.000
  78   75     -1.075     -0.104      0.000
  80   77     -1.067     -0.473      0.000
  -1   78     -1.065     -0.681      0.000
  81   79     -1.052     -0.280      0.000
  82   80     -1.051      0.796      0.000
  83   82     -1.045      0.393      0.000
  86   -2     -1.036     -1.049      0.000
  88   84     -1.024      0.473      0.000
  89   85     -1.018     -0.855      0.000
  90   90     -1.007     -0.158      0.000
  -1   86     -1.003     -0.779      0.000
  91   87     -1.001      0.573      0.000
  92   89     -0.997      0.388      0.000
  94   88     -0.995      1.019      0.000
  93   92     -0.990      0.182      0.000
  96   91     -0.988      0.906      0.000
  98   93     -0.981     -0.211      0.000
  97   94     -0.981     -0.430      0.000
  -1   -2     -0.980     -1.108      0.000
  -1   -2     -0.978      0.052      0.000
  99   95     -0.970      1.056      0.000
 100   97     -0.954      0.336      0.000
  -1   96     -0.954     -0.573      0.000
 102   98     -0.947      0.775      0.000
 103   99     -0.942     -0.934      0.000
  -1  101     -0.916     -0.762      0.000
 104  100     -0.910      1.083      0.000
 108  113     -0.909     -1.166      0.000
 105  102     -0.899      0.569      0.000
 106  105     -0.890      0.305      0.000
 107  104     -0.888      0.901      0.000
  -1  112     -0.879     -0.357      0.000
 109  106     -0.877     -0.089      0.000
 110  107     -0.862     -0.739      0.000
 111  109     -0.856      0.691      0.000
 112  110     -0.847     -0.611      0.000
 114  111     -0.842     -0.691      0.000
 117  117     -0.823     -0.137      0.000
 118  114     -0.822      1.089      0.000
  -1  116     -0.821      1.044      0.000
 119  118     -0.815     -0.216      0.000
 120  119     -0.810      0.737      0.000
  -1   -2     -0.804     -0.938      0.000
 125  121     -0.797     -0.051      0.000
 122  123     -0.794     -0.011      0.000
 124  125     -0.789      0.817      0.000
 123   -2     -0.789      0.445      0.000
 126  124     -0.785      0.993      0.000
 127  126     -0.781     -0.800      0.000
 121  131     -0.779      0.321      0.000
 128  127     -0.777      0.254      0.000
 115  138     -0.776     -0.380      0.000
 129   -2     -0.775     -0.753      0.000
 131  128     -0.769      0.887      0.000
 133  130     -0.755     -0.930      0.000
 130  129     -0.746      0.389      0.000
 136  132     -0.739     -0.963      0.000
 137  133     -0.738     -1.010      0.000
 134  134     -0.737     -0.449      0.000
 135  135     -0.735     -0.058      0.000
 138   -2     -0.734     -0.785      0.000
 140  136     -0.724      0.983      0.000
 139  137     -0.721      0.039      0.000
  -1  149     -0.694      0.799      0.000
 143  141     -0.689      0.139      0.000
 144  140     -0.688     -0.155      0.000
  -1  144     -0.684      0.875      0.000
 142  145     -0.681      1.066      0.000
 147  146     -0.676     -0.564      0.000
 148   -2     -0.676      1.011      0.000
  -1  147     -0.662     -1.161      0.000
 153   -2     -0.662      0.736      0.000
 152  153     -0.660     -0.655      0.000
 151  150     -0.658     -0.108      0.000
 154  148     -0.649     -1.079      0.000
 156  152     -0.647      0.165      0.000
 155  151     -0.645      1.149      0.000
 157  154     -0.636      0.069      0.000
 158  155     -0.631     -1.118      0.000
 159  156     -0.628     -1.007      0.000
  -1   -2     -0.627      0.219      0.000
  -1  157     -0.616      1.076      0.000
 160  158     -0.615     -0.772      0.000
 161  159     -0.605     -0.313      0.000
  -1  160     -0.599     -0.048      0.000
 162  161     -0.596      0.894      0.000
 163  163     -0.586     -0.437      0.000
 169   -2     -0.584     -1.114      0.000
 165  164     -0.578     -0.519      0.000
 166  165     -0.574     -0.781      0.000
 167  166     -0.572     -0.284      0.000
 168   -2     -0.562      0.414      0.000
 171  167     -0.554      1.063      0.000
 172  168     -0.545      0.042      0.000
 150   -2     -0.538     -1.168      0.000
 173  170     -0.533      0.351      0.000
 174  169     -0.526     -0.522      0.000
  -1   -2     -0.515      0.933      0.000
 175  172     -0.512     -0.243      0.000
 176  171     -0.511      0.550      0.000
 177  173     -0.510      0.485      0.000
 178  174     -0.509      0.684      0.000
 179   -2     -0.505      0.273      0.000
 181  177     -0.477      0.984      0.000
 182  179     -0.467      0.078      0.000
 183  178     -0.467     -0.688      0.000
 184  180     -0.463      0.190      0.000
 187  181     -0.446     -0.054      0.000
 188  182     -0.439     -0.962      0.000
  -1   -2     -0.438     -0.786      0.000
  -1  183     -0.434     -1.064      0.000
 185  195     -0.433     -1.165      0.000
 190  184     -0.431     -0.137      0.000
 191  186     -0.425     -0.297      0.000
 192  187     -0.419     -0.853      0.000
  -1   -2     -0.409      0.127      0.000
 193  189     -0.407      0.454      0.000
  -1  190     -0.395      1.086      0.000
 194  192     -0.391      0.766      0.000
 195  191     -0.387     -0.525      0.000
 196  193     -0.379     -0.619      0.000
 197  194     -0.377     -0.975      0.000
 198  197     -0.374      0.525      0.000
 199  199     -0.369      0.328      0.000
 201  198     -0.368      1.081      0.000
 200  200     -0.366     -0.196      0.000
 203  201     -0.365     -0.684      0.000
 202   -2     -0.358      0.743      0.000
 205   -2     -0.356     -1.083      0.000
 206  203     -0.350     -0.301      0.000
 207  202     -0.349      1.008      0.000
  -1   -2     -0.342      0.689      0.000
 209  205     -0.340     -0.265      0.000
 210  206     -0.335      0.893      0.000
 213  207     -0.305     -0.593      0.000
 214  208     -0.301     -0.948      0.000
 215  209     -0.291     -1.003      0.000
 216  210     -0.288      0.817      0.000
 217   -2     -0.285     -0.772      0.000
 218  211     -0.282      0.552      0.000
 220  213     -0.273      0.305      0.000
 221  214     -0.268     -1.090      0.000
 222  215     -0.265     -0.487      0.000
 219  216     -0.265     -1.169      0.000
 223  217     -0.249     -0.203      0.000
 224  218     -0.237      0.427      0.000
  -1   -2     -0.236      0.888      0.000
  -1   -2     -0.234     -0.888      0.000
 227  219     -0.231     -0.699      0.000
 228  221     -0.229     -0.417      0.000
 229   -2     -0.226     -1.093      0.000
 232  223     -0.190      0.727      0.000
 233   -2     -0.184     -0.824      0.000
  -1  227     -0.174      0.004      0.000
  -1   -2     -0.158     -0.527      0.000
 235  226     -0.148      0.068      0.000
  -1   -2     -0.147     -0.063      0.000
 237   -2     -0.146     -0.799      0.000
 238  229     -0.139     -0.277      0.000
 240  230     -0.131     -1.045      0.000
  -1  231     -0.126     -0.681      0.000
 241  232     -0.115     -0.198      0.000
 242  233     -0.110      0.497      0.000
 236   -2     -0.108     -0.912      0.000
 244  234     -0.105      0.393      0.000
 245  235     -0.102      1.122      0.000
 246  236     -0.101      0.637      0.000
 247  237     -0.096     -0.850      0.000
 248  239     -0.090     -0.096      0.000
 239   -2     -0.082     -1.114      0.000
 243  243     -0.070     -0.665      0.000
 250  240     -0.068     -1.166      0.000
 252  244     -0.062      0.227      0.000
 251  245     -0.062     -0.173      0.000
 254  247     -0.047     -0.341      0.000
 255  248     -0.045      0.356      0.000
 256  249     -0.040      0.602      0.000
 258  252     -0.019     -0.017      0.000
  -1  254      0.000     -0.497      0.000
 259  251      0.003      0.116      0.000
 261  256      0.009      0.582      0.000
 262  257      0.012      1.002      0.000
 263  259      0.016      0.318      0.000
 264  261      0.032      0.376      0.000
 265   -2      0.035      0.041      0.000
 267  262      0.041      0.589      0.000
 268  263      0.054      0.338      0.000
 272  255      0.058     -1.108      0.000
 269  264      0.060      0.925      0.000
 270  265      0.062     -0.055      0.000
 271  266      0.067      0.669      0.000
 274  268      0.076     -0.943      0.000
 273  267      0.078      0.811      0.000
 266  269      0.084     -0.227      0.000
  -1   -2      0.092     -0.660      0.000
 276  273      0.098      0.146      0.000
 278  275      0.107      0.459      0.000
 279  276      0.112      0.100      0.000
 280  272      0.112     -1.169      0.000
 281  277      0.114     -0.067      0.000
 282  279      0.134      0.872      0.000
  -1  280      0.138     -0.953      0.000
 284  282      0.148     -0.500      0.000
 283  281      0.148      1.067      0.000
 285  283      0.149     -0.615      0.000
 286  284      0.160     -0.694      0.000
 287   -2      0.169     -0.272      0.000
 288   -2      0.169     -0.104      0.000
 289  285      0.175      0.371      0.000
 290  286      0.187     -0.716      0.000
 292  287      0.199      0.987      0.000
  -1   -2      0.200     -0.477      0.000
 293  288      0.209      0.570      0.000
 294  289      0.212      0.019      0.000
 295  290      0.215     -1.034      0.000
  -1   -2      0.224     -1.001      0.000
 298  291      0.225     -0.585      0.000
 297  292      0.227     -0.903      0.000
 299  293      0.236     -0.166      0.000
 300  294      0.246      0.988      0.000
 301  296      0.253      0.126      0.000
 302  295      0.253     -0.672      0.000
 303  297      0.256     -0.389      0.000
 305   -2      0.267      0.738      0.000
  -1   -2      0.269     -0.244      0.000
 307  300      0.269      0.244      0.000
 306  299      0.270      1.135      0.000
 308  298      0.275     -0.864      0.000
 310  301      0.280      0.148      0.000
 312  302      0.295      0.599      0.000
 311  303      0.307     -1.168      0.000
 313  305      0.309      0.046      0.000
  -1   -2      0.310      0.915      0.000
 314  306      0.315     -0.213      0.000
  -1   -2      0.317     -1.123      0.000
  -1   -2      0.319      0.350      0.000
 316  308      0.320      1.040      0.000
  -1   -2      0.324      0.189      0.000
  -1  307      0.329     -0.615      0.000
  -1  304      0.351     -0.306      0.000
 318  309      0.351     -0.423      0.000
  -1  311      0.360      0.678      0.000
 319  312      0.364      0.049      0.000
 320  313      0.364      0.242      0.000
 321  314      0.372     -0.827      0.000
 322  315      0.375      0.296      0.000
 323  316      0.384     -0.426      0.000
 324  318      0.385     -0.994      0.000
 325  317      0.385      0.166      0.000
 326  321      0.404      0.906      0.000
 328  322      0.417     -0.007      0.000
 327  323      0.418     -0.904      0.000
 329  324      0.420     -0.687      0.000
  -1   -2      0.432     -1.152      0.000
 330  326      0.439     -0.619      0.000
  -1   -2      0.445      1.126      0.000
  -1   -2      0.445     -0.574      0.000
  -1   -2      0.446     -0.812      0.000
 338  329      0.450      0.757      0.000
 334  328      0.452     -0.445      0.000
 335  330      0.465      0.323      0.000
 336  331      0.468     -0.682      0.000
 337  332      0.471     -0.036      0.000
 332  353      0.485     -1.123      0.000
 339  333      0.486      0.919      0.000
 340  334      0.487     -0.809      0.000
 341   -2      0.487     -0.371      0.000
  -1   -2      0.489     -1.152      0.000
 343  337      0.492      0.779      0.000
 342  320      0.493     -0.173      0.000
  -1   -2      0.495      0.115      0.000
 344  335      0.495     -0.637      0.000
 345  338      0.503     -0.973      0.000
  -1  340      0.514      1.068      0.000
 347  341      0.537     -0.924      0.000
 348  342      0.539     -0.586      0.000
 350  344      0.547     -0.046      0.000
 351  345      0.555     -0.445      0.000
  -1  348      0.556      0.516      0.000
 352  346      0.556      0.924      0.000
 353  347      0.557     -0.969      0.000
 354  349      0.565      0.556      0.000
 355  350      0.569      1.053      0.000
 356  336      0.574     -0.263      0.000
 357  351      0.585      0.331      0.000
 359  354      0.596     -0.754      0.000
  -1  356      0.605     -1.008      0.000
 361  358      0.612      0.498      0.000
 363  357      0.615     -0.673      0.000
  -1  359      0.615      1.061      0.000
  -1   -2      0.618     -0.166      0.000
 364  361      0.625     -0.846      0.000
 365  362      0.636      0.954      0.000
 366  363      0.637      0.869      0.000
  -1   -2      0.637     -1.159      0.000
 368  364      0.643     -0.485      0.000
 362   -2      0.643     -1.159      0.000
 374  365      0.661     -0.017      0.000
  -1   -2      0.684     -0.505      0.000
 375  366      0.693      0.264      0.000
 372  367      0.697     -0.379      0.000
  -1  368      0.707     -0.703      0.000
 373  369      0.710     -0.874      0.000
 376  370      0.713      1.093      0.000
 377   -2      0.725     -0.997      0.000
 378  372      0.738      0.345      0.000
 379  373      0.740      0.398      0.000
 380  376      0.748     -0.645      0.000
 381  374      0.751      0.647      0.000
 385  378      0.775      1.062      0.000
 386  380      0.794     -0.038      0.000
 388  382      0.806      0.098      0.000
 383  388      0.813     -1.136      0.000
 384  391      0.817      0.909      0.000
  -1  385      0.837      1.098      0.000
 392  386      0.839     -0.796      0.000
 391  384      0.840      0.168      0.000
 394  389      0.849     -1.069      0.000
 398   -2      0.855      0.662      0.000
 397  392      0.855      0.430      0.000
  -1  394      0.855      0.305      0.000
  -1  395      0.856      0.662      0.000
  -1  390      0.857      0.524      0.000
 396  393      0.858     -0.274      0.000
 399  396      0.865      0.716      0.000
 401  397      0.866      0.775      0.000
  -1   -2      0.870     -0.289      0.000
 403  398      0.876     -0.455      0.000
 402  401      0.885      1.094      0.000
 404  400      0.891      0.238      0.000
  -1  402      0.898     -0.875      0.000
 400  403      0.899     -1.134      0.000
  -1   -2      0.901      0.389      0.000
 406  405      0.904     -0.543      0.000
 393   -2      0.905     -0.171      0.000
 407  406      0.910     -0.801      0.000
 410  407      0.923      0.532      0.000
 413  408      0.927     -0.152      0.000
 411  409      0.928     -0.253      0.000
 414   -2      0.930     -1.077      0.000
 412  404      0.931     -1.002      0.000
  -1  411      0.939     -0.867      0.000
 408   -2      0.940     -0.700      0.000
 416  410      0.943      0.461      0.000
  -1  414      0.969     -0.734      0.000
 418  413      0.969     -0.035      0.000
 419  415      0.977     -0.238      0.000
 420  417      0.983     -1.113      0.000
 424   -2      0.995      0.668      0.000
 421  418      1.002     -0.587      0.000
 422  419      1.005     -0.327      0.000
  -1   -2      1.006     -0.445      0.000
 423  420      1.013     -0.002      0.000
 425  422      1.029      0.257      0.000
 427   -2      1.029      0.602      0.000
 428  423      1.036      0.840      0.000
 430  424      1.051      0.103      0.000
  -1  425      1.052      0.173      0.000
 431  426      1.055      0.974      0.000
 432   -2      1.068     -1.168      0.000
 434  427      1.079     -0.640      0.000
 435  428      1.086     -0.335      0.000
 436  430      1.108      1.032      0.000
 438  421      1.111      0.716      0.000
 437  429      1.112     -0.963      0.000
 440  431      1.136     -0.538      0.000
 441  432      1.138     -0.764      0.000
 444  433      1.154      0.878      0.000
 443   -2      1.157      1.026      0.000
 445  434      1.158     -1.066      0.000
  -1  435      1.165     -0.061      0.000
  -1   -2      1.166      1.098      0.000
  -1  439      1.172     -1.162      0.000
 446   -2      1.173      0.551      0.000
 448  437      1.181      0.283      0.000
 450  441      1.199     -0.481      0.000
  -1  440      1.199      0.098      0.000
 452  443      1.217      0.391      0.000
 454  445      1.225      0.992      0.000
 453  444      1.227     -0.545      0.000
 455  447      1.238      0.827      0.000
 460   -2      1.252     -0.488      0.000
  -1  449      1.252      0.924      0.000
  -1  450      1.280     -0.460      0.000
 459  451      1.287     -1.172      0.000
 462  452      1.302     -0.538      0.000
 463  454      1.329      0.177      0.000
  -1   -2      1.337      0.104      0.000
 464  455      1.343     -1.044      0.000
 465  456      1.363      1.078      0.000
 467  457      1.366     -0.211      0.000
 466  458      1.366     -0.901      0.000
 468  461      1.373     -0.312      0.000
 470  460      1.374      0.505      0.000
 469  459      1.376      0.235      0.000
 471  462      1.383     -0.957      0.000
 472  463      1.391     -0.368      0.000
 473  464      1.392     -0.429      0.000
 474  465      1.408     -0.906      0.000
 475  466      1.412      0.570      0.000
  -1  467      1.420     -0.340      0.000
 478  469      1.439      0.268      0.000
 480  470      1.442      0.799      0.000
  -1   -2      1.450     -1.062      0.000
 484   -2      1.452     -1.012      0.000
  -1   -2      1.463     -1.135      0.000
  -1   -2      1.469     -0.669      0.000
 482  473      1.472     -0.708      0.000
 481  474      1.475     -0.041      0.000
 483  475      1.479     -0.178      0.000
 485  476      1.482      0.416      0.000
  -1   -2      1.486     -1.083      0.000
 486  477      1.495      0.079      0.000
 487   -2      1.505     -0.701      0.000
  -1   -2      1.509     -1.022      0.000
 489  479      1.518      0.563      0.000
 488  478      1.520      0.681      0.000
 490  480      1.526      1.060      0.000
 492  481      1.534      0.368      0.000
 491  483      1.537     -0.572      0.000
 493  482      1.541      0.761      0.000
 496  486      1.544     -0.991      0.000
 494  485      1.545     -0.875      0.000
  -1   -2      1.551      0.807      0.000
  -1   -2      1.552     -0.168      0.000
 497  488      1.556     -0.769      0.000
 498  489      1.559      1.104      0.000
