516
   1    1     -1.552      0.372      0.000
   2    2     -1.548      0.786      0.000
   3   -2     -1.547     -0.987      0.000
  -1    4     -1.538     -0.136      0.000
   8    3     -1.537     -0.008      0.000
   7   -2     -1.529      0.876      0.000
   9    5     -1.522      0.240      0.000
  -1    6     -1.517     -0.196      0.000
  -1   -2     -1.512     -0.421      0.000
   0   -2     -1.483      0.580      0.000
  14   10     -1.472     -0.909      0.000
  11   11     -1.471     -1.111      0.000
  13   12     -1.463      0.795      0.000
  12   13     -1.461      0.206      0.000
  15   14     -1.461      0.943      0.000
  -1   15     -1.459      0.298      0.000
  17   -2     -1.453      0.480      0.000
  16   16     -1.453      0.598      0.000
  19   17     -1.448     -0.251      0.000
  18   18     -1.448      0.255      0.000
  -1   -2     -1.445      1.049      0.000
  -1   20     -1.441     -0.339      0.000
  20   19     -1.439      0.375      0.000
  21   21     -1.428     -0.548      0.000
  23   32     -1.412      0.520      0.000
  22   23     -1.411      0.145      0.000
  -1   -2     -1.405     -1.168      0.000
  27   24     -1.393     -0.305      0.000
  26   25     -1.393      0.447      0.000
  28   26     -1.382      0.655      0.000
  29   -2     -1.380     -1.113      0.000
  32   27     -1.375      0.317      0.000
  30   -2     -1.370      0.704      0.000
  33   29     -1.367     -0.977      0.000
  34   30     -1.367     -0.836      0.000
  31   28     -1.367      1.050      0.000
  35   33     -1.355     -0.344      0.000
  -1   -2     -1.352      0.131      0.000
  37   34     -1.350     -1.080      0.000
  38   36     -1.332      0.265      0.000
  -1   39     -1.332     -0.185      0.000
  39   35     -1.331      0.583      0.000
  -1   -2     -1.330      0.972      0.000
  42   38     -1.321      1.022      0.000
  41   40     -1.317      0.069      0.000
  44   41     -1.305      0.871      0.000
  45   -2     -1.301      0.029      0.000
  46   42     -1.297     -0.776      0.000
  47   44     -1.286     -0.937      0.000
  -1   -2     -1.278      1.151      0.000
  51   46     -1.260      0.039      0.000
  52   -2     -1.259     -0.653      0.000
  54   47     -1.245      0.160      0.000
  55   48     -1.243     -0.306      0.000
  57   49     -1.239     -0.583      0.000
  56   -2     -1.236      0.299      0.000
  61   52     -1.233      0.946      0.000
  60   53     -1.230      0.517      0.000
  62   50     -1.230     -0.787      0.000
  64   51     -1.229     -1.076      0.000
  63   54     -1.214     -0.488      0.000
  -1   55     -1.205     -0.550      0.000
  66   56     -1.193      0.366      0.000
  67   57     -1.186      0.593      0.000
  68   58     -1.176     -0.603      0.000
  -1   59     -1.175      0.481      0.000
  69   60     -1.172      0.787      0.000
  70   61     -1.168     -0.827      0.000
  71   62     -1.163     -0.790      0.000
  -1   -2     -1.148      0.960      0.000
  74   63     -1.133     -0.114      0.000
  75   65     -1.129      0.691      0.000
  77   64     -1.127     -1.018      0.000
  -1   -2     -1.117     -0.729      0.000
  -1   67     -1.114     -0.531      0.000
  79   68     -1.110      1.002      0.000
  76   70     -1.103      0.604      0.000
  81   72     -1.080     -0.331      0.000
  82   71     -1.074     -1.167      0.000
  83   75     -1.054      0.384      0.000
  85   -2     -1.052     -0.671      0.000
  84   74     -1.051      0.626      0.000
  87   76     -1.031     -0.359      0.000
  88   80     -1.022      0.055      0.000
  89   77     -1.021      0.774      0.000
  91   81     -1.016     -0.102      0.000
  92   79     -1.015     -0.836      0.000
  90   78     -1.015     -0.706      0.000
  94   83     -1.001     -0.272      0.000
  -1   82     -1.001     -1.073      0.000
  96   86     -0.987      1.005      0.000
  95   87     -0.985      0.384      0.000
  97   -2     -0.968      0.464      0.000
  99   84     -0.968     -0.982      0.000
  98   88     -0.967      0.894      0.000
 100   89     -0.953      0.566      0.000
 101   91     -0.949     -0.159      0.000
 102   90     -0.948     -0.918      0.000
  -1   95     -0.948      0.781      0.000
  -1   -2     -0.944     -0.378      0.000
 103   92     -0.938     -0.427      0.000
 104   93     -0.934      0.379      0.000
  -1  102     -0.924     -0.568      0.000
 105   94     -0.922     -0.208      0.000
 106   -2     -0.920      0.758      0.000
  -1   -2     -0.918     -1.105      0.000
 107   98     -0.908      1.073      0.000
 108   99     -0.907     -1.073      0.000
 109  100     -0.903     -0.762      0.000
 110  101     -0.892      0.333      0.000
  -1   -2     -0.881      0.430      0.000
 112  103     -0.869      0.895      0.000
 113  104     -0.847      0.566      0.000
 115  105     -0.844     -0.734      0.000
 116  106     -0.838     -1.163      0.000
 120  107     -0.825     -1.087      0.000
 122  109     -0.821      1.088      0.000
 118  110     -0.821     -0.690      0.000
 119  111     -0.820     -0.611      0.000
 123   -2     -0.816      0.693      0.000
 124  112     -0.815      1.044      0.000
  -1  113     -0.815     -0.092      0.000
 125  114     -0.785     -0.445      0.000
 126   -2     -0.780     -0.494      0.000
 127  115     -0.775      0.996      0.000
  -1   -2     -0.762      0.479      0.000
 130  116     -0.762     -0.142      0.000
 131  118     -0.759     -0.223      0.000
 132  117     -0.758     -0.756      0.000
  -1  119     -0.755     -0.931      0.000
 128  122     -0.748      0.825      0.000
 136   -2     -0.745      0.894      0.000
 139  121     -0.745     -1.011      0.000
 141   -2     -0.743     -0.068      0.000
 135  123     -0.740     -0.965      0.000
 140  125     -0.734     -0.016      0.000
 134   -2     -0.732      0.448      0.000
 137   -2     -0.714     -1.125      0.000
  -1   -2     -0.714     -0.601      0.000
 138  128     -0.712      0.303      0.000
  -1  127     -0.711      0.993      0.000
 142  129     -0.707      0.397      0.000
 144  130     -0.698     -0.460      0.000
 145  131     -0.683     -1.127      0.000
  -1   -2     -0.677      0.656      0.000
 148  132     -0.675      1.080      0.000
 146  133     -0.672     -0.066      0.000
 149  145     -0.669     -1.168      0.000
  -1   -2     -0.665      1.022      0.000
 151  135     -0.661     -1.085      0.000
  -1   -2     -0.658      0.895      0.000
 150  137     -0.656      0.030      0.000
 153   -2     -0.651      1.163      0.000
  -1   -2     -0.644     -1.127      0.000
 154  139     -0.640     -0.571      0.000
 156  140     -0.634     -1.016      0.000
 155  142     -0.630     -0.163      0.000
 157  143     -0.628      0.141      0.000
 158  144     -0.619      0.749      0.000
  -1  146     -0.607     -0.589      0.000
 159  148     -0.598     -0.116      0.000
 160  147     -0.598     -0.788      0.000
  -1   -2     -0.591      0.083      0.000
 161   -2     -0.590     -1.115      0.000
 162  149     -0.575      0.919      0.000
 166   -2     -0.559     -0.803      0.000
 165  150     -0.557     -0.329      0.000
 168  151     -0.548      1.091      0.000
 169  152     -0.543     -0.540      0.000
 167   -2     -0.542     -0.459      0.000
 171  153     -0.536     -1.087      0.000
 170  155     -0.514     -1.166      0.000
 173  156     -0.501      0.833      0.000
 175  158     -0.492     -0.547      0.000
 174  159     -0.491      0.038      0.000
 176  160     -0.482      0.365      0.000
 177  161     -0.474      0.710      0.000
  -1  162     -0.468      1.019      0.000
 178  163     -0.467      0.503      0.000
 180  164     -0.465     -0.260      0.000
 181  170     -0.447      0.282      0.000
 184  166     -0.446     -1.099      0.000
 183  167     -0.444     -0.721      0.000
 188  168     -0.437     -0.996      0.000
 189  172     -0.413      0.076      0.000
 190  173     -0.411      0.192      0.000
 191  171     -0.410     -0.891      0.000
 192  175     -0.394     -0.065      0.000
  -1   -2     -0.389     -0.586      0.000
 194  177     -0.381     -0.151      0.000
 195  176     -0.381     -0.321      0.000
 196  178     -0.378     -1.015      0.000
 193  179     -0.377      1.129      0.000
  -1  180     -0.364     -1.131      0.000
 197  182     -0.364      0.475      0.000
 200  184     -0.359      0.127      0.000
 201  183     -0.357     -0.656      0.000
 203  185     -0.356     -0.560      0.000
 202  181     -0.355      0.797      0.000
  -1   -2     -0.343      0.180      0.000
 204  186     -0.342      1.055      0.000
 205  187     -0.339     -0.725      0.000
  -1   -2     -0.336      0.974      0.000
 207  189     -0.325      0.344      0.000
 208  190     -0.324     -0.217      0.000
 209  191     -0.320      0.939      0.000
 211  195     -0.302     -0.291      0.000
 212  194     -0.301     -0.997      0.000
  -1   -2     -0.295     -0.858      0.000
 214  196     -0.293     -1.051      0.000
  -1  197     -0.287     -0.473      0.000
 219   -2     -0.286      0.561      0.000
 215  200     -0.284     -0.633      0.000
 213  199     -0.282     -1.153      0.000
 216   -2     -0.276     -0.819      0.000
  -1   -2     -0.272      0.496      0.000
 218  201     -0.270      0.864      0.000
 220  202     -0.233      0.321      0.000
  -1   -2     -0.229     -0.944      0.000
  -1   -2     -0.224      1.066      0.000
 221  204     -0.221     -1.078      0.000
 238  188     -0.220      0.836      0.000
 222  205     -0.216     -0.146      0.000
 223  206     -0.214     -0.747      0.000
 225   -2     -0.212      1.148      0.000
 224  207     -0.210     -0.229      0.000
 226  209     -0.203      0.450      0.000
 227  210     -0.202     -0.459      0.000
 228  211     -0.174      0.778      0.000
 229  213     -0.173      0.118      0.000
  -1  212     -0.171      0.586      0.000
 231  217     -0.144      0.416      0.000
 232   -2     -0.139     -0.578      0.000
 234  219     -0.136     -1.109      0.000
 237  220     -0.123     -0.074      0.000
 240  221     -0.121     -0.316      0.000
 239  215     -0.119      0.009      0.000
 241  225     -0.113     -0.742      0.000
 242  222     -0.099     -1.172      0.000
 243  226     -0.094     -0.911      0.000
 244  227     -0.091      0.529      0.000
 245  228     -0.088     -0.228      0.000
 246  229     -0.084      0.686      0.000
  -1   -2     -0.083      0.430      0.000
 247  230     -0.081     -0.023      0.000
 248  232     -0.065     -0.112      0.000
  -1  233     -0.061      0.356      0.000
  -1  238     -0.061     -0.322      0.000
  -1   -2     -0.057     -1.004      0.000
 249  235     -0.055     -0.720      0.000
 250  234     -0.053      0.768      0.000
 252  236     -0.042      0.237      0.000
 253  237     -0.038     -0.199      0.000
 255  240     -0.029     -0.382      0.000
 256  239     -0.028      0.649      0.000
 257  241     -0.026      0.380      0.000
 258  242     -0.002     -0.030      0.000
 259  243      0.001      0.121      0.000
 260  244      0.008     -0.592      0.000
 261  245      0.011      1.073      0.000
 262  246      0.013     -0.551      0.000
 263  247      0.018      0.625      0.000
 267   -2      0.044     -1.004      0.000
 270  250      0.052      0.369      0.000
 268  249      0.053      0.030      0.000
 269  248      0.053      0.635      0.000
 271  251      0.059      0.997      0.000
 273  252      0.068      0.723      0.000
  -1  253      0.069      0.876      0.000
 274  254      0.075     -0.080      0.000
 275   -2      0.077     -0.232      0.000
 276  256      0.077     -1.014      0.000
 272  255      0.079     -1.166      0.000
  -1   -2      0.092     -1.076      0.000
 278  258      0.106      0.149      0.000
 280  259      0.113      0.496      0.000
 281  260      0.118      0.099      0.000
 279   -2      0.122     -0.092      0.000
 283  262      0.125      0.960      0.000
  -1  263      0.131      0.926      0.000
  -1   -2      0.135      0.805      0.000
 285  264      0.141     -0.955      0.000
  -1  265      0.142      0.750      0.000
 286  266      0.145      1.140      0.000
 287  267      0.148      0.200      0.000
 288  268      0.153     -0.558      0.000
 289  269      0.155     -0.678      0.000
 277   -2      0.165     -0.756      0.000
 290  273      0.171     -0.128      0.000
 291  272      0.172      0.396      0.000
 292  274      0.188     -0.780      0.000
  -1   -2      0.198     -0.530      0.000
  -1   -2      0.202     -1.168      0.000
 294   -2      0.202      0.615      0.000
 295  276      0.211      0.008      0.000
 296  277      0.217     -1.102      0.000
 298  281      0.229     -0.970      0.000
 299  279      0.233     -0.192      0.000
 300  280      0.237      1.055      0.000
 301  285      0.247      0.130      0.000
 302  282      0.254     -0.434      0.000
 303  283      0.256      0.800      0.000
 306   -2      0.258      1.026      0.000
 305  284      0.260      0.258      0.000
 307   -2      0.269      0.168      0.000
  -1  287      0.275      0.550      0.000
  -1   -2      0.275      0.499      0.000
 310  286      0.284     -0.181      0.000
 313  289      0.299      0.042      0.000
 316  288      0.302     -1.173      0.000
 314  292      0.307     -0.243      0.000
 315  291      0.307     -1.099      0.000
 317  294      0.309      1.106      0.000
  -1  295      0.341      1.155      0.000
  -1   -2      0.345      0.726      0.000
 318  296      0.351      0.045      0.000
 320  297      0.357      0.317      0.000
 322  298      0.366     -0.467      0.000
 323  299      0.369      0.175      0.000
 324  300      0.371     -0.882      0.000
  -1  306      0.373      0.596      0.000
 325  301      0.385     -0.522      0.000
  -1  302      0.392     -1.049      0.000
 327  303      0.396     -0.015      0.000
  -1   -2      0.413     -0.736      0.000
  -1  307      0.416      1.150      0.000
 330  305      0.417     -0.958      0.000
  -1   -2      0.424      0.677      0.000
 332  310      0.429      0.342      0.000
 333  309      0.429      0.807      0.000
  -1  308      0.429     -0.621      0.000
 334  311      0.430     -0.666      0.000
 329   -2      0.431      1.076      0.000
 335  312      0.438     -0.483      0.000
 337  313      0.446     -0.048      0.000
  -1  304      0.463      0.744      0.000
 338   -2      0.469      0.543      0.000
 340  315      0.471      0.977      0.000
 341  314      0.473      0.830      0.000
 342  317      0.483     -0.856      0.000
 343  316      0.487     -0.683      0.000
 331   -2      0.491     -1.166      0.000
 345  319      0.503     -1.010      0.000
  -1  323      0.520      0.915      0.000
 347  322      0.520     -0.055      0.000
 349  325      0.526     -0.623      0.000
 348  324      0.526      0.551      0.000
 350  326      0.531      0.589      0.000
 352  321      0.535     -0.475      0.000
 351  327      0.535     -0.966      0.000
 353  328      0.539      0.979      0.000
 354  329      0.549      0.354      0.000
  -1  318      0.553     -1.174      0.000
 355  330      0.558      1.110      0.000
 356  331      0.560     -1.010      0.000
 357  332      0.563      0.877      0.000
 358  333      0.570      0.608      0.000
 360  334      0.579      0.531      0.000
 361  335      0.590     -0.790      0.000
  -1   -2      0.597      0.069      0.000
  -1   -2      0.598     -0.440      0.000
 363  337      0.611     -1.037      0.000
 364  338      0.616      0.917      0.000
  -1  339      0.616     -0.286      0.000
 369   -2      0.617      0.317      0.000
 367  342      0.618     -0.487      0.000
 365  340      0.618      1.001      0.000
 366  341      0.620     -0.878      0.000
 368  343      0.626     -0.007      0.000
  -1   -2      0.636      0.139      0.000
 370  344      0.654     -1.168      0.000
  -1   -2      0.656      0.497      0.000
 372  345      0.662     -0.071      0.000
 371   -2      0.664      0.315      0.000
 373  346      0.672     -0.397      0.000
 374   -2      0.677     -0.678      0.000
 375  348      0.682     -0.932      0.000
 376   -2      0.690     -0.886      0.000
 378  349      0.693      0.366      0.000
 377  351      0.694     -0.726      0.000
 379  350      0.696      0.420      0.000
 380  352      0.706      1.138      0.000
 381  354      0.713      0.682      0.000
 382  353      0.714     -0.081      0.000
 384  359      0.721     -0.214      0.000
 383  355      0.727     -0.914      0.000
 385  356      0.734     -0.663      0.000
 386  357      0.741      0.891      0.000
 387  358      0.754     -0.036      0.000
 390  361      0.775     -0.843      0.000
  -1  367      0.778      0.655      0.000
 394  360      0.780      0.116      0.000
 391  363      0.787     -1.039      0.000
 392  362      0.788      0.178      0.000
  -1  371      0.794     -1.138      0.000
 393  364      0.795      0.946      0.000
 398  365      0.806      0.451      0.000
 397   -2      0.806      0.550      0.000
 395  366      0.807     -0.153      0.000
 396   -2      0.809      0.318      0.000
 399  369      0.812     -0.268      0.000
 401   -2      0.818      0.692      0.000
 400  368      0.820     -0.888      0.000
 402  370      0.826      0.744      0.000
 404  372      0.830      0.805      0.000
 406  373      0.836     -0.808      0.000
 407  374      0.840      0.251      0.000
 409  376      0.850     -0.460      0.000
 408   -2      0.853     -0.289      0.000
 411  377      0.856     -1.075      0.000
 413  378      0.872      1.117      0.000
 414   -2      0.874      0.837      0.000
 416  379      0.876      0.552      0.000
 417  381      0.882     -0.545      0.000
 419  383      0.885     -0.239      0.000
 420  384      0.888     -0.149      0.000
  -1  385      0.888      1.160      0.000
 418  382      0.892      0.480      0.000
 422  389      0.895     -0.995      0.000
 438   -2      0.902     -0.802      0.000
 423  388      0.904     -0.943      0.000
 425  394      0.918     -0.869      0.000
 426  391      0.922     -0.025      0.000
  -1  393      0.932     -1.000      0.000
  -1   -2      0.939     -0.535      0.000
  -1   -2      0.940     -1.157      0.000
 429  397      0.948      0.787      0.000
 430  396      0.954      0.688      0.000
 431  398      0.965      0.007      0.000
 432  399      0.971     -0.321      0.000
  -1   -2      0.981      0.271      0.000
 433  400      0.982     -0.034      0.000
 435  402      0.982     -0.582      0.000
 436  404      0.989     -1.104      0.000
 437  405      0.998      0.182      0.000
 440   -2      1.004      0.107      0.000
 441  406      1.006      0.853      0.000
  -1  407      1.029     -0.670      0.000
 443  408      1.034      0.987      0.000
 444  411      1.064     -0.624      0.000
 446  413      1.073     -1.175      0.000
 447  415      1.089     -0.550      0.000
 448  416      1.094      1.038      0.000
  -1  417      1.111     -0.940      0.000
 450  418      1.118     -0.520      0.000
 451   -2      1.120     -0.048      0.000
 453  420      1.130     -0.740      0.000
 458   -2      1.135     -1.171      0.000
 455  421      1.141     -0.824      0.000
  -1   -2      1.149      1.025      0.000
 456  423      1.155      0.558      0.000
  -1  424      1.156     -0.332      0.000
 452  430      1.161     -1.043      0.000
  -1   -2      1.163      0.220      0.000
 460  427      1.163      1.105      0.000
 459  425      1.164      0.392      0.000
 461  428      1.175     -0.456      0.000
 465  429      1.198     -0.511      0.000
 463   -2      1.199     -1.127      0.000
 464   -2      1.200     -0.146      0.000
 466  431      1.206      0.984      0.000
 462  438      1.210     -0.066      0.000
 468  433      1.229      0.913      0.000
 467  434      1.231     -0.456      0.000
  -1   -2      1.231     -1.058      0.000
  -1  436      1.240     -0.547      0.000
  -1  435      1.249     -1.101      0.000
 469  437      1.258     -0.426      0.000
  -1  439      1.279     -0.768      0.000
 470  441      1.284     -0.501      0.000
 471  440      1.285      0.177      0.000
  -1   -2      1.301     -0.895      0.000
  -1   -2      1.326      0.028      0.000
 472  444      1.329      0.491      0.000
 473  445      1.330      0.237      0.000
 475  446      1.335     -0.188      0.000
 476  447      1.341     -1.000      0.000
 477  448      1.346     -0.279      0.000
 478  449      1.350      1.058      0.000
 479  450      1.353     -1.162      0.000
 480  451      1.363     -0.854      0.000
  -1  452      1.366      1.162      0.000
 482  454      1.369     -0.333      0.000
 484  453      1.370      0.549      0.000
 481  455      1.371     -0.388      0.000
 485  456      1.381     -0.907      0.000
 486  457      1.385     -0.131      0.000
 487  458      1.400      0.265      0.000
 488  460      1.405     -0.855      0.000
 489  461      1.410      0.768      0.000
  -1   -2      1.418     -0.599      0.000
 490  462      1.418      0.119      0.000
 492  463      1.433      0.996      0.000
 491  466      1.440     -0.956      0.000
 493  465      1.441      0.400      0.000
 494   -2      1.442     -0.016      0.000
 495  468      1.450     -0.142      0.000
 499   -2      1.456     -1.083      0.000
 500  471      1.464      0.090      0.000
 497  470      1.464     -0.650      0.000
 496  469      1.465     -0.199      0.000
 501  467      1.470      0.008      0.000
 502  474      1.480      0.649      0.000
 503  473      1.481      0.536      0.000
 504  476      1.499      0.353      0.000
 505  477      1.504      1.020      0.000
 506   -2      1.512      0.724      0.000
 508  478      1.527     -0.516      0.000
 510  472      1.528     -1.112      0.000
 509  464      1.528      0.776      0.000
 511  479      1.532      0.414      0.000
 512  481      1.540      1.059      0.000
 513  482      1.542     -0.813      0.000
 514  483      1.543     -0.934      0.000
  -1   -2      1.548      0.025      0.000
 515  484      1.550     -0.707      0.000
