491
  -1   -2     -1.571      0.904      0.000
  -1   -2     -1.556      0.951      0.000
   0    1     -1.546      0.052      0.000
   1    0     -1.544     -1.024      0.000
   2    2     -1.538      0.733      0.000
   3    3     -1.523     -0.545      0.000
   4    4     -1.517     -0.359      0.000
   5    6     -1.515      0.001      0.000
   7    5     -1.507      0.212      0.000
   6    8     -1.507     -0.051      0.000
   8    7     -1.506      1.122      0.000
  -1   -2     -1.504      0.441      0.000
   9   22     -1.494     -0.741      0.000
  10   10     -1.489      0.856      0.000
  11   11     -1.486     -0.582      0.000
  12   -2     -1.484      0.815      0.000
  -1   12     -1.465      0.989      0.000
  13   15     -1.462      0.523      0.000
  14   13     -1.462     -0.844      0.000
  16   17     -1.453     -0.059      0.000
  17   18     -1.436      0.728      0.000
  19   20     -1.430      0.899      0.000
  20   19     -1.426     -0.494      0.000
  -1   21     -1.420      0.197      0.000
  21   23     -1.417      0.661      0.000
  22   26     -1.411     -0.202      0.000
  24   27     -1.401      0.842      0.000
  -1   -2     -1.388     -1.167      0.000
  26   29     -1.360      0.503      0.000
  -1   -2     -1.337      0.537      0.000
  28   32     -1.331     -0.161      0.000
  27   31     -1.330      1.128      0.000
  -1   33     -1.324     -0.698      0.000
  -1   -2     -1.323     -1.077      0.000
  30   34     -1.313      0.775      0.000
  31   35     -1.307      0.481      0.000
  32   37     -1.300     -0.466      0.000
  33   36     -1.299     -0.809      0.000
  -1   38     -1.289     -1.111      0.000
  35   39     -1.288      0.876      0.000
  -1   -2     -1.288     -0.756      0.000
  -1   -2     -1.288     -0.940      0.000
  34   40     -1.286      0.218      0.000
  38   41     -1.272      0.569      0.000
  39   48     -1.270     -0.215      0.000
  41   42     -1.268     -0.370      0.000
  40   44     -1.268      0.461      0.000
  45   43     -1.265     -1.019      0.000
  42   46     -1.262      0.997      0.000
  43   45     -1.262      0.777      0.000
  46   47     -1.255     -0.479      0.000
  47   49     -1.245      0.394      0.000
  -1   -2     -1.242     -1.040      0.000
  -1   -2     -1.239     -0.232      0.000
  48   50     -1.239     -0.807      0.000
  -1   52     -1.232     -0.704      0.000
  -1   -2     -1.231     -0.867      0.000
  49   53     -1.231     -0.279      0.000
  52   56     -1.213      0.670      0.000
  54   55     -1.203     -0.487      0.000
  56   58     -1.197     -1.014      0.000
  55   59     -1.196      0.345      0.000
  29   82     -1.174     -1.173      0.000
  53   63     -1.154     -0.515      0.000
  59   62     -1.154      0.914      0.000
  61   65     -1.131     -1.014      0.000
  62   66     -1.125      0.624      0.000
  63   67     -1.118     -0.155      0.000
  64   69     -1.114     -0.017      0.000
  67   70     -1.095      1.163      0.000
  66   68     -1.094      0.345      0.000
  65   -2     -1.092     -0.040      0.000
  68   71     -1.092     -0.238      0.000
  69   74     -1.090      0.504      0.000
  71   73     -1.074     -0.845      0.000
  72   -2     -1.070      0.424      0.000
  50   -2     -1.070     -0.662      0.000
  73   76     -1.051     -0.061      0.000
  75   75     -1.050      0.993      0.000
  74   79     -1.046      0.036      0.000
  76   77     -1.044      0.794      0.000
  77   80     -1.042      0.732      0.000
  78   83     -1.024     -0.479      0.000
  79   84     -1.020      0.142      0.000
  80   -2     -1.020     -1.166      0.000
  81   -2     -1.020     -0.882      0.000
  82   85     -1.001     -0.977      0.000
  83   86     -0.999      1.105      0.000
  85   87     -0.991     -0.520      0.000
  84   88     -0.989     -0.151      0.000
  -1   89     -0.982      0.756      0.000
  88   -2     -0.972     -0.844      0.000
  86   91     -0.969     -0.658      0.000
  -1   94     -0.967      0.066      0.000
  87   93     -0.966     -0.100      0.000
  89   92     -0.964      1.125      0.000
  90   95     -0.948     -0.975      0.000
  91   97     -0.945     -0.455      0.000
  92   98     -0.931     -0.740      0.000
  94   99     -0.924     -0.796      0.000
  93  100     -0.922      0.823      0.000
  95  101     -0.918     -1.103      0.000
  96  103     -0.905     -1.029      0.000
  97  104     -0.900      1.128      0.000
  99   -2     -0.888     -1.099      0.000
 100  105     -0.878      0.882      0.000
 101  106     -0.873     -1.171      0.000
 102  107     -0.869     -0.289      0.000
 103  108     -0.866      0.048      0.000
 104  109     -0.852      0.743      0.000
 105  110     -0.847     -0.773      0.000
 106  111     -0.845      1.054      0.000
 107  113     -0.842     -0.543      0.000
  -1  114     -0.840      0.833      0.000
 110  116     -0.839      0.990      0.000
 109  115     -0.838     -0.253      0.000
 108  117     -0.837      0.320      0.000
 111  118     -0.822      1.096      0.000
 113  121     -0.805     -0.399      0.000
 112  120     -0.804      0.839      0.000
 114  122     -0.799     -0.628      0.000
 116  123     -0.790      0.950      0.000
 115   -2     -0.787      0.429      0.000
 117  125     -0.787     -0.203      0.000
 118  127     -0.779      0.080      0.000
  -1   -2     -0.778     -0.506      0.000
 120  128     -0.773     -0.469      0.000
 119  129     -0.772      0.172      0.000
 121  126     -0.768      0.486      0.000
 122   -2     -0.744     -0.953      0.000
 124  132     -0.744     -0.030      0.000
  -1   -2     -0.734     -1.170      0.000
 128  135     -0.722      0.815      0.000
 127  136     -0.722     -0.454      0.000
 126  138     -0.721      0.598      0.000
 130  137     -0.719      1.008      0.000
 129  139     -0.716     -0.098      0.000
  -1  140     -0.710      1.062      0.000
 131  141     -0.708     -0.723      0.000
  -1  134     -0.706     -1.013      0.000
 133  142     -0.700      0.002      0.000
 134  143     -0.696     -1.096      0.000
 135  144     -0.689      0.717      0.000
 136  145     -0.678     -0.229      0.000
 137  148     -0.672      0.388      0.000
 138  147     -0.669     -0.715      0.000
 140  149     -0.647      1.066      0.000
 141  150     -0.646      0.275      0.000
 139   -2     -0.640     -1.157      0.000
 143  151     -0.625     -0.134      0.000
 145  152     -0.622     -0.958      0.000
 146  153     -0.615      0.425      0.000
 147  154     -0.610      0.945      0.000
 149  155     -0.604     -1.033      0.000
 148  156     -0.602     -0.584      0.000
  -1   -2     -0.599     -1.084      0.000
 150   -2     -0.595     -0.222      0.000
 151  157     -0.586     -0.187      0.000
 152  158     -0.582     -0.922      0.000
 154  160     -0.576      0.839      0.000
 153  159     -0.573     -0.419      0.000
 155  161     -0.569     -0.745      0.000
 156  162     -0.567      0.620      0.000
  -1   -2     -0.565     -0.894      0.000
 157  163     -0.559      0.419      0.000
 159  165     -0.543     -0.490      0.000
 161  166     -0.537      1.050      0.000
 160  168     -0.537      0.592      0.000
 162  170     -0.518      0.244      0.000
 163  171     -0.505     -0.537      0.000
 164  172     -0.504     -0.708      0.000
 165  173     -0.492     -1.170      0.000
 166  175     -0.478     -0.124      0.000
 167  174     -0.477     -0.816      0.000
 168   -2     -0.475     -0.599      0.000
 169  176     -0.467     -0.439      0.000
 171  177     -0.464      0.701      0.000
  -1   -2     -0.460     -0.297      0.000
 172  179     -0.454      0.324      0.000
  -1  180     -0.447     -0.917      0.000
 175  186     -0.437      0.874      0.000
 173  182     -0.437      0.798      0.000
 174  183     -0.435      0.108      0.000
 176  185     -0.434      0.624      0.000
 177  184     -0.431      1.028      0.000
 179  187     -0.419     -0.797      0.000
 178  188     -0.418     -0.280      0.000
 180  191     -0.412      0.255      0.000
 181  193     -0.393     -0.578      0.000
 182   -2     -0.388      0.398      0.000
 183  194     -0.384      0.601      0.000
 186  195     -0.358     -0.737      0.000
 185  196     -0.356     -0.497      0.000
 187  197     -0.350      0.073      0.000
 189  198     -0.342      1.031      0.000
  -1   -2     -0.338     -1.036      0.000
 190  199     -0.337      0.529      0.000
 192  200     -0.328     -0.780      0.000
 196   -2     -0.299      0.781      0.000
 188  201     -0.294     -0.107      0.000
 197  203     -0.278     -0.850      0.000
  -1   -2     -0.273     -0.585      0.000
 198  204     -0.272      0.281      0.000
 199  206     -0.266      0.353      0.000
 195   -2     -0.258     -0.035      0.000
 201  205     -0.252     -1.166      0.000
  -1  211     -0.237      0.246      0.000
 203  212     -0.235     -0.454      0.000
 205  214     -0.233     -0.549      0.000
 207  210     -0.231     -1.092      0.000
 206  213     -0.229      0.446      0.000
 209  215     -0.218      0.174      0.000
 210  216     -0.207     -0.078      0.000
  -1  217     -0.201     -1.070      0.000
 212  218     -0.187      0.985      0.000
 215  219     -0.181     -0.940      0.000
 211  226     -0.180     -0.438      0.000
 213  221     -0.179      0.256      0.000
 214  222     -0.177     -0.200      0.000
  -1   -2     -0.161      0.618      0.000
  -1   -2     -0.160      0.109      0.000
 217  225     -0.160     -0.753      0.000
 219  227     -0.155      0.020      0.000
 220  229     -0.146      0.414      0.000
  -1  228     -0.145      0.902      0.000
 221   -2     -0.142     -1.119      0.000
 223  231     -0.124      0.988      0.000
 222  233     -0.122     -0.258      0.000
 231  230     -0.118     -1.165      0.000
 225  234     -0.104      0.834      0.000
 226   -2     -0.098     -0.064      0.000
 227  235     -0.096     -0.805      0.000
 228  236     -0.095     -0.321      0.000
 230  237     -0.083      0.229      0.000
 232  238     -0.078     -1.062      0.000
 233  239     -0.074      0.934      0.000
 234  240     -0.072      0.395      0.000
 235  242     -0.066      0.057      0.000
 236  244     -0.048     -0.248      0.000
  -1   -2     -0.046      0.881      0.000
 237  245     -0.032      0.248      0.000
  -1  246     -0.025      0.903      0.000
  -1  247     -0.023      0.868      0.000
 239  248     -0.021      0.398      0.000
  -1   -2     -0.017     -1.170      0.000
 242  250     -0.012      0.685      0.000
 241  263      0.026     -1.114      0.000
 243  253      0.029      0.449      0.000
 246  254      0.039      1.063      0.000
 247  255      0.044      0.624      0.000
 248  256      0.047      0.109      0.000
 251  259      0.050     -0.625      0.000
 250  257      0.053     -0.769      0.000
 254   -2      0.056     -0.300      0.000
 255  262      0.070      0.313      0.000
 256   -2      0.074     -1.117      0.000
  -1   -2      0.083     -0.624      0.000
 257  264      0.092      0.813      0.000
 258  265      0.097     -0.159      0.000
 260  266      0.098     -1.167      0.000
  -1  258      0.103     -0.995      0.000
 262  268      0.117     -0.289      0.000
 263   -2      0.118     -0.368      0.000
 264  269      0.129      1.078      0.000
 265  270      0.135     -1.076      0.000
  -1  273      0.137     -0.948      0.000
 267  272      0.140      0.584      0.000
  -1  274      0.150      0.465      0.000
 269  275      0.171      0.257      0.000
 268  276      0.172      0.732      0.000
 270  277      0.178     -0.447      0.000
 272  279      0.192     -0.278      0.000
 273  280      0.201     -1.100      0.000
 274  281      0.211     -0.713      0.000
 275  283      0.225      0.043      0.000
 277  284      0.229     -0.600      0.000
 276  285      0.230      0.919      0.000
  -1   -2      0.231     -1.121      0.000
 278  287      0.234      0.669      0.000
 279  288      0.239      0.385      0.000
  -1  286      0.244      0.745      0.000
 280  289      0.254     -0.074      0.000
 281  290      0.265     -0.622      0.000
 282  291      0.271     -1.078      0.000
 284  292      0.280     -0.222      0.000
 283  293      0.290     -1.160      0.000
 287  294      0.299     -0.582      0.000
 288  297      0.304      0.672      0.000
 291  295      0.305      1.002      0.000
 289  298      0.306     -0.733      0.000
 290  296      0.307      0.862      0.000
 292  300      0.317      0.797      0.000
 294  301      0.323      0.180      0.000
  -1  302      0.327      0.496      0.000
 286  303      0.337      0.121      0.000
 297  305      0.344     -1.062      0.000
 298  306      0.358     -0.915      0.000
 300  308      0.359     -0.200      0.000
  -1   -2      0.361     -0.993      0.000
  -1   -2      0.361      0.321      0.000
 299   -2      0.363     -0.238      0.000
  -1  310      0.367      0.405      0.000
  -1   -2      0.367     -0.397      0.000
 301  312      0.382     -0.974      0.000
  -1  318      0.383      0.192      0.000
 302  313      0.384      0.050      0.000
 303  315      0.387      0.727      0.000
 305  317      0.405     -0.579      0.000
  -1   -2      0.406      0.247      0.000
 306  319      0.415     -0.264      0.000
 307  320      0.421     -0.872      0.000
 308  322      0.437     -1.127      0.000
 309  321      0.437      0.823      0.000
 310  324      0.448     -0.663      0.000
  -1   -2      0.453     -1.171      0.000
 311  325      0.459     -0.274      0.000
 315   -2      0.464      0.051      0.000
 314   -2      0.465     -0.315      0.000
 312  328      0.467      0.654      0.000
 316   -2      0.477      1.094      0.000
 317  326      0.478     -0.482      0.000
 319  327      0.486      0.920      0.000
  -1  330      0.488     -0.894      0.000
  -1   -2      0.490      0.951      0.000
 320   -2      0.492     -0.597      0.000
 321  329      0.492      0.210      0.000
 323  334      0.504      0.125      0.000
 318  333      0.506     -1.163      0.000
 325  335      0.509     -0.431      0.000
 326   -2      0.515      0.663      0.000
 328  336      0.518      0.819      0.000
 330  337      0.538     -0.611      0.000
 331  339      0.543      0.007      0.000
 332  340      0.543     -0.306      0.000
 335  342      0.561      0.365      0.000
 336  331      0.563     -0.088      0.000
 337  343      0.569     -0.736      0.000
 338  344      0.574     -0.476      0.000
 327  354      0.587      1.159      0.000
 342  347      0.594      0.439      0.000
 343  348      0.596      0.393      0.000
 345  349      0.605     -0.258      0.000
 346   -2      0.607      0.660      0.000
 347   -2      0.608      0.153      0.000
 349  350      0.616     -0.019      0.000
 348  352      0.616     -0.989      0.000
 355  351      0.620      0.225      0.000
 350  345      0.620     -0.842      0.000
 341  359      0.627      0.489      0.000
  -1   -2      0.629      1.085      0.000
 352  353      0.632     -0.449      0.000
 353  346      0.638      0.552      0.000
 333  355      0.638      1.028      0.000
 351  356      0.643     -1.166      0.000
  -1   -2      0.646     -0.581      0.000
 359   -2      0.654      0.495      0.000
 356  358      0.664     -0.614      0.000
 357  360      0.672      0.788      0.000
 358  361      0.674     -0.710      0.000
 360  363      0.685     -0.917      0.000
 361  364      0.691      0.676      0.000
  -1   -2      0.691     -0.531      0.000
 362  365      0.704     -0.570      0.000
  -1  366      0.713      0.933      0.000
 363  368      0.720     -0.036      0.000
 364  369      0.727     -0.988      0.000
 365  370      0.741     -0.766      0.000
 366  371      0.745      0.609      0.000
 367   -2      0.753     -0.334      0.000
 368  373      0.753     -1.039      0.000
 369  372      0.758      0.366      0.000
 370  374      0.760      0.396      0.000
 384   -2      0.762     -1.108      0.000
 374  377      0.769      0.954      0.000
  -1  376      0.770     -0.412      0.000
 372  378      0.771      0.720      0.000
 373  379      0.775      0.057      0.000
 375  380      0.793     -0.624      0.000
 377  381      0.798      0.653      0.000
 376  382      0.798      0.529      0.000
 379  386      0.799     -0.979      0.000
 378  384      0.800     -0.142      0.000
  -1   -2      0.802      0.162      0.000
 371  387      0.807     -0.440      0.000
 381  389      0.809      0.874      0.000
  -1  388      0.810      0.236      0.000
  -1   -2      0.815      0.967      0.000
 383  391      0.822     -1.093      0.000
 385  393      0.830      0.360      0.000
 386  394      0.834     -0.766      0.000
 387  395      0.837     -1.037      0.000
 388  396      0.841     -0.592      0.000
 389  397      0.850     -0.337      0.000
  -1  399      0.858     -0.845      0.000
  -1   -2      0.861     -1.124      0.000
 403  375      0.874     -1.165      0.000
 392  401      0.879     -0.023      0.000
 393  403      0.885      1.054      0.000
 394  404      0.891     -0.775      0.000
 395  405      0.906      1.155      0.000
 398  412      0.928     -0.878      0.000
 401  406      0.936      0.198      0.000
 400   -2      0.940      0.679      0.000
 399  408      0.940      0.753      0.000
 402  409      0.946     -0.606      0.000
 422   -2      0.954     -0.217      0.000
 405  410      0.954     -0.818      0.000
 406  411      0.961      1.034      0.000
 407  413      0.968      0.922      0.000
 411  415      0.971     -0.043      0.000
 408  414      0.972      0.966      0.000
 410   -2      0.974     -0.100      0.000
 413  417      0.977      0.751      0.000
 416  407      0.979      0.508      0.000
 414  418      0.992      0.298      0.000
 415  419      0.993      0.257      0.000
 417   -2      1.007     -0.737      0.000
 418  420      1.009     -0.478      0.000
 419  421      1.016     -0.569      0.000
 420  422      1.028     -0.074      0.000
 421  423      1.033     -0.886      0.000
 426  424      1.035     -0.289      0.000
 423  427      1.058      0.043      0.000
  -1   -2      1.062     -0.187      0.000
  -1  426      1.072      0.649      0.000
  -1  428      1.081      1.162      0.000
 424  433      1.083     -1.170      0.000
 427  429      1.087      0.607      0.000
 428  430      1.092     -0.661      0.000
 431  431      1.095      0.559      0.000
 432  432      1.099      0.106      0.000
 430  434      1.099     -1.079      0.000
 433  449      1.104      1.036      0.000
 434  435      1.108     -0.269      0.000
  -1  437      1.123      0.238      0.000
 437  436      1.126      0.353      0.000
 453   -2      1.136     -0.526      0.000
 440  441      1.147     -0.752      0.000
 441  443      1.159     -0.992      0.000
 443  442      1.162      0.175      0.000
 444  445      1.170     -0.905      0.000
 445  444      1.170     -0.410      0.000
 446  446      1.172      0.924      0.000
 448  447      1.186      0.467      0.000
 447   -2      1.186      0.328      0.000
  -1   -2      1.196      1.005      0.000
 451  451      1.206     -0.100      0.000
 452  450      1.206      0.403      0.000
 454  452      1.212      0.802      0.000
 455  453      1.222     -0.682      0.000
 450  460      1.225     -1.070      0.000
 456  454      1.226      0.632      0.000
 449   -2      1.241      1.032      0.000
  -1  456      1.246      0.690      0.000
  -1  457      1.259     -0.123      0.000
 459   -2      1.261     -0.071      0.000
 460  459      1.278      0.978      0.000
 461   -2      1.279     -0.955      0.000
 464  463      1.292     -0.652      0.000
  -1   -2      1.295     -0.732      0.000
 465   -2      1.297      0.211      0.000
 466  465      1.301      0.039      0.000
 468  467      1.316     -0.513      0.000
 469  470      1.321      1.041      0.000
 470  471      1.325      0.729      0.000
 471  472      1.334     -0.681      0.000
  -1  466      1.340      0.155      0.000
 472  474      1.365     -0.666      0.000
 473  475      1.366     -0.759      0.000
 474  477      1.369     -1.142      0.000
  -1   -2      1.374      1.008      0.000
 476  469      1.376     -1.166      0.000
  -1  478      1.382      0.251      0.000
  -1  479      1.397     -0.270      0.000
  -1  481      1.404     -0.651      0.000
  -1  482      1.419      0.274      0.000
 475   -2      1.438     -0.128      0.000
 479  484      1.460      0.424      0.000
  -1  485      1.460      0.490      0.000
 480  487      1.464     -0.680      0.000
 481  488      1.472     -0.533      0.000
 482  489      1.474     -0.606      0.000
 483  490      1.484     -0.416      0.000
  -1  491      1.491     -0.386      0.000
 485  493      1.500     -0.990      0.000
 484  492      1.502      0.488      0.000
 486  495      1.511     -0.690      0.000
 488  496      1.524      0.151      0.000
  -1  497      1.532     -0.340      0.000
 489   -2      1.568     -0.453      0.000
 490  499      1.572     -0.374      0.000
