499
   1    -1.572    -0.024     0.000  233   -1   -1   -1
   2    -1.568     0.860     0.000   60   -1   -1   -1
   3    -1.563     0.262     0.000  182   -1   -1   -1
   4    -1.561    -0.061     0.000  246   -1   -1   -1
   5    -1.551    -0.234     0.000  276   -1   -1   -1
   6    -1.546     0.809     0.000   69   -1   -1   -1
   7    -1.527    -1.053     0.000  461   -1   -1   -1
   8    -1.524     1.069     0.000   18   -1   -1   -1
   9    -1.519     0.641     0.000   98   -1   -1   -1
  10    -1.514     0.221     0.000  191   -1   -1   -1
  11    -1.508     0.325     0.000  164   -1   -1   -1
  12    -1.498     0.279     0.000  178   -1   -1   -1
  13    -1.496     0.528     0.000  122   -1   -1   -1
  14    -1.489     0.656     0.000   94   -1   -1   -1
  15    -1.488     0.411     0.000  141   -1   -1   -1
  16    -1.487    -0.734     0.000  387   -1   -1   -1
  17    -1.487    -0.290     0.000  290   -1   -1   -1
  18    -1.485     0.864     0.000   59   -1   -1   -1
  19    -1.474    -0.383     0.000  311   -1   -1   -1
  20    -1.467     0.157     0.000  201   -1   -1   -1
  21    -1.466     1.011     0.000   29   -1   -1   -1
  22    -1.450    -0.526     0.000  341   -1   -1   -1
  23    -1.449    -0.978     0.000  446   -1   -1   -1
  24    -1.448    -0.604     0.000  358   -1   -1   -1
  25    -1.441     0.487     0.000  129   -1   -1   -1
  26    -1.434     0.345     0.000  157   -1   -1   -1
  27    -1.432    -0.342     0.000  301   -1   -1   -1
  28    -1.418     0.710     0.000   85   -1   -1   -1
  29    -1.417    -0.710     0.000  383   -1   -1   -1
  30    -1.412     0.137     0.000  205   -1   -1   -1
  31    -1.404     0.758     0.000   76   -1   -1   -1
  32    -1.395    -0.382     0.000  310   -1   -1   -1
  33    -1.393     0.285     0.000  176   -1   -1   -1
  34    -1.382     0.639     0.000   99   -1   -1   -1
  35    -1.381     0.851     0.000   63   -1   -1   -1
  36    -1.378    -0.208     0.000  270   -1   -1   -1
  37    -1.376    -0.853     0.000  415   -1   -1   -1
  38    -1.368     1.112     0.000    7   -1   -1   -1
  39    -1.361     0.607     0.000  107   -1   -1   -1
  40    -1.358     0.057     0.000  216   -1   -1   -1
  41    -1.358    -0.892     0.000  425   -1   -1   -1
  42    -1.348    -1.035     0.000  460   -1   -1   -1
  43    -1.328    -0.005     0.000  226   -1   -1   -1
  44    -1.324     0.924     0.000   45   -1   -1   -1
  45    -1.322     1.081     0.000   14   -1   -1   -1
  46    -1.313     0.169     0.000  197   -1   -1   -1
  47    -1.302    -0.815     0.000  404   -1   -1   -1
  48    -1.300    -0.221     0.000  273   -1   -1   -1
  49    -1.296    -0.963     0.000  440   -1   -1   -1
  50    -1.294    -0.334     0.000  300   -1   -1   -1
  51    -1.286     0.553     0.000  119   -1   -1   -1
  52    -1.286    -0.839     0.000  410   -1   -1   -1
  53    -1.270    -0.980     0.000  447   -1   -1   -1
  54    -1.264     0.389     0.000  148   -1   -1   -1
  55    -1.262    -0.627     0.000  363   -1   -1   -1
  56    -1.246    -0.522     0.000  340   -1   -1   -1
  57    -1.242    -0.011     0.000  230   -1   -1   -1
  58    -1.242     0.994     0.000   33   -1   -1   -1
  59    -1.232    -0.835     0.000  408   -1   -1   -1
  60    -1.204    -0.124     0.000  252   -1   -1   -1
  61    -1.204     0.821     0.000   65   -1   -1   -1
  62    -1.188    -1.105     0.000  478   -1   -1   -1
  63    -1.175     0.725     0.000   82   -1   -1   -1
  64    -1.168    -0.867     0.000  418   -1   -1   -1
  65    -1.165    -0.830     0.000  407   -1   -1   -1
  66    -1.165     1.038     0.000   26   -1   -1   -1
  67    -1.158     0.998     0.000   31   -1   -1   -1
  68    -1.157     0.631     0.000  103   -1   -1   -1
  69    -1.151    -0.560     0.000  349   -1   -1   -1
  70    -1.144    -1.005     0.000  452   -1   -1   -1
  71    -1.141    -1.100     0.000  476   -1   -1   -1
  72    -1.136    -0.348     0.000  302   -1   -1   -1
  73    -1.129     0.401     0.000  144   -1   -1   -1
  74    -1.117     1.039     0.000   24   -1   -1   -1
  75    -1.106    -1.020     0.000  457   -1   -1   -1
  76    -1.106     0.647     0.000   97   -1   -1   -1
  77    -1.104    -1.060     0.000  464   -1   -1   -1
  78    -1.103    -1.108     0.000  479   -1   -1   -1
  79    -1.091    -0.104     0.000  250   -1   -1   -1
  80    -1.087    -0.372     0.000  306   -1   -1   -1
  81    -1.073    -0.059     0.000  243   -1   -1   -1
  82    -1.068    -0.281     0.000  288   -1   -1   -1
  83    -1.061     0.397     0.000  145   -1   -1   -1
  84    -1.059     0.800     0.000   72   -1   -1   -1
  85    -1.055     0.259     0.000  183   -1   -1   -1
  86    -1.041     0.478     0.000  132   -1   -1   -1
  87    -1.038    -0.727     0.000  386   -1   -1   -1
  88    -1.032    -1.056     0.000  463   -1   -1   -1
  89    -1.025     0.951     0.000   42   -1   -1   -1
  90    -1.024    -0.160     0.000  259   -1   -1   -1
  91    -1.018     0.579     0.000  110   -1   -1   -1
  92    -1.018    -0.861     0.000  417   -1   -1   -1
  93    -1.013     0.388     0.000  149   -1   -1   -1
  94    -1.008     0.194     0.000  194   -1   -1   -1
  95    -1.003    -0.773     0.000  395   -1   -1   -1
  96    -1.003     0.250     0.000  186   -1   -1   -1
  97    -0.997    -0.214     0.000  271   -1   -1   -1
  98    -0.997     1.025     0.000   28   -1   -1   -1
  99    -0.993    -0.431     0.000  317   -1   -1   -1
 100    -0.990     0.911     0.000   47   -1   -1   -1
 101    -0.971    -1.112     0.000  481   -1   -1   -1
 102    -0.971     0.338     0.000  159   -1   -1   -1
 103    -0.969     1.057     0.000   22   -1   -1   -1
 104    -0.964     0.620     0.000  106   -1   -1   -1
 105    -0.952     0.778     0.000   73   -1   -1   -1
 106    -0.942    -0.937     0.000  436   -1   -1   -1
 107    -0.937     1.122     0.000    3   -1   -1   -1
 108    -0.912     0.569     0.000  115   -1   -1   -1
 109    -0.908     1.084     0.000   12   -1   -1   -1
 110    -0.907     0.305     0.000  170   -1   -1   -1
 111    -0.895    -0.089     0.000  249   -1   -1   -1
 112    -0.873    -1.084     0.000  472   -1   -1   -1
 113    -0.868     0.690     0.000   88   -1   -1   -1
 114    -0.863    -1.168     0.000  496   -1   -1   -1
 115    -0.863    -0.742     0.000  388   -1   -1   -1
 116    -0.856    -0.613     0.000  361   -1   -1   -1
 117    -0.846    -0.693     0.000  378   -1   -1   -1
 118    -0.841    -0.136     0.000  254   -1   -1   -1
 119    -0.840    -0.443     0.000  323   -1   -1   -1
 120    -0.831    -0.215     0.000  272   -1   -1   -1
 121    -0.822     1.090     0.000    9   -1   -1   -1
 122    -0.820    -0.943     0.000  437   -1   -1   -1
 123    -0.817    -0.050     0.000  239   -1   -1   -1
 124    -0.812    -0.010     0.000  229   -1   -1   -1
 125    -0.807     0.445     0.000  136   -1   -1   -1
 126    -0.805    -1.098     0.000  475   -1   -1   -1
 127    -0.796     0.318     0.000  167   -1   -1   -1
 128    -0.794     0.262     0.000  181   -1   -1   -1
 129    -0.790     0.812     0.000   67   -1   -1   -1
 130    -0.788     0.992     0.000   35   -1   -1   -1
 131    -0.785    -0.799     0.000  401   -1   -1   -1
 132    -0.784     0.395     0.000  146   -1   -1   -1
 133    -0.778    -0.753     0.000  390   -1   -1   -1
 134    -0.774     0.886     0.000   54   -1   -1   -1
 135    -0.768    -0.225     0.000  275   -1   -1   -1
 136    -0.755    -0.930     0.000  433   -1   -1   -1
 137    -0.753    -0.059     0.000  244   -1   -1   -1
 138    -0.751    -0.444     0.000  324   -1   -1   -1
 139    -0.746     0.382     0.000  150   -1   -1   -1
 140    -0.739     0.034     0.000  221   -1   -1   -1
 141    -0.738    -0.963     0.000  441   -1   -1   -1
 142    -0.734    -1.009     0.000  454   -1   -1   -1
 143    -0.723     0.981     0.000   37   -1   -1   -1
 144    -0.716     0.517     0.000  126   -1   -1   -1
 145    -0.706     0.140     0.000  204   -1   -1   -1
 146    -0.706    -0.152     0.000  256   -1   -1   -1
 147    -0.698    -1.111     0.000  480   -1   -1   -1
 148    -0.696     1.119     0.000    4   -1   -1   -1
 149    -0.693    -0.490     0.000  335   -1   -1   -1
 150    -0.687     0.873     0.000   57   -1   -1   -1
 151    -0.682     1.062     0.000   21   -1   -1   -1
 152    -0.681    -0.556     0.000  347   -1   -1   -1
 153    -0.680    -0.687     0.000  377   -1   -1   -1
 154    -0.679     1.010     0.000   30   -1   -1   -1
 155    -0.675     0.731     0.000   80   -1   -1   -1
 156    -0.674    -0.105     0.000  251   -1   -1   -1
 157    -0.663    -0.278     0.000  287   -1   -1   -1
 158    -0.646    -0.568     0.000  351   -1   -1   -1
 159    -0.646    -1.077     0.000  469   -1   -1   -1
 160    -0.643     0.216     0.000  192   -1   -1   -1
 161    -0.642     1.146     0.000    2   -1   -1   -1
 162    -0.637    -1.118     0.000  483   -1   -1   -1
 163    -0.625    -1.004     0.000  451   -1   -1   -1
 164    -0.620    -0.308     0.000  294   -1   -1   -1
 165    -0.618    -0.766     0.000  393   -1   -1   -1
 166    -0.617     1.073     0.000   16   -1   -1   -1
 167    -0.603    -0.548     0.000  344   -1   -1   -1
 168    -0.601     0.889     0.000   52   -1   -1   -1
 169    -0.595    -0.433     0.000  318   -1   -1   -1
 170    -0.587    -0.513     0.000  337   -1   -1   -1
 171    -0.585    -0.282     0.000  289   -1   -1   -1
 172    -0.576    -0.934     0.000  434   -1   -1   -1
 173    -0.570     0.410     0.000  142   -1   -1   -1
 174    -0.567    -1.104     0.000  477   -1   -1   -1
 175    -0.565     0.042     0.000  220   -1   -1   -1
 176    -0.549     0.348     0.000  156   -1   -1   -1
 177    -0.535    -0.516     0.000  338   -1   -1   -1
 178    -0.528    -0.238     0.000  280   -1   -1   -1
 179    -0.527     0.482     0.000  131   -1   -1   -1
 180    -0.522     0.271     0.000  179   -1   -1   -1
 181    -0.520     0.677     0.000   92   -1   -1   -1
 182    -0.492    -1.165     0.000  493   -1   -1   -1
 183    -0.484     0.080     0.000  213   -1   -1   -1
 184    -0.480     0.186     0.000  195   -1   -1   -1
 185    -0.472    -0.681     0.000  374   -1   -1   -1
 186    -0.462    -0.050     0.000  240   -1   -1   -1
 187    -0.447    -0.128     0.000  253   -1   -1   -1
 188    -0.442    -0.774     0.000  396   -1   -1   -1
 189    -0.439    -0.953     0.000  438   -1   -1   -1
 190    -0.437    -0.290     0.000  291   -1   -1   -1
 191    -0.427    -0.019     0.000  232   -1   -1   -1
 192    -0.422    -0.843     0.000  411   -1   -1   -1
 193    -0.420     0.448     0.000  135   -1   -1   -1
 194    -0.395    -0.518     0.000  339   -1   -1   -1
 195    -0.392     0.638     0.000  100   -1   -1   -1
 196    -0.391    -0.359     0.000  304   -1   -1   -1
 197    -0.388     0.748     0.000   77   -1   -1   -1
 198    -0.387    -0.610     0.000  360   -1   -1   -1
 199    -0.386     0.518     0.000  124   -1   -1   -1
 200    -0.381     0.323     0.000  166   -1   -1   -1
 201    -0.379    -0.190     0.000  265   -1   -1   -1
 202    -0.377    -0.964     0.000  442   -1   -1   -1
 203    -0.371    -0.673     0.000  372   -1   -1   -1
 204    -0.368     1.068     0.000   19   -1   -1   -1
 205    -0.361    -0.294     0.000  292   -1   -1   -1
 206    -0.352     0.994     0.000   32   -1   -1   -1
 207    -0.350    -0.258     0.000  283   -1   -1   -1
 208    -0.348     0.680     0.000   91   -1   -1   -1
 209    -0.340     0.879     0.000   55   -1   -1   -1
 210    -0.309    -0.580     0.000  353   -1   -1   -1
 211    -0.302    -0.936     0.000  435   -1   -1   -1
 212    -0.297    -0.845     0.000  413   -1   -1   -1
 213    -0.294     0.803     0.000   71   -1   -1   -1
 214    -0.290    -0.989     0.000  448   -1   -1   -1
 215    -0.287    -0.755     0.000  391   -1   -1   -1
 216    -0.281     0.298     0.000  172   -1   -1   -1
 217    -0.270    -0.481     0.000  332   -1   -1   -1
 218    -0.268    -1.166     0.000  494   -1   -1   -1
 219    -0.265    -1.077     0.000  470   -1   -1   -1
 220    -0.260    -0.195     0.000  267   -1   -1   -1
 221    -0.248     0.418     0.000  140   -1   -1   -1
 222    -0.237    -0.407     0.000  313   -1   -1   -1
 223    -0.237    -0.686     0.000  376   -1   -1   -1
 224    -0.225    -1.093     0.000  473   -1   -1   -1
 225    -0.218     0.122     0.000  206   -1   -1   -1
 226    -0.203     0.335     0.000  160   -1   -1   -1
 227    -0.199     0.715     0.000   83   -1   -1   -1
 228    -0.199     0.543     0.000  121   -1   -1   -1
 229    -0.184    -0.236     0.000  277   -1   -1   -1
 230    -0.156     0.070     0.000  215   -1   -1   -1
 231    -0.151    -0.778     0.000  397   -1   -1   -1
 232    -0.147    -0.269     0.000  285   -1   -1   -1
 233    -0.146    -1.118     0.000  485   -1   -1   -1
 234    -0.132    -0.664     0.000  370   -1   -1   -1
 235    -0.131    -1.029     0.000  458   -1   -1   -1
 236    -0.122    -0.194     0.000  266   -1   -1   -1
 237    -0.117     0.486     0.000  130   -1   -1   -1
 238    -0.114     0.381     0.000  151   -1   -1   -1
 239    -0.108    -0.901     0.000  427   -1   -1   -1
 240    -0.105     0.625     0.000  104   -1   -1   -1
 241    -0.102     1.109     0.000    8   -1   -1   -1
 242    -0.096    -0.087     0.000  248   -1   -1   -1
 243    -0.090     0.328     0.000  162   -1   -1   -1
 244    -0.086     1.147     0.000    1   -1   -1   -1
 245    -0.079    -1.096     0.000  474   -1   -1   -1
 246    -0.071    -0.642     0.000  367   -1   -1   -1
 247    -0.068     0.225     0.000  190   -1   -1   -1
 248    -0.068    -0.167     0.000  262   -1   -1   -1
 249    -0.063    -1.167     0.000  495   -1   -1   -1
 250    -0.052    -0.331     0.000  299   -1   -1   -1
 251    -0.050     0.350     0.000  155   -1   -1   -1
 252    -0.044     0.588     0.000  108   -1   -1   -1
 253    -0.027    -0.012     0.000  231   -1   -1   -1
 254    -0.016    -0.428     0.000  316   -1   -1   -1
 255    -0.002    -0.481     0.000  331   -1   -1   -1
 256     0.007     0.571     0.000  113   -1   -1   -1
 257     0.012     0.311     0.000  169   -1   -1   -1
 258     0.012     0.982     0.000   36   -1   -1   -1
 259     0.028     0.369     0.000  153   -1   -1   -1
 260     0.031     0.042     0.000  219   -1   -1   -1
 261     0.031    -1.121     0.000  486   -1   -1   -1
 262     0.033    -0.236     0.000  278   -1   -1   -1
 263     0.039     0.577     0.000  111   -1   -1   -1
 264     0.049    -0.702     0.000  382   -1   -1   -1
 265     0.052     0.330     0.000  161   -1   -1   -1
 266     0.061     0.906     0.000   49   -1   -1   -1
 267     0.063     0.656     0.000   96   -1   -1   -1
 268     0.064    -1.083     0.000  471   -1   -1   -1
 269     0.065    -0.307     0.000  293   -1   -1   -1
 270     0.074    -0.923     0.000  432   -1   -1   -1
 271     0.083     1.148     0.000    0   -1   -1   -1
 272     0.097    -0.719     0.000  384   -1   -1   -1
 273     0.097     0.146     0.000  203   -1   -1   -1
 274     0.106     0.451     0.000  134   -1   -1   -1
 275     0.108     0.100     0.000  211   -1   -1   -1
 276     0.112    -0.060     0.000  245   -1   -1   -1
 277     0.113    -0.165     0.000  261   -1   -1   -1
 278     0.123     0.401     0.000  143   -1   -1   -1
 279     0.133    -1.163     0.000  491   -1   -1   -1
 280     0.135     0.852     0.000   62   -1   -1   -1
 281     0.151    -0.600     0.000  357   -1   -1   -1
 282     0.151    -0.487     0.000  333   -1   -1   -1
 283     0.151     1.047     0.000   23   -1   -1   -1
 284     0.162    -0.675     0.000  373   -1   -1   -1
 285     0.165    -0.266     0.000  284   -1   -1   -1
 286     0.176     0.363     0.000  154   -1   -1   -1
 287     0.188    -0.700     0.000  381   -1   -1   -1
 288     0.199     0.964     0.000   39   -1   -1   -1
 289     0.210     0.559     0.000  116   -1   -1   -1
 290     0.213     0.021     0.000  224   -1   -1   -1
 291     0.216    -1.015     0.000  456   -1   -1   -1
 292     0.227    -0.886     0.000  422   -1   -1   -1
 293     0.237    -0.159     0.000  258   -1   -1   -1
 294     0.253     0.961     0.000   41   -1   -1   -1
 295     0.259    -0.377     0.000  308   -1   -1   -1
 296     0.259    -0.903     0.000  428   -1   -1   -1
 297     0.267     0.728     0.000   81   -1   -1   -1
 298     0.272     1.114     0.000    6   -1   -1   -1
 299     0.272     0.240     0.000  187   -1   -1   -1
 300     0.274    -0.236     0.000  279   -1   -1   -1
 301     0.284    -0.848     0.000  414   -1   -1   -1
 302     0.285     0.146     0.000  202   -1   -1   -1
 303     0.296     0.582     0.000  109   -1   -1   -1
 304     0.300    -0.628     0.000  364   -1   -1   -1
 305     0.302    -1.014     0.000  455   -1   -1   -1
 306     0.311    -1.169     0.000  498   -1   -1   -1
 307     0.313     0.048     0.000  218   -1   -1   -1
 308     0.317    -0.202     0.000  269   -1   -1   -1
 309     0.318    -0.404     0.000  312   -1   -1   -1
 310     0.329    -0.599     0.000  356   -1   -1   -1
 311     0.354    -0.412     0.000  314   -1   -1   -1
 312     0.369     0.050     0.000  217   -1   -1   -1
 313     0.373    -0.810     0.000  403   -1   -1   -1
 314     0.380     0.291     0.000  174   -1   -1   -1
 315     0.389    -0.414     0.000  315   -1   -1   -1
 316     0.392     0.163     0.000  199   -1   -1   -1
 317     0.398    -0.465     0.000  328   -1   -1   -1
 318     0.410     0.887     0.000   53   -1   -1   -1
 319     0.417     0.925     0.000   44   -1   -1   -1
 320     0.419    -0.889     0.000  423   -1   -1   -1
 321     0.422    -0.006     0.000  227   -1   -1   -1
 322     0.426     0.704     0.000   87   -1   -1   -1
 323     0.441    -0.607     0.000  359   -1   -1   -1
 324     0.446    -0.563     0.000  350   -1   -1   -1
 325     0.452    -1.117     0.000  482   -1   -1   -1
 326     0.457    -0.435     0.000  319   -1   -1   -1
 327     0.459     0.739     0.000   79   -1   -1   -1
 328     0.460     0.010     0.000  225   -1   -1   -1
 329     0.463     0.317     0.000  168   -1   -1   -1
 330     0.477    -0.034     0.000  234   -1   -1   -1
 331     0.489    -0.796     0.000  400   -1   -1   -1
 332     0.490     0.682     0.000   90   -1   -1   -1
 333     0.492    -0.357     0.000  303   -1   -1   -1
 334     0.493     0.903     0.000   51   -1   -1   -1
 335     0.495     0.438     0.000  137   -1   -1   -1
 336     0.498     0.764     0.000   75   -1   -1   -1
 337     0.502    -0.966     0.000  443   -1   -1   -1
 338     0.502    -0.627     0.000  362   -1   -1   -1
 339     0.523     0.324     0.000  165   -1   -1   -1
 340     0.539    -0.913     0.000  429   -1   -1   -1
 341     0.543    -0.577     0.000  352   -1   -1   -1
 342     0.554    -0.045     0.000  238   -1   -1   -1
 343     0.559    -0.436     0.000  320   -1   -1   -1
 344     0.560    -0.958     0.000  439   -1   -1   -1
 345     0.563     0.908     0.000   48   -1   -1   -1
 346     0.574     1.039     0.000   25   -1   -1   -1
 347     0.575     0.543     0.000  120   -1   -1   -1
 348     0.585    -0.894     0.000  426   -1   -1   -1
 349     0.593     0.327     0.000  163   -1   -1   -1
 350     0.595     0.814     0.000   66   -1   -1   -1
 351     0.599    -0.745     0.000  389   -1   -1   -1
 352     0.604    -1.154     0.000  489   -1   -1   -1
 353     0.604    -0.991     0.000  449   -1   -1   -1
 354     0.615    -0.635     0.000  365   -1   -1   -1
 355     0.620     0.557     0.000  118   -1   -1   -1
 356     0.623    -0.682     0.000  375   -1   -1   -1
 357     0.623     0.490     0.000  128   -1   -1   -1
 358     0.627    -0.161     0.000  260   -1   -1   -1
 359     0.628    -1.157     0.000  490   -1   -1   -1
 360     0.628    -0.838     0.000  409   -1   -1   -1
 361     0.642     0.937     0.000   43   -1   -1   -1
 362     0.645     0.856     0.000   61   -1   -1   -1
 363     0.649    -0.186     0.000  263   -1   -1   -1
 364     0.650    -0.473     0.000  330   -1   -1   -1
 365     0.682    -1.030     0.000  459   -1   -1   -1
 366     0.697    -0.648     0.000  369   -1   -1   -1
 367     0.702    -0.859     0.000  416   -1   -1   -1
 368     0.703    -0.450     0.000  326   -1   -1   -1
 369     0.704     0.256     0.000  184   -1   -1   -1
 370     0.705    -0.376     0.000  307   -1   -1   -1
 371     0.707    -0.058     0.000  242   -1   -1   -1
 372     0.711     0.299     0.000  171   -1   -1   -1
 373     0.712    -0.697     0.000  379   -1   -1   -1
 374     0.719     1.079     0.000   15   -1   -1   -1
 375     0.726    -0.991     0.000  450   -1   -1   -1
 376     0.738    -1.076     0.000  468   -1   -1   -1
 377     0.750     0.392     0.000  147   -1   -1   -1
 378     0.752     0.340     0.000  158   -1   -1   -1
 379     0.753    -0.641     0.000  366   -1   -1   -1
 380     0.754    -0.142     0.000  255   -1   -1   -1
 381     0.760    -0.077     0.000  247   -1   -1   -1
 382     0.765     0.637     0.000  101   -1   -1   -1
 383     0.786    -0.818     0.000  405   -1   -1   -1
 384     0.808    -0.039     0.000  236   -1   -1   -1
 385     0.810     0.906     0.000   50   -1   -1   -1
 386     0.821    -1.142     0.000  488   -1   -1   -1
 387     0.822     0.094     0.000  212   -1   -1   -1
 388     0.826    -0.875     0.000  420   -1   -1   -1
 389     0.839     1.063     0.000   20   -1   -1   -1
 390     0.843    -0.794     0.000  399   -1   -1   -1
 391     0.845     0.623     0.000  105   -1   -1   -1
 392     0.846    -0.202     0.000  268   -1   -1   -1
 393     0.850    -1.067     0.000  465   -1   -1   -1
 394     0.852     0.162     0.000  200   -1   -1   -1
 395     0.859    -0.844     0.000  412   -1   -1   -1
 396     0.864     0.116     0.000  207   -1   -1   -1
 397     0.867    -0.275     0.000  286   -1   -1   -1
 398     0.869     0.517     0.000  125   -1   -1   -1
 399     0.871     0.425     0.000  138   -1   -1   -1
 400     0.871     0.656     0.000   95   -1   -1   -1
 401     0.876     0.705     0.000   86   -1   -1   -1
 402     0.878     0.769     0.000   74   -1   -1   -1
 403     0.880    -0.671     0.000  371   -1   -1   -1
 404     0.884    -0.455     0.000  327   -1   -1   -1
 405     0.889     1.084     0.000   11   -1   -1   -1
 406     0.897    -1.134     0.000  487   -1   -1   -1
 407     0.906     0.235     0.000  189   -1   -1   -1
 408     0.910    -0.543     0.000  342   -1   -1   -1
 409     0.913    -0.801     0.000  402   -1   -1   -1
 410     0.920     0.804     0.000   70   -1   -1   -1
 411     0.921    -0.871     0.000  419   -1   -1   -1
 412     0.923    -0.325     0.000  296   -1   -1   -1
 413     0.933     0.026     0.000  222   -1   -1   -1
 414     0.938     0.527     0.000  123   -1   -1   -1
 415     0.938     0.199     0.000  193   -1   -1   -1
 416     0.941     0.743     0.000   78   -1   -1   -1
 417     0.942    -0.153     0.000  257   -1   -1   -1
 418     0.943    -0.698     0.000  380   -1   -1   -1
 419     0.952     0.454     0.000  133   -1   -1   -1
 420     0.980    -1.118     0.000  484   -1   -1   -1
 421     0.980    -0.036     0.000  235   -1   -1   -1
 422     0.989    -0.241     0.000  281   -1   -1   -1
 423     1.003    -0.823     0.000  406   -1   -1   -1
 424     1.007     0.671     0.000   93   -1   -1   -1
 425     1.008    -0.591     0.000  355   -1   -1   -1
 426     1.015    -0.448     0.000  325   -1   -1   -1
 427     1.017    -0.328     0.000  297   -1   -1   -1
 428     1.027     0.293     0.000  173   -1   -1   -1
 429     1.030    -0.007     0.000  228   -1   -1   -1
 430     1.042     0.255     0.000  185   -1   -1   -1
 431     1.044    -0.883     0.000  421   -1   -1   -1
 432     1.048     0.836     0.000   64   -1   -1   -1
 433     1.062     0.971     0.000   38   -1   -1   -1
 434     1.064     0.167     0.000  198   -1   -1   -1
 435     1.065    -1.168     0.000  497   -1   -1   -1
 436     1.066     0.101     0.000  210   -1   -1   -1
 437     1.083    -0.645     0.000  368   -1   -1   -1
 438     1.086     0.633     0.000  102   -1   -1   -1
 439     1.087    -0.330     0.000  298   -1   -1   -1
 440     1.099    -0.557     0.000  348   -1   -1   -1
 441     1.107     1.032     0.000   27   -1   -1   -1
 442     1.113    -0.968     0.000  444   -1   -1   -1
 443     1.125     0.715     0.000   84   -1   -1   -1
 444     1.141    -0.771     0.000  394   -1   -1   -1
 445     1.143    -0.545     0.000  343   -1   -1   -1
 446     1.158    -1.074     0.000  467   -1   -1   -1
 447     1.163    -0.246     0.000  282   -1   -1   -1
 448     1.163     0.879     0.000   56   -1   -1   -1
 449     1.178     0.963     0.000   40   -1   -1   -1
 450     1.180    -0.057     0.000  241   -1   -1   -1
 451     1.193     0.283     0.000  177   -1   -1   -1
 452     1.195    -0.362     0.000  305   -1   -1   -1
 453     1.205    -0.488     0.000  334   -1   -1   -1
 454     1.220     0.558     0.000  117   -1   -1   -1
 455     1.230    -0.555     0.000  346   -1   -1   -1
 456     1.233     0.993     0.000   34   -1   -1   -1
 457     1.256    -0.495     0.000  336   -1   -1   -1
 458     1.263     0.924     0.000   46   -1   -1   -1
 459     1.272    -0.762     0.000  392   -1   -1   -1
 460     1.287    -0.468     0.000  329   -1   -1   -1
 461     1.307    -0.549     0.000  345   -1   -1   -1
 462     1.332    -1.165     0.000  492   -1   -1   -1
 463     1.338     0.290     0.000  175   -1   -1   -1
 464     1.341     0.176     0.000  196   -1   -1   -1
 465     1.344    -1.055     0.000  462   -1   -1   -1
 466     1.346     0.103     0.000  209   -1   -1   -1
 467     1.367    -0.914     0.000  430   -1   -1   -1
 468     1.371     1.083     0.000   13   -1   -1   -1
 469     1.373     1.087     0.000   10   -1   -1   -1
 470     1.376    -0.221     0.000  274   -1   -1   -1
 471     1.380    -0.323     0.000  295   -1   -1   -1
 472     1.384    -0.970     0.000  445   -1   -1   -1
 473     1.386     0.239     0.000  188   -1   -1   -1
 474     1.390     0.509     0.000  127   -1   -1   -1
 475     1.398    -0.442     0.000  321   -1   -1   -1
 476     1.399    -0.381     0.000  309   -1   -1   -1
 477     1.411    -0.919     0.000  431   -1   -1   -1
 478     1.424     0.577     0.000  112   -1   -1   -1
 479     1.450    -1.074     0.000  466   -1   -1   -1
 480     1.451     0.269     0.000  180   -1   -1   -1
 481     1.454     0.809     0.000   68   -1   -1   -1
 482     1.475    -0.721     0.000  385   -1   -1   -1
 483     1.479    -0.039     0.000  237   -1   -1   -1
 484     1.486     0.871     0.000   58   -1   -1   -1
 485     1.487    -0.189     0.000  264   -1   -1   -1
 486     1.493     0.421     0.000  139   -1   -1   -1
 487     1.502     0.075     0.000  214   -1   -1   -1
 488     1.505    -0.443     0.000  322   -1   -1   -1
 489     1.528     0.689     0.000   89   -1   -1   -1
 490     1.530     1.073     0.000   17   -1   -1   -1
 491     1.530     0.570     0.000  114   -1   -1   -1
 492     1.539    -0.586     0.000  354   -1   -1   -1
 493     1.544     0.371     0.000  152   -1   -1   -1
 494     1.547     0.106     0.000  208   -1   -1   -1
 495     1.547    -0.892     0.000  424   -1   -1   -1
 496     1.548    -1.008     0.000  453   -1   -1   -1
 497     1.548     0.024     0.000  223   -1   -1   -1
 498     1.558    -0.787     0.000  398   -1   -1   -1
 499     1.564     1.116     0.000    5   -1   -1   -1
